2136
5096
1553
2240
6534
3664
3516
2409
1207
2696
2219
2410
6401
2211
2026
3012
4996
2041
1318
2518
1250
5114
810
2870
2394
1722
1340
2632
2942
2187
2911
1878
2718
4884
529
1785
1942
2339
4862
2224
2647
1571
2619
2692
1976
1372
1827
6974
2088
1629
1232
1916
1518
3141
3061
1488
2343
2250
2605
2832
1099
1978
3261
1160
1632
2499
1509
1926
2045
3698
3878
2821
1147
2895
2531
3700
5349
1891
2359
1522
3420
7626
2452
1061
2454
1741
2355
3942
3708
2040
1239
1480
2254
2863
1328
1685
4636
2699
1588
3833
1734
2614
1220
2314
774
2212
1684
2674
2302
1945
6518
4209
2347
2468
2085
1744
2175
3160
2364
2980
3653
1421
1308
2301
2234
1553
2736
2637
3000
2207
2498
1624
2213
2101
1644
1643
1505
1874
3183
2104
2685
1402
2462
4624
2380
5170
2235
3150
1659
1350
2816
3249
1784
2467
1869
2835
2182
1810
3649
2155
2527
2309
1325
2186
3054
5900
1848
2637
2924
1812
1211
1874
3090
1413
2667
6371
1999
2384
2123
1839
1900
2243
2585
2694
2504
3428
1719
2719
1511
1762
2042
2205
1724
5165
2239
1982
3488
6874
2813
3207
2168
1929
2930
3864
4263
2026
1824
1225
2480
2998
2383
2203
2986
1988
1310
1117
2739
1965
2368
952
3962
1955
1796
2216
2381
2941
1670
1908
1226
1598
1511
2254
2201
1235
1709
1760
1932
2731
3888
4278
5577
1179
3646
2310
1876
1951
1473
2316
3952
3715
1667
1250
2119
1604
1857
2911
2266
601
4394
3055
2122
2609
689
1362
1588
4380
1631
1430
2575
3662
1958
5545
2679
2861
2641
3059
2084
1731
2845
3394
3079
1973
2383
7179
5195
4683
1891
2592
3982
5471
1815
1388
2552
1366
2314
1961
1561
1856
1368
2315
6737
2167
6205
1557
1943
1543
941
4050
3093
4384
2236
1801
2201
2504
2056
1695
3280
3419
2075
1623
2530
2062
1394
2225
2411
3560
1886
2402
3130
2240
2110
2190
934
4524
2065
2402
588
2999
1538
2032
2611
1101
2385
1370
5514
2648
3966
2334
2419
3555
2837
1452
1210
2267
1768
2003
2042
2371
6736
1852
3128
2131
4738
3502
2108
2362
1966
1878
1156
2671
1699
2898
2461
2051
2375
3362
4307
1868
3530
3342
5129
1061
2138
3442
2697
2836
5048
7610
1314
1818
3082
2719
2589
1722
2510
2266
1854
1904
2183
2989
2212
2108
2167
4457
1297
2178
2757
1722
1863
3377
2242
2192
7586
4167
4582
2788
2322
1828
1993
2758
2407
3236
706
2239
2574
1856
1848
5126
2876
2757
1803
1469
3872
2269
1891
3527
2130
1834
2141
2698
2347
3507
3263
1213
4484
3076
3153
4126
3598
3626
2899
2743
1971
2765
2734
2475
1351
2318
2418
2336
2855
2551
1898
1919
6085
2175
2485
1786
2322
2779
1582
2489
2060
2712
5219
4298
3676
2155
2188
1883
2846
2313
2129
2412
1750
2388
4240
2497
2279
2414
2267
935
1187
3899
6835
638
5116
2092
2869
3305
2586
499
2289
1271
4168
1866
1698
4692
1839
1387
1645
837
3549
2528
1942
1332
4277
2334
2829
2394
2364
2346
2501
3885
2548
1362
2279
1984
1944
3384
1825
3850
1926
3713
2947
2027
2324
2808
3528
1409
1606
1515
2712
3656
1842
1754
1907
2472
1792
2918
2148
2114
3682
523
1020
4224
2382
3464
2290
2524
1637
2882
3366
1379
2719
3156
2166
1696
2143
1790
2253
2505
5225
2376
1254
4219
2016
1286
2528
1867
686
5547
2115
7609
2531
3415
2209
1682
1773
4178
2252
2687
2499
1852
4048
956
3820
2763
2826
1685
1782
2300
2107
7284
1381
2202
2845
3011
2270
2463
2417
2149
865
957
2732
3649
5750
1953
3034
7007
1840
4649
2571
2351
1924
1702
2166
3223
1766
1527
4241
2162
5478
3333
1049
1871
1707
1063
2686
1832
3156
1540
2421
2992
1860
1417
2827
3806
5991
2308
4058
2420
3529
4704
4259
2711
2323
3293
1860
1212
3103
3834
2587
2410
2767
3000
1578
1755
2182
2061
2527
1921
1879
2083
1910
2670
4138
5083
2390
1997
4687
2099
4408
784
2509
1465
2022
2123
2160
1182
2495
3353
3089
1725
2319
1386
2384
5546
2957
1406
2714
2284
3475
1577
1787
4550
953
1694
5535
2168
3195
2655
2435
2164
1836
2346
2530
2281
4187
2077
4001
7435
2809
4362
1727
6630
3139
2045
821
1545
1339
2802
5706
3110
774
1005
2008
4392
2089
4776
2167
1829
4172
2074
4681
2011
2108
2275
4980
3225
2693
2118
2949
2678
1980
4191
3191
2376
3667
1449
1618
4907
5379
2315
2888
2745
2489
2521
7723
1391
1428
6653
3034
1412
1143
1402
3668
2751
3316
1914
1538
1809
2513
1433
2214
3447
5035
4330
1572
3902
2092
255
2219
534
5584
2613
4642
2082
2439
3362
4056
3260
2288
990
6027
1935
2242
1617
1769
2432
2311
2126
2046
2294
3349
2445
2302
3603
1898
1739
3719
1088
3036
1644
2745
2082
1281
4281
2243
1390
1950
7275
3785
1874
3782
2620
2516
1874
1251
1595
1698
2522
2969
2892
3966
1594
2531
1761
1922
1798
3118
2403
2401
1126
1970
3149
2641
1071
2049
5498
2449
2068
1851
2395
3336
1272
3317
2199
2409
2147
4278
2495
2067
2320
1767
3550
2873
1918
1097
2278
3203
2548
1861
1131
1285
1655
1271
4172
886
1860
1455
2477
3037
6611
2150
6780
1582
2727
2342
3139
1733
2980
1474
2467
3283
2549
1940
1374
3477
1466
2992
5010
1721
2734
3714
2170
5653
3057
2389
1795
2028
2188
3160
2758
3137
1654
4294
4250
2375
2115
1677
2360
2355
3012
2215
1276
1970
3455
7071
1384
4191
2227
2163
3830
1156
2561
4160
2364
2185
4927
3723
2991
1561
2586
1573
2073
2686
1723
2283
2326
3787
2564
1790
4458
1796
1822
2729
4222
1168
1761
3180
2669
4044
3272
6701
1803
1592
2003
2741
4535
3584
4729
2008
1913
1999
2141
3862
2142
2269
1477
3739
4857
2162
3448
2701
1324
959
2281
2013
2700
2915
1437
4105
1336
3440
5211
5591
939
4155
833
2728
5196
952
2589
2993
2777
1746
4764
1928
1967
2422
1865
2837
2630
7149
3915
3160
2250
3221
1712
2171
7100
4095
1828
1224
3615
2307
941
2654
4554
1953
2174
2121
1689
1739
312
5215
5613
2462
3924
2149
2137
2751
2334
2041
2385
3306
1380
2186
1389
2039
2148
3111
1858
2886
6299
1439
1974
2815
2021
5710
4134
5072
3107
2702
3143
2042
1865
2117
1730
2047
3390
440
1612
4877
3939
1971
2065
2059
1848
5166
2390
1464
2070
6274
2954
6648
2340
1818
2095
5015
2394
1798
2396
2110
2493
2449
6190
2473
1461
2794
1434
1490
1090
998
2379
2034
7123
3693
2029
1454
1307
2657
2395
1645
2461
2505
3009
2697
1719
2547
4108
1618
4851
2007
2263
2702
1928
1721
2024
2005
2813
1577
2269
4886
2218
1366
2132
2023
1861
4322
1552
950
3546
1738
2302
2440
1032
1867
1687
2557
2269
2759
2275
2023
3017
5034
1965
3737
4866
3073
3507
2292
2124
4725
2261
3247
3935
3662
2521
1925
1336
1994
2168
2246
6512
1310
2233
1868
1438
1914
3421
1896
2927
2414
1966
750
2627
2604
4461
4891
2588
2647
1210
2751
2185
1230
1981
2078
2213
1041
4273
2849
4198
2306
2220
1847
2326
1979
2411
3085
1267
3439
1970
2135
2499
830
1830
1724
3985
3464
1614
2198
3300
1310
2119
5705
2243
3127
1539
2546
5380
2064
2752
2085
1749
2163
1953
2450
2228
2237
1787
2284
3115
2131
2207
1688
4129
2333
2104
2359
2805
2366
2048
2328
670
3088
2224
3834
2723
4261
1702
2115
2915
2539
3236
1822
3579
1129
4031
2645
2517
3188
2317
2350
3183
3855
2238
3929
2432
2608
2419
2661
1826
1328
1583
1714
2271
2341
1985
1463
667
2738
2181
7146
1625
3499
2191
2251
2493
7599
1000
3139
1159
3288
5310
1278
2605
3800
2507
1822
2529
3212
576
3082
6802
1828
3211
1531
1912
2410
1500
2309
4077
2381
1527
3611
2343
1922
4922
2619
4462
1744
746
1747
2498
1829
2749
3458
2382
2710
2550
4820
2604
2689
3208
7728
1487
890
2573
2342
4131
1373
796
968
2199
1773
2431
3727
2755
3361
4409
2693
2123
2133
520
1300
2270
2229
2198
1685
2241
2370
2142
4512
2815
1891
1592
2578
3260
1623
2522
3308
1675
4394
5068
1856
2787
1532
917
2487
1706
1503
3239
2853
4822
2372
3729
2049
5299
2779
3591
2431
1581
1502
2697
2156
2549
1786
1671
2610
2624
2309
2108
1951
2679
1681
2313
5491
1427
2570
5819
2312
807
2684
1844
2142
2563
1666
2510
2707
1318
1731
1981
2369
2522
2885
1706
1794
2864
2071
3468
1499
2555
5745
4363
2366
1902
2407
1209
2327
2899
3972
4059
1176
3582
2246
2837
2836
3470
1745
1210
4021
2749
3006
2094
3485
2505
1331
2471
2182
1679
4933
4156
2786
2527
2004
4211
2308
1950
1069
1858
4789
3580
2320
2863
3767
2363
5205
1135
980
1896
1881
3613
1906
1903
2558
2809
3243
1662
2044
2282
1482
4485
3467
4744
2013
1619
1970
2318
2012
1677
2768
2175
1612
2677
3115
3933
2669
3047
2483
1992
1838
2938
1769
2065
2521
1607
2629
2833
4414
2510
2361
1803
6822
3158
2969
5007
5017
1439
4055
1929
2126
2739
696
2631
2022
2281
7214
2339
2089
1930
2211
2074
7736
1832
5439
3831
1578
2738
2490
3429
2120
1183
1102
1012
3181
3544
1600
1809
1964
2971
3070
2664
2065
1905
1399
2718
1483
3973
1190
2644
3400
2296
2066
3791
1526
2455
2234
4870
1359
3237
1556
2792
2066
2543
2281
3802
2362
1362
2901
2887
6757
1649
1368
1990
2179
2267
2509
1921
2648
2539
2688
1524
1147
2200
4661
1228
6674
659
2371
3569
1106
5052
3293
2480
5926
2242
406
2809
1064
2742
4274
2151
2578
887
1238
1963
2869
2274
2369
1780
1401
2205
1385
2209
3221
3563
1745
2215
1594
1860
3692
2164
2415
2018
998
2807
2384
2789
4396
2435
2517
3711
3992
2619
3508
4771
1757
2125
2134
6891
4504
3038
2330
1428
4076
2115
2849
5843
2967
5384
1913
326
1769
3114
6590
2958
2467
1211
3663
5473
2335
2601
5597
2723
1658
2671
1807
1353
2149
2294
3544
1812
1068
2602
3027
2322
2719
4045
4222
1759
5104
4247
3381
2143
1293
3174
5244
3154
1942
2938
2991
1383
1602
5202
1031
3854
2312
2569
1632
2344
3379
2047
1704
2307
4720
4716
2546
3239
2302
3696
4813
2363
1580
3125
3729
1730
1817
3172
1983
2733
2494
831
4764
7551
5243
1278
1768
3695
761
5424
1555
3109
5779
2662
1613
2646
1523
1245
1201
1370
633
3664
2266
2911
2090
2815
4606
1966
4474
2860
3334
1677
2186
1995
2216
2272
1604
3854
3392
2080
1027
6769
2968
1868
2372
2435
1893
1918
1123
2411
2549
2262
1654
1767
2398
2078
2524
1777
1896
2033
2279
2387
6366
6417
2980
3314
3258
1430
634
3013
6801
2536
1983
960
1009
1049
3955
1207
706
1093
1348
2600
3300
2497
2076
1920
1124
3481
1505
5361
4078
799
1702
2072
1961
1164
3445
1959
2096
905
2423
1900
1537
3131
2479
2641
1841
2646
5370
1285
1381
3631
2893
1270
3479
2130
4468
2020
5060
1141
3382
795
2666
1055
2649
2027
5457
1909
2669
2237
2791
3907
3634
1410
2121
2766
1700
2369
1448
2462
2599
2727
6196
1955
7726
569
2170
1622
1759
1475
7448
2522
2230
1680
7222
1852
2756
2861
1811
2335
2271
2597
1049
3250
2006
1978
1520
2509
2217
2703
2475
2283
1428
2903
1439
4318
2643
2464
2075
1842
2428
1952
1703
2096
1647
2352
6881
1787
388
1848
2322
1985
5812
1813
2707
2249
3179
1302
2489
2571
2392
1630
1532
2027
1977
2001
2744
1986
2389
3118
3436
5342
1377
2097
2486
5392
4266
3181
2509
3423
2580
1457
2181
2974
1485
702
1307
2364
3123
2870
3851
1672
1214
4358
1935
2816
2458
265
