129
511
230
176
624
262
316
185
178
350
214
209
751
203
225
186
483
127
187
275
293
473
227
195
230
129
153
178
257
230
149
266
107
536
234
214
208
267
272
183
69
126
316
283
277
219
259
729
232
367
147
90
67
315
315
190
241
70
118
304
125
74
306
230
211
197
190
307
166
338
338
409
189
278
201
481
352
179
185
194
386
713
183
130
323
208
181
368
341
176
189
129
157
310
205
117
547
267
215
256
147
265
105
282
179
227
204
246
251
185
635
352
241
128
193
170
116
403
380
228
286
204
277
240
206
109
251
134
253
384
266
87
189
134
226
213
84
207
309
215
219
194
188
406
272
466
140
235
174
216
327
388
197
209
178
255
217
105
358
221
219
213
96
201
259
683
206
199
183
252
104
102
137
206
171
513
212
95
232
220
104
158
240
288
80
230
176
278
183
203
158
171
330
410
111
216
385
598
212
247
246
284
329
334
256
205
218
210
220
315
202
201
211
224
202
222
139
393
121
172
24
291
198
231
232
268
153
470
221
282
168
255
148
218
130
260
111
139
235
326
632
123
180
100
144
238
265
191
439
240
225
285
205
181
62
177
423
241
328
302
208
107
165
271
199
246
232
211
247
273
214
618
219
275
234
284
238
250
144
281
213
144
221
579
271
685
181
255
470
222
237
78
136
74
118
236
121
168
240
231
368
241
672
245
124
138
274
256
267
459
171
103
197
151
261
264
285
703
165
131
237
185
272
295
206
351
125
209
322
95
283
229
145
639
371
212
125
223
88
179
370
252
219
224
327
217
379
289
200
319
398
223
323
112
287
104
230
126
634
466
288
164
478
335
225
112
166
220
139
248
183
341
233
241
152
337
324
184
139
233
650
161
136
297
252
359
298
345
165
263
392
271
311
137
168
105
217
208
276
351
103
176
276
383
215
376
222
251
202
236
213
170
614
416
415
259
189
89
229
100
139
302
135
193
287
191
190
136
247
319
174
219
383
125
211
326
245
70
230
353
289
197
362
372
388
299
108
521
334
265
207
207
214
247
285
228
77
476
254
246
516
200
182
222
598
355
255
186
287
188
178
208
139
278
235
442
325
157
146
187
245
474
195
163
215
262
413
176
237
183
222
214
276
358
633
258
484
70
264
396
337
499
251
383
396
182
256
419
138
214
63
218
626
194
204
289
378
181
286
206
220
271
275
387
152
224
189
62
232
151
186
301
255
361
418
224
259
280
314
119
177
217
150
280
223
169
169
218
271
77
190
170
268
143
140
510
216
367
231
95
154
236
335
205
259
645
161
338
233
534
199
163
276
222
213
322
135
220
203
192
188
217
205
338
289
357
241
234
223
316
196
217
260
172
188
371
597
53
154
219
235
229
201
528
130
207
269
190
220
249
165
213
186
143
120
376
573
113
273
736
227
469
170
230
171
217
187
361
192
511
285
269
464
259
182
225
245
239
312
207
302
104
252
471
295
229
277
286
433
262
243
282
162
231
401
117
68
443
312
98
282
558
259
115
270
326
223
85
232
166
697
342
157
174
305
212
165
452
157
134
406
76
776
264
207
208
200
249
144
153
288
313
304
117
187
203
94
366
77
252
193
181
268
245
241
263
107
230
594
236
298
255
213
195
231
193
104
245
524
123
441
466
317
290
175
517
199
615
295
221
236
272
402
336
208
255
168
392
178
509
214
70
328
125
367
155
201
222
489
643
324
132
253
316
155
372
333
230
331
232
162
494
595
260
401
183
393
237
613
270
208
281
296
252
171
227
247
340
417
177
169
249
151
221
223
173
399
421
73
527
132
158
267
239
603
261
464
217
183
356
224
363
226
238
355
120
164
203
297
144
351
151
143
111
367
281
190
270
251
255
368
285
214
315
279
173
185
338
255
331
124
787
391
142
265
205
173
131
102
208
232
222
235
267
346
225
250
237
200
225
298
132
199
204
196
167
271
159
138
436
298
172
124
450
257
117
278
245
219
242
241
143
157
160
231
357
309
89
206
313
206
177
245
157
229
202
159
497
231
236
226
210
151
536
202
422
160
113
157
287
112
398
599
172
162
244
365
210
321
255
268
463
116
239
432
274
561
357
179
161
166
262
332
141
206
194
312
339
215
237
84
176
161
147
271
237
197
495
785
208
347
96
545
364
221
197
456
238
205
467
516
200
272
224
104
92
285
317
278
268
362
242
233
428
149
156
384
215
121
168
200
160
259
98
471
208
66
195
252
537
374
469
257
283
190
147
338
44
200
242
522
462
213
411
126
182
273
240
80
271
363
189
372
488
407
176
560
261
670
233
133
256
256
235
339
343
126
584
95
153
214
243
313
397
322
206
268
217
210
152
280
786
350
210
201
461
210
234
199
383
118
238
144
262
152
242
194
421
227
260
193
124
416
151
94
215
437
202
190
209
242
216
330
250
172
526
183
194
318
148
415
380
510
348
264
287
46
100
343
141
233
322
141
189
434
349
240
154
134
260
398
286
190
89
447
251
564
225
225
286
427
252
251
188
117
169
211
737
191
192
237
243
212
146
273
288
133
607
322
279
176
211
212
161
238
240
379
133
186
172
232
326
208
358
181
149
315
231
128
267
188
170
205
173
428
240
181
207
199
133
536
139
147
473
255
54
121
135
205
179
119
170
152
235
248
538
430
238
512
679
307
237
264
82
258
202
370
419
350
263
177
261
159
99
164
468
321
249
154
205
239
492
195
286
202
131
230
209
242
392
278
348
280
365
317
256
160
154
145
227
174
429
136
752
209
187
225
254
279
538
326
191
291
242
255
212
439
70
179
473
279
211
426
512
229
236
355
165
394
311
142
406
229
311
228
180
195
216
260
187
238
180
213
261
228
244
302
319
300
209
239
270
32
60
195
229
159
186
488
168
460
139
136
262
251
229
265
382
431
526
288
213
222
352
220
370
236
126
407
268
263
194
146
238
161
266
202
224
278
255
187
268
196
229
770
188
300
170
321
137
218
88
195
154
67
556
243
185
122
201
218
467
337
129
333
586
151
265
208
242
228
108
287
550
81
210
74
168
87
494
180
502
230
195
240
272
171
160
285
192
456
258
465
181
317
160
679
114
261
191
264
406
231
318
229
159
101
275
387
232
265
501
231
185
223
35
125
235
334
283
85
167
275
172
421
133
211
99
271
381
179
247
147
126
365
584
206
224
245
73
215
241
232
418
271
768
93
261
231
331
261
223
238
156
262
154
169
151
151
32
96
143
259
53
180
231
155
215
517
183
137
497
228
178
170
274
204
308
208
588
432
172
228
231
184
155
224
312
216
42
238
232
298
225
406
230
152
140
252
176
73
283
517
253
214
191
233
137
152
276
197
135
401
153
182
197
220
272
158
184
188
275
535
305
359
200
225
107
200
70
165
216
574
371
204
313
292
168
582
188
223
243
236
139
152
210
295
277
352
155
213
210
40
295
284
629
47
135
191
226
190
321
291
249
193
159
201
461
322
207
187
223
404
221
170
284
251
276
275
299
462
236
97
186
614
480
269
365
574
255
195
213
207
243
231
222
204
261
371
197
210
218
203
250
545
126
356
229
218
125
217
385
184
45
108
170
351
280
171
179
129
199
120
306
215
265
185
345
111
468
241
239
261
238
127
522
229
272
250
362
175
151
266
252
202
247
209
512
112
220
222
281
667
220
114
281
128
220
110
238
202
480
253
112
344
159
348
106
366
202
190
343
125
322
548
143
700
129
218
282
146
531
525
215
228
204
153
200
96
207
224
275
212
93
226
62
355
276
137
233
236
216
592
115
263
184
244
200
183
272
288
217
201
495
409
259
300
202
156
327
113
174
440
267
197
423
378
158
165
262
354
637
206
194
195
273
439
233
238
148
152
522
173
240
359
281
142
223
166
73
234
253
585
119
239
247
352
266
216
362
339
216
142
396
284
338
123
348
653
478
188
292
331
97
265
434
169
320
284
237
248
206
167
182
202
129
462
483
148
253
230
358
713
201
144
517
291
182
133
372
217
189
385
243
451
657
573
340
150
444
286
557
173
419
551
260
251
239
182
234
193
215
484
489
164
234
268
220
391
229
211
165
335
31
84
179
146
71
148
325
429
116
138
628
398
112
133
204
146
226
203
271
191
106
200
248
210
231
308
238
87
210
192
215
245
133
275
363
273
212
131
379
660
215
76
220
243
308
408
165
212
148
199
169
195
250
247
290
212
294
274
615
489
326
54
242
100
363
272
232
174
266
382
245
115
288
247
466
129
338
190
211
193
173
268
171
355
279
326
114
413
247
344
215
415
216
273
366
573
154
262
311
285
377
237
290
214
109
143
221
138
245
209
208
767
145
591
182
170
255
131
77
198
266
176
213
765
199
240
199
155
268
223
105
303
278
182
186
207
228
199
117
104
187
54
261
205
162
170
292
177
171
240
327
169
182
184
183
390
164
190
180
210
139
561
212
198
220
36
161
242
262
201
336
226
315
197
170
78
115
205
278
571
293
143
185
205
531
223
256
180
254
159
199
100
386
230
202
238
63
283
250
342
251
150
343
190
256
230
265
