38
16
924 991 293
905 854 885
612 866 679
951 336 179
689 674 88
594 554 729
176 779 388
449 50 230
520 436 958
60 19 205
766 118 856
386 354 967
130 112 894
488 809 403
542 381 564
496 589 962
8
595 14 242
3 538 397
540 688 601
980 438 940
441 706 148
669 258 286
22 832 901
254 784 422
19
102 673 844
963 916 437
184 234 810
881 465 413
802 445 25
162 802 118
80 701 155
92 283 55
254 608 221
83 534 312
525 596 600
716 973 581
188 472 350
635 692 133
56 996 286
632 136 940
94 645 182
247 244 576
929 416 4
6
734 612 446
551 215 122
745 223 890
788 654 341
637 495 626
344 110 878
9
295 457 307
774 40 259
715 183 946
511 591 952
713 794 994
669 964 241
455 591 345
604 222 724
21 872 5
11
163 265 982
451 242 669
575 124 707
555 664 203
870 28 440
784 676 715
427 696 28
916 315 419
981 932 914
691 417 136
595 994 701
2
119 625 901
420 880 657
17
310 211 797
567 59 593
151 122 680
289 749 974
127 795 606
74 328 599
27 736 907
467 822 747
415 782 692
952 361 306
136 797 716
72 860 399
167 168 516
407 578 816
467 668 658
581 974 758
663 874 861
5
309 302 892
572 371 947
733 510 711
715 312 7
234 335 456
6
285 532 156
75 139 994
238 435 748
393 636 221
834 449 39
751 71 843
3
668 126 216
307 524 464
430 655 958
19
441 945 159
196 764 106
811 819 914
116 205 903
679 414 726
918 243 997
581 142 618
750 181 28
890 535 413
573 941 369
130 335 438
271 392 717
77 646 399
255 812 500
474 635 725
952 969 554
872 168 981
260 663 654
239 265 692
7
20 991 258
598 362 203
714 283 487
904 141 160
285 532 365
493 66 36
523 370 919
11
888 517 171
551 831 431
184 802 79
852 528 825
501 70 895
245 852 858
943 130 380
410 937 439
942 940 918
304 542 111
749 181 73
17
740 470 157
847 105 343
671 921 566
822 218 846
160 701 235
670 280 532
448 79 879
808 456 943
51 829 635
696 154 174
374 981 695
922 961 544
193 825 708
172 30 241
573 912 524
406 915 189
848 424 385
7
428 947 896
117 223 745
698 202 225
218 104 71
546 194 846
669 83 765
550 467 269
19
431 355 916
248 447 160
737 767 870
189 628 711
461 168 338
563 758 594
830 535 753
767 959 589
842 365 218
659 772 518
512 17 508
819 973 506
912 428 726
182 176 135
508 158 717
826 509 896
506 832 369
328 795 604
45 652 561
13
146 526 328
552 865 105
780 551 541
472 841 15
33 964 546
457 802 157
229 794 570
625 415 666
915 913 875
649 770 553
920 494 172
128 746 679
12 32 654
20
553 764 396
871 956 326
270 828 50
370 567 316
396 210 300
112 480 125
433 201 82
77 989 138
792 141 141
639 145 784
651 322 430
454 482 96
5 991 302
910 989 520
97 840 718
443 126 965
73 696 333
670 294 205
826 882 125
323 270 902
10
467 310 133
916 539 151
9 404 583
749 863 258
180 61 431
21 545 844
376 771 816
957 802 660
333 681 377
860 28 944
10
154 415 708
856 4 962
460 537 641
787 880 590
812 909 719
223 712 657
195 85 311
154 758 382
293 496 586
294 192 457
4
386 613 1000
153 352 225
827 991 689
847 691 687
9
608 696 891
412 309 321
216 945 154
308 129 974
748 270 155
793 154 781
580 308 660
65 547 439
677 901 151
20
677 709 498
449 491 746
799 292 610
401 431 568
734 988 855
625 893 973
695 468 972
204 145 781
964 108 105
523 821 783
220 117 771
832 127 947
2 919 934
898 551 675
362 323 811
847 892 321
775 11 268
673 928 672
360 477 648
464 786 363
7
539 415 959
988 908 207
614 116 409
659 641 566
119 710 291
60 669 594
918 585 481
5
650 420 168
995 241 292
803 400 195
805 795 704
978 601 14
4
349 170 78
438 53 357
899 896 671
401 758 19
12
540 64 970
172 526 346
182 655 711
51 854 961
508 86 964
40 791 53
407 45 68
489 718 542
853 206 927
282 519 572
27 891 475
427 920 189
16
562 305 182
829 491 7
163 491 366
156 61 322
337 954 705
930 418 685
572 714 654
43 246 308
444 299 629
427 154 519
700 985 356
732 919 46
726 697 512
293 964 159
517 744 188
814 175 732
17
992 98 11
572 103 781
134 359 899
946 912 446
257 456 126
785 226 153
537 64 941
430 19 733
739 718 58
867 928 660
706 193 668
86 320 674
251 603 9
138 579 863
626 159 648
589 226 44
574 542 809
4
413 46 562
116 561 794
301 975 327
827 463 321
6
612 716 667
347 44 667
531 430 657
475 933 945
989 106 224
611 354 223
11
666 177 202
28 133 360
530 900 145
147 415 725
565 25 174
806 70 625
235 975 695
407 562 508
453 988 592
377 576 41
18 404 901
6
452 183 628
756 609 631
489 779 787
381 309 503
206 733 62
964 646 538
20
191 770 858
996 852 791
856 461 410
691 250 481
78 405 960
696 496 733
162 73 570
118 866 978
348 131 705
496 75 867
503 20 981
291 755 721
291 373 463
561 805 987
85 936 636
437 884 306
544 29 649
281 269 214
102 314 446
857 115 232
7
254 190 830
811 522 816
159 842 737
782 310 308
426 27 592
171 605 159
216 390 634
8
977 293 994
928 640 50
661 136 671
756 810 353
599 21 941
8 47 953
976 395 744
238 856 272
9
463 684 122
450 467 144
820 589 244
258 452 136
840 973 92
758 716 493
524 572 658
776 401 675
97 565 314
