353
198
25
125
620
876
997
347
638
4
81
361
574
29
995
279
633
644
815
586
449
49
494
528
175
655
795
288
494
2
629
506
749
758
617
571
753
211
395
517
770
731
989
511
652
644
820
970
184
630
186
132
447
105
676
723
500
716
712
787
517
413
332
857
388
193
867
114
134
864
31
29
573
485
345
182
539
363
978
628
727
325
858
36
496
411
395
120
501
918
323
276
964
484
734
691
999
889
299
261
421
809
980
892
499
885
885
820
165
509
78
468
876
589
222
459
531
179
670
468
530
345
845
467
40
411
932
228
226
251
900
237
557
677
162
998
131
414
354
199
772
624
947
298
666
23
821
654
324
762
248
259
470
711
316
867
407
57
606
271
94
363
321
697
899
21
838
39
814
699
687
48
297
636
934
20
589
553
897
320
807
194
32
22
505
500
861
617
719
976
388
733
82
69
737
198
806
12
192
930
580
939
236
538
159
877
617
385
613
412
887
878
88
5
165
708
397
373
274
838
111
28
427
95
987
957
734
722
928
317
710
465
714
843
384
12
632
44
250
269
919
580
407
363
31
228
840
233
452
930
433
414
686
432
784
671
676
626
493
589
375
538
231
595
391
934
833
785
136
357
831
693
563
439
117
969
37
674
973
226
696
652
657
683
322
448
971
307
788
145
786
796
272
906
102
244
442
708
9
443
463
698
455
942
680
805
232
339
573
266
843
218
90
965
369
687
956
85
114
980
446
89
918
542
553
511
136
235
222
28
488
887
907
422
720
227
589
202
304
95
797
314
671
663
116
871
339
278
57
782
870
473
577
973
707
350
780
191
389
129
367
397
26
523
702
254
297
308
796
738
898
998
662
393
488
566
883
441
696
598
690
440
309
336
799
130
90
220
417
377
951
500
393
619
319
323
791
8
97
815
744
85
492
536
359
181
423
98
722
106
465
79
354
170
417
450
758
176
660
977
561
271
640
125
969
143
449
985
575
859
837
510
675
514
480
910
514
363
484
928
436
188
103
380
686
916
197
504
343
335
906
968
809
622
933
843
65
275
619
476
483
172
172
216
533
65
54
961
253
193
472
556
512
951
173
950
632
363
556
76
954
410
487
77
41
404
252
166
368
654
9
281
302
805
691
672
332
516
398
366
435
718
124
793
932
673
838
519
18
316
304
274
871
363
400
21
95
856
770
553
130
507
401
862
526
321
130
861
126
835
545
355
405
908
750
988
41
288
37
185
445
1
910
761
608
664
637
146
651
527
677
962
772
58
838
631
14
266
67
447
747
229
109
61
973
326
650
445
631
27
272
354
966
708
611
717
304
408
895
454
380
322
615
91
985
814
225
719
494
273
115
96
619
687
805
356
734
823
260
935
766
991
230
286
93
978
65
385
611
963
500
331
674
819
441
32
170
868
196
270
856
131
6
143
819
178
168
135
273
210
58
392
909
521
28
571
695
772
440
313
205
256
185
560
150
627
796
228
668
627
466
409
855
978
74
581
277
434
826
514
930
944
782
159
534
531
474
727
204
251
782
838
271
690
499
177
132
404
335
252
743
424
45
671
201
167
369
174
626
783
413
649
270
880
411
468
593
59
811
107
401
743
819
494
214
138
779
512
396
92
509
880
649
696
351
907
136
174
903
379
157
616
844
219
7
757
564
951
982
443
254
544
469
28
252
819
704
101
743
796
468
706
759
315
112
512
866
763
759
482
591
259
570
32
700
179
369
502
870
644
646
95
299
295
827
901
328
114
478
875
791
938
457
498
355
76
402
556
283
37
572
814
611
659
406
498
10
359
26
663
926
97
313
145
450
834
296
32
330
632
861
749
257
294
157
347
31
891
142
660
512
395
681
819
179
330
478
317
740
349
804
987
291
397
994
219
943
850
285
720
625
520
764
544
555
485
38
311
172
792
628
102
190
31
724
520
797
790
856
207
683
205
307
174
732
730
515
397
347
165
51
424
314
719
415
504
377
438
89
825
407
973
199
906
260
621
728
944
664
53
210
675
307
350
837
30
308
318
388
808
243
413
227
233
427
982
111
410
552
385
604
901
318
565
459
647
625
320
831
591
378
632
894
575
943
624
968
450
213
426
192
439
327
514
20
773
135
208
69
71
16
228
401
116
128
252
199
248
54
631
558
625
527
327
414
611
11
218
629
492
19
809
662
918
44
655
73
989
737
458
461
905
109
812
981
162
536
742
575
849
723
447
615
570
340
427
865
283
692
461
241
624
525
597
742
419
235
502
581
751
134
763
686
78
360
91
405
734
932
553
345
391
989
615
356
935
308
474
895
183
816
153
359
202
319
974
978
972
412
626
125
390
541
102
193
581
273
587
178
578
171
103
945
115
273
414
777
686
946
440
883
103
644
159
731
90
346
304
625
597
11
825
87
354
649
918
195
774
958
129
929
888
293
31
107
43
930
576
105
380
288
900
151
250
574
219
711
129
487
368
313
668
937
620
123
847
957
260
291
856
490
668
884
329
216
940
317
954
54
704
317
978
675
657
26
200
696
496
425
781
582
653
552
742
738
547
571
549
668
354
995
346
636
384
228
350
434
437
930
48
47
65
658
423
666
180
136
399
590
854
690
539
926
380
49
822
345
409
123
971
473
48
258
682
909
225
757
46
991
575
163
996
430
844
681
307
549
502
422
680
670
503
526
598
800
49
623
220
26
697
296
222
434
510
887
40
106
927
930
875
841
640
826
881
941
636
859
111
395
917
562
987
519
537
197
780
848
734
276
646
399
180
511
313
379
565
636
383
898
346
789
542
48
182
838
571
177
239
939
352
704
703
716
599
736
267
499
585
546
221
415
30
650
733
488
480
641
176
261
359
440
543
858
972
952
253
587
988
409
17
618
443
411
867
291
151
353
63
3
127
544
815
828
274
828
329
306
313
756
534
371
814
763
757
274
35
297
951
476
250
570
695
382
499
338
503
139
812
665
47
20
727
230
492
742
440
368
759
267
10
627
599
225
865
545
195
709
375
75
408
728
938
295
76
146
588
740
244
769
304
386
612
512
269
91
773
163
484
461
516
495
676
892
638
841
544
621
596
877
470
131
588
106
153
642
80
205
494
818
492
797
177
440
939
702
450
83
233
464
811
535
38
232
430
708
536
446
686
362
55
859
575
226
927
442
322
155
767
713
382
870
48
431
926
430
739
973
693
706
679
46
317
709
687
211
417
724
727
561
513
81
475
423
387
762
897
300
612
184
351
150
869
62
198
726
642
76
905
485
651
177
960
877
359
107
486
138
511
440
807
854
206
852
19
537
783
63
366
314
443
219
893
407
907
74
871
643
534
448
54
509
736
675
557
577
724
315
381
27
680
676
681
728
211
375
464
823
92
915
302
638
81
405
857
796
893
117
307
718
524
240
196
843
363
891
300
998
128
517
414
86
488
665
941
552
156
669
4
936
928
493
197
931
587
902
33
921
185
842
385
4
314
453
399
111
475
756
847
437
989
487
774
181
498
592
847
64
978
145
563
782
755
765
607
823
450
827
278
825
207
946
580
396
886
426
36
97
743
38
965
360
489
983
762
896
396
269
318
861
984
793
582
478
355
22
873
598
807
393
69
424
219
709
16
501
938
842
746
309
718
322
996
693
483
945
63
80
375
479
403
174
997
14
796
181
406
979
38
315
241
127
743
10
282
994
675
495
548
633
67
362
35
434
855
590
466
657
401
709
47
225
912
258
629
889
457
817
793
85
407
731
421
636
755
224
353
706
602
506
570
950
355
377
684
559
184
531
581
918
376
328
196
916
821
568
176
724
723
746
226
770
529
747
519
692
340
582
188
993
599
32
332
138
73
219
547
596
191
522
711
355
539
615
268
581
634
397
672
83
670
634
832
540
818
627
131
671
914
63
420
855
227
687
339
542
703
438
181
578
858
84
221
862
115
278
53
140
929
928
174
498
153
506
418
309
134
38
271
563
532
796
635
858
521
533
33
382
246
688
58
186
476
773
527
32
27
993
883
864
336
10
931
779
247
143
839
256
567
374
106
455
624
736
128
215
895
488
941
895
864
240
354
951
512
188
51
803
976
7
744
148
124
267
764
210
992
528
522
651
813
145
664
410
569
115
458
80
416
629
239
598
169
106
995
911
805
932
324
540
883
903
634
69
920
414
467
949
724
644
570
614
685
604
780
932
83
399
687
936
297
793
552
784
465
983
98
928
495
113
414
320
674
61
384
735
552
462
603
377
878
86
295
452
918
937
84
896
205
538
651
562
99
217
124
450
184
691
904
540
620
337
238
656
910
630
749
441
987
177
106
135
691
899
168
623
413
198
689
9
384
426
897
567
354
688
884
266
67
609
342
383
411
895
467
912
91
461
897
901
307
271
47
812
694
99
3
695
728
281
327
875
424
933
47
72
522
880
456
227
852
452
610
807
116
528
649
389
265
703
127
23
97
537
207
109
57
723
110
166
599
976
832
982
930
589
651
700
785
272
86
131
569
320
892
25
556
333
430
22
913
982
159
119
214
541
895
275
395
452
71
905
75
110
18
368
150
338
481
840
270
580
125
62
21
589
283
25
664
497
259
704
570
636
609
262
564
160
102
693
678
937
808
604
901
193
468
170
754
648
680
621
81
823
43
191
400
293
261
40
820
622
481
952
412
28
992
789
484
697
15
819
397
579
707
755
679
868
431
825
263
430
574
140
968
404
161
55
419
902
224
554
512
834
181
507
423
184
766
10
8
241
886
962
268
905
407
860
113
394
218
337
499
980
212
20
260
968
806
275
334
328
6
474
156
887
286
345
653
867
154
112
938
588
761
995
652
405
553
18
39
182
640
985
678
1
788
622
643
871
742
978
61
971
544
833
777
499
7
981
685
403
896
658
662
516
296
960
989
738
878
577
982
614
712
16
660
626
877
593
966
652
280
54
43
381
782
208
928
93
660
588
513
852
370
761
447
600
875
550
278
716
619
696
704
74
802
408
348
940
893
63
843
572
