10
100 7808
57 87
52 80
72 57
76 90
88 89
51 87
90 96
65 59
83 78
63 99
66 69
50 88
74 65
66 85
92 81
66 53
67 52
62 79
54 59
97 52
57 74
53 95
78 85
65 68
60 81
53 99
66 99
93 56
82 56
75 82
50 85
83 77
78 69
95 61
79 64
52 69
92 65
79 86
57 61
83 98
75 95
99 53
62 72
63 65
61 68
85 61
99 82
94 66
95 99
86 55
91 91
76 67
64 79
83 60
99 77
67 71
62 68
53 94
94 66
55 64
85 97
80 71
83 71
85 92
51 93
61 64
54 81
56 80
59 96
89 94
59 85
65 66
54 99
93 95
92 83
77 50
52 62
50 92
95 95
60 88
54 77
79 82
99 97
63 93
58 86
81 91
65 86
67 72
79 58
63 87
96 50
81 98
56 59
68 68
85 63
90 72
62 52
82 89
62 59
87 82
100 9914
82 65
97 96
99 60
82 84
92 92
62 82
73 86
86 51
61 92
92 69
92 56
88 64
60 67
62 75
89 98
70 64
93 54
88 98
81 85
73 72
86 87
50 75
85 94
70 70
58 57
65 50
69 56
54 84
84 70
86 57
84 80
72 84
84 50
58 73
81 66
83 99
89 60
53 64
78 51
99 92
51 65
85 62
51 92
84 51
66 86
94 78
69 72
74 66
67 55
72 69
75 79
89 57
82 63
61 54
74 83
97 70
93 51
66 50
53 53
97 50
72 76
83 58
52 74
60 68
61 56
82 63
79 94
53 76
76 52
77 88
76 57
71 57
84 88
50 69
64 51
86 54
83 69
75 97
82 62
54 52
86 78
98 83
63 93
50 69
52 50
91 55
92 76
72 81
75 79
73 93
97 60
63 71
64 66
65 96
92 64
85 82
82 88
58 97
85 98
88 68
100 9229
50 53
89 52
80 86
73 99
61 50
66 95
86 76
62 71
57 95
97 52
87 57
57 53
81 75
78 68
74 93
84 78
90 67
90 73
73 81
91 76
83 84
94 84
95 59
98 56
60 66
50 85
57 94
71 64
67 85
80 80
81 98
68 66
53 71
88 83
88 68
50 58
50 63
54 58
96 50
95 64
87 50
55 62
92 85
65 91
53 96
87 79
94 95
97 78
78 93
68 72
97 83
55 53
76 63
88 58
74 80
79 95
69 66
55 76
65 79
74 81
93 93
59 53
66 88
72 73
56 93
74 91
83 94
73 58
85 96
85 82
80 80
87 87
69 75
79 75
87 90
56 53
78 93
70 60
62 53
62 69
86 70
97 51
51 89
72 58
95 68
76 66
64 85
68 94
98 85
78 53
87 89
71 53
71 86
79 72
74 84
73 89
66 64
84 61
56 64
85 99
100 9547
73 95
90 79
99 97
57 57
61 93
95 53
61 50
83 62
84 58
60 77
87 54
86 80
92 89
82 83
67 95
78 52
65 50
81 85
92 80
50 76
83 73
56 52
73 78
95 80
84 91
88 77
56 77
57 53
84 51
70 90
55 98
85 73
57 73
97 92
93 90
77 59
81 52
72 67
69 77
55 87
77 72
51 67
66 68
77 86
89 74
75 89
57 59
75 68
58 85
72 78
66 67
59 77
58 93
95 60
95 57
88 60
75 51
80 54
96 64
62 75
65 94
62 91
79 58
92 93
65 99
82 65
54 85
83 50
90 84
91 69
76 53
79 68
85 84
99 87
69 66
50 58
52 95
71 81
52 92
86 80
78 93
63 60
84 88
87 79
54 93
85 53
99 60
63 72
53 70
68 80
53 89
69 57
51 88
84 97
53 57
78 52
51 70
72 59
65 86
50 77
100 9932
88 89
74 74
82 78
88 93
75 83
87 83
85 58
84 99
75 63
55 79
70 83
82 91
94 93
71 80
86 75
62 66
86 60
51 88
79 64
99 74
83 91
82 85
58 60
66 98
52 97
57 64
74 67
86 56
52 95
75 51
90 52
53 74
65 80
94 71
63 86
86 70
73 93
78 73
66 60
83 63
82 66
50 55
61 59
56 60
52 61
72 68
99 94
98 72
69 70
68 80
71 92
79 50
85 76
91 61
88 78
51 54
79 95
59 79
76 72
65 86
55 87
77 76
95 79
58 96
53 68
65 95
50 94
62 86
59 84
85 98
70 50
61 55
77 59
86 87
59 63
82 52
94 79
59 94
51 63
50 66
82 70
81 80
61 90
75 83
65 66
50 65
78 56
99 54
84 88
79 83
69 61
80 53
83 99
55 75
86 59
73 86
88 64
60 88
83 95
59 60
100 7446
67 87
51 79
81 55
62 74
81 85
75 54
55 55
77 68
57 51
87 50
57 69
90 62
83 57
96 98
61 92
78 97
86 81
83 64
55 66
85 51
61 79
71 90
55 61
88 52
68 83
99 61
54 88
53 59
56 79
52 85
89 58
70 55
68 76
69 71
88 67
62 50
57 78
54 59
70 97
89 71
51 66
88 85
80 66
85 94
93 93
85 94
74 66
76 83
68 74
56 80
61 70
98 93
60 82
65 89
72 56
68 64
85 65
62 62
71 50
58 72
75 81
75 86
65 76
89 55
96 83
93 86
66 87
71 62
99 74
77 51
68 51
95 59
75 93
60 58
94 54
62 99
77 70
68 85
86 74
94 59
74 76
69 91
66 81
63 71
82 53
57 95
65 56
95 68
62 60
77 60
58 64
91 54
91 77
78 81
78 56
72 76
79 56
73 52
96 76
67 51
100 9570
88 59
57 79
90 58
52 66
56 51
92 85
59 90
99 77
54 96
52 97
83 86
73 87
74 65
68 85
96 89
60 90
77 91
84 69
98 56
65 65
64 90
82 56
65 70
77 74
74 80
68 54
60 85
87 86
65 95
72 85
98 61
95 86
93 56
67 90
60 55
78 77
72 56
99 76
80 79
50 82
98 62
92 74
67 75
92 52
64 87
67 57
72 68
52 53
64 92
62 78
98 93
81 55
70 63
88 90
84 54
75 72
52 89
89 93
87 76
85 66
83 95
96 73
65 94
87 59
87 77
60 76
95 76
98 68
92 74
88 82
53 90
91 76
79 97
81 53
55 98
76 82
92 69
74 68
80 79
73 60
56 61
81 90
73 84
98 89
93 77
73 69
83 99
68 85
89 64
76 78
96 94
55 92
80 55
76 50
94 51
99 72
81 56
50 99
70 64
66 63
100 9983
89 61
63 51
81 72
63 72
57 75
85 55
71 50
80 95
60 94
91 60
59 56
51 59
52 59
97 95
71 92
67 66
52 58
59 54
54 92
53 69
93 62
67 77
96 64
88 55
76 94
80 97
89 83
93 91
55 95
82 64
86 54
89 88
67 63
77 56
65 76
85 60
59 80
99 96
69 74
98 95
67 66
74 86
64 60
64 78
91 86
90 77
97 53
85 68
50 86
60 53
76 64
80 71
50 77
77 97
90 63
76 94
68 53
52 70
59 91
56 55
86 84
99 51
90 72
61 53
87 65
55 99
83 88
85 89
72 50
76 52
62 80
54 91
71 65
65 80
54 81
90 74
95 75
69 89
66 53
68 50
89 73
64 58
64 53
97 90
91 82
58 71
62 77
53 76
65 57
50 55
88 66
97 64
58 86
56 91
50 67
68 74
87 55
68 86
58 51
59 86
100 7995
60 69
95 53
82 73
95 77
84 71
50 78
53 72
55 94
77 62
74 85
99 52
56 93
64 85
92 77
76 63
92 57
66 61
55 99
76 88
81 69
69 91
52 81
54 71
71 80
84 96
82 97
94 86
65 97
71 56
52 59
57 98
89 72
95 88
90 70
97 50
71 81
69 96
74 92
73 70
69 55
97 58
54 95
70 90
53 83
58 82
75 82
72 89
73 70
67 54
66 89
55 78
61 74
95 88
50 68
81 96
78 89
98 99
52 83
84 97
79 70
95 91
78 53
62 87
97 92
63 81
89 81
60 73
60 82
63 50
95 86
57 72
97 64
50 89
66 63
56 88
70 67
83 54
68 92
50 77
92 62
59 88
96 74
99 51
50 58
94 88
63 75
71 66
90 64
79 57
62 50
91 99
91 55
71 83
79 88
89 85
94 94
59 95
53 89
64 90
52 58
100 9192
54 77
96 62
95 68
58 96
92 56
58 78
85 81
86 85
59 57
83 50
56 63
99 67
89 56
98 84
82 88
77 88
58 72
67 69
62 79
93 71
72 83
91 52
84 53
72 52
97 71
67 83
69 86
88 90
83 54
67 55
82 56
66 58
78 61
84 92
82 96
96 50
99 68
54 94
68 94
64 70
95 51
67 98
53 82
74 91
62 82
74 85
70 64
71 71
75 63
64 72
99 59
85 81
51 83
90 72
71 67
69 51
70 63
67 86
84 66
99 52
85 83
94 98
72 88
61 96
83 86
98 80
74 95
60 70
55 60
53 73
98 87
82 94
63 72
57 86
69 63
83 94
79 83
86 85
68 76
76 55
92 71
76 56
54 91
73 81
96 78
66 94
56 53
75 63
69 84
62 84
50 65
73 66
87 94
76 52
67 53
63 66
65 81
57 65
99 80
85 86
