10
29 141
6 92
67 87
85 3
56 56
73 44
30 6
7 27
70 62
49 55
94 7
7 13
60 88
34 30
85 96
80 70
4 93
40 15
9 62
56 19
1 4
86 83
16 68
25 23
13 99
92 1
32 72
76 80
18 24
26 70
24 1364
4 68
34 78
16 88
35 32
61 87
70 4
36 53
17 90
15 77
9 27
10 38
48 82
7 42
90 54
62 43
43 14
68 25
94 15
10 91
8 95
37 58
75 88
32 70
99 87
35 86
93 95
61 20
65 92
17 77
40 28
86 56
83 96
3 89
13 53
72 11
20 76
55 60
67 37
56 15
2 90
41 51
86 24
34 98
71 24
47 23
53 30
1 56
73 51
3 10
61 46
94 55
86 92
30 48
60 73
62 43
11 60
30 42
4 28
21 39
28 69
21 739
97 33
29 58
46 5
67 58
92 89
13 19
67 71
89 75
75 22
80 1
42 20
99 53
58 82
88 9
63 90
53 14
90 16
97 10
4 69
52 1
59 96
34 880
78 53
71 43
1 81
40 36
31 33
57 75
45 28
86 80
87 50
90 20
63 36
62 21
86 73
80 9
82 15
73 66
44 24
5 69
63 89
2 46
7 59
23 84
95 83
84 52
55 10
93 50
82 76
49 33
77 19
83 51
97 57
93 24
62 72
54 4
29 700
93 86
43 35
4 33
82 4
96 89
21 90
9 95
26 28
70 71
88 92
92 21
50 16
25 62
59 72
81 34
12 28
13 75
89 4
1 2
36 73
30 98
50 22
68 56
83 95
51 13
71 48
81 73
67 92
53 22
28 525
60 21
77 30
73 97
43 48
20 3
75 29
17 78
28 12
87 42
3 76
81 12
36 29
52 54
39 60
69 61
86 11
9 49
59 47
55 73
91 6
93 91
89 99
15 1
97 68
13 94
88 36
56 33
29 31
14 472
82 32
30 14
69 81
22 58
14 53
19 8
32 41
30 86
41 23
10 12
42 68
34 18
68 5
59 69
7 62
52 84
74 6
87 95
52 8
3 9
48 64
36 32
44 1303
60 65
52 24
59 9
89 29
16 77
11 82
48 48
2 61
48 47
4 96
82 43
82 65
78 82
97 86
12 92
7 76
59 12
89 15
78 71
64 75
40 81
80 7
85 49
1 77
68 29
71 22
62 7
65 80
81 23
85 59
71 37
62 58
71 59
79 82
23 21
95 73
55 34
36 49
52 24
40 15
46 66
61 69
31 2
82 96
