100
175 69
860 44
390 95
636 8
281 29
365 72
693 25
802 19
544 57
387 91
356 71
329 46
218 12
270 61
72 88
557 75
537 25
243 43
102 90
847 26
614 30
202 79
168 70
803 13
159 60
657 59
41 64
582 29
818 25
214 18
295 14
263 96
267 82
204 97
416 38
17 16
857 67
61 19
237 17
237 39
607 54
830 6
752 13
392 59
297 100
653 38
716 92
787 20
89 88
637 17
478 53
614 8
336 63
453 68
970 29
611 18
287 45
215 48
797 54
488 39
443 70
524 55
839 96
699 71
595 17
844 72
932 80
656 58
188 93
182 39
171 98
171 88
587 44
383 4
236 17
478 31
561 53
973 65
885 14
134 86
542 21
235 17
214 80
414 16
985 51
229 45
75 66
219 79
317 65
884 16
413 4
808 42
144 76
840 28
89 50
740 73
545 91
331 40
313 16
822 65
