100
24440 16061 137 329 664 300
17737 21821 906 311 427 1085
26258 16455 904 140 224 1758
32150 35702 993 475 933 974
25395 36070 813 261 469 1113
25691 18440 304 638 756 2193
10672 10668 190 753 172 2249
13962 18221 414 623 523 599
6523 3211 296 383 760 1562
21099 3666 677 17 424 2000
38236 31399 858 78 464 233
38688 17117 180 370 474 20
204 30631 63 457 543 2350
18701 7063 888 97 277 1720
37175 6568 204 542 82 1770
19804 107 907 633 239 2102
35023 37568 581 394 589 1438
3528 27651 474 595 482 2598
1210 22559 122 924 432 1764
32714 29311 815 435 733 768
25761 7001 21 54 559 575
5503 30092 446 24 395 561
21701 14212 474 902 277 1922
12128 32794 682 102 341 87
37740 11808 395 798 695 2507
17836 28680 29 740 703 272
23851 24488 115 173 182 2565
7628 8962 139 38 71 2934
27310 14198 295 701 107 233
10969 37510 550 471 800 1864
21090 33138 865 312 318 1295
2715 7218 10 882 378 1127
37077 23767 394 70 764 1985
24704 26143 909 373 723 2431
28582 17902 871 18 445 738
21475 20243 326 852 4 2219
16379 393 736 352 432 1359
14207 9328 14 738 780 1198
31383 35373 249 904 957 504
15813 7323 374 597 753 2010
15412 14420 867 514 486 2988
38415 29946 436 742 637 1014
22279 24296 318 497 384 462
2761 33550 429 197 436 2852
30270 2008 289 570 856 476
28751 3543 458 601 824 1883
731 4351 218 900 583 1852
30618 29300 976 760 993 1690
34362 2684 521 537 549 1185
24454 35535 864 642 246 882
34109 13233 75 850 997 1386
8577 26153 189 108 464 2699
35211 38309 586 192 33 2650
39181 31876 512 997 625 368
29289 31601 672 386 846 1198
21418 36557 341 744 283 683
16411 36513 608 154 319 2564
39631 9194 386 185 930 2204
36729 7664 775 522 482 1050
17699 11563 245 795 421 2033
39471 9454 642 39 20 464
9357 8710 686 776 510 2929
39974 30809 62 352 964 2702
5757 24877 966 220 411 1818
9865 11543 274 437 785 2327
6090 28380 862 598 525 2392
21213 20148 598 812 443 2393
16588 23493 20 106 555 2831
15540 12334 317 13 544 1547
30954 19179 851 563 851 2133
16603 13753 944 696 383 1947
28965 3065 492 124 897 312
34717 21325 575 879 363 1804
11894 27767 996 745 253 1246
38533 4926 610 887 425 1800
33862 12583 254 101 572 1044
37538 2717 855 189 104 454
29267 27981 511 385 872 2007
22951 39506 691 258 3 2790
17977 22158 822 842 792 1679
23355 19459 384 981 1000 479
26822 17119 209 420 308 1440
39421 21065 305 450 745 1366
38196 7305 253 998 795 2044
32200 9685 911 120 765 727
36822 36919 240 549 519 79
8032 16003 943 45 33 2953
6073 35256 76 184 617 1329
25913 32383 245 853 612 2782
8568 32059 550 249 803 247
26040 4236 568 444 475 2396
10048 30977 609 908 597 2055
12986 11230 946 17 99 1656
17879 30256 367 424 929 1420
23439 25598 348 660 985 2315
12423 37923 566 756 36 2444
34833 8680 618 522 391 2458
8788 1976 428 852 680 1186
22617 20682 406 175 120 589
23777 22347 171 829 471 2298
