30
4835 23282 206 914 702 2989
9948 18504 182 446 100 2556
23977 10244 919 308 736 1101
20546 8113 35 390 826 2336
25897 16548 704 853 40 2130
7357 38336 557 892 144 1055
38566 22634 424 778 153 1546
1149 28425 628 700 209 2779
24467 31202 803 951 837 970
31874 35698 673 241 839 397
23468 9881 713 611 950 877
21110 29493 659 938 607 998
6553 35527 75 200 158 82
21749 4795 280 178 237 2180
16367 15572 656 996 147 2946
10310 8154 158 129 747 2581
39387 25107 650 168 278 2215
16460 10288 11 395 25 1287
7342 35479 805 616 48 1179
35366 27084 255 85 334 674
8993 24085 262 119 186 570
12188 12200 920 804 624 2271
19053 37714 899 527 947 1427
33308 507 563 541 870 626
5245 36702 699 30 457 1377
21675 26100 7 139 401 702
9138 37092 243 377 363 2868
32928 33377 54 328 666 2872
35424 22569 7 997 579 2101
27142 17177 45 276 153 858
