100
698592418393878689411761587696313175928437347348326627483485536712565561678647431612168692743232947913547413349962773447279799459298488246875377698334683879137956493421365365717745219243792938726113829391935321624356127754296144763969257788962339725137947329338144349453312993997561171882988877593499
612168688957213485225548534595929472689632124963318242554922135936471919342726965643689594491989924686953973956597588337811919686368994662292366556657329565238426276527212653162717851543755689957935895828955146421332986642525334459883769229717727842272551677427724998614337123854337384826637938675613
458746967355125489934572616451273698497312683338126639723247884142493361251578749122643246132868442175285415677992162547616759484681723745299693646869364183578112955144699634274112941253639439873127251397318728732847935276529316346378692451858768498142658617641542842844675941536151622853723961657987
515137337291135748997631683377889547875443774477933232572858862676275751955723215561389439264775731118481974272973981878642372422112453815594884699222364621639539715914292223984662126143737121512461829881634625565189316318313487192819576611564171163312511574262496359845439565442447618574548885594511
174724658475814559737526856772565711149875941971161762339565481883261956119371585887675744729715488665692362548122241687663779235337833941154465591619477263995682779131139841684517969255399149231959882835634366312959766224194427453311366781269864522144575855118567382716329479737311495379814673375367
171651128668411665586481557135781983274678687245718359875748973464517688242642473226299746633161424779681346338156255251194558882243199451462384495359823398411276622768935712765733288836393493569117484844993696288222154377525398924476923185631221224895983958487595551162271636653645878711759681178952
473549711783125451292518348744624564544158833179614853169697831663298622828287654466993427672836289656864845159245537196362591373696498461723363789137146348976329398814255629993925867892718122713119727172971727875985979371275496642184518474743474426814794543683284171855144984848729451761429983982633
426466516597791637746635155475972258376781369534894949835452281411715693613292985812578897893184914883668848119634423451484379531351222392797716414759728875499793513576285323136375545679675691926511473387643683231953436867621513292495764177242857712227613185835617329692245157594541456995588174889366
2345
675494411898584596168679597968446396524498288716797888927942612457833431277568248782684218786359395478485321939374129784745961528519711364459737128662743749326913362759517894121257646535893379522836879977593457573267981692243648248744754752657366298774536419583917818634611462569659714939573319511346
23
814838187774984226424366797163694651222578837638894388686448872884353832981499584456274251578452158321843859735815456423368644377781317342557525954514245224464793354996533752674396128622968325897843367597542871749576998182578196516564487733954947426217666222437155444773994343372691378693714863619782
873958164831844686722355555192549315897191157485533154712845537175654365183658429425834951586637392685895239121998943554443786457185553446886398822831181671326642714994838335571481758873819778848795685771816622419765994222385829932839515872875516174263222936357116983634421688719378738624282856982497
1
922948747619842788176234673848812642386293737419786294249295169191118775543714139385953729954332931568666811784884621291319222581649542738637352956491275479474952731777869637329922328639762245698688847379989185881897942942156352617951718142521323563267717836372179122196421885238617114211373868911175
138288661578458143646331315587534432581451634596282325364845489256315256391926361333287431573597254369662839436394351524184193136692933419696579174251112797146187315429441654562927992585825697945656829282232167594632864131436488596493696559284975989796572135389731296793768323241234215732757254822344
781164438695748888898386347544624884828159158442177165521787179572226748695651881951424432445483579186419492838543224997382618569592195557253777642932623612316795461693214985768811657936738815186475455858418547234965852271166267786161494658862237452851967349437597348919259698773134535572121276481855
234
757415218833122169788156673611663768965554296266276852147538555247467347895998166552683117865896332368996267395772648534697546443735962715846744436298154393747376654255256649676145616774171444652657343853296489569596737537984372329682984565236129691668566613463357511583333695574256294981844734468393
12
776167191214365299239658167694499723412111997912844923328188764569775194412712189147523145149919452757514645156618613583335641444993318444825552113723666862631256736477611667462766165646885528198478938392371371116724795596651497944187691198145628521317386645997555432312627991929684615313563753647765
392347254986552641773798225797464718269486631582342778984337647835549534427957781537819169211272985299456315824875559637575514469622641673984176282176151912567935324358751264137763444239964345745199263473185684319932138488471178211155476383843739762585291514529964539883188958236678329137645556667317
279327134659837177484878213431246688398181327289467628162611247668811259222582987548743252281787729719892393894319165675729998334791694871734227463782566711846872814571569377624565174151871127699923191177716152448143569386943842921563275926448594251551198281128565532565982234315663782851159313994678
747655819184125331663716993721633534985827849739278845874723686137986728648173513569311489869228714936813494255884352831367454198376471269629558454412975773563496367969877523385889793239355468615557153753816312993885449938922595668127726763187771396198958872175325814836867988823856752585125964645214
3333
584767829353458946956934746977138977595519487529261254373718721693927878668475842863826318561261968444647263993224431597797668794165525751311697626556776824679243246446494672377179432651394295161836636219115122836151135776258619128917941197262389263289949639841635319618471272718515672258729782363137
441153627979189923312761979714986396784197743979452175465541278563698128776156758132992124476184148252457399597611598144385522672459247848551562767922968561588713667964887523796854146271275212211482552591327661777468924797577312746436434212846251459797599884887927746823716311127696281638124811347846
332928938725726247864136141639186556257515247725837195728228873799823574661128345486133591896522668354895118767923982131545844398755752427798797239695646889954615691355276764235271947168583214817992499228846683663245819426749749982362251177412191692338416536396894773991354695352728156945914285446448
1
389764192655719391274224969788637721959969815138973333221146872235693565497553293765864418716991144757126125768587719538163854557237826644333255248274181186374672346462332211155369698852545876962186211777739272922936559424945556348317583965362786721184257522177744573963384536416126177172391114199964
633795129487429338314929955132198367256649124519487785559989159785654353296548666232622538645781538858415613699997363269495178554669778922728938985929589784124813344353728368522227299768541545137832491858789284119484694211484343462336758926217763798623394623813483697154931949383566742497534847452391
732518923739582735867363472571532945226214817544666922381376878125125229265951546964748727194389635423495152491297522426137216663735761713145291252648279969398359514782723614563397456321184671942149229412585656126835416946486564184698362248514557973142412468556611527716283981579774838389757332359428
612177176981953988587426354162331584191658147732359198463727465759786231346685344184952161893512281179212391749366845877331171685966493257928617486585452174313436477719847821477757828849486615115359561493794112897596381157259311239464846282641913862566766688283639886321735113636965978494385927676626
648617497314391662223613417547898797795268352352829767297843734451571478117547971699929727511659583595545816917996442751463426259945428228964389369225419551261712764214626322875167348994439938249818125889816141877646294188711564258977492715617117651554245292568624396153335428932951297312269722873574
671718971244362815336737875195638665754256668357977132879762911285448876362332925283649965687392114728816522254495892458351424933288563325831534594759594419977143571142399854419347559766854561567146687858841268169162865877248686311758977758442897318115497473958126616958453425985895286656843292952168
726846414693471867678274253779627839168752845415719251575618769946386396416211944872941892156215368579467562771967642158642354847453296487833746795951291873479656277595544514492389641896522699482159684632131361411512467248225428778782587327915151949794482981826276746663982779258511247582751217346745
441639338917366934714356462278528272722696655443925381196743244122515388975466488856589664551734392769123658944119435288714497846726698495785739142477912426511876246282495291715139568422634315174333929986743498472632768564155237347484957153479954875931277211995281334165747563621824654514786398618453
772221539716285254827626914829781413179321646244436666775956298426689296736782513116828146147321317839667325453745671548211911536937167763411269595233136379389748442756132689912122574275761219245872329552499229978471688187665844149921954871556784745584532948565423812179824222763487418637725667291984
112288895391289714326443124258241341862663415875356441719544418256894894289143559839316939819992558576954922249662591817295559629512415757376664964553391775522924548711957554427889438849819441893317162521393111518675894547382656547837216911294929613353995326316126881529413997641874357494531143411725
132378927666327227256718456321875483486928742797546637537852582883992864197313576172325462867923247254978781484523188995384634996276141635238728386172623567282157888263238362598467757335364761144619284175537927151548875517253934712929639644651255875785512533362752734832668723729961343644646964186185
967369579472952989879776935336349162728694137944161255382112534772671336425169891433738498452254623332643272356661784472647256967779363173587322219154539963527333457948721373312546663364626933832521351875825799613947784145461344782918822242555695795353649972632593535741244744534112158719822262681815
983618228418737554184449488616269688443641815928389672389854659724818791852873158422449472379487934296391976788749147736837955182341218865933581991362528331278297645247264669638244939117227178268192335432332823356185468879252279591684136166188413166456817757625979285865958817528615151238452158693381
824571785212556878181965959529144547416677476512772711336679959451186162947763236981562138751329528525213853527429336638421298677737978875647837777688919218386998826496692467423172458311798874982196256861965549954175755865546616733319255181326323284587731114396575789718841869261889964164663653548337
835227552561315816396352996521882586832777467413351368685362996431911925187966498497457837668857917133232575339974618729852124876877924335624899748417876587778165726815764473984843112642193533415814773591298881694179184398257345323551331711782553568893875852634195598133446913912464163172678648451364
661847957358217391514818958567924256997271838113365186495484344241827862141729832832829388258133594574499691232932646653851478916994572926319354245432145457976337767161979237678778673183553838464535552236821896389882446422997292734883239126733624466678586298774775815132492861991312382113748959987196
421527975561671558843112555955417632632227144926468148487544994884258164367324255656698235917666326211153965581838333677672273313767936397847933673911141818789968872793172453693825621751213263851751977446491432749846696836628499881891385562942989145282629567116895235679947753197622586867525182948857
486179624229162527457712115962797449222581777193313775618584395653673194719151579165354529177913277563543637357358442766754717667416734211962979366244986372512997896898539384711928955728726784238113651477135158173382836995278665264175918596288479779256932813754452666292695218778546668759619175223966
773364324867831551655529249467686555672836316446182424293215919821634976833167799356242216963467772833437284457592844389445816626228453698992495165561326638157647973856567979988768132591567173616863964818173365246945197128242613415431837519111718945945316784979396496518961628419323492359956211186637
12
235346243815248685269283232977412818491952847559626466539887411664137949832822855731795861836359143962811579269912466637349362198287593775926747345235348567768783448886292139578466896979974476636248362573523234158967345938594734979528844997638928224632462921615924566541676396994154356945492941841615
148854184597644226622334653827132787581617937379215465228149954368852765328643984957138172143179471674468946676829887452852771946157538168861167468836894853264271889337689856191741591237346453454148999864786723994958916946799659752521636554941767226735423749237413445865969684884892287943825361546975
721253951686661153963949395458966484541696756553811296933419923283266888224982226664436212631926311526655218535718432146369647667723158416718882211913617366848567118899864778466528929648225574713681781414455173469961396371228258878958519593681531269265768333866785444633998555456253174363167492927256
485164846135993788157732228444357211113971955921627657676134531477677993888252519277647448761334867594797847722691723958592686318781583457767989257418773362871289562868673556156914771216764878729999446887776941518235595296227142961682662352823275771831645135966633482575566493361515185534948724261157
125799548942859118323796662999316383974682933253761934223149481461553447821533142636861134268632665729956581787314191967732972562956964131947867659548169856837913417976654967836818433414151659288432719727811148654444915544736752368366612551545143781831216274815884494227626478416153387991983393826812
941133243225165648785789932341284549425947191777994352198336657793218156187174162898678291186522816334691175795921819547918449538493654116844448154863396925788444666317796987668311248123381395764775244389928846357247376436865244236993718725169745746116372829666864848467266556574631992155815932277816
934617544593121226692319323623241834342894488554899279855367968633588836724318725163394715959727932473598416298924191586129158915272844938282618544586922519842771167355251451186382166296832237562626552754692177413525995445358134263376223596296988412855273699291152419633493475547566664293293123224733
687327394153473618558371812346874175258647752429444988746687981989725382711314529944871151628114674715157113198491998181467635252556695115338785417974472353336935561362379452219673222755662241114853484348913178753492536465523335351125958861873395918396836946726731816122695516551124851773729939369651
972849673398536871548517776756356378942394568124452958432294471746219841994744861277577249136743234957846796352526368414723152193352694467834952281176334699714914975949193923132458479424612916154969285262518567575476353255369564534647863521712968239912185852999215352478927858431418227778977662462657
211687251621623619984958854872918391519863119253573719146716349768797451238659331667577252241445278694584765885718714444666653913589352173359974934252278389171932877511888446393285616827938514126781397999725824382368277221344881782758575772434912824821511756294464317769289794176486271441273516835769
599841966365183218583831146766237393958332985232963382843468398223392336191635416439151685663571174524623699824174612218364675492832353568875643548778883633683822421756895252848766486315784883355456563291296922349395931553575377941274931794833214966768585621641561712185677775328641451218573935747536
238122195184446849813811684443724199654352814811314132712821538356986262576574691221556283799215843999554133221423337729166574558245512727339536182764554621573822722824584596436359161937663869568556311111484162758167574996139541688485738248965779573356899453981833617152649385592933214473413853387842
624186389217121422142178947635727498245276279936676228421294279485195712637635541584327435226989378886474389264219933293761368684594967866391243955447871663936546349374279432381851656676812594534523987653952593154782691986618382169483913161271922755621929192111842323199596478716659447256564716518444
532213616425935832113125896866518148776612744857827734616787967575568921161889963988446447513265468199889717737515949648792886993554432928413783275931799236728356182258226492335698443787324419818388161834681631383481112718771143989434818479849542259724992819421339375591256277667836222226796519881574
877139939478685642375748218638458813571498713463269254943182148159335625968797542263553396684471489427637939377864231593436795353234755429173995311427226561899227228987962312317724583911743666827884326145837614665414955445681212531186549296362939981596886976577153744994796663415618361818753667424428
725137765488126992215574312482888297239647529478672226532252885155416881854291618219581579425847899177799853539698171873745694961948362531873847621971797466892699467795844374511562323294193819941118694377938428873443594357597332939769768257792768945816794667221185498251289929952275374847413514397755
427984418655483242295439939185139454961424855418444536858252881478225553696681615356463581596341769149266666761452524217634155556855316197952795191948585258491787693233551554293344296252174223358749756333541517274889335341617574919995556772947198848366813957774164341692989681667953691944472348551678
285915269424694874113753527686387626596881295751542651577622565618896581379721884456736531712434218825234256149634127541332276991978561149835559732476291598862761837889986429986188884121776121423353845378843485133588252687347761582371896414966966232346327217615787995346357259558516658254485141898826
622735127835942576856691479872424367765422763121994732938193211261374472835231521322421613745284833969644872811654859727665856471715272587396969191324474214191715298689142752967233356215613554423939455843647726929679965339892177985641574544967381582196354399758753463214311149755312298227476967649533
259559424636149869493747545947985147327748592952518179344771225195917152783397322559731226141963426247398212583614946158818689924638723947818922222185545749411782846884311358412829166369371762652925772937774459938839543488821966185634725653846123232614573322398842881428132677427591133388962781853524
944961174298236151925211561318377724231572148342592892937135723117883457614624227527962127324262929161542773553727129181192599543147747811977289543771974395641268915416549744849482374674217775972372972145468764835722255366321465771189938288882897867469179751739363741294591181592315978637356347397136
264736512866367799522676249236918498991238772243349257157521661269542784957541423733579813746916514724699116184437917719488783855998274764669459915859377614323176226319369765859627155967569752319228333869381722249549695226261443485532725488576773333211168638346368279818925962911553347738853448686715
839223967189629818878618544114727531316316994922699613198665694926173727236146329917121246955555168821474191892779261113591757533361848537957529695456493838364549554512667578936111414741998764163428268972667313714918576714974434628566927472885364255826115245954272591349228916221425864399391616513558
632736845592165944458334896999864566437212127443882724155549683941425298466751934423478845446814442715975458362227582588935537755518369121794454321672417427228582254925639826439577115349192974854897821717256975927656775638281278957392684626165423168894269925977795942948697989241882655286928878947125
598579614544986135423496848429227914168793649797442651866898492357119616813423722657979638125855249982256693526975888971694697997541274655129171873593343942428976266551237466439516179353262588347123595826665819318658171654985271632747686827818472344293117767484329861288266942877492994674272666981622
476378165521168339618828812553288997514739846352627326755216944858876571835862488636396865296188418566832361892973741712174889749752661729737741141994538724436264987967111644633335211241355799155588773197588152444639978954953833785795146349135726642344946298677219282975564198657367894635592843396866
682557753877589574839986787499626222181797326624769895579154616777419779532318787571128667138654677488165479375293629933631676777363664663859831713661721482369626669774796558617441281686841521435146487656812172267815473591278147883274719246591581421333926137413149964289712923818551194521641989388437
974596786286594444291531612191847576237389739456842346114238284668634419761765832767512241381338455926772196322533464175456195482186524584548147139216295275911787855774948592768512212871755217617397422712467363928842371395558186487558781968262897174544269924182714561766799863937779967624234922856528
741568953257836186729581653313281594328462566229572923961748192278121955588239392899236314234883974424621242656215352813446163416372792629313158143879269641762666656967371735626343571957448283417237825644711398482342783394165847981464971149883878957544563893442697213255479189361219381661156645632451
862224951179313524675948194745464971472449985781823633914638357585161824913952828761562521518486477647435489435153619316198381628852951286876367123451323847571415914866183272498229238363592624295961223948123757329522622637583758398878636431818254855389546381539767239522748259844219114843293876562795
874646741323951792951545251169438455978955448437318335437844137283457682512217855321756137782524994228217577728137544361537211133552466485923826744513418812998546898622997394979934542738727448564762677797828157888211454697876982199285285889529666874273639432132258442897151927635353138288879587949145
376765471387143969971353499536298959649212224659671743726665219336316342217467292283558574255282982947876639921415637516592662246838947642719597146781645834728958733125141922263945986492946193296384258676612283889511436922125857838874661635944149897442963534632485938577652273299661774525531416123234
884822934394347582266719771123946777616548469139498772552767373293466466261782496769594355187816343212556626559792874863299655788635468434286468176462647144849131879296954416228419754359862683246612496583739669383221752316916727962668767476152423631745251239749357931745599843399791786975716262513241
319353877351447112458213721395148981742987391141874862228318353289741796995521223121227735386588452569557811175999666497873356383741463883931325444689585198738492969553288962465493192388432527698642438653854925622653373619259632749913362742639823951473181564423825291194539485912254193517699336176423
367588649531364276876671413427775184674346813885255229773465579991892419817615935662234394758938743144373911181585975656399327431282472711772458271561246997895154112911648122268944252825713137642633869999394727345543558917743192337839972899172939541931179157317439493887829627921411162635253361637651
256422469452183846557738781795135326417891366465995244913377432991941139626469973728925778688616216761766495779517931136446662826345699227363825899357498266177728626446596246946214321224212358725265691372631434279314832222994136493894883348152541633886369342765155354748432785441376132422359696767515
541539635372378552115574679625659351833268568655422774997347843781628715616995324374879645832852411726427385513594461662354825751877985824325347458747128563878982364962563831663869349195479731233899742389954894351339592718672922229515412597532957516871612787218616854852657688656856246244737981611616
759296361851679461361484257333889924947428183235153167752769661221186381163466346518713526341446663647343476131518869151525855249459961634918661783867111426693167372673265323584139586651939835391439315815447678467219966786188526218258558911912198794858433454955339345532627917659738255939426253684596
474315588523181925759282245828944462697855633136957179239173564136337516884675141674271749859544319364379363473924713267873287596653576862273432998418494864235431232192249655545616719381962272795925286478692574254582496263991378657762173366111871582472735698334254597816736539282369476779241673834197
666127536124655211616133994798474624141599665682255415736123352223426667356546183437194846736465587245348591181676176275961839878911165127731537114245986235867283534516585843321529952124431732231121138113253257151824133168269662137488773871586583857246644532756457744525643525413181133852333586555513
432329397585932381915876311773475541611265232377544357655182682343113789369869834589961647371989862292429845281691959382349488381845851498137221286627671676775842347658861935973615369544231511264519865842118538113144642317939628344756335512869388357887927444169696165789424698522913956291642293993119
237756393892234362926965929777717631472911948281953235652121411321289645161666837222329788985562164524374152721789732885443447162567512881871584188248782653345657157323728731636584864116352147167995618347474243436756695155942497474137984967285187513816443632728869187657229556748683668426856871933863
389788356375856315897496975851415811153432435297439564941751197147112213551179468732875965849737227293542286256747434914647689466266864431467485528773336489887138341859287955389822359499449239181268151362845789687995655972539337618185792991636381122335674722155796715799138813855799912125956314881262
839718275993963321599515794465269782248148787998616761146324547593589538913745887199757764682634565264716157177453383866821813926125434727699295711944547797768394439353676484177712338678312562989167859158123433245929573922376141177569894129433345778595887896354846797897719914839481225631938973199549
899827976816588868599342931998621474426494841776781658237633766922444531745911355821144844769819873862646319932671894614721615845947995685115274826844825542473449254139373685646231261998174646252914837358737778899897687552373499333219155245535813415996756399674632425452746458259268219832895927752612
417195928724935134863383471271177117513297147826843153518129617539864717474133443752196665246592284692775477731713444585178982725684593661872712989559375128959366248839962194448265262557487754872854864495796563416745817695869387668664782659784683321728687572892135593229523232684968462568997245923148
621298491779436176868525686332571143329551899121897364636294638736183915256941812763773679699199399673835239881768476168241725113146851848558879952714568559133952241492672428595716955379496564532154192417352256731518328599137541152494973464549691432985584831324162842165168341952974649662625933378836
813354513523968368143362142474656549438664966845537323977815285313154987921913376373971197734616241387512878497515778186975117358574324146691344977794635148882277918539876575869632834362498684498773489326984165376119262289894272374356136714588854684867389965169643985924238776967363374988878353773491
248944131311288783124199633175625996543489228655178377645252378847586837925157243461865116885251821824455752845822628251836386733654833741671624111533958711812189436215116351982393939317315593752133347317731917272647114389493939248125579329175414159432935869916826154319265415991656139952714195824316
178277226778242577932298872594657991426859923752591412562369484352662964539854673632249677146597667394888843159192421829619644977938965654554899569784913617337435732274935424892431499896634532219723814234638666729373351137125859356784591528187674779361539947785219994491885331633987551191921339945935
916154669874194264127989912397529761446571396677628947144228433763322224719498171738622638771866475538914182654153814979672879592477191879753929529472985473258575483178495567298539825245853228368691527491846746781332386399659657518593668735318829593126554723485333589992154876652378473234467937798558