135889350
142963640
1
93574316
161106392
1
109387158
47247382
78775697
155106524
40165761
154559969
90506692
39664068
1
151321691
200
122908779
66626951
1
76477637
161687896
73313665
118040215
7597709
152085181
65913041
113117528
40523494
28832154
2
116426415
38000059
118153077
34147202
102870452
102624576
161831262
17295925
27788001
161693081
10604781
23155267
162084113
30550186
58538156
2
122432230
95567281
90176547
40418104
138815497
141404311
118847848
110615987
101705306
1
159591572
91616580
140532897
48633358
150911947
26645043
2
156926717
73520740
128187720
159324159
33198095
106928524
66507586
152986851
135726830
148658507
12625645
98798649
108501973
72904350
82862180
1
53444030
55408289
161659557
95459459
83
116256527
108
82
86704016
72166375
6562538
88185072
20351753
72406824
70164754
109849428
123
68663854
99902014
34960930