908
1320
2434
5172
8242
12802
18347
23489
28231
35187
41081
48606
58783
67285
75491
87525
96291
106527
116370
129126
143909
159170
174724
193003
212111
229467
249750
269595
289985
310102
330219
355539
381079
405286
433648
462152
482171
513298
539493
562877
590343
615851
643983
667022
695685
728704
761836
792135
819131
846127
886909
914920
957534
995652
1015514
1052397
1097834
1140419
1187259
1189664
1228659
1272823
1317771
1340911
1387162
1421597
1474236
1508264
1548512
1599888
1653919
1690422
1737200
1795100
1854039
1912978
1967012
2017376
2039846
2092175
2148521
2190099
2245160
2309352
2375011
2440715
2498634
2510456
2577476
2623774
2684195
2696803
2768026
2838442
2887807
2955858
3029381
3102209
3171517
3249959
3325647
3383899
3453289
3522679
3596115
3665522
3719842
3724240
3773458
3778318
3850443
3919623
3914827
3965001
4037968
4116152
4134225
4192824
4282337
4322170
4412271
4470574
4548181
4623970
4702063
4770030
4858164
4894070
4989705
5081587
5166990
5247123
5340450
5346688
5397653
5498779
5594668
5646449
5698421
5782087
5872610
5976023
6029431
6131989
6209071
6251157
6336997
6445793
6437107
6537754
6647399
6718580
6808924
6917144
7012648
7121582
7200658
7314123
7421054
7527985
7638925
7746004
7842496
7924069
8039513
8159078
8257533
8377795
8395660
8488942
8614946
8739303
8758001
8771660
8872834
8989228
9044299
9172126
9285212
9408567
9540861
9665561
9755437
9790497
9927447
10060763
10115977
10178621
10318144
10410409
10524376
10540536
10676776
10815439
10814351
10832911
10965571
11109497
11249403
11380070
11378603
11525192
11525992
11656916
11797907
11935612
12068807
12202002
12212760
12253651
12361244
12376781
12445763
12482819
12620094
12766589
12922847
13056341
13118861
13243224
13254087
13392840
13543411
13648218
13657803
13697548
13800008
13853579
13917236
14078856
14213222
14371025
14523272
14681484
14785833
14903190
15057399
15223380
15379765
15546817
15712889
15852611
15863806
16010655
16036299
16153784
16329773
16357704
16525232
16686515
16702804
16826711
16988340
17132736
17173324
17347121
17493514
17660440
17822137
17983834
18153949
18316922
18352844
18482506
18653894
18698886
18824932
18973391
19140646
19186211
19319086
19368859
19493971
19525178
19706513
19763291
19948641
20126814
20316562
20502911
20696842
20763669
20938907
21120795
21278523
21413060
21479078
21473844
21672042
21862647
22064898
22187496
22203493
22331315
22534996
22672813
22873959
23003051
23017583
23215439
23265233
23458806
23620419
23647309
23788138
23860786
24014955
24158600
24360358
24394833
24606715
24803044
25003598
25214386
25433763
25607654
25636148
25638393
25831597
26031996
26179679
26168334
26391411
26378887
26587408
26749619
26917086
27034291
27241977
27429214
27606800
27609644
27815639
28042656
28078232
28295767
28354789
28545061
28706881
28748157
28933872
28960116
29015534
29229554
29465311
29682032
29746195
29980033
30019604
30113070
30331116
30436185
30631992
30820657
31038347
31137018
31159897
31400141
31533039
31774081
32018812
32022433
32033600
32040533
32114414
32146996
32382454
32627253
32826311
32903957
33142507
33367257
33370196
33438717
33683957
33914827
34141632
34368437
34522128
34578556
34638579
34890773
35147714
35234500
35437812
35497867
35579301
35643888
35716811
35962710
36174744
36345783
36466144
36704215
36954140
37033795
37175432
37252094
37252419
37459298
37672748
37717109
37960653
38042095
38285735
38542162
38629453
38871574
38902357
38957690
39127380
39235174
39498845
39545572
39767213
39805331
39843342
39837228
39869531
40091172
40341977
40359736
40394608
40614478
40831531
40883908
41072518
41255408
41480796
41753360
41731302
42008631
42273595
42339845
42613534
42889455
43172131
43207212
43465230
43722389
43999348
44080790
44314918
44537510
44727264
44784471
44886605
44958699
45244753
45527453
45534136
45579404
45650291
45916591
46205808
46434486
46700335
46893913
47148144
47418645
47483816
47519952
47679655
47749555
47991861
47993287
48171417
48211444
48348359
48640726
48933982
49237171
49307064
49490584
49754802
49988815
50294306
50398492
50479746
50714716
50835350
50888074
51020531
51325532
51336032
51345873
51656191
51679051
51977208
52164466
52197579
52476211
52779946
52819537
52911330
52981677
53284078
53516886
53574278
53646948
53718889
54005937
54047508
54334556
54648046
54781478
54874835
54922777
55240539
55305016
55309515
55357306
55679951
55975419
56233912
56479881
56583123
56695489
57002510
57093976
57265787
57343745
57394489
57722750
57803781
58009214
58206051
58523663
58603760
58912959
58965993
59166134
59281924
59286361
59344939
59504181
59727198
59990576
60303100
60468974
60665604
60762237
60768380
60812291
61144665
61469292
61793919
61830560
62160610
62171497
62197106
62534500
62755451
63094235
63152750
63158142
63212586
63535652
63869112
63887916
64141907
64121596
64238929
64579625
64619624
64636574
64880998
64888330
65231883
65400766
65442758
65629689
65703592
66031009
66035478
66044719
66085470
66177614
66521655
66598201
66603234
66860714
66928926
67257358
67573637
67696531
68047536
68048106
68391818
68407335
68419333
68632278
68963401
69149368
69244041
69259469
69309760
69327055
69371854
69358255
69686547
70013616
70031764
70116052
70183308
70385419
70474610
70514538
70666076
70672352
70687577
70698419
70767525
71114630
71191011
71197232
71272584
71546429
71842766
72112501
72425337
72772555
73109683
73357562
73711363
73737620
74073176
74373501
74396080
74754883
75057597
75298443
75378757
75493927
75852176
75930824
76194134
76275757
76600744
76778921
77029793
77066795
77417276
77779069
77951808
78295970
78631042
78779353
78790683
78813508
78832322
78920862
79284575
79369383
79721181
80031482
80090026
80150101
80495602
80852656
80997762
81283131
81663478
81978987
82207454
82245558
82378503
82607261
82981301
83087902
83178534
83234124
83315467
83450189
83529708
83916640
84125155
84224508
84272981
84412519
84425035
84431398
84616094
84934621
85039267
85303435
85460454
85550298
85554949
85861838
85865980
86189920
86310298
86661095
86716067
87078500
87146138
87218030
87580979
87970403
87998551
88043147
88438219
88476242
88537675
88558921
88880934
88901778
89090311
89175666
89451700
89792077
90050870
90450723
90617793
90687441
91085297
91326888
91423609
91609576
91761483
91877410
92260560
92400379
92506727
92584018
92828389
92922228
92975943
93359722
93434437
93680101
93799569
93914001
94213480
94320269
94727800
94969080
95295660
95301431
95333118
95360432
95765045
96167775
96276724
96668577
96926120
97173121
97344767
97513091
97600967
97981550
98277010
98354497
98685059
98815524
98910874
99129758
99548987
99810190
99947900
100041623
100047730
100086888
100234611
100561067
100650391
100680024
100659190
101056691
101098040
101113651
101365481
101509095
101558375
101638865
102068829
102278484
102694837
102869635
102888354
103001691
103070686
103449073
103803569
104232542
104621303
104634969
105020787
105141039
105289141
105280302
105696157
106101338
106370798
106723253
107143711
107124473
107227066
107648015
108080825
108479309
108642947
108905414
108942970
108982573
109218108
109355676
109776117
109825884
110268179
110621824
111047757
111391751
111473774
111628261
111733219
112148191
112525682
112946939
112989897
113109976
113289543
113708401
113784645
114035866
114100394
114537585
114723799
114825921
115276720
115420522
115875791
115878291
116320777
116698699
117001249
117181001
117295611
117713902
117709920
117853310
117967698
118105282
118121925
118221739
118368196
118764485
118913076
119369524
119512850
119619003
119903818
120356338
120799548
120884308
120904816
120976973
121114523
121557215
122006334
122043561
122164452
122274826
122419390
122875822
123211027
123396006
123506051
123716366
123825995
123982462
124070076
124142362
124269352
124418649
124486482
124536004
124711826
124976433
125118016
125154525
125135680
125155266
125357901
125476642
125947918
126230075
126366455
126378600
126838633
126914007
126982542
127223070
127685655
127792100
127816715
127871855
127966977
128425108
128455864
128499840
128626541
128723396
128747819
128798376
128934821
129396761
129858701
130317092
130403142
130543817
130561898
130699589
130825824
130822916
130867870
131329398
131371064
131578083
132054336
132075716
132090495
132270269
132406106
132644330
132676938
132739012
133136124
133240514
133484444
133882054
133901020
134311321
134448831
134628827
134661863
134775733
135250821
135570452
135618605
135771941
136050134
136360593
136475985
136813310
136979624
137122910
137378225
137466675
137862322
138223324
138370163
138502770
138779186
139152649
139601019
140072607
140342622
140486928
140632411
140940648
141209165
141307006
141330941
141436739
141537848
141624300
141795065
141932785
142017520
142044748
142057941
142384353
142442200
142422322
142540001
142984412
143151350
143247173
143736043
143773710
143777620
143942394
144413843
144531597
145010785
145197958
145353631
145370058
145541650
145946548
146374464
146415567
146565830
146826314
147000254
147158322
147190358
147246037
147419411
147900080
148286604
148288462
148454095
148648556
148776596
148902157
149136384
149330189
149808413
150306368
150428191
150577636
150871251
151055966
151196657
151401149
151580569
151782466
152277050
152650596
152705151
153160870
153436628
153722084
153769209
154181339
154196218
154392918
154495655
154668479
154848521
154894397
155385991
155808485
155841399
156011024
156108167
156196015
156414843
156906775
157004076
157028180
157508797
157501325
157980609
158096444
158412855
158706069
158854436
159089657
159114562
159121291
159416417
159602520
159763180
159951491
160448288
160494448
160687290
161215482
161224140
161375729
161571061
161584216
161600174
161741645
161826325
161882821
161935020
162111959
162314560
162505370
162551616
162685813
163218511
163332237
163789436
163947539
163965896
164034307
164090721
164087650
164369501
164472663
164988343
165174432
165502598
165952740
166441477
166850358
167389008
167579010
167795159
167993810
168208101
168405563
168477088
168663241
168684826
169190831
169361820
169388089
169632137
169838759
169946971
170024576
170223978
170410123
170622212
170623039
171129066
171153647
171220940
171383422
171712812
172120167
172654531
172827642
172944077
172948799
173213493
173417611
173670386
174022382
174029011
174474705
174498549
174544168
174648445
174845877
175013812
175561726
175767571
176188592
176668441
177094391
177310412
177339146
177629337
177844702
178204546
178212207
178413605
178738141
179263044
179802811
179813229
180055316
180408337
180471430
180650494
180667122
180682618
180776341
180812241
180924480
181083511
181214305
181622069
181628098
181634103
181650984
181663572
181707068
182072219
182310133
182374790
182576121
182588050
182689218
182894275
182964957
183002603
183139714
183682012
183790711
184187851
184223549
184303500
184306220
184343755
184358318
184539178
184692754
184786604
185117347
185121130
185124431
185670630
185918836
186040185
186106110
186178519
186427905
186481952
186823057
187251610
187326070
187510831
188074304
188303729
188381436
188449243
188693074
188717152
188780342
188990061
189315560
189486884
189696186
190079229
190287796
190320785
190351595
190419007
190963581
191121911
191342172
191675487
191676831
191672851
191913406
192222030
192288398
192594903
192736754
193028342
193314796
193575331
193612278
193658661
193887636
193961578
194266421
194517080
194577927
195077320
195143550
195230462
195275331
195525841
195606686
195624178
195768267
195986718
196029636
196094514
196340998
196734444
197287128
197430210
197569860
197673238
197913490
198030850
198254525
198499825
198511761
198946844
199149482
199162677
199362083
199579283
199597719
200158142
200404271
200410625
200890830
201136865
201593243
201631907
201869535
201920801
201940066
202009793
202191965
202235903
202227991
202497095
202513393
202569727
202748022
202763684
202777388
203271923
203274799
203290760
203617618
203868273
204049201
204068569
204142898
204200319
204304881
204452426
204763442
205023114
205302641
205345049
205355279
205658940
205731780
205927851
206050979
206085076
206258703
206451294
206574163
206578412
206580967
206977344
207491435
207742346
207768682
207830734
207875883
208201678
208311851
208420840
208823690
208871560
209042654
209329664
209401489
209417653
209984288
210081557
210092274
210165745
210511081
210529330
211008422
211049959
211621222
211786802
211977633
212139892
212157041
212181897
212199139
212177652
212297791
212481242
212486705
212568525
212566738
212755754
213026829
213089165
213153095
213245474
213285668
213383973
213451495
213458118
213587560
213632229
214035725
214102587
214412373
214962769
215231755
215258059
215336163
215910689
215919765
216240948
216313769
216468222
216543542
216579096
216791538
216974627
217203941
217194494
217243997
217456951
217563909
217858286
218106801
218205391
218335815
218612051
218794022
219191990
219269208
219298691
219550641
219623653
219777763
219795273
219824895
219867422
220011753
220297967
220553435
220756198
220812845
221359666
221790130
221798495
221952235
221959038
222510030
222789017
222861986
223122159
223151864
223686645
223751950
223796822
223903930
224185592
224223255
224252767
224375160
224660374
224715207
224976427
225259167
225278894
225335133
225684627
225779649
226009268
226088924
226178132
226757946
226980327
226989614
227313708
227459302
227714387
227715247
227771513
228058147
228151969
228328501
228611653
228799263
228837152
228862192
229151658
229189277
229631300
229640011
229690701
229752662
230051545
230101336
230162720
230203852
230255979
230328605
230511834
230963720
231377214
231634977
231715299
231754237
232101292
232199330
232787718
233065565
233088937
233395559
233464316
233538697
234000605
234287194
234421497
234455044
234533934
234783346
235074022
235171272
235430404
235512447
235554449
235647573
235768720
235964526
236272447
236321869
236355451
236490895
236752556
237311956
237687773
237985662
238579331
239130148
239417367
239962519
239954393
240151698
240379177
240490169
240810477
240953011
241044773
241207977
241222637
241415253
241557068
241890179
242134187
242438059
242447224
242489815
242503734
242835915
242845845
243005956
243078222
243387380
243391043
243730414
243851611
244429360
244944232
245269016
245522380
245763951
245855879
245918349
246233966
246231171
246480365
246509514
246830380
246911545
247241252
247247644
247555129
247828608
247866899
247890775
247923342
248203400
248326372
248467138
248800173
248952253
249146691
249187642
249281840
249442266
249592771
249865942
249979519
250134560
250227487
250595305
250618385
250845047
250939635
250976543
251168392
251476490
251810400
251865432
252171322
252253871
252638796
252788243
252898625
253224470
253235921
253685412
253705501
254038144
254243530
254418955
254418792
254494135
254810116
255087966
255187186
255266341
255478251
255539195
255730290
255911263
255980532
256156458
256242442
256809452
257054014
257051349
257636445
257976644
257958500
257962254
258021613
258131514
258367445
258837070
258875567
259068013
259137353
259254974
259513738
259664004
259806299
260164413
260325612
260623986
260665583
260864378
260879231
260881863
260942492
261000490
261599293
261643952
261968451
262019710
262137453
262473267
262572428
262642301
263005653
263117326
263496522
263585040
263933793
264188544
264279727
264669015
265074159
265185820
265189458
265226747
265431621
265498690
265612210
265951780
266341347
266691214
266768551
266966972
267363959
267640714
267667501
267887109
267928157
268063136
268229600
268418169
268533396
268946740
268947025
269076606
269178921
269291533
269347266
269669371
269793155
269920285
270068407
270174224
270413361
270584277
270740609
271101658
271705333
271864688
271999492
272087617
272711950
273008089
273091095
273245327
273425296
273979468
274258143
274622314
274937301
275116216
275349158
275382146
275938051
276279142
276304235
276909286
277028587
277299315
277441658
277883428
277909087
277962320
278420416
278828823
278999653
279345048
279438608
279815700
279927397
279932045
280114160
280210221
280283229
280333975
280687897
281035149
281243040
281628636
282003698
282352932
282917317
283314707
283537997
283726241
283869916
284434583
284624003
285038414
285549760
285559598
285698168
286069519
286218700
286619756
287009170
287022622
287221062
287606085
287818913
288150283
288198410
288426697
288602287
288779297
288912259
289113633
289359685
289434042
289464758
290032080
290088253
290092459
290090972
290202668
290216266
290340316
290588329
290787023
291149368
291329766
291365700
291510192
291518059
291661056
291835726
291977668
292168677
292280666
292318178
292518662
292666392
292722658
292783146
293043682
293240821
293294898
293758222
293774878
293786359
293813652
293874158
294019507
294129550
294403240
294824366
295375052
295414106
295531844
295558160
295878374
296014195
296313659
296422160
296789185
297075185
297302373
297384880
297515318
297554932
297555210
297699582
298016249
298463158
298601744
298654085
298662364
298797127
298946874
299324157
299444049
299869356
300039504
300459390
300548989
300552083
300614262
300842310
301101791
301373533
301386478
301775032
301779005
302034720
302416457
302475847
302485717
302687487
302768372
302974103
302994950
303251466
303397643
303499150
303692136
303808473
303865664
304075153
304287765
304730720
304805655
305231422
305243416
305336089
305504545
305590149
305790004
305978905
305997414
306115067
306532970
307149082
307191413
307639741
307655761
307774329
308359364
308716056
308907319
308929054
309116742
309149653
309560565
309848784
310061302
310326848
310660105
310715364
310859857
311079078
311443573
311540672
311623403
311834117
312019185
312406954
312658686
312760779
312763135
312861108
312985857
313333290
313496002
313561757
313745756
314022081
314260641
314462656
314526423
314770083
315182553
315410847
315652150
316006767
316261782
316382111
316599777
316801050
316926018
316987941
317475631
317716262
317744104
317769012
318238318
318635239
318646363
318905368
318944735
319248243
319586223
320121048
320160711
320632369
320914607
320914477
320945502
320967493
321400640
321597067
321751055
321967307
322323949
322447848
323093666
323389971
323446622
323560673
323714466
323750363
324168748
324421095
324536249
324594117
324875738
325016934
325106765
325150992
325194970
325515988
325676148
325759216
326014567
326090114
326201531
326437798
326459064
326591722
326813621
326830272
326959474
327155471
327168405
327196694
327264382
327305437
327412387
327519508
327756637
327842343
327843994
327949362
327977547
328043938
328073859
328280987
328347040
328956838
329240326
329418232
329429956
329831749
330008875
330081380
330164571
330290992
330324353
330357769
330405224
330451625
330526309
330577016
330907729
331115829
331116391
331374342
331478809
331578811
331581345
331827762
331994178
332179294
332363374
332353796
332418285
332866440
333022515
333032599
333563730
333761971
333767784
333841331
334254965
334484565
334879469
335322835
335736986
335888498
335960953