944158
2711270
5032583
7090447
11195595
13792119
14322736
17518174
20137308
23843806
29265101
31983227
33288885
34643094
36537733
39832846
43420311
44973655
46034659
54041442
58067232
59915896
63495567
64439195
71008108
73010589
79714338
82536911
82938010
92557203
93306407
100371999
103811327
104750178
107194123
111391309
112766653
113770787
122373601
127415113
134107445
136072251
139394782
141277746
141786952
145257760
149564245
154894315
161450367
169245197
171168058
171949012
173613020
177221584
184598288
191325972
196892487
199964532
204686827
206555257
213581648
215149068
220150855
226341280
226654418
230820802
232236296
240018147
244655579
250249235
255674116
263037641
265370031
266008980
270731223
272702591
275634050
277560815
283192113
287021831
289240100
290183851
294281011
303096151
304982794
305896428
309725032
312878832
317341444
321482889
328481829
332587917
340590223
347311360
349689124
356868335
360926678
362357898
369153398
371126476
378390256
379484119
388259159
389208364
393202879
400094404
404607298
409959557
412757266
417575558
425968578
427222878
429232513
430309569
435296688
440116423
441789062
451763862
456592016
460257983
463087606
465269394
467105466
471249071
472327676
474785452
479145381
482660798
487328558
488308587
490738043
498028053
499024340
505011770
506773075
512745297
519156253
524086808
532667866
537136964
538874271
541789376
542661512
543407128
546068736
549700396
554581189
556809499
565832305
569271038
576495318
581831606
582797941
587499372
592446863
598064333
605690996
615304351
621928402
627763554
631990632
632587941
635431849
644705083
645623383
648066835
650322752
652515982
655608136
657246652
658024747
661928907
670306980
674986964
682291014
684936703
686227893
691448866
697729825
704271794
709714654
715441068
719963773
725006606
732327434
737534810
745935470
753805979
757642522
760128087
766397961
771073702
773474511
775178473
776381272
781307602
787222738
789440680
790670568
794977631
796260120
799622900
804441588
805369226
810807638
818620868
822763688
828978363
831340682
831894044
832841638
837279262
837385298
841395291
844041935
845218156
846187664
846834461
847588674
848388564
849766442
852187754
858878704
860327654
866445035
868516649
870779127
871302472
872475752
875305952
876872280
880858821
887587884
890763216
896990969
904801250
910816836
913953470
914995329
916588297
922829304
924779004
925763669
929324816
934369586
937179692
944148900
946203696
950899809
959457909
965752899
973526287
976827819
982034692
982584563
985268693
988904992
989612856
995500785
1003696675
1006821595
1009227250
1014969187
1018882795
1019775745
1021558655
1022187195
1030647725
1031268643
1035431956
1040276740
1044813099
1047514884
1050008058
1051741858
1060920368
1069015058
1073792817
1075592477
1080749536
1081489323
1082325725
1083730331
1089045542
1092479612
1093971802
1095234306
1102404020
1105296827
1106008907
1113242342
1113436862
1115859306
1117572120
1120860060
1127771510
1128803340
1133464665
1134153835
1135377697
1138372948
1144725180
1151683106
1157399320
1160340511
1166264690
1173497530
1181041906
1183841836
1191716363
1193788698
1198363020
1201405140
1205143360
1206875845
1211221244
1212352504
1214034720
1217222620
1224239248
1226342704
1229127699
1230127495
1235663179
1242386849
1246799444
1253332831
1262699291
1270734201
1277678635
1279522247
1281707111
1282699553
1287484203
1292161440
1298158890
1303973243
1304028017
1305754325
1307154177
1307846918
1313823020
1315968647
1324379246
1325929830
1327354800
1328512242
1331913878
1336191898
1342899774
1348332488
1349344652
1356830535
1359876267
1363085612
1363879876
1366263460
1372625450
1375795946
1377045406
1378862364
1386174817
1396130917
1397829727
1399816522
1404090662
1407408672
1410040742
1415382834
1415897724
1416391411
1416956840
1419457970
1425633840
1432294718
1434262880
1439985092
1443899167
1448061315
1451107875
1453785637
1459088419
1466959657
1470685669
1471284403
1477421987
1480197521
1481014976
1484498667
1487426841
1491367933
1493293153
1496243656
1496807528
1499865560
1502613941
1509657631
1510594190
1518226154
1524039990
1531666453
1535761133
1537486703
1540244807
1544308607
1547121371
1550819783
1555452779
1560413394
1564408304
1565246466
1566700926
1567645741
1567676101
1573007997
1576929278
1577905706
1581599099
1582627261
1588606201
1589074416
1592192032
1593553792
1594200388
1598370036
1602227357
1607538707
1613100299
1616300320
1617179159
1619602436
1626637456
1629449002
1633061114
1636727466
1644759976
1653457936
1658215121
1666096718
1674583528
1678415665
1679296072
1683245437
1685119213
1693862788
1697659680
1698578174
1706372874
1715398664
1717197644
1725698544
1734120514
1739793254
1741364480
1749236216
1757549866
1759375444
1762862654
1769953312
1772250637
1775438477
1776407561
1784376395
1785820847
1789067142
1792062771
1794395363
1799770337
1802482742
1806153322
1812112042
1817012728
1818923882
1819852197
1827775917
1828193114
1830997916
1835499806
1838823995
1841863795
1842381395
1847046046
1850841311
1856782469
1862338379
1863172322
1864747320
1871319741
1875642626
1876539503
1882453082
1884794699
1886469458
1891610498
1898066204
1899555936
1902408411
1904196087
1911733530
1913542563
1915912260
1919382180
1922593122
1925944407
1930600783
1934176491
1935083997
1940975910
1946767425
1953907479
1955534103
1962100418
1964365700
1968353704
1971739234
1972588322
1973893256
1975378294
1985046764
1989765050
1994306286
1995381858
1996365745
2001151830
2006820399
2011483719
2014986033
2018534961
2020051419
2020983847
2024953537
2032505879
2032897175
2035896662
2038168590
2042881505
2047215310
2052349033
2056826269
2063768274
2064436653
2067949605
2071923605
2073588281
2075417951
2078334149
2087025389
2095023469
2095772042
2098006630
2101152402
2102569480
2104709194
2106883542
2107554996
2114597676
2115456762
2115889832
2117803827
2125619091
2130868273
2131836603
2132924611
2134490327
2134736651
2137642106
2139442370
2140851058
2141578766
2143053372
2143725594
2148032034
2149006791
2155788181
2156777957
2157492401
2158485775
2163236329
2172215919
2174032709
2179527947
2184080656
2186902663
2194473413
2199475823
2207450119
2215577200
2221406860
2223704792
2227884597
2233788507
2234572241
2240224589
2246727498
2248555894
2255444167
2261669827
2266343592
2269724312
2270843087
2274314747
2277760994
2279563270
2283396190
2285553890
2291051319
2293117669
2294370573
2301867633
2303949739
2309930749
2313321474
2315283015
2321768865
2323708001
2324734446
2325164546
2329005086
2335365960
2337275546
2344681146
2351403646
2354254090
2360243164
2368006366
2371735482
2373533703
2378899317
2383614293
2384162314
2389068398
2395509918
2396502424
2401991524
2405395349
2410178064
2416640201
2425363127
2427443511
2431787716
2438756964
2444706588
2447127771
2455954071
2464391220
2468219724
2471063049
2480301459
2482250415
2483776389
2487056839
2489634583
2496217467
2498137851
2502592376
2510482040
2513689378
2518555755
2520123971
2521343543
2524053975
2525250055
2526713404
2529575768
2530575475
2536045873
2536666342
2541382254
2549552877
2549958071
2550886197
2557730118
2565932736
2570730840
2575992280
2576859344
2578913288
2582703780
2586105879
2592767631
2594497781
2601127568
2606072238
2611622706
2612372583
2615320392
2619902811
2622238417
2622795263
2624703973
2625671974
2628667954
2636447922
2643355543
2646238384
2647064134
2650945938
2656740514
2659535371
2660022038
2668399638
2677573408
2682559828
2687100483
2688316905
2691274251
2694262431
2700752927
2702121032
2709016247
2714048996
2715009269
2718973310
2724460750
2725280006
2727472230
2729207533
2732419604
2733271174
2737161434
2739761430
2741835606
2742685406
2748699859
2752967859
2754921255
2762704167
2763365502
2765214550
2766066251
2767932571
2774563741
2776303105
2778147817
2785241149
2787083692
2793508543
2794084781
2798698136
2799967478
2804837578
2806880848
2813639713
2816898445
2818112729
2821067026
2823053980
2832619560
2838283962
2840607234
2847166425
2849873575
2851668643
2855659503
2860644383
2863130525
2863860940
2866908047
2868136489
2872654551
2873180547
2878787531
2884378045
2893239481
2895851869
2896919637
2900639696
2904249762
2909952552
2913934994
2914360206
2918135429
2925592725
2928890335
2931574669
2934417274
2937076554
2937626494
2939062401
2941067607
2947721219
2949630961
2956652921
2963951111
2968266331
2971348102
2974766704
2975881344
2980070814
2988521534
2992121777
2994012923
2994475997
2994977576
2996456248
2997412039
3006320320
3012206858
3021347838
3027547268
3031340407
3033198959
3036152319
3037713549
3044050861
3044959709
3047777069
3051817511
3054610463
3059669095
3063951934
3064886932
3072991012
3075381928
3079290478
3085926483
3090650491
3091585135
3095416275
3097956957
3107950827
3111711507
3113562043
3117486799
3119747183
3121657469
3122827509
3123475405
3130798633
3131593921
3132692705
3135694259
3140997197
3148123781
3150169718
3155115713
3160767457
3164228192
3168075900
3171707620
3176873151
3178826085
3179527894
3188123354
3193435784
3199167592
3199979344
3200903184
3207764888
3212648213
3218937984
3219436199
3223102284
3224726490
3230611068
3231345286
3237727228
3239079204
3243328840
3249932980
3254261812
3255061201
3260353213
3264613008
3266532552
3267528832
3268905638
3275610161
3282332417
3282855314
3285632222
3290340185
3293609953
3298751353
3304214359
3311817223
3312562059
3314286123
3318004509
3319820733
3320657997
3323613114
3327245490
3328230435
3335563931
3337304495
3344344412
3352076876
3356777474
3357395246
3358990602
3359360952
3362282388
3369324844
3374560610
3379792914
3381709551
3382229373
3383148106
3389920471
3391704671
3401536591
3404683579
3405396253
3410228373
3411762828
3418442187
3422319591
3427265516
3429781310
3434536397
3437449979
3440639539
3449406772
3450492765
3458884968
3465434813
3467047063
3472192807
3475121938
3482422225
3491214325
3494659421
3495228576
3499399232
3507407072
3513268316
3514212252
3516121838
3518310149
3519757649
3527187374
3533730094
3535408719
3537934703
3538869049
3540462645
3542716743
3548152203
3551130354
3555437384
3558213188
3560699414
3566664380
3575455301
3581810405
3586740827
3587322638
3588167672
3597062003
3601849973
3602698064
3606520004
3610982519
3613482614
3623469404
3631252604
3631915905
3640721795
3641417839
3643877407
3653800517
3655884377
3656690482
3665500582
3668838054
3671039520
3675648025
3680900297
3684905597
3689593775
3693556523
3694210959
3699202889
3705353936
3711198614
3721104594
3723018509
3732783119
3737456989
3739353985
3741353981
3747677326
3752301066
3753140843
3755104329
3756089144
3765628264
3766414343
3768355755
3770722784
3776335139
3779254058
3785484744
3787172259
3787956342
3793128726
3798365036
3805671866
3810617616
3816321776
3821894880
3827509824
3833392988
3837956156
3846333509
3847215401
3851256445
3854057635
3854667370
3855564281
3864928561
3869148351
3877977900
3883325700
3887023562
3888981184
3893949340
3897870900
3906567123
3909616963
3910233534
3913111011
3920236421
3926940363
3933810338
3936762587
3938667651
3946366699
3954146971
3956852233
3958567245
3961557072
3966406530
3974821260
3977349956
3978274169
3979247946
3981242064
3982223262
3986963193
3987949749
3996579894
3997989594
4005455834
4005968236
4009387516
4016377429
4023140469
4025422101
4035051191
4040115011
4041778147
4044657907
4048375615
4056187550
4062457688
4064598564
4065519662
4069539652
4074487147
4077193921
4078117887
4080815280
4082695074
4087830994
4096548817
4097305955
4100173538
4102173010
4105613130
4106707084
4114170269
4122523809
4131771409
4139381249
4142643801
4143592014
4145633910
4147827168
4153770294
4156855662
4161140214
4162380306
4163125561
4170253729
4174588793
4174902333
4177454847
4185261079
4194125827
4200620420
4206866861
4211365331
4216632173
4226033853
4235865423
4241363352
4247845672
4249778538
4255759290
4258585101
4266832713
4269153375
4270740362
4276576542
4277346004
4281673402
4285113034
4285632277
4291595108
4297569917
4306233814
4313258646
4315007275
4315714913
4320705848
4323050328
4327825566
4328626555
4335749919
4341403023
4347562108
4349010977
4350759467
4355161574
4357892624
4359568748
4361522234
4363725196
4372272055
4379648051
4384404741
4386262009
4395143605
4397986738
4402263308
4406817698
4412812514
4413496238
4423473848
4428048377
4430563282
4435773631
4437398035
4438109591
4441402501
4446790381
4453809871
4454459627
4455434340
4461594480
4463624863
4466809539
4467759315
4469386013
4473261113
4482127743
4485137677
4488617738
4493419443
4494346056
4499987937
4504701147
4509118852
4515215796
4519025661
4525090661
4528314501
4530136857
4536339508
4540229476
4540486420
4540996388
4543048916
4546913497
4548700169
4551282857
4560784587
4564878267
4568538579
4575246245
4576608793
4584459817
4589729209
4595807498
4603305288
4606998083
4610812523
4612175667
4615030956
4616104078
4619898042
4628310144
4634480133
4644306173
4653310233
4659419783
4667629323
4672540963
4676220183
4679937499
4683549487
4684903246
4690376299
4694530484
4696589925
4706446235
4709138360
4713045776
4719557169
4723232439
4730793044
4734059228
4740189583
4742050718
4745421023
4753232943
4757483363
4760494340
4761149112
4767007404
4767545307
4767869335
4771925605
4776093285
4781211535
4786607365
4794475133
4801005805
4807124722
4815031650
4824238421
4832821299
4838352687
4844222194
4845923608
4848447901
4851343939
4853325664
4857113744
4861748629
4862476604
4869845147
4872406439
4874753575
4876412940
4879259500
4886285180
4890501932
4896994124
4905119036
4910575430
4912340472
4920083976
4922272456
4930538126
4932791100
4933494197
4934502905
4938760830
4939589186
4941074738
4943675405
4946365115
4950672791
4951540371
4955866441
4957619269
4964883184
4967330397
4968226869
4975993824
4976982852
4978750830
4980740114
4987414271
4991251003
4995241453
5000281999
5004272619
5009641934
5013546470
5019629449
5023857389
5025272558
5028914842
5030407890
5032737183
5038705579
5043743399
5050797807
5052302351
5053484880
5061070360
5068723744
5071379408
5073613046
5074408221
5075321989
5081063429
5083728701
5087221823
5089781867
5093818347
5097605452
5104004763
5105932533
5108740958
5114299250
5115097771
5123503672
5125046874
5130241483
5136196993
5144174566
5145103018
5147817685
5148584641
5156460911
5157381628
5165280516
5167020630
5172633402
5176515442
5180815762
5181631955
5183240999
5187595559
5188593033
5189413497
5194882296
5195773314
5201175162
5208697686
5211545766
5212517889
5221923179
5228477323
5233079913
5242478043
5251797003
5260701518
5262454766
5266962080
5270769724
5276817696
5280956026
5285105226
5289490931
5291326957
5293319958
5299147175
5301688004
5307469452
5309397054
5309873906
5314670992
5315070814
5317533793
5324528655
5330152159
5339540901
5344282506
5344660982
5344817540
5345362732
5349397432
5357041748
5359130168
5360794753
5361420910
5365474005
5372276525
5378080249
5380293928
5388049920
5392864016
5397216812
5401772378
5407330490
5407831906
5413622502
5415604314
5423242370
5432121248
5437836788
5443667342
5446312115
5452040339
5456123147
5459647304
5468287267
5471262115
5474806935
5483801372
5485411248
5491476461
5493549821
5497524361
5501421665
5506863209
5510668889
5512415594
5516806868
5520783736
5523405388
5526569680
5530938770
5536005068
5538385200
5539344944
5542206004
5549897156
5553695991
5554076495
5556802065
5562541569
5563281587
5567147183
5569369583
5573312119
5577167851
5578045663
5582263051
5589445083
5591313049
5600130052
5604996487
5608129859
5615218835
5616155684
5619887164
5620607472
5628535712
5629551062
5634177052
5639158112
5643840962
5646215834
5653164202
5654690454
5661618240
5668120729
5670056663
5670877137
5673774075
5674767277
5680137442
5684713727
5690626135
5697549525
5703826989
5708574904
5714725055
5718426144
5727549334
5730811462
5732344612
5738222410
5745085448
5750879402
5754402302
5758775195
5767332863
5774215921
5781887385
5784569172
5790201972
5790837323
5794465297
5797761023
5801588395
5805546859
5807084251
5813829185
5814199674
5814308319
5819421062
5825997030
5826525786
5832108122
5835909954
5845273674
5850205600
5852588350
5854144520
5856478919
5861435528
5867332337
5868321999
5871466859
5877581923
5878636846
5880965536
5889899512
5897829144
5902380924
5906325564
5910184809
5915573339
5916659823
5924378754
5927853669
5933343319
5942849899
5943388262
5947564182
5948290413
5956122501
5957899845
5962730580
5967137052
5973997374
5976930270
5977896534
5983657200
5989583010
5995131826
5999974446
6001729022
6005814908
6012894444
6020453716
6022872524
6027557769
6032129259
6036715854
6041889148
6045526056
6047430941
6048838729
6054901051
6056636251
6060242046
6060391432
6068223224
6072163448
6077744645
6079486607
6082476171
6088275622
6095704015
6098871725
6107054750
6112121813
6113949773
6115845629
6118406609
6122094524
6126939168
6129692610
6136242418
6141766168
6147598444
6154999027
6164961437
6166371928
6172578032
6173346503
6176395535
6181058255
6190692755
6194605030
6195590963
6201364661
6203244521
6210071113
6214871048
6218166728
6222776174
6232665404
6239098691
6239778046
6245628358
6247536000
6254037691
6259226291
6263248551
6265577889
6270350524
6275745676
6284449297
6291879397
6294545659
6297042259
6297461345
6301975019
6307278715
6312068963
6321388603
6328598413
6329142113
6333978688
6342939466
6346731738
6348722326
6351394158
6358320261
6366935835
6368557938
6374306254
6381221404
6382996220
6388073070
6395152120
6398338564
6403938418
6412036168
6421490758
6424388398
6429855820
6436069932
6436976612
6444660137
6446386915
6452832675
6453521523
6462223029
6464675034
6469505778
6472376308
6473857588
6482599278
6487974508
6494671177
6495840754
6502696918
6506150208
6511530192
6513120716
6518121032
6524899120
6526324927
6529747735
6533569303
6536905082
6543893903
6547630499
6548659689
6550379061
6553376697
6558351797
6564085349
6564882916
6572591988
6576222388
6579191071
6585951790
6592046406
6601530596
6602360990
6603798756
6604958380
6608043524
6615411172
6621648893
6628637238
6629151313
6638263670
6640023578
6643029126
6646070741
6650531381
6656544083
6665305610
6668653498
6675560128
6681137688
6687847720
6688995316
6691689595
6694546237
6697540339
6698416495
6704337291
6705642767
6709734207
6712324803
6719992059
6728042550
6734697548
6742322484
6743251447
6749513559
6755011299
6757003865
6758022963
6763206888
6771017655
6774563250
6780269790
6784387654
6787392430
6790113582
6795996399
6798486978
6802105743
6803946547
6806038183
6809865015
6815633575
6822538967
6826304819
6835245158
6840891818
6843485669
6848102081
6858068761
6864263398
6871998468
6876147091
6876985120
6886100550
6888903150
6889844336
6891761942
6897635903
6900124130
6902477576
6909963566
6916532656
6917298091
6918086920
6923055445
6923780934
6926206396
6935812466
6942698987
6949893947
6956176685
6960176577
6963591469
6971132837
6975707834
6975888888
6982553199
6984337374
6988435824
6989159758
6994976135
7002927111
7009099106
7014460838
7015998268
7023765641
7030401928
7031691013
7032808413
7035606342
7041164192
7043061056
7047884424
7053815305
7058209150
7064581114
7068157705
7068958660
7072744296
7076816376
7080232366
7082791302
7084397778
7092590055
7093909613
7100789411
7101520160
7106987518
7111115088
7115756958
7118409951
7127169711
7131942783
7141696624
7144949360
7147188585
7148240305
7151493493
7157510389
7162292536
7168460852
7176591992
7176984026
7178642331
7186250139
7190232882
7194760592
7201454443
7201878583
7206563688
7210280312
7215637642
7217035645
7221724681
7228101100
7229612623
7232475595
7239894561
7245955269
7248860629
7251510709
7252050386
7252737692
7257697239
7262642134
7271182522
7274058379
7281642769
7289708749
7293494437
7294954200
7295968247
7296415109
7300024301
7301948809
7302883608
7307851593
7308892357
7316526537
7320246327
7325452041
7330258212
7332786941
7341136541
7345013211
7353136314
7357108326
7359332118
7359552026
7360790036
7364741108
7367284592
7372154277
7376753988
7379915560
7383693316
7384776594
7386152598
7389979318
7392568672
7398566626
7398641181
7405130757
7412583450
7413498853
7413994294
7415799580
7423142716
7427105998
7428022975
7430806237
7432319431
7437156851
7441460011
7445470987
7446789581
7448093540
7457678410
7460495539
7463721847
7464594151
7472122930
7474317178
7481176548
7486649550
7490345184
7492740387
7501554317
7505854004
7508795992
7511782795
7512535643
7518512957
7520070657
7522829259
7532778339
7532943873
7539125873
7540796153
7541793037
7547863357
7552830221
7554971917
7556065599
7563872955
7570508948
7573700618
7576609254
7578888882
7588099562
7590009064
7595426458
7598446194
7599483624
7607085087
7610567951
7611493948
7616575196
7618749653
7620089460
7623057180
7631799780
7634473568
7642537991
7643801197
7647382677
7652603333
7653118711
7654286506
7656532708
7660876253
7667297272
7669316278
7671566306
7673041175
7679275053
7685614797
7686706412
7691514392
7692495292
7694626789
7696431011
7700733708
7707023928
7709256351
7712396397
7718342373
7720060023
7721270012
7725159604
7730064914
7732982906
7734687442
7736883699
7741421171
7745003271
7751485503
7755258247
7756354789
7757188492
7762150642
7769022178
7775920804
7776877295
7780708604
7781521585
7789274392
7795338982
7796043824
7797726473
7803194249
7806247219
7812152503
7814314137
7815088450
7815553171
7823209759
7824206720
7829037284
7830783569
7831531077
7840524795
7843393015
7845621075
7847266411
7849484966
7857598997
7867555477
7869491666
7870224355
7878049251
7881816086
7884765465
7888832095
7889742624
7890384101
7895365916
7896060532
7899930004
7903757760
7907775690
7909216734
7911093670
7912965226
7913957639
7923343879
7928503889
7928969923
7931214783
7933896911
7934273735
7940726303
7942668551
7946897847
7954996443
7955830564
7961455924
7963662766
7967136636
7972165286