10
128 1
1
1
1
1
1
1
1
1
1
1
1
1
1
1
1
1
1
1
1
1
1
1
1
1
1
1
1
1
1
1
1
1
1
1
1
1
1
1
1
1
1
1
1
1
1
1
1
1
1
1
1
1
1
1
1
1
1
1
1
1
1
1
1
1
1
1
1
1
1
1
1
1
1
1
1
1
1
1
1
1
1
1
1
1
1
1
1
1
1
1
1
1
1
1
1
1
1
1
1
1
1
1
1
1
1
1
1
1
1
1
1
1
1
1
1
1
1
1
1
1
1
1
1
1
1
1
1
1
235 4
0001
1010
1101
0111
0010
0001
0100
1100
0100
0100
0100
1000
0101
1011
1000
0001
1101
0111
0111
1101
1111
0100
1101
1010
1110
1011
1010
0100
1110
1011
1101
1001
0101
1111
0101
1111
0010
1010
1000
1000
1010
1001
1100
1000
1100
0011
0110
0110
0010
0101
0010
1111
0100
1010
0100
1011
1011
0011
0101
1001
1011
0101
1110
0010
0111
1101
0001
0010
1110
1010
0011
1000
0001
1101
0100
1111
1001
1001
1010
0101
0001
1001
0100
0101
1000
1000
0011
1000
0011
1011
0111
1100
1111
0101
1100
0110
0111
1110
0111
1000
1010
0001
1010
1110
0110
1000
1100
0100
1000
0110
0100
0011
1110
1010
1000
0111
0110
0110
1000
1001
0011
0011
1000
0001
1010
1011
0101
1001
1100
1100
1000
0011
0111
1101
1001
0111
0111
0110
0001
0011
1111
1001
1000
1101
1100
1011
1010
1011
1000
1000
0110
1001
0001
0100
1000
0101
0100
1000
1001
1101
1000
1000
1010
1001
0111
0010
0101
1011
1000
0001
1100
0011
0110
0100
1001
1011
0110
1010
1101
1001
0011
0110
1001
1101
1000
0101
0110
1000
0011
0110
1000
1110
1111
1000
1111
1100
1011
0110
0011
1110
1001
0110
0001
0100
1001
1010
1000
1000
0100
0111
1010
1001
0011
1110
0111
1011
1000
0010
0110
0101
1101
0111
1110
1111
0011
1101
1000
1100
1001
1101
1111
1000
0101
1001
1100
74 1
1
1
1
1
1
1
1
1
1
1
1
1
1
1
1
1
1
1
1
1
1
1
1
1
1
1
1
1
1
1
1
1
1
1
1
1
1
1
1
1
1
1
1
1
1
1
1
1
1
1
1
1
1
1
1
1
1
1
1
1
1
1
1
1
1
1
1
1
1
1
1
1
1
1
405 4
0101
0010
1000
1111
1111
0100
1011
0110
1000
1111
0111
1100
0101
1000
0110
1011
1001
0010
0011
0101
0101
0101
0110
1000
1100
0100
1101
0010
0111
1011
0011
1100
1100
0001
0011
0001
0111
1100
0011
1001
1111
0110
1100
1011
0011
1010
0001
1110
0100
1001
1111
1001
1101
1100
1011
1010
1011
1001
0011
0001
1000
0110
0100
0100
1111
1110
1001
1000
0010
0001
1010
1011
0011
0010
1101
1010
0110
0101
1111
0101
1000
1001
0100
1001
0111
1101
1000
1111
1001
0100
1010
1101
1001
1000
1100
0001
1100
1111
1000
0100
1000
1001
0001
0101
1000
1010
0100
1111
1010
0011
1011
1110
1100
1011
0101
1000
0011
0101
0001
1011
1111
0001
1110
0010
0100
0100
0011
1010
1010
0011
0101
1100
0011
1110
0100
0101
1000
1000
1001
0010
0111
1110
0111
0101
0110
1111
0110
1010
1000
0100
0001
1110
0101
1110
0011
1110
0100
1100
1011
0001
0010
0011
1100
1010
1000
1111
0100
1010
1011
1001
0110
1111
1101
1110
0011
0001
1101
1010
0110
0010
0001
1111
1100
1001
1111
1011
1101
1101
1010
0100
1100
1011
1100
1011
1000
1011
1111
1000
0100
1011
0111
1101
0010
0110
0110
0011
0111
1011
1111
1110
0100
0010
1010
0100
1110
1110
0101
1000
0110
0101
1010
1110
1110
1100
0111
1010
0001
1111
1101
1000
0110
1100
1000
1100
1000
1011
1100
0001
0010
0011
0110
1001
0010
1111
1110
1110
0001
1000
1010
1011
1000
0110
0100
1010
1001
0110
1000
0111
1101
0111
1000
1111
0011
1100
1101
1010
1000
0010
0101
1010
1111
1001
0100
1100
0101
1001
0001
1100
0110
1111
0001
0001
0001
1010
0100
1000
0001
1011
0001
0110
1001
1101
0101
0111
0100
0010
1110
0001
1010
0111
1101
1000
1010
1101
1110
1111
0001
0101
0110
0110
0011
1001
0110
0101
0101
1101
1010
1000
1110
0111
0110
0010
0111
0100
1000
1000
0011
1000
1110
1111
1000
0010
0100
1101
0111
0010
1100
1111
0011
0001
0101
0101
0001
1100
0101
1011
1100
0001
1000
1000
0111
0010
0111
0010
0100
1000
1000
0001
1001
1110
1101
0110
0010
0111
1110
1101
1010
0101
1001
1100
0011
0100
0101
0110
1110
1000
0110
0111
1000
0010
0110
1101
1000
0001
0011
1100
1010
1000
0101
0110
0101
1010
0001
0010
0110
0110
0101
0100
0110
0110
1101
1000
1000
0010
1110
429 4
1110
0011
0101
0010
1111
0100
1001
1011
1000
0001
1010
1110
1110
0101
1011
0111
1010
1101
0101
1010
1110
1000
1111
1101
1000
1000
1000
0001
1101
0111
1010
1111
1101
0110
1000
1011
1110
1100
0110
0011
1101
1111
0001
0101
0001
1011
1111
0100
0101
0001
0010
1000
0101
0010
1000
1010
0111
1011
0001
1010
1010
1011
1011
0011
1101
1111
0110
0001
0100
0011
0110
0001
0011
1111
1111
0001
1101
1100
1111
1110
0111
1110
1110
0110
1010
1001
1111
1010
1110
1010
0010
1100
0101
1001
1110
0001
1110
0111
1101
0001
0011
1010
1001
1010
1100
0011
0111
0110
0111
1110
1110
0011
1100
1010
1101
0111
0011
0010
1000
1100
1001
1010
1011
1010
0110
0101
0100
1000
1011
1111
0011
0001
1101
1101
1100
0001
0010
0010
0011
0010
1111
1001
0100
1011
1111
0001
0100
1011
0101
1001
1111
0100
1110
1010
1000
1100
1001
1011
0101
1001
1000
1011
1001
0101
1000
1101
0011
1010
0111
1100
0010
1001
0100
1111
0001
0010
1010
0001
0111
1110
0001
1011
1000
1011
1001
1000
1110
0111
1011
0111
0100
0100
1000
1011
1111
0011
1100
1011
0011
1000
1011
1100
0100
1000
1000
1010
0001
1000
1010
0010
0101
1000
0101
0110
1111
0011
1000
1101
1000
1000
0001
0110
0001
0111
0011
1111
1110
0110
1001
0011
1100
0011
1110
1000
1111
0011
0111
0010
0001
1111
0111
0010
0111
0011
1100
0010
1000
1100
0111
1000
0100
0011
0011
1111
1011
0110
1110
0111
1110
0001
0111
1100
1100
1000
0100
0001
0101
1111
0011
1110
1011
1100
0010
1001
1011
1101
1011
1111
1111
0101
0110
1101
0110
0101
0100
1100
1011
0101
0011
0111
0111
0110
0011
0011
0011
1001
1111
1011
1110
1000
1000
0100
1100
1101
1111
1101
1100
1100
1010
1000
1000
1000
0001
0011
1110
1101
0111
0001
1001
1000
1111
0111
1000
0101
1111
0100
0011
0001
0100
1010
1000
0100
0100
1111
1110
1101
1101
1010
0001
0011
1101
1111
1110
1000
1010
1110
1100
0101
1000
0010
1110
1101
0100
0011
0011
0100
0010
0100
1100
1100
0101
0111
1001
1111
0010
0101
1111
1000
0010
1110
0010
1000
0110
1001
1000
0111
0101
0111
0100
1101
1010
1011
0101
1000
1101
1011
1101
0110
1000
0010
1100
1001
1101
0110
1101
1111
0110
1000
0100
0010
0001
0101
1010
1110
1000
0110
1110
1110
1100
1110
0101
1001
0010
1000
0100
0011
0110
0111
0110
0110
1011
1010
0011
0100
1100
1000
1100
1101
0101
491 3
100
011
110
110
100
101
100
001
110
100
100
010
100
001
101
101
100
100
100
100
100
110
011
011
101
010
111
100
100
110
100
101
010
011
001
011
101
001
101
010
010
101
010
100
010
011
100
011
101
100
101
101
101
101
111
010
011
010
110
001
111
101
111
100
100
001
100
100
011
111
100
100
100
100
110
011
001
101
110
101
010
001
011
011
100
001
100
011
100
111
001
010
111
110
011
010
001
100
111
011
010
110
101
001
001
110
010
010
100
100
100
001
100
100
010
100
001
011
110
010
100
111
010
110
100
010
100
001
001
010
011
001
001
101
010
100
100
010
110
111
101
110
011
010
011
101
010
100
110
110
101
101
010
011
101
110
010
001
100
110
110
011
110
100
101
011
001
101
111
111
111
011
100
011
100
110
010
011
001
110
111
001
101
010
001
001
011
100
100
100
011
010
101
001
100
001
110
010
010
111
101
010
111
100
111
011
111
010
001
111
001
100
100
001
111
001
011
101
001
011
111
101
010
001
001
110
100
100
001
011
001
100
001
011
110
111
110
111
100
001
111
100
100
111
110
111
110
001
010
011
011
001
101
100
100
111
111
111
001
100
011
010
110
111
001
001
011
010
101
111
011
101
011
001
100
110
110
100
010
110
100
100
111
100
101
010
001
110
001
100
001
111
010
111
100
010
010
001
001
101
010
100
100
100
010
101
001
111
011
101
111
001
110
110
101
010
110
110
011
100
010
100
100
101
100
111
100
100
111
110
100
100
111
110
101
011
100
011
001
010
101
011
001
001
010
100
010
101
100
100
110
111
101
011
100
100
010
101
111
111
010
111
100
001
110
010
010
011
101
110
100
100
100
110
001
110
100
100
111
101
011
110
011
011
100
001
110
101
001
010
001
111
101
011
010
111
100
011
111
010
001
001
101
110
101
011
001
100
011
111
100
111
010
001
011
101
101
101
111
100
010
001
111
100
011
001
110
100
100
100
110
011
110
100
111
100
111
111
101
101
001
100
001
001
010
101
110
101
101
010
110
100
111
010
111
110
011
001
100
011
011
010
110
100
100
100
010
111
011
111
100
011
101
110
110
010
100
011
010
101
101
110
110
010
100
001
001
110
110
010
010
58 6
011111
111011
101011
001011
100100
000100
111000
011111
101111
011101
101110
100110
001110
011000
110011
001101
011001
011100
010111
100011
001010
110000
110000
101101
010101
101110
111001
000111
010110
000010
110111
110101
111101
100110
111000
010000
001111
111101
110011
000111
110011
101100
111110
101001
010010
000100
110110
011001
101111
110010
010100
011001
100000
011110
010110
100110
011101
110001
134 5
01011
10011
10000
01011
10100
01001
00101
01101
00110
01101
11010
01011
00011
11011
00100
11101
11110
10001
00011
01011
11000
11110
10010
10010
10111
01111
11010
01001
00111
01000
01111
10111
10101
10001
10000
00011
10110
01111
01100
10111
00010
01011
10101
11111
10001
00101
11101
10000
01001
01001
11011
01101
11110
01000
00100
01101
01100
00110
11110
00010
01010
00011
10111
11110
10010
10010
01001
11101
00011
10111
10000
00110
10110
10111
10110
11101
00110
11110
11101
00010
00110
10100
01100
00001
01010
11110
10001
10010
01110
11011
10101
10001
11001
00110
10000
00011
00101
10001
01010
11101
11000
10100
10010
11100
00010
00111
01010
10000
01101
11110
11011
11111
10000
11101
10010
10110
10100
10011
10011
11000
01100
00001
00011
00101
10000
01110
11011
00110
11111
00001
01001
00110
01110
11111
109 2
01
01
10
10
01
10
11
10
10
10
01
11
01
01
10
01
10
01
01
11
11
11
10
10
10
01
01
01
10
01
10
11
01
10
11
10
10
11
11
10
10
10
10
11
10
10
11
10
01
01
10
11
10
10
10
11
10
01
10
11
11
10
10
11
11
10
01
11
01
01
10
11
10
10
01
11
10
10
11
10
10
01
01
10
10
10
10
10
10
10
01
11
01
11
10
01
11
11
10
01
10
01
10
01
11
11
01
01
11
276 4
1000
1111
1011
0111
0011
1000
0101
0010
1011
0110
0110
0110
0100
0110
1101
1000
1010
0110
1010
1110
1111
0011
1000
1010
1001
1101
0110
0111
1011
1110
0101
0010
1010
1101
1001
1100
0010
0100
0001
1010
1111
1000
1000
0100
0001
1000
1110
0111
1010
0110
1110
1001
1111
1000
1110
1110
1011
0011
0001
0010
1110
0010
1000
0001
1000
0111
1101
1100
0010
1101
0001
1100
1010
0010
1011
0101
0010
0100
0100
1000
0010
0001
0010
0010
0001
1001
0001
0010
0111
0101
0111
1101
0010
0011
1001
1101
1011
0101
1010
0111
0010
1101
0101
1100
1100
0111
1101
0101
0011
0111
1111
0111
0001
1001
0010
1101
0001
0010
0010
0100
0011
1000
0011
1100
0111
1001
0110
1010
1100
1111
1110
1011
0010
1100
1011
1010
0101
0001
1100
1000
1000
0100
0100
1101
1101
0111
1110
0111
1110
0110
1111
1011
1110
1011
1001
0001
0101
1010
1110
1110
1111
0101
0101
0100
0011
1010
0111
1000
1001
0110
1001
0110
1111
1111
0101
0001
1010
1111
1111
0001
1110
1000
1011
1001
1001
0100
1000
1000
0010
0100
1001
1100
1000
1111
1101
0011
0001
1000
1100
1110
1000
0101
0100
0011
1100
0110
1101
1001
0110
1000
1010
0111
1000
0110
0110
1000
1100
0010
0001
1110
1000
0101
1000
0100
1011
1101
0110
1000
0111
0110
0001
0010
0110
1000
1010
0111
1101
1101
1100
1000
0101
1000
1111
0010
1000
1101
0100
1000
1010
1111
1000
1110
1001
1001
1111
0111
1001
0111
1010
1100
0001
0111
1110
1100
0100
1110
0011
0010
0110
0001
0100
1001
1101
1111
0010
1011
