5
5 5
11904 29087 2336 28910 31681
27908 6833 10552 9005 16420
5736 25360 18921 15707 32701
25696 27981 16247 3546 28922
17905 20599 18255 18299 24843
3 4
25973 25592 19580
30587 22221 11800
17892 27941 5217
19679 18753 4408
2 5
32206 21390
31538 31950
29907 8930
28749 29559
4391 17983
4 5
2035 27320 4522 12094
24248 14682 10543 27058
2708 2399 3739 18494
5313 676 16295 12744
26718 17502 32008 18749
5 4
7575 1064 21806 22688 7343
3971 15218 9746 26582 30412
403 23797 12192 16732 1628
17013 16337 31221 8018 13456
