10
579
884 291
296 193
720 637
286 334
875 171
38 335
66 748
478 465
375 991
526 476
169 55
125 853
565 587
747 314
51 550
892 286
840 539
830 911
528 116
244 402
638 634
736 703
381 565
167 107
908 44
582 76
450 706
281 14
644 27
679 694
928 570
331 119
109 161
30 636
276 625
389 913
258 124
615 990
41 133
96 948
176 29
23 626
86 655
991 729
33 670
774 960
591 105
79 51
617 460
38 892
84 426
156 694
902 122
683 942
254 131
241 781
159 615
758 597
270 749
677 302
770 451
262 712
907 692
763 523
151 152
766 234
578 921
279 831
42 962
124 647
444 364
427 954
978 537
550 247
637 227
901 406
29 514
117 935
205 231
809 707
383 574
940 312
846 571
494 239
532 617
885 327
332 663
280 309
199 830
908 835
408 160
592 436
673 61
722 229
291 530
935 25
455 226
336 652
796 181
890 679
797 126
5 128
140 285
789 339
466 48
525 873
207 117
308 879
529 29
107 171
910 41
196 364
266 883
367 414
64 256
92 212
733 97
340 872
733 480
562 198
527 87
422 733
555 81
963 83
109 69
605 370
461 800
85 78
35 451
491 450
58 935
661 790
31 352
661 115
831 223
664 357
661 85
441 215
165 403
649 625
823 253
994 635
405 430
713 439
880 555
888 937
489 900
726 871
252 738
337 82
960 1000
791 972
84 231
186 248
986 186
224 160
791 217
795 547
646 859
337 877
765 576
813 606
475 890
476 726
628 165
160 939
164 302
911 248
884 448
847 869
986 71
29 776
639 175
674 637
33 10
513 797
585 678
402 411
567 230
137 546
394 648
485 557
949 747
156 832
194 3
53 531
425 433
306 63
607 331
51 639
340 916
787 276
593 189
687 511
770 175
409 163
822 245
71 122
991 227
305 536
229 357
67 5
141 724
67 747
55 470
385 746
385 524
22 977
712 708
839 481
234 247
995 55
491 65
528 833
291 832
369 871
541 787
875 681
510 294
428 564
763 164
662 147
687 683
475 750
742 313
582 975
912 576
381 754
641 908
587 283
91 307
154 631
93 28
664 602
673 91
518 435
606 179
933 645
213 407
746 954
72 328
928 335
903 660
88 895
567 674
178 657
980 683
640 72
62 303
26 735
745 543
521 702
721 454
346 933
212 444
238 283
771 517
617 25
176 705
272 742
730 801
750 62
483 741
133 544
43 158
630 139
52 151
841 124
604 538
56 167
981 645
450 103
161 418
480 336
474 751
429 204
551 179
265 385
271 749
280 666
259 910
804 310
60 996
434 15
886 841
181 218
486 982
321 646
752 152
982 225
902 410
780 804
940 396
188 563
145 467
228 755
728 383
64 787
379 849
153 616
690 686
833 527
19 505
172 770
656 505
995 909
267 774
712 558
522 251
120 666
70 699
772 797
82 835
936 812
36 88
427 725
125 259
603 144
116 774
913 771
631 259
32 897
385 743
806 906
346 926
923 415
624 694
563 57
880 498
868 915
938 294
991 62
553 593
557 668
367 470
790 349
80 821
597 464
916 402
369 613
679 291
379 303
984 941
711 864
439 579
778 376
872 769
789 776
713 698
795 431
167 937
779 598
757 375
62 24
777 430
636 455
721 14
109 704
955 820
919 745
750 697
472 621
817 612
749 529
309 543
960 827
479 90
425 588
465 486
611 593
915 599
399 635
964 860
691 918
31 961
14 780
657 485
752 825
97 500
706 405
43 17
232 873
106 656
460 922
493 423
866 407
21 265
394 984
476 436
254 506
396 267
285 405
104 36
581 200
536 286
956 930
654 539
802 112
546 614
33 38
36 251
445 408
515 190
391 990
625 996
847 20
615 131
776 718
518 357
269 405
994 224
334 648
115 488
759 660
101 143
698 488
393 142
895 259
683 637
600 307
985 446
678 599
928 454
668 446
162 936
850 155
511 536
802 625
23 912
285 475
55 982
962 799
475 208
58 157
196 9
815 180
455 492
778 382
297 445
827 458
732 29
965 243
564 766
219 938
678 503
764 84
836 725
882 662
284 291
818 479
300 984
659 754
828 788
487 476
585 666
934 316
694 250
910 609
15 129
898 44
983 661
127 171
737 361
832 20
651 2
850 302
985 860
407 164
648 894
640 232
559 925
899 604
174 161
564 540
641 461
584 975
121 62
145 857
774 977
228 777
330 77
78 666
289 485
830 936
378 469
519 288
393 769
891 918
929 806
457 921
266 40
896 386
454 40
594 227
368 173
355 697
601 433
363 889
269 544
176 646
12 694
285 756
463 527
673 743
332 481
664 597
873 559
334 326
598 279
904 318
451 259
14 403
43 728
292 311
271 467
308 634
513 592
389 327
470 413
69 801
246 84
749 118
642 82
795 592
712 50
261 514
308 274
916 702
354 559
12 624
378 319
610 890
262 350
568 731
115 636
531 360
72 631
477 713
64 623
656 775
672 916
288 980
542 556
681 895
114 45
870 843
363 831
732 977
181 299
707 295
287 590
654 358
220 482
422 636
104 430
410 775
345 50
106 238
605 139
484 70
535 706
913 249
536 996
225 716
647 932
362 285
873 367
642 444
848 415
79 303
844 489
430 541
890 887
130 494
377 614
563 911
319 827
160 206
823 736
274
821 19
635 105
891 2
98 687
201 512
765 856
708 605
285 600
494 523
729 339
900 694
254 162
364 80
673 570
254 409
843 74
427 829
530 318
830 627
4 383
491 120
238 550
77 874
149 570
396 229
909 647
275 162
809 990
593 833
559 847
241 753
272 668
934 802
337 763
428 692
497 270
811 734
819 887
959 319
809 707
548 69
353 174
230 513
163 174
346 74
20 938
178 292
605 111
445 941
226 872
632 722
142 795
808 312
33 766
631 841
472 530
909 177
703 490
41 865
664 386
290 35
324 468
678 280
578 122
221 803
346 204
525 839
350 332
150 383
449 132
575 921
661 836
449 715
325 489
932 340
875 221
727 550
688 756
181 266
878 753
420 575
957 944
765 658
627 266
392 428
398 967
348 410
802 148
125 478
636 56
170 862
276 896
411 964
3 944
581 880
696 1000
806 4
296 570
662 274
188 53
701 585
371 400
994 524
547 118
2 183
525 523
44 801
770 807
116 772
750 696
4 445
47 809
449 342
731 462
616 918
514 316
502 885
716 847
408 262
317 761
444 841
283 840
641 52
646 756
824 747
803 827
191 850
987 991
191 717
452 158
986 318
474 839
554 541
686 961
802 2
74 598
194 708
789 187
760 434
942 935
532 97
113 74
946 451
65 488
168 868
646 505
185 471
344 738
11 381
51 164
734 476
113 927
183 901
113 294
686 407
228 217
503 692
291 800
143 707
639 662
926 284
166 111
106 861
200 468
241 602
632 974
77 744
901 260
997 365
553 682
771 133
251 625
176 893
776 318
599 415
331 876
50 849
338 156
709 538
623 302
139 254
275 568
350 527
827 346
892 379
379 14
863 629
639 39
521 414
708 471
180 39
347 230
239 684
385 299
573 7
600 64
613 227
631 314
753 457
11 996
187 741
10 50
370 1000
88 242
765 147
713 945
185 411
174 423
446 910
74 19
268 673
434 232
899 64
545 4
872 907
999 58
648 360
459 369
711 898
610 828
45 674
772 581
436 297
4 882
558 77
252 825
101 685
57 1000
748 953
355 619
212 353
28 859
65 487
227 775
384 188
602 780
862 725
361 297
373 716
530 930
144 781
107 244
817 515
595 916
467 949
886 678
654 914
888 718
752 466
844 487
654 798
267 867
874 627
515 247
694 397
528 837
529 986
80 346
500 27
261 319
975 147
348 980
412 236
697 163
53 893
649 58
690 267
924 563
245 791
161 938
187 41
774 715
26 206
412 526
584
673 844
558 171
191 890
934 778
586 96
831 478
96 240
519 363
164 434
959 306
594 897
492 634
22 558
660 579
970 537
162 994
380 72
516 922
961 449
52 546
544 234
376 991
473 246
705 988
679 664
293 273
560 136
258 933
694 917
512 663
453 673
8 184
744 523
458 704
971 509
602 866
742 977
856 566
574 913
554 253
576 846
877 487
982 134
419 27
51 930
41 855
955 48
391 698
922 848
402 892
708 355
109 449
683 316
366 256
228 919
508 155
117 384
641 98
518 60
476 920
341 516
126 295
563 516
345 484
363 98
727 70
452 835
870 134
502 236
389 730
506 249
884 622
984 877
71 501
288 546
772 980
61 898
627 975
413 971
810 128
68 536
549 871
722 771
356 224
358 96
305 863
344 540
837 328
416 907
180 703
453 952
683 865
201 309
192 965
631 1
92 50
889 993
272 610
763 627
185 472
722 841
334 66
733 170
745 148
429 924
203 233
227 237
97 427
897 288
392 879
641 835
928 529
827 199
490 941
177 27
764 898
867 98
315 599
619 59
99 47
983 653
631 561
889 728
988 137
367 731
15 359
565 294
887 744
844 729
36 20
755 800
917 973
249 232
924 219
642 22
266 976
26 248
537 266
975 876
402 694
606 768
52 522
61 291
265 256
19 653
275 125
804 543
97 52
774 20
270 768
393 887
743 418
135 279
683 461
154 436
506 759
203 910
281 615
200 897
870 570
901 496
694 704
39 790
107 164
810 377
931 554
615 674
972 101
304 654
562 458
442 67
568 644
976 200
611 527
449 480
96 349
328 789
405 718
931 511
881 740
239 164
645 854
837 616
954 492
622 867
949 63
934 517
58 261
716 668
788 164
500 235
865 827
24 269
544 954
779 776
45 370
939 689
575 127
657 528
619 630
747 567
692 32
435 749
292 503
417 431
18 268
666 882
94 41
150 989
346 281
764 742
2 55
430 576
181 438
455 151
67 201
70 110
232 504
859 876
358 627
306 376
894 323
257 339
715 759
679 60
391 794
801 392
848 583
319 381
20 773
531 439
974 600
548 557
456 758
432 813
384 90
188 629
412 797
319 127
555 997
538 297
143 339
40 990
273 358
370 644
130 901
82 455
852 630
12 307
387 443
472 123
532 659
103 296
455 774
774 361
770 311
657 912
1 48
254 273
405 623
917 887
875 350
341 79
979 352
385 718
147 208
192 30
867 294
325 673
67 98
386 189
761 394
452 761
442 57
386 846
32 654
732 906
3 425
984 334
128 721
403 274
928 594
304 146
239 980
819 658
78 204
198 190
597 1
302 390
58 687
236 89
340 319
346 695
95 682
28 223
402 782
496 681
727 151
827 965
131 997
974 560
552 523
749 500
524 50
890 933
89 477
21 780
147 366
474 242
47 853
464 800
634 311
833 712
462 11
29 592
7 2
151 910
525 251
761 400
300 2
332 740
830 704
520 977
421 345
570 820
198 385
619 183
695 803
895 156
813 923
99 171
276 601
80 152
203 193
903 855
194 234
594 376
289 113
352 710
458 273
529 7
657 499
541 351
302 435
859 114
709 309
285 337
910 716
840 464
260 743
318 454
328 912
829 617
376 532
678 833
804 206
191 460
704 732
162 5
518 20
471 227
681 107
915 942
822 754
405 82
848 723
887 528
634 67
144 361
950 821
194 105
378 736
564 433
467 77
790 985
449 260
563 129
366 477
70 539
582 826
972 782
548 858
309 533
276 804
894 225
976 439
329 353
174 244
137 641
673 926
977 121
185 539
601 902
367 22
441 300
847 412
433 395
622 741
927 249
896 172
474 871
610 154
575 136
750 712
128 774
637 104
894 174
994 846
75 712
867 867
363 713
631 796
107 252
888 386
500 784
909 325
6 871
831 933
6 932
644 133
705 632
588 950
157 933
795 584
996 661
802 358
373 432
505 832
35 393
217 887
528 125
211 533
995 393
465 352
324 460
836 380
444 775
329 600
707 123
183 702
135 985
412 508
768 916
339 803
308 907
689 835
383 251
720 730
996 184
433 319
644 269
51 87
43 731
38 102
854 573
155 340
909 566
199 676
834 889
830 493
795 518
680 530
121 399
611 116
934 43
786 929
663 836
367 58
567 405
159 772
329 313
111 237
231 662
264 416
550 94
908 697
963 587
226 83
985 188
550 271
230 336
199 245
523 566
302 89
970 460
212 298
124 675
886 706
336 149
121 237
242 29
933 557
967 158
639 304
697 189
574 279
876 772
523 398
337 824
839 306
635 402
955 758
428 840
816 763
989 936
1000 582
316 932
138 283
442 129
586 490
669 159
768 544
930 290
293 619
113 483
276 99
885 231
209 312
422 24
427 762
959 426
696 627
709 833
909 502
313 846
992 981
356 759
876 637
401 521
255 865
3 531
964 887
113 172
199 534
195 625
296 505
402 343
131 462
175 391
316 840
588 659
172 943
769 48
580 169
568 834
386 922
716 349
809 828
872 359
714 418
335 361
922 88
703 405
901 229
147 216
68 735
874 240
677 995
639 608
163 558
794 900
479 509
248 639
689 471
997 402
888 331
114 162
770 816
918 671
396 64
886 464
150 112
55 827
106 45
786 620
602 579
520 432
88 119
71 128
590 67
881 829
750 994
990 519
161 907
189
556 323
427 371
472 538
777 650
995 821
436 966
774 14
837 206
453 308
276 580
249 342
460 77
443 805
67 962
965 325
502 873
647 928
595 119
817 372
768 811
544 203
129 318
569 965
523 21
624 798
601 872
491 412
949 934
217 367
247 181
691 748
405 338
676 1000
808 492
723 575
655 266
130 135
583 698
451 457
70 75
254 670
946 97
82 246
382 650
612 628
830 655
375 235
344 402
586 151
246 308
77 900
573 558
34 508
255 484
964 325
910 570
346 856
666 779
101 47
428 65
26 610
719 752
196 62
154 781
564 399
440 640
650 364
198 35
871 804
870 187
480 780
108 178
987 125
956 439
523 736
503 548
345 573
299 540
634 804
672 197
202 463
189 203
826 386
237 49
189 459
587 21
238 694
198 224
818 505
662 340
240 517
887 936
89 537
827 75
341 498
271 894
960 459
97 138
196 685
186 737
143 772
757 380
817 306
955 634
810 969
325 50
485 563
337 925
99 164
999 791
13 622
685 325
432 133
462 628
817 999
364 960
122 472
691 938
777 998
923 938
966 599
339 802
161 676
78 611
839 77
402 851
698 438
175 129
570 988
108 738
986 823
697 459
294 740
748 422
89 670
360 406
620 50
207 780
725 284
743 915
712 144
766 761
933 292
242 502
632 349
239 969
172 288
428 817
379 175
591 467
197 950
872 816
999 430
948 76
65 690
990 777
185 107
537 117
399 130
970 30
479 560
350 2
199 777
818 577
304 408
395 500
709 618
667 60
47 614
135 112
655 124
240 839
231 128
955 981
258 276
362 736
836 711
89 34
840 906
963 143
666 709
994 374
327 12
433 373
626 919
836 632
395 427
471 977
555 777
957
164 53
670 251
240 380
339 625
571 244
939 713
261 648
58 635
974 70
419 698
47 690
534 678
84 960
148 60
866 277
16 29
681 37
279 920
416 969
896 987
565 835
51 825
482 109
459 807
530 230
504 576
919 389
253 354
701 753
413 566
29 780
947 709
816 577
980 583
546 875
921 110
61 972
934 894
432 745
700 961
326 204
536 244
592 140
597 292
892 361
210 272
140 508
332 955
84 311
537 629
538 458
90 950
781 376
844 564
120 543
524 445
98 411
40 42
902 988
685 146
348 894
417 839
753 749
793 837
411 681
817 300
490 907
602 622
282 445
185 753
339 708
197 789
470 588
830 372
927 514
517 274
760 285
112 512
385 256
700 148
288 517
447 130
775 400
751 56
844 936
160 535
995 708
323 817
295 152
540 221
17 408
846 776
692 309
640 77
916 339
576 555
855 374
684 629
774 787
36 617
722 195
151 68
902 473
236 548
976 775
120 993
182 965
120 226
273 759
302 540
98 229
95 304
602 130
285 375
916 672
992 989
219 494
57 120
319 292
20 294
419 139
638 600
456 758
825 80
868 478
620 317
706 66
621 308
195 257
682 111
928 25
99 146
871 507
618 189
151 989
834 569
127 472
520 934
581 345
14 448
174 633
765 880
698 737
539 892
993 572
354 272
949 453
770 819
959 739
359 461
727 192
29 205
15 549
139 947
245 152
395 418
136 511
649 185
247 187
428 591
111 782
214 59
586 983
877 896
73 235
357 799
778 737
356 145
285 846
91 529
349 485
299 484
347 947
20 593
486 447
535 596
580 749
654 165
83 882
413 156
468 769
306 245
857 13
389 142
858 480
22 206
316 672
41 15
619 60
607 104
859 494
51 438
594 56
955 28
937 367
535 404
487 841
1000 343
205 741
836 63
572 210
268 239
881 309
253 499
720 212
954 578
705 356
16 650
411 322
677 347
40 212
102 526
404 102
220 608
842 408
670 765
617 290
3 849
950 256
348 669
467 653
247 171
9 614
172 771
935 848
118 974
59 571
851 814
672 70
422 865
829 443
629 445
84 984
294 33
239 993
54 705
997 300
227 357
913 398
128 199
597 597
172 656
167 22
821 839
443 594
55 272
37 36
68 472
19 713
505 609
57 558
313 54
209 891
762 121
640 889
319 236
485 842
243 652
215 64
842 657
657 248
280 45
635 700
517 5
764 21
613 821
930 277
226 138
167 987
610 806
228 280
42 64
473 636
67 687
699 260
695 356
508 975
752 494
26 268
499 789
640 111
609 569
388 186
58 906
525 19
712 752
298 105
815 122
740 882
808 791
141 503
498 1000
829 249
494 854
517 992
994 508
454 955
77 841
140 486
747 664
505 810
415 154
266 582
276 357
815 435
499 307
937 996
659 117
245 152
970 113
495 964
620 948
918 48
141 409
886 239
73 390
400 839
895 17
772 522
373 586
957 872
893 245
219 551
362 815
54 683
927 548
998 899
847 267
946 339
676 831
577 100
572 328
938 819
344 710
692 69
647 1000
292 539
245 510
441 958
325 846
640 603
745 638
501 592
904 799
282 931
629 859
30 553
186 320
723 882
29 414
950 675
414 241
566 10
750 358
967 426
204 606
29 948
595 529
891 851
679 173
781 660
383 811
212 920
130 286
801 510
699 750
536 464
990 453
473 92
163 439
517 718
397 897
665 991
778 908
841 456
432 974
115 814
136 678
733 617
963 886
478 662
635 13
477 977
818 950
68 980
740 936
697 136
185 713
479 962
972 671
769 403
644 884
568 779
561 653
395 876
538 872
889 524
237 365
500 406
314 919
737 54
207 785
541 391
849 19
704 821
690 472
575 333
707 495
464 268
147 210
495 36
434 383
559 670
747 411
427 61
329 163
466 887
947 6
277 795
25 332
615 66
804 542
750 510
36 565
129 534
775 623
569 208
5 479
229 752
889 655
164 570
817 629
456 115
986 85
909 362
416 876
427 571
417 529
433 804
93 561
689 867
536 609
426 892
87 6
643 328
12 158
249 180
138 56
294 124
140 203
837 908
430 616
478 198
144 262
1 236
175 41
455 710
649 232
601 87
238 596
414 601
105 14
781 243
70 74
718 561
628 554
468 57
169 298
254 312
911 606
900 85
646 706
794 646
289 747
733 878
342 498
479 446
512 259
40 933
332 757
493 312
311 313
368 831
610 974
495 520
579 394
605 577
451 750
222 739
496 306
969 189
804 447
635 315
705 674
247 388
783 739
699 93
403 419
275 12
392 769
884 322
514 840
250 964
941 472
55 437
777 23
625 932
469 611
246 525
637 844
264 771
935 315
863 337
733 489
701 124
258 936
797 771
775 47
87 715
870 493
503 998
515 480
930 335
442 527
211 78
371 474
200 305
788 62
993 872
903 693
347 160
628 144
282 754
190 368
821 411
860 323
408 726
802 337
412 596
864 622
25 586
448 225
242 587
638 234
459 540
279 157
699 906
300 981
660 841
700 832
251 912
154 11
637 308
699 401
903 914
374 927
499 821
151 92
760 141
326 570
680 604
726 731
861 378
711 872
218 762
703 821
673 209
831 662
516 529
62 770
795 435
48 293
608 551
385 719
691 62
288 370
17 365
100 877
742 162
101 312
924 803
132 948
11 314
609 878
194 670
647 988
457 47
633 64
597 369
134 287
782 421
656 798
137 108
26 231
269 478
542 544
633 25
492 995
690 452
873 235
474 871
575 930
917 559
345 513
927 478
151 60
250 159
209 386
266 586
968 886
64 509
430 696
885 273
690 926
724 914
161 197
137 735
478 53
293 822
918 571
651 68
982 900
226 190
638 843
775 605
729 190
466 510
237 702
782 279
628 857
192 788
406 328
874 883
733 166
57 650
88 59
69 69
959 647
610 948
841 736
904 569
926 721
430 514
423 563
792 402
772 984
189 177
663 62
411 395
579 467
396 18
526 817
438 836
815 47
135 655
782 390
576 59
111 5
925 885
920 716
286 691
51 474
867 714
887 277
460 817
96 208
834 973
24 623
160 838
669 294
844 802
683 419
213 145
424 137
29 343
204 314
33 255
139 251
320 377
879 131
545 974
338 378
298 713
1000 457
902 20
750 746
174 785
164 386
281 939
874 310
633 77
975 17
331 466
267 2
842 146
133 387
471 822
116 769
887 468
225 140
839 327
885 12
463 401
397 743
691 270
52 324
699 379
340 381
844 959
383 37
104 867
775 926
40 243
694 926
62 271
66 900
949 302
264 411
54 660
153 745
282 557
68 980
287 759
360 130
717 94
518 172
312 645
98 352
887 143
629 300
765 694
199 713
348 462
123 401
474 628
145 107
184 564
438 470
675 149
951 391
243 820
563 906
816 12
257 54
506 886
353 271
931 904
983 278
717 458
31 190
85 527
648 620
443 85
441 117
586 743
507 180
914 421
85 730
784 342
783 290
227 136
560 509
39 894
139 755
351 169
297 787
47 296
406 489
381 198
605 318
940 112
497 206
884 581
935 668
922 717
957 500
204 868
361 594
761 499
701 464
19 997
250 65
292 8
554 24
205 510
341 497
973 837
702 857
770 636
524 43
704 832
895 260
699 255
853 811
753 553
274 123
901 524
187 545
531 92
568 87
602 261
583 574
449 636
430 218
623 305
613 327
488 507
586 538
761 790
349 865
343 622
987 595
497 525
139 379
969 59
466 570
671 400
495 119
36 277
689 658
581 653
336 421
159 273
958 271
63 306
135 757
280 473
351 776
349 490
155 317
900 972
238 570
371 733
40 406
9 728
64 941
380 399
361 890
24 319
160 86
976 646
842 255
118 192
31 819
33 537
135 932
508 373
501 878
457 541
636 465
620 699
405 352
449 118
241 472
788 753
909 763
398 750
18 868
294 400
686 678
288 172
610 795
544 462
24 1000
354 659
816 326
709 573
677 510
690 269
333 477
21 242
591 419
343 960
638 988
359 323
666 998
494 627
792 390
88 168
741 794
826 909
119 887
481 795
396 170
415 80
998 436
321 588
206 16
548 843
3 258
517 20
256 362
646 399
751 86
566 844
879 744
752 997
630 232
791 377
753 205
456 750
992 129
689 549
144 236
743 498
494 259
518 101
973 515
499 723
600 417
918 478
160 669
474 141
252 616
517 356
173 972
105 516
452 146
65 947
381 807
797 226
418 666
326 390
180 177
464 780
593 734
257 752
754 83
892 6
698 760
361 222
83 818
738 535
963 802
833 695
960 629
921 729
294 598
470 474
126 934
605 718
667 213
821 420
295 64
777 345
823 490
566 906
307 655
792 621
808 624
667 768
253 939
848 546
537 318
371 662
251 975
732 269
188
552 40
834 616
817 530
438 306
448 695
964 102
486 936
910 462
602 29
714 541
876 611
429 193
334 442
795 660
173 63
199 77
103 33
692 271
562 481
576 9
176 891
463 13
826 372
826 779
400 891
319 275
502 99
820 187
541 614
846 65
29 45
141 483
429 184
753 342
665 680
351 192
922 165
556 99
536 382
877 935
272 548
561 125
646 732
311 538
698 157
955 726
553 95
560 981
279 664
322 295
695 24
486 616
188 393
714 723
774 590
9 46
489 922
170 135
653 833
24 350
341 978
427 893
425 986
225 55
649 546
349 695
922 186
310 461
578 23
184 352
965 544
749 453
465 270
939 470
102 315
819 794
644 598
38 68
583 262
122 584
160 470
630 81
7 940
893 585
314 76
288 630
972 36
435 788
657 725
609 111
39 428
904 683
377 942
102 311
555 224
246 714
45 876
146 404
815 39
988 480
466 275
110 437
662 544
577 318
268 185
428 659
964 684
693 340
625 794
651 179
369 896
245 414
771 390
817 937
780 156
417 246
782 526
34 795
421 962
464 40
147 892
698 462
927 390
154 903
184 804
433 552
51 677
317 174
419 485
462 198
992 878
795 773
755 181
567 527
142 31
567 640
274 264
102 552
654 255
454 189
410 886
92 812
563 409
337 333
245 799
530 237
28 677
9 783
857 928
309 350
958 227
990 583
491 443
134 496
49 587
684 810
472 775
973 386
535 310
718 780
108 600
16 135
628 24
269 836
303 930
185 260
156 526
194 998
320 327
493 720
265 528
529 89
303 502
826 189
811 896
968 270
495 983
756 474
359 377
309 661
658 493
273 813
371 466
811 690
145 655
762 761
183 290
849 837
143
675 25
953 570
345 574
416 327
682 889
37 58
197 50
715 41
674 879
763 491
41 805
635 696
566 396
230 855
596 66
998 270
90 302
191 434
228 606
113 909
846 501
966 394
902 32
787 575
910 549
66 951
353 700
646 918
447 875
125 43
292 474
664 733
127 855
519 354
812 983
614 10
483 579
403 385
962 189
311 872
738 376
822 442
428 819
360 226
45 836
268 688
309 284
420 787
490 938
141 301
272 754
662 755
685 65
491 646
253 801
869 342
529 690
784 956
860 495
181 256
330 801
943 990
436 715
776 925
4 268
577 276
374 239
382 410
303 224
407 907
376 276
249 904
317 384
211 177
878 744
784 559
896 79
900 331
145 27
255 148
295 183
775 20
421 156
429 75
731 835
334 107
462 934
362 779
317 925
307 546
668 90
104 563
520 3
893 664
381 499
812 675
681 938
46 454
94 826
880 176
13 213
282 474
498 996
252 814
920 558
711 587
1000 814
501 519
168 393
183 549
243 346
575 923
283 973
728 728
798 608
904 810
172 537
636 670
884 887
835 803
797 546
741 796
711 593
314 231
985 848
131 579
193 57
854 828
29 581
555 179
540 810
340 712
699 975
733 582
214 919
737 10
816 477
805 527
70 470
109 406
670 591
985 862
647 838
41
28 770
596 558
310 757
897 373
455 224
457 37
437 375
773 446
191 601
602 69
670 423
529 428
92 119
764 306
117 953
346 144
722 293
701 383
50 950
107 504
173 563
540 609
290 664
406 832
265 359
900 286
133 780
713 225
250 828
882 366
780 227
862 854
520 914
236 569
863 343
424 387
905 964
995 546
627 752
377 243
110 628
529
595 407
241 819
656 421
700 374
200 278
235 53
149 148
289 717
363 983
141 749
239 456
96 785
434 847
161 677
309 789
557 903
195 149
73 203
569 124
576 769
401 810
821 550
309 461
618 23
795 110
772 34
917 219
818 703
65 978
379 725
118 287
627 665
435 51
867 4
174 794
772 927
955 944
476 263
757 445
638 551
555 409
584 823
979 753
525 43
731 255
120 848
541 746
864 976
149 730
979 322
523 750
248 829
45 75
444 801
520 81
352 426
841 287
248 819
40 773
213 122
27 332
321 920
430 185
895 578
266 873
899 141
974 499
969 18
925 412
171 796
492 874
221 332
160 821
502 551
945 715
24 323
46 345
242 475
529 136
52 146
360 303
286 333
153 607
703 77
18 873
873 862
98 445
545 609
265 47
160 561
761 183
884 158
879 477
633 759
965 36
905 324
690 542
9 842
148 711
919 166
935 143
379 384
587 923
992 204
321 503
764 433
686 999
591 564
828 575
675 792
610 579
467 300
120 475
493 268
537 763
785 823
905 515
206 492
789 198
47 110
700 162
542 737
161 484
653 988
58 327
131 20
257 597
671 376
424 163
995 960
926 131
783 830
997 340
673 786
537 71
247 589
233 140
677 745
624 329
84 33
655 214
52 263
162 74
639 585
237 985
545 514
468 679
695 464
18 720
249 907
790 495
847 22
635 523
766 610
852 201
642 858
414 46
121 576
119 111
512 707
447 56
220 914
86 915
730 104
986 330
362 775
177 208
797 163
730 914
772 933
467 765
791 880
162 263
807 633
725 319
339 171
726 911
437 812
177 166
267 162
847 628
936 23
187 84
185 916
350 308
849 816
425 991
47 586
605 206
218 329
876 909
499 601
819 287
764 995
452 30
508 651
9 443
673 195
879 210
111 228
517 311
395 941
653 441
879 257
646 448
585 521
356 435
474 174
722 237
520 525
619 27
175 627
822 200
822 700
409 284
279 277
594 673
570 246
113 448
854 111
895 438
983 251
872 808
776 945
45 296
470 15
674 996
641 495
195 462
546 603
745 824
880 690
496 449
935 961
248 788
423 142
577 757
744 801
565 520
745 961
167 214
975 192
562 615
39 756
429 584
359 173
408 590
863 255
38 149
567 285
289 989
778 217
746 874
17 662
393 762
622 911
327 948
102 888
914 140
644 342
76 354
515 483
943 729
89 332
229 656
968 517
996 97
734 93
970 102
754 714
863 727
624 542
674 78
781 588
569 776
929 644
129 795
478 423
875 919
754 104
574 73
972 569
170 57
662 139
159 767
853 373
494 828
266 167
905 47
106 826
822 387
821 951
533 299
725 408
569 479
863 142
551 834
62 720
243 75
211 401
842 63
125 335
890 391
853 147
437 311
972 610
697 144
912 229
794 637
988 362
467 850
503 17
36 917
89 278
991 651
30 832
713 154
166 954
896 371
100 684
681 423
294 377
919 205
957 712
193 945
74 659
146 928
28 181
844 468
810 187
118 839
18 182
345 536
135 240
906 587
924 586
361 217
314 279
773 622
991 318
918 416
976 64
695 355
596 891
822 406
77 291
596 94
472 940
981 607
180 886
545 103
823 905
671 488
536 795
110 878
464 379
293 792
794 339
146 390
229 320
147 305
962 742
751 434
682 731
392 213
969 936
667 791
192 337
631 727
483 92
604 947
470 248
90 616
587 235
357 815
906 503
472 868
596 222
653 629
304 44
841 272
331 507
415 522
195 45
601 30
488 556
328 309
804 417
924 742
651 280
556 909
782 379
776 730
600 428
358 904
823 199
175 505
57 941
26 252
337 978
281 824
534 960
133 689
376 408
430 378
688 337
286 821
716 413
550 667
192 908
570 14
458 97
518 514
389 896
117 726
225 749
549 110
708 33
798 83
441 579
461 128
916 98
300 983
511 850
649 702
109 571
68 918
19 937
783 407
184 252
484 409
1000 33
518 708
417 668
142 857
246 954
336 513
52 636
847 914
837 496
615 297
418 34
214 788
971 348
546 154
599 30
914 599
414 784
658 830
451 151
687 48
105 22
913 508
9 759
421 845
606 387
493 23
421 706
162 743
406 708
896 4
737 162
954 150
945 611
979 747
114 17
794 218
391 706
77 399
465 497
596 70
883 88
445 655
146 606
397 551
313 645
906 401
806 860
550 102
822 881
848 935
897 641
504 287
699 580
38 515
428 633
584 663
72 380
317 217
338 66
119 2
710 25
403 867
236 952
968 57
184 815
344 81
807 847
367 857
779 756
371 558
388 307
220 812
38 889
380 375
954 499
377 663
875 779
529 462
82 848
518 266
14 861
346 172
60 64
29 190
820 399
747 559
57 967
722 95
855 102
469 808
952 845
822 178
975 702
639 57
549 156
674 562
369 19
733 780
434
113 969
605 864
67 516
920 33
237 366
239 338
835 398
641 31
219 818
6 920
456 414
820 964
87 733
684 457
818 815
242 930
783 199
793 849
714 65
234 302
430 824
992 264
222 632
647 440
450 4
712 257
769 883
220 855
616 903
663 433
717 904
362 851
102 507
52 167
571 637
821 1000
460 812
616 681
795 614
473 596
617 536
853 385
418 424
591 33
679 605
817 747
508 179
598 962
37 1
480 959
989 652
958 448
815 925
481 610
890 305
557 858
840 409
594 609
185 536
642 863
140 810
609 1000
340 558
313 376
910 792
334 898
796 644
346 610
920 178
219 810
482 776
19 673
536 613
281 720
148 274
582 288
84 543
639 423
100 951
799 10
94 484
907 889
127 604
499 399
133 717
208 614
844 578
638 732
190 919
451 690
192 385
329 275
927 967
50 378
917 848
387 10
683 646
899 162
601 397
560 734
465 119
699 661
696 337
392 886
255 194
927 446
578 255
73 856
221 122
234 489
321 972
498 3
617 748
164 218
496 75
303 313
193 1
973 889
337 716
126 943
909 52
741 487
658 165
342 878
286 927
718 958
899 215
312 867
315 828
436 810
902 738
474 95
91 446
335 779
513 812
722 422
863 462
260 872
978 953
749 263
880 818
572 130
32 235
996 698
62 432
508 316
521 333
762 611
779 448
390 643
259 463
64 473
276 323
344 253
628 444
867 507
261 438
988 292
24 983
990 438
766 849
753 639
181 866
249 311
313 990
306 571
804 369
43 79
44 386
683 671
829 549
529 89
338 516
732 362
850 73
799 616
273 903
254 806
768 854
468 80
196 773
650 999
494 44
430 537
781 112
559 609
661 87
49 350
954 132
711 803
557 861
770 829
763 375
986 530
229 454
961 776
578 962
126 71
5 555
959 785
19 517
745 31
955 145
380 260
277 443
63 185
303 184
13 418
559 351
947 139
156 260
914 733
221 39
156 578
946 114
362 964
983 459
994 937
955 725
197 231
167 611
415 822
794 780
239 704
130 537
842 285
796 107
369 17
146 524
946 443
638 659
406 620
117 751
908 72
827 456
654 994
418 421
167 564
552 405
267 33
293 461
669 89
567 37
457 712
561 754
506 550
412 263
521 529
13 428
952 192
236 957
537 653
377 703
568 280
459 835
312 751
295 980
191 213
17 999
277 929
752 782
830 164
45 350
44 409
129 347
600 364
303 136
369 32
838 936
311 296
122 623
399 768
954 941
981 322
292 257
250 43
38 79
558 82
780 953
491 909
299 90
272 602
578 992
633 415
928 295
63 401
917 813
169 223
105 149
544 396
405 146
791 794
576 700
876 356
653 718
616 951
159 887
904 736
231 536
503 158
183 917
558 99
729 78
673 833
226 217
581 982
714 371
776 641
70 3
996 74
720 963
25 230
850 928
966 432
816 820
589 998
736 498
448 816
576 473
1000 153
41 580
135 754
302 262
394 724
264 742
797 335
704 821
564 905
101 881
336 268
700 276
617 787
126 416
602 53
888 954
557 928
885 43
33 187
304 427
910 567
520 58
901 575
231 817
832 331
697 519
950 749
147 918
535 272
333 489
676 221
442 232
500 326
275 533
864 930
311 125
497 182
183 749
756 413
917 939
95 614
458 44
362 604
961 896
227 645
736 254
217 177
837 717
855 111
601 718
393 263
843 241
444 25
989 551
437 258
490 531
871 299
926 584
902 238
831 480
234 567
733 451
743 569
519 597
32 119
315 424
733 509
664 176
533 4
726 321
261 567
203 483
865 480
66 118
717 897
597 950
463 681
752 557
602 270
506 633
740 820
408 472
680 423
999 212
778 725
884 391
291 86
873 508
565 291
625 633
539 222
934 353
254 686
261 855
307 766
839 47
937 598
870 616
20 869
179 798
945 62
540 587
499 764
94 415
54 71
399 944
644 333
648 897
370 909
104 676
674 942
74 611
540 296
226 559
164 757