2
4
6
24
6
1
6
6
18
42
2
1
4
2
64
2
10
10
6
6
4
10
16
2
2
8
2
4
24
4
4
4
4
2
4
2
54
30
6
2
18
12
4
20
6
2
312
36
40
4
8
140
10
8
6
1
6
10
4
40
2
642
10
6
4
6
6
8
4
2
108
4
2
2
6
12
2
8
2
6
22
8
18
8
4
2
10
4
4
2
1
8
12
150
2
6
2
2
18
6
4
28
8
6
1
2
24
12
1
1
4
1
24
1
2
4
8
4
6
4
10
1680
1
6
16
20
1
4
4800
6
2
4
4
1
10
6
8
4
16
176
2
12
16
12
6
2
12
1
24
4
12
2
2
4
6
2
8
1
2
2
2
1
12
4
18
6
2
4
2
2
8
36
8
4
4
60
12
4
4
1
6
2
4
22
6
6
1
8
8
164
2
6
12
4
4
10
1
4
12
2
1
36
4
10
8
10
4
1
2
12
12
4
6
6
8
56
2
24
4
18
12
8
1
160
4
32
6
1
8
2
6
1
64
4
6
1
12
6
6
1
4
1
20
1
56
4
4
8
40
2
54
1
2
40
20
4
8
4
2
2
36
6
6
4
2
2
4
1
30
4
44
18
22
1
1
6
6
2
4
8
18
6
10
16
738
1
1
6
36
2
2
6
10
4
576
12
4
2
2
2
2
1
4
18
1
8
24
2
2
18
1
10
4
600
4
6
32
4
2
22
4
10
1
2
8
1
2
96
4
16
4
336
4
4
4
18
20
6
2
8
36
4
1
1
12
4
2
6
12
1
1
6
72
24
52
42
1
192
2
6
4
16
4
20
8
6
6
2
4
2
6
4
2
6
4
1
8
16
6
4
1
2
6
1
4
2
6
8
6
72
2
2
4
6
10
4
2
6
18
4
8
1570
1
8
1
4
92
4
6
4
2
36
64
8
16
6
358
6
6
4
36
168
24
2
6
4
6
8
6
16
8
8
4
16
6
8
4
4
22
2
4
12
2
2
4
72
4
12
1
6
776
30
2
6
16
184
2
18
4
6
2
2
6
2
2
6
2
1
2
16
8
2
12
6
2
8
80
2
10
2
6
4
8
10
4
16
970
18
2
262
6
12
4
32
32
6
2
18
6
28
4
1
4
1
16
1
144
6
88
2
8
10
2
18
2
4
2
22
2
2
60
6
4
4
6
4
8
6
16
2
2
18
8
1
22
12
1
12
16
60
6
8
4
18
24
10
32
28
24
6
2
8
1
2
10
4
6
6
6
1
28
6
56
12
8
6
8
6
28
4
4
2
1
6
96
1
1
2
46
6
16
20
6
82
40
4
4
18
8
4
2
36
2
1
8
8
6
2
12
42
2
12
8
4
6
1
24
4
164
6
40
6
2
16
6
40
4
6
8
4
8
28
12
22
2
6
28
46
6
12
12
4
4
2
32
30
16
2
60
2
2
72
60
2
4
4
4
16
2
72
46
10
10
6
4
4
4
6
4
32
4
1
2
4
10
12
6
12
1
2
2
4
4
180
8
4
8
1
4
42
4
48
2
4
1
8
10
2
6
4
1
6
166
2
6
6
4
2
1
4
1
4
6
1
10
2
18
4
6
4
4
2
24
8
2
58
4
10
12
8
2
16
1
6
4
6
10
1
6
10
12
12
112
6
16
1
1
6
16
12
10
2
64
8
60
20
12
4
8
1
2
6
1
32
2
12
20
10
8
6
82
6
6
2
82
4
1
4
24
4
6
8
18
18
1
12
1
4
12
4
6
4
8
1
12
24
10
12
4
1
2
10
1
6
2
20
10
6
1
6
1062
178
2
1
6
2
1
1
10
232
4
4
6
10
2
8
8
30
6
12
8
4
6
20
2
12
12
6
4
4
1
130
4
10
166
6
8
4
18
12
1
16
4
24
28
10
8
1
72
6
4
1
18
6
6
12
36
12
36
2
18
324
10
320
12
8
12
2
72
6
4
2
2
16
1
4
12
12
4
6
8
2
92
20
1
2
1
24
16
2
1
1
2
1
2
8
32
6
16
8
4
6
4
2
10
1
4
24
2
12
22
20
8
102
16
6
2
12
10
8
6
40
6
20
1
272
6
6
12
1
10
44
18
70
46
6
8
2
4
4
4
8
1
6
4
12
4
2
1
20
8
6
6
8
8
12
16
2
4
4
4
22
4
4
6
184
2
12
2
22
1
6
10
1
2
1
10
132
2
6
1
4
1
2
108
4
4
6
8
10
12
96
6
12
20
10
6
10
16
18