1000 2000
171 1
164 2
642 3
1000 4
881 5
389 6
524 7
908 8
727 9
216 10
905 11
480 12
575 13
766 14
989 15
283 16
838 17
87 18
468 19
336 20
49 21
401 22
9 23
419 24
341 25
734 26
417 27
895 28
464 29
934 30
318 31
803 32
779 33
914 34
263 35
838 36
38 37
608 38
976 39
501 40
255 41
147 42
625 43
703 44
127 45
482 46
287 47
803 48
468 49
191 50
716 51
841 52
509 53
725 54
253 55
91 56
931 57
724 58
601 59
206 60
814 61
554 62
143 63
584 64
654 65
482 66
953 67
89 68
191 69
98 70
470 71
508 72
135 73
301 74
419 75
989 76
772 77
757 78
36 79
403 80
748 81
284 82
19 83
12 84
142 85
273 86
377 87
343 88
556 89
901 90
622 91
522 92
881 93
76 94
780 95
28 96
556 97
417 98
480 99
9 100
13 101
778 102
737 103
187 104
127 105
805 106
630 107
489 108
403 109
724 110
619 111
516 112
623 113
884 114
9 115
96 116
597 117
808 118
301 119
473 120
449 121
49 122
898 123
757 124
262 125
974 126
245 127
232 128
390 129
470 130
976 131
277 132
215 133
281 134
246 135
750 136
483 137
630 138
284 139
802 140
748 141
362 142
900 143
109 144
658 145
808 146
100 147
495 148
570 149
77 150
915 151
168 152
657 153
750 154
898 155
259 156
782 157
741 158
211 159
67 160
942 161
479 162
124 163
109 164
921 165
545 166
543 167
199 168
608 169
934 170
127 171
244 172
6 173
499 174
634 175
232 176
691 177
756 178
184 179
864 180
80 181
500 182
597 183
363 184
712 185
109 186
107 187
562 188
537 189
984 190
131 191
363 192
89 193
228 194
450 195
16 196
658 197
523 198
368 199
441 200
196 201
690 202
520 203
168 204
487 205
618 206
847 207
322 208
617 209
479 210
296 211
938 212
894 213
859 214
374 215
467 216
791 217
782 218
989 219
693 220
701 221
135 222
78 223
314 224
332 225
801 226
764 227
856 228
873 229
534 230
271 231
341 232
984 233
386 234
322 235
408 236
12 237
282 238
800 239
814 240
808 241
730 242
180 243
98 244
333 245
814 246
351 247
199 248
871 249
277 250
711 251
173 252
964 253
76 254
18 255
107 256
8 257
91 258
724 259
269 260
419 261
239 262
163 263
754 264
139 265
612 266
127 267
160 268
36 269
637 270
953 271
733 272
595 273
267 274
705 275
386 276
889 277
401 278
392 279
727 280
67 281
828 282
124 283
479 284
502 285
262 286
345 287
48 288
380 289
117 290
865 291
41 292
295 293
829 294
211 295
623 296
591 297
492 298
48 299
449 300
808 301
49 302
668 303
298 304
517 305
622 306
170 307
259 308
329 309
381 310
334 311
191 312
808 313
507 314
324 315
27 316
259 317
118 318
424 319
814 320
9 321
780 322
225 323
408 324
36 325
591 326
878 327
390 328
506 329
20 330
779 331
384 332
763 333
191 334
832 335
335 336
477 337
480 338
390 339
156 340
351 341
753 342
401 343
90 344
22 345
107 346
619 347
392 348
992 349
249 350
556 351
595 352
431 353
290 354
491 355
642 356
44 357
835 358
741 359
850 360
911 361
832 362
301 363
492 364
817 365
187 366
637 367
637 368
840 369
832 370
996 371
271 372
269 373
858 374
676 375
217 376
757 377
364 378
225 379
763 380
808 381
857 382
897 383
736 384
668 385
9 386
333 387
68 388
884 389
780 390
903 391
436 392
984 393
199 394
370 395
11 396
149 397
15 398
662 399
518 400
931 401
734 402
981 403
941 404
25 405
49 406
142 407
167 408
407 409
946 410
381 411
921 412
730 413
891 414
328 415
637 416
921 417
12 418
759 419
306 420
642 421
950 422
212 423
228 424
441 425
245 426
755 427
911 428
146 429
519 430
39 431
981 432
69 433
358 434
100 435
985 436
281 437
459 438
739 439
953 440
368 441
173 442
764 443
905 444
626 445
803 446
370 447
422 448
787 449
814 450
779 451
22 452
514 453
980 454
234 455
45 456
379 457
139 458
370 459
784 460
850 461
733 462
541 463
297 464
333 465
98 466
482 467
757 468
163 469
32 470
257 471
288 472
201 473
788 474
250 475
269 476
566 477
424 478
904 479
931 480
232 481
889 482
950 483
156 484
275 485
951 486
545 487
830 488
419 489
741 490
625 491
921 492
778 493
185 494
835 495
82 496
605 497
984 498
333 499
838 500
166 501
844 502
282 503
363 504
757 505
489 506
246 507
380 508
199 509
191 510
895 511
104 512
857 513
89 514
668 515
557 516
113 517
901 518
251 519
417 520
588 521
915 522
764 523
778 524
637 525
370 526
730 527
480 528
737 529
31 530
849 531
921 532
298 533
55 534
451 535
976 536
734 537
625 538
308 539
279 540
622 541
989 542
403 543
592 544
277 545
255 546
268 547
93 548
177 549
744 550
841 551
298 552
939 553
992 554
239 555
763 556
134 557
217 558
90 559
556 560
410 561
848 562
804 563
13 564
170 565
556 566
85 567
808 568
759 569
909 570
495 571
692 572
183 573
146 574
589 575
847 576
482 577
125 578
430 579
951 580
468 581
731 582
951 583
982 584
946 585
386 586
67 587
374 588
845 589
245 590
901 591
732 592
545 593
44 594
217 595
878 596
727 597
884 598
808 599
246 600
30 601
509 602
676 603
800 604
90 605
895 606
929 607
640 608
826 609
554 610
669 611
623 612
499 613
80 614
267 615
399 616
736 617
45 618
864 619
511 620
343 621
142 622
381 623
294 624
909 625
622 626
891 627
365 628
600 629
351 630
266 631
832 632
226 633
615 634
480 635
623 636
814 637
370 638
5 639
881 640
934 641
198 642
68 643
25 644
306 645
335 646
272 647
220 648
826 649
743 650
28 651
335 652
145 653
204 654
690 655
78 656
417 657
545 658
859 659
67 660
909 661
375 662
530 663
279 664
118 665
916 666
469 667
227 668
879 669
519 670
701 671
380 672
226 673
437 674
772 675
943 676
91 677
909 678
5 679
392 680
544 681
304 682
314 683
199 684
775 685
459 686
643 687
210 688
328 689
278 690
766 691
377 692
390 693
43 694
833 695
337 696
110 697
915 698
810 699
194 700
772 701
742 702
281 703
945 704
730 705
841 706
263 707
808 708
342 709
992 710
630 711
847 712
79 713
663 714
351 715
365 716
639 717
564 718
540 719
757 720
118 721
625 722
259 723
89 724
268 725
25 726
909 727
282 728
548 729
814 730
791 731
301 732
241 733
949 734
895 735
625 736
77 737
392 738
142 739
607 740
523 741
911 742
413 743
881 744
791 745
462 746
662 747
77 748
117 749
464 750
386 751
709 752
744 753
395 754
724 755
900 756
678 757
612 758
637 759
219 760
228 761
207 762
104 764
25 765
889 766
284 767
516 768
889 769
409 770
162 771
730 772
450 773
657 774
290 775
98 776
27 777
374 778
417 779
931 780
546 781
921 782
822 783
814 784
724 785
153 786
283 787
567 788
246 789
660 790
499 791
691 792
300 793
445 794
842 795
699 796
199 797
915 798
577 799
9 800
622 801
868 802
814 803
267 804
703 805
562 806
708 807
757 808
381 809
149 810
813 811
209 812
381 813
98 814
929 815
327 816
809 817
842 818
266 819
319 820
184 821
763 822
839 823
296 824
947 825
807 826
278 827
766 828
395 829
390 830
413 831
865 832
479 833
263 834
368 835
867 836
873 837
909 838
17 839
85 840
704 841
294 842
468 843
523 844
724 845
943 846
737 847
844 848
637 849
892 850
848 851
216 852
576 853
495 854
804 855
320 856
284 857
763 858
540 859
920 860
633 861
390 862
787 863
981 864
97 865
903 866
753 867
801 868
606 869
615 870
774 871
985 872
732 873
514 874
866 875
962 876
321 877
198 878
829 879
164 880
570 881
732 882
146 883
901 884
124 885
283 886
191 887
390 888
403 889
722 890
637 891
381 892
561 893
888 894
678 895
952 896
722 897
328 898
771 899
113 900
36 901
395 902
527 903
556 904
415 905
896 906
766 907
637 908
556 909
335 910
254 911
808 912
530 913
150 914
411 915
17 916
480 917
992 918
827 919
623 920
763 921
177 922
813 923
451 924
902 925
772 926
417 927
502 928
657 929
167 930
763 931
335 932
851 933
411 934
70 935
254 936
257 937
57 938
39 939
142 940
519 941
803 942
779 943
312 944
637 945
782 946
744 947
510 948
549 949
46 950
780 951
206 952
36 953
720 954
154 955
520 956
132 957
864 958
171 959
499 960
395 961
308 962
631 963
992 964
671 965
732 966
502 967
281 968
431 969
468 970
343 971
698 972
85 973
408 974
843 975
70 976
370 977
876 978
607 979
967 980
942 981
326 982
248 983
575 984
320 985
216 986
96 987
131 988
199 989
497 990
835 991
381 992
891 993
980 994
46 995
450 996
371 997
556 998
326 999
410 1000
566 225
551 286
345 698
408 142
947 702
732 676
393 109
421 318
224 558
977 45
764 538
891 534
166 872
654 952
504 584
709 288
184 99
1 472
248 87
751 606
246 977
653 576
645 579
874 118
46 637
495 440
420 887
174 510
275 44
901 870
44 651
639 952
120 327
447 430
918 847
850 543
347 863
56 738
405 645
582 904
636 800
772 266
741 249
438 682
741 806
193 981
206 964
428 469
633 266
944 245
480 357
261 206
6 589
482 975
470 678
136 457
853 26
260 864
933 212
424 333
599 624
805 480
499 142
919 267
487 342
629 178
226 677
931 799
20 749
518 674
604 723
891 389
733 641
284 517
334 476
560 900
173 232
822 804
631 807
782 326
6 32
564 880
439 60
482 645
767 300
32 911
122 55
787 984
360 872
927 277
893 227
298 995
363 104
191 908
629 256
668 138
730 924
377 100
981 126
100 358
765 223
205 986
830 255
723 789
179 763
426 429
29 728
458 638
965 821
309 348
802 983
732 906
552 175
606 193
581 310
319 460
793 88
721 280
577 94
321 473
288 629
632 728
643 981
996 153
775 412
971 944
306 616
972 643
450 235
754 363
382 736
237 252
607 581
278 292
122 865
647 968
957 924
853 282
219 430
260 679
190 631
93 132
88 806
734 97
6 846
486 878
346 82
499 130
595 48
506 762
251 875
147 454
117 459
430 615
720 856
909 645
661 468
320 773
73 550
63 208
271 594
848 494
805 901
845 257
889 63
433 215
25 49
847 111
76 462
726 964
527 718
493 503
224 694
991 478
793 691
443 355
9 980
220 728
885 560
639 934
310 68
230 989
119 87
400 302
86 49
282 164
868 757
391 425
419 528
535 748
371 26
79 7
648 217
684 815
756 252
453 614
173 573
701 530
450 264
50 864
847 696
733 307
346 265
894 614
282 464
387 738
12 310
404 808
953 307
855 576
831 280
683 778
577 301
451 34
382 33
561 137
684 663
708 806
854 629
119 227
897 440
983 372
375 500
249 714
646 272
990 22
321 78
333 953
800 663
91 943
270 21
241 565
655 10
321 872
636 774
646 316
685 886
168 494
513 79
225 217
277 579
279 516
143 650
254 685
333 657
721 47
111 720
629 95
582 733
59 885
847 407
103 269
584 461
785 956
750 620
304 968
161 975
174 681
597 129
780 604
621 430
618 294
949 503
115 92
524 85
899 105
692 220
422 274
864 665
335 507
418 783
497 548
30 402
126 86
518 382
457 96
330 162
138 278
739 46
974 400
597 252
239 457
223 11
871 94
8 741
53 670
368 195
314 113
464 63
375 270
307 285
138 24
363 325
550 432
801 215
61 391
891 656
419 821
742 758
100 855
168 794
85 588
149 115
451 57
458 717
187 77
460 185
343 510
788 182
586 946
737 109
745 314
450 818
413 881
295 150
233 618
930 73
476 479
680 381
364 230
230 727
984 110
745 590
647 727
382 253
362 559
11 677
91 713
168 3
569 152
597 34
57 314
306 41
786 144
781 325
949 337
795 625
672 69
174 281
461 711
943 911
59 572
457 60
729 505
898 240
778 441
198 165
954 515
9 806
947 914
801 157
924 22
358 569
263 471
263 910
566 874
587 767
321 653
472 366
126 412
171 244
189 590
228 837
751 57
389 218
475 825
248 290
508 352
626 906
754 360
256 361
580 60
516 657
823 916
236 95
174 559
903 564
686 51
877 380
468 872
306 19
677 938
238 39
393 389
788 969
765 259
645 981
148 217
185 417
106 872
257 579
637 711
867 954
744 253
923 822
149 940
667 164
406 953
823 106
951 792
367 137
188 877
370 48
459 605
131 316
118 347
651 477
287 814
83 108
912 815
363 969
126 521
796 57
953 905
559 525
395 517
416 574
666 289
186 396
180 268
624 93
502 225
445 10
777 250
161 445
737 678
969 631
667 139
514 615
899 807
601 285
359 552
530 644
420 876
603 229
451 762
460 248
991 871
749 638
565 917
443 202
193 838
473 342
1 326
160 121
624 366
915 358
441 797
737 128
790 441
391 913
980 483
321 290
204 121
517 845
345 845
213 102
545 178
335 456
947 62
162 83
787 483
191 859
916 872
26 693
11 85
907 826
619 435
62 822
611 498
19 482
632 932
578 157
800 614
655 33
701 495
901 306
49 161
531 921
652 829
96 703
232 963
748 853
861 191
76 704
62 350
601 218
334 808
318 515
272 40
741 279
875 950
989 297
646 973
889 989
557 792
400 226
888 928
452 990
348 161
305 700
617 915
620 545
416 931
342 973
566 873
100 940
913 101
916 852
149 235
342 120
628 981
884 899
432 391
952 585
662 190
273 735
761 58
393 539
256 939
869 942
869 471
810 973
539 257
529 607
715 198
950 889
827 56
955 821
884 845
772 345
990 514
271 156
498 433
234 179
572 275
224 842
283 678
177 574
398 102
29 303
68 546
309 706
104 806
23 364
455 494
804 332
736 858
767 847
192 308
116 423
678 318
2 21
649 457
726 11
964 137
886 958
307 316
535 617
110 857
924 661
519 933
651 12
592 24
549 941
582 86
354 537
428 26
143 676
662 445
366 583
3 396
143 931
749 8
640 168
649 366
278 411
941 902
255 302
195 329
614 897
953 228
322 486
969 122
28 594
932 693
451 735
702 996
869 711
14 177
156 523
365 801
658 314
768 198
211 725
779 346
382 15
476 857
727 577
881 169
644 139
96 630
458 479
889 774
307 424
481 275
222 640
86 351
924 62
914 177
186 206
534 669
896 723
892 290
437 160
305 589
612 708
549 916
311 547
688 100
630 545
771 859
148 161
480 186
679 476
560 730
442 926
599 56
816 946
941 491
111 933
923 977
927 944
200 513
22 279
608 36
929 486
296 157
672 27
832 111
527 143
909 486
277 215
706 229
747 951
202 95
970 309
349 17
25 907
797 900
986 54
307 656
568 52
595 244
648 562
833 195
984 35
182 664
936 813
875 58
132 222
209 954
187 332
658 865
511 761
751 359
481 757
559 126
720 294
985 933
886 274
679 544
191 853
551 621
903 110
750 105
471 755
963 417
596 461
382 605
500 359
819 782
925 80
127 592
908 112
638 731
423 375
758 828
336 584
787 880
246 908
936 144
825 659
271 423
202 46
301 993
685 696
349 134
52 619
247 772
145 326
381 291
727 716
658 121
118 736
207 262
241 308
563 154
102 137
175 170
833 65
43 513
309 376
848 67
264 289
83 117
370 421
283 40
194 206
47 501
37 601
735 554
620 578
789 522
744 298
23 163
349 83
725 777
512 20
529 88
591 167
560 150
427 296
491 63
644 881
58 130
666 320
502 873
931 138
945 734
277 808
477 624
298 840
805 237
643 311
300 233
251 369
744 669
809 635
323 347
233 752
894 982
40 496
625 622
113 775
675 313
65 393
139 797
236 163
337 129
289 469
604 996
465 763
145 941
175 803
252 337
477 665
55 291
91 613
276 30
412 86
136 550
631 104
598 845
622 745
428 897
815 658
542 514
749 833
966 10
938 75
693 557
395 150
209 167
904 724
58 157
334 91
770 843
491 674
329 605
790 142
42 89
80 747
950 209
579 262
219 223
325 87
896 130
713 956
256 173
194 624
88 254
357 666
855 163
842 290
361 736
414 974
311 86
665 371
463 29
247 375
388 346
973 339
122 428
121 982
336 304
726 541
194 61
675 319
209 674
759 860
394 971
612 997
1000 890
109 110
670 137
252 592
821 6
180 916
582 912
360 874
509 518
711 735
299 751
237 669
846 708
959 588
199 705
114 446
775 922
584 784
119 386
368 501
563 431
585 189
578 506
771 570
252 778
626 595
336 512
47 625
617 365
69 151
661 855
885 886
114 410
359 694
61 60
237 129
96 649
829 458
127 757
84 91
920 656
305 532
341 779
581 911
150 232
461 423
39 536
129 161
884 135
101 571
533 641
465 2
162 440
374 39
556 181
856 633
213 916
443 318
77 588
179 994
954 27
596 219
99 121
18 259
209 771
438 460
747 432
70 986
316 216
416 289
219 799
843 136
831 593
729 869
789 912
605 72
879 649
165 868
291 469
404 928
605 643
431 379
354 427
953 166
154 429
590 19
297 799
905 219
610 301
810 582
592 187
823 283
275 270
917 816
451 425
435 91
749 668
467 510
23 286
503 673
744 19
732 554
969 448
261 831
667 491
935 468
939 880
404 504
201 431
815 762
609 953
139 593
459 56
127 552
237 678
730 81
723 334
239 528
896 431
165 136
556 295
318 324
666 68
338 19
405 166
935 702
710 424
927 814
837 973
358 806
761 655
791 160
837 202
962 683
602 727
444 186
147 453
114 456
521 714
819 303
995 144
50 985
353 954
885 837
797 133
917 763
31 404
386 907
212 715
169 879
754 973
997 56
915 337
712 910
867 703
612 746
759 833
187 613
724 188
679 28
409 414
879 603
987 89
246 61
467 757
689 86
941 364
461 952
544 711
283 489
389 999
718 381
639 49
124 482
90 45
333 106
472 850
224 715