1 13
2 57
4 36
5 56
6 56
6 49
8 35
8 5
10 66
11 53
12 54
12 11
13 100
14 88
14 79
14 41
15 42
17 89
18 84
18 40
19 82
19 22
19 18
21 100
21 44
21 25
22 80
22 75
24 70
25 59
30 50
30 38
31 9
34 87
34 63
35 43
36 89
37 86
37 84
37 84
37 33
37 3
38 51
38 42
39 61
39 13
41 17
43 91
43 37
43 15
44 82
44 78
44 33
44 29
44 12
45 55
47 7
50 100
50 35
50 18
51 61
51 3
53 9
55 8
57 23
57 2
58 84
59 55
59 1
60 66
61 35
61 8
62 98
62 30
69 89
69 53
70 92
71 86
71 86
73 56
73 7
74 19
78 41
79 80
81 46
81 4
82 84
83 8
85 84
87 92
89 95
91 96
92 47
93 70
95 79
96 70
98 34
99 78
99 26
99 19