97
93
88
24
47
1318
66
20
966
1267
17
55
1087
487
903
242
1009
981
905
484
506
70
11
1036
2166
231
44
45
1442
155
661
860
728
950
1084
289
1
225
355
15
1770
841
1091
322
228
654
404
535
42
801
126
735
190
741
939
598
664
1953
504
1886
138
2436
406
1261
1206
325
2019
230
562
1296
997
988
1830
576
1214
1959
55
1038
866
694
496
379
55
1561
1447
3
1540
1294
435
78
90
192
2011
825
253
567
10
707
6
471
2016
378
3164
1859
370
964
136
1794
305
623
790
1921
551
3381
1265
406
1687
105
1012
650
912
820
1621
6
1
1405
1446
1404
604
722
342
1758
1837
32
716
36
231
636
2562
861
528
2199
109
749
471
1712
48
1372
6
28
1679
2082
78
1330
1098
1105
376
1730
484
1841
210
1599
1183
1062
715
1132
863
907
786
1498
91
703
727
289
984
136
82
27
1836
575
233
42
626
780
582
963
952
246
3050
1042
1325
1364
1008
1493
106
258
279
256
477
570
496
3234
154
907
70
54
707
253
787
676
962
903
1750
1025
592
606
445
2542
789
171
986
1234
831
229
982
273
790
1247
906
952
48
861
1147
406
435
2294
1774
829
66
1166
279
1232
136
919
76
1039
168
946
645
666
325
10
51
1086
1275
632
149
546
292
1076
658
666
1540
365
554
1218
1262
16
709
997
407
28
1885
218
598
1341
97
1980
697
1147
1027
2503
4117
1354
2059
1126
177
1809
1872
171
2364
1044
1830
28
1903
1176
912
2346
66
197
1228
196
1275
3238
874
2590
1485
461
1741
1250
331
1
117
231
637
1336
1263
391
1596
752
1576
231
1588
1495
1166
120
3
1196
656
2787
3670
171
84
1489
442
1550
361
727
874
1068
1798
1629
854
39
1083
239
1021
2493
1739
3
1823
40
2080
253
1384
1088
3126
450
1293
483
2082
656
1534
21
454
1282
303
703
66
1486
796
2388
1
1249
853
91
91
592
1
394
1327
7
692
1009
412
190
1322
1225
407
436
21
3031
357
121
895
828
572
283
1697
351
658
1115
105
695
346
269
60
45
276
1228
276
300
214
351
153
1150
2364
3
136
435
136
36
1953
133
501
1398
885
814
808
674
190
930
1311
178
211
21
400
45
114
