780
537072737
331690876
489353334
881454400
729249736
752424054
583291536
690991436
60895364
627068359
689140210
958255736
609880593
911494864
277950124
824232199
879422843
353807456
264434285
49620405
139117888
341786225
148909961
229813588
612062805
685105208
725109781
852509539
669549684
877977078
726271522
903196001
433412358
947834711
129738319
931817212
969561942
644406566
127294174
231350072
875231206
388641189
910774044
813747000
573479461
349654386
783299744
953339091
28243762
22251557
457466192
455468395
75962211
244989401
298927075
265467885
353163539
222047388
168726695
744357513
986715244
172740749
727890712
429419515
274898767
287947490
881210696
299215617
838581941
698853856
572567286
880750921
460242448
882666563
576844862
441243914
669097319
483306725
996650338
895262062
99958245
645577858
797174584
748155426
962146795
457526340
216141424
780051712
526394934
165711621
518155328
918520183
534065054
799399093
87692418
269659816
482829117
135581330
652609593
63712942
364289713
374176187
123117349
756317986
970029041
222555899
629177890
342355633
378605546
401849720
167607628
517987319
901089501
599275136
455355941
885697453
389360062
95743443
182514306
40619353
216375051
938348266
196256560
400633930
206596354
642607891
499538462
41899872
398487615
876821408
703148324
295325361
763712601
126486631
926827259
951312831
462019102
562649342
443100419
385100841
995992275
899788003
44864612
148752331
723943437
447190454
636456871
211075246
643583274
919818995
964817240
652995015
56278204
367297755
497855458
762908986
851032997
384705014
947583530
467803329
862749532
767665875
523869725
940462507
75307722
973156537
673642286
245524214
366899245
32207237
4414110
461222611
905001839
818441066
270109987
106098618
21011284
373932141
466897454
138072561
743513963
204987630
605956092
2630944
441500864
674772524
917174061
615495040
760023571
575261314
477698121
650345222
286105658
926523682
70360458
938868844
332233492
312003026
730476085
799960074
930279011
185554453
972657234
638428706
285341860
508426377
260956623
462122076
595852403
139068462
980195705
330509711
200392818
104860992
242397765
431794620
721210409
621950495
858547129
941968645
723451989
626808541
649657291
293514710
325563636
781228167
114708789
39502685
942316836
282475222
264231017
368793313
799345773
236102729
987292940
218646576
709134827
11159990
321692882
341024489
681581897
157597273
432564068
84113045
849592727
942726547
223820591
580790008
802447637
526319169
766910911
147463905
312517160
652633397
293416136
1741595
480825464
578478343
600600848
121087753
270748991
677057083
900157839
382302781
79106453
349115929
224815850
976749375
285728978
780528361
134261513
790239413
972091271
865265898
910588229
465406881
559875856
104518253
936195418
208396227
488458123
768060116
776373313
910407857
505314630
602085764
461245281
998246461
427089658
342913369
586944344
645244291
336143268
780877702
827826214
322201162
881443656
951059411
835978908
236606581
701504066
855084527
435820317
539218609
235819867
77041220
821574509
633140048
398543220
33619777
526154416
735644313
996538874
49575643
652838773
881867146
663120559
244635565
73194713
669373489
303431234
847440100
332231622
346057182
361539314
946279261
893529027
700609995
399600094
920121972
208760969
252476180
742066635
626240291
93608138
318794812
653097160
210961045
30182952
583795060
257388905128938176
440804957044010722
716757601163001066
659463455367976023
35934649323792524
525626109563047196
928862471518760578
497776705092187442
6423713053721636
213798212128297755
688365271445778295
359604968998698091
52840407839890496
799293563741176208
293967353435829064
422907681948837239
93202370594222356
216740747741229650
609580839904437029
100924802316114900
728503614235118190
865987999615878500
116404329864880437
95404364381373602
311968042635001740
746512361823744900
882494737189161434
420871578160432086
586814713434131712
808212120939317486
640150876891574113
722209120761374899
442726125404351493
219415116659788333
194184404934572861
192461275017131130
358458689709815995
715128641780430384
853865013468132262
558796710254175154
943406513675179638
750459201096153027
448835695873172435
112906460383351937
642133969546248185
752250047908759923
228842704879247991
9604861377112119
799370391267485044
937674268950957530
144276967826177962
651149557088786409
601762132250587243
164163035223800760
381005258678867437
778692119220057593
742884364635203679
759784902254398962
508681645766629400
202715269159657121
436029883003401924
154172681841152360
211356978132965697
621512836316012347
858989589361719553
348503249132531808
198826324920655907
330905401420131031
316973103585843968
290528640071244965
672973226886275798
320656187858098465
373516344319422474
251822879179304822
926900254013844036
247673650912176186
957590438537653727
992326647998528054
208479217097420871
942700505830927457
21644820319483710
323621710173706791
656901700502848762
626182378363172609
110195083311753912
97467617715790451
815754573856012756
560536724788527817
166445331508816111
399282522622071316
495178214223134421
741432065365042292
450905431447817879
905730233870685944
207315374465039736
61642370262422060
900953629322819561
882602411159831014
811236029763266634
204472319675979633
929866956139686678
329105408969346253
24145920690252461
537824225145231090
611485929653032317
602410830441878368
965483219698959120
52400918688859795
882910670796400946
832577106214280437
601490934332589240
76250300631614479
837325002439880934
328294129176637351
810658602201801758
378969326297589671
362040024125464685
294436113202990227
773467747933088713
731069903685248916
947174607066568058
845500948868919165
276580324834986555
896988012019377678
232546823386844
678074578118659644
304617074264700515
399314104454578428
185124222651687625
236357896392472862
719934214015033193
282471875670151892
699922014096459336
63291981836921712
857185405715484047
970817288541515134
992870980227438104
695834628623234282
508112444732786154
737831539577017567
734301466780839150
545708244245072818
716656291673914477
996683734762880160
862478457398516144
329701882619757872
554626152633502220
567518152387723783
969013787203075155
312153995386847066
428252884710844236
560207584519012669
104085086899418369
913633570246836801
505029937551169207
5444405890651041
274187491458177427
790982468095586735
135526304752357975
640872641820256106
642802011314949039
603940491414423256
965956807258348755
640683368533501933
608470186414266383
604751369115606970
933324450816833369
931340584839285314
837343426948743019
592467690585909303
511115396116922515
480550000818597338
84736020135346653
758763732993149782
950305978839225068
960473819770348465
789337813622446320
610933843094904287
827808596097605342
548777383220139369
984080747519855338
511619651061479967
190147616147230109
556030276733740895
78574556391249311
21381012792394333
411386881374917102
917605984036426029
388046639952562784
166604373433931709
604603303314466168
741781959555346779
632778482547448655
624434673782401566
877524743165896724
455202331846491151
843769671688913952
722681303821031579
793740790068406167
956641494392365224
270071302432490524
373813302471580687
740979500081469319
781427422165082151
76871841301017676
792976726866775550
307145006274386993
639407640944152257
423061119981820462
563972530003035400
66804279480153982
757691990728148594
530112857248249782
451937771870720349
134853475598839077
997394830748842791
824211589124651731
485421318419462838
218618740573163207
104650146456246666
235794965178837474
951575869168420383
168848231006020373
872637287771725330
265353837682548785
649032492919952157
669585543482979541
618679569376967919
467433708244741973
683913137915810972
406155953787684463
773947373662674159
720517728952127648
801270474470380958
520210700628716690
820379326668682010
123655839100702741
634962203380612797
498441173725553795
648081187151710814
245453823133461964
242168981505709824
265540442210395421
348016728632629367
758333378525073026
475895222010589119
426909177040531182
992082142501673324
466884011434645735
241399397554152040
264687247127196381
206718204775186583
780389959875551026
986545722998863991
659042915127997527
759874199953422424
296685201146268097
442550861292987291
728852547191447030
592671333961304941
302234114604101899
206940044141024675
917127805660473678
995024002416977424
350524411312181572
624147427422239021
525854091467168341
542068312623572589
279143466051510953
372766933478162111
668777831676772897
933741996429941438
176818130146960637
972290849042410770
433145519691374774
364446296919366518
3433759348614472
10994756620122960
395756695636160582
252675098313336975
306197585773486625
309714135104766420
219122082536107566
893767274024237561
9661868244621421
175479426031674061
236590300704804785
459211879788356780
732482900072845592
460848855371509976
29964687447963998
281925978893288518
952943540616446329
718377889381503885
176752843996368557
419873719869822017
390935982897476580
659325051286011171
166217926460801966
992326668637441740
309168312852509692
677381441052333801
26495632728950979
929800159921315754
351901916178027543
397854428432955865
16111681352884471
900557801759440098
386789881635983464
803556984828648534
41009740644811240
283961143140578092
586711380864493111
900905761935532781
968381673570831774
19727260165439330
696471000091182918
723873879165290159
67203443074832844
145165576732077423
202354343236160700
40699987648059090
626880133718582386
751545334370279978
34901306526584366
631722593755585675
522936482393110196
650622472304782237
314545082213216321
453603550410185957
723695244653523270
205486232102493633
193181406144471216
627093454571181012
389810316516877064
874479569112548514
271612512267523278
540823886128065256
278260113920476383
774276872909833249
99805
58953
73284
94886
97902
13936
87629
84506
84600
72086
61432
50401
90570
23689
11078
70556
12408
67525
61412
47295
93527
37348
12002
86799
78216
90196
20202
15574
16176
86033
40440
45625
70225
58039
47908
42736
29757
4510
37604
74108
15786
85995
9126
19555
41505
34397
1824
83047
37342
50008
39274
71032
43238
22770
78218
36936
14085
9450
59417
546
66833
32059
83002
23072
9997
92563
41347
13366
74607
72073
37145
26997
16792
63822
17979
80376
65002
18967
11329
10028
24303
89077
4551
66287
2602
97062
27038
55237
51095
82463
75315
59137
87850
48808
40571
78174
48621
64033
7036
34709