3104
1165
3103
3110
2412
3204
1220
1625
1333
10313
74
4041
6
2060
4200
666
11210
4233
10101
442
1456
1114
42
1231
3213
745
1440
1416
2255
3424
3143
2230
10020
1144
2136
264
1442
2003
2522
1454
414
761
262
1500
1664
3211
1520
124
1010
1554
3150
2212
454
526
10224
11424
2002
2622
2141
404
1255
401
1132
12003
220
656
322
1267
402
3534
1226
2605
1151
1360
12134
2333
2020
1044
371
603
2405
12032
1213
1426
4305
1124
1302
665
744
51
1051
1307
1304
12240
3342
564
1103
1454
2150
161
1662
10423
420
753
2530
1275
505
35
133
4012
1623
1444
2601
1140
2322
1303
1225
1602
565
646
1021
1030
1430
1032
1024
441
304
2340
2111
2533
2413
3411
203
1304
2043
1212
1350
1503
12412
1214
1352
1311
1617
510
1026
2426
203
2020
2313
76
2331
244
1233
2123
445
425
414
1002
10230
11013
2554
3404
3145
12310
1330
41
2550
141
332
1565
1220
614
3511
211
1525
434
4111
506
10222
2240
3
1655
52
1673
2256
1601
2150
4222
2225
1063
10221
72
2455
4230
1036
2321
4343
666
1261
1464
2520
1273
200
332
2012
1010
2412
241
543
1103
144
25
2544
1232
3152
1411
4033
1221
2435
30
1164
4005
10220
2444
1144
1700
4201
1432
113
402
21
3330
1114
1536
326
166
177
25
12322
240
1552
2534
641
260
101
1100
2435
1250
2120
2440
2103
12302
255
1072
3153
2333
206
402
11004
1033
765
1132
1010
1146
12210
3230
1120
2234
1314
3544
1202
200
1303
646
2133
740
2012
2123
3153
1662
507
1430
1002
1272
232
22
712
1222
1031
2242
12130
1135
1501
1220
104
3013
11221
1654
1211
521