279 45 42
20 275 186 -137
184 255 17 -108
47 117 17 113
35 176 29 -78
28 95 110 -58
110 218 73 -180
10 108 20 109
54 209 124 -182
45 121 232 133
61 196 180 -94
99 181 75 -8
184 15 16 180
91 144 152 -87
147 163 35 2
89 190 117 -167
161 169 108 -97
26 14 73 162
178 15 24 144
22 188 81 79
48 91 206 93
140 193 64 -74
13 82 122 186
45 28 193 197
53 8 226 251
102 106 57 155
120 170 116 99
41 173 161 -80
65 179 3 -37
184 16 76 108
265 203 12 -55
16 262 206 -74
152 14 112 228
78 266 65 -6
63 278 81 -233
115 134 28 -70
99 195 164 46
11 173 34 -149
0 24 104 76
75 266 21 -179
216 59 19 193
122 34 41 19
75 74 55 32
48 99 86 47
219 255 15 -15
103 105 20 46
98 10 WHITE
94 275 WHITE
7 74 WHITE
37 190 BLACK
98 5 WHITE
151 168 WHITE
152 167 WHITE
97 6 WHITE
97 5 WHITE
95 275 WHITE
36 190 WHITE
7 75 WHITE
152 168 BLACK
35 190 WHITE
8 75 WHITE
99 11 WHITE
8 75 BLACK
35 189 WHITE
97 11 WHITE
99 6 BLACK
6 74 WHITE
96 276 BLACK
37 190 WHITE
8 74 WHITE
95 276 WHITE
6 75 WHITE
99 6 WHITE
36 189 WHITE
96 275 WHITE
97 10 WHITE
37 189 WHITE
96 276 WHITE
99 5 WHITE
99 11 BLACK
98 11 WHITE
98 6 WHITE
150 167 WHITE
150 168 WHITE
152 168 WHITE
151 167 WHITE
94 276 WHITE
99 10 WHITE
