97
0 91 11 15 29 70 7 11 56 26 64 23 56 24 10 20 55 40 67 46 4 64 9 33 68 99 46 8 55 17 77 15 77 26 48 44 62 62 69 44 2 69 30 29 86 11 80 44 48 43 92 94 100 62 79 37 3 10 93 48 91 23 1 84 20 63 92 25 95 11 96 77 26 54 22 17 53 76 86 76 65 98 88 7 96 25 67 40 35 33 23 35 19 74 18 59 80
57 0 79 36 58 11 8 7 2 77 47 25 3 24 5 57 9 49 3 68 40 34 9 44 11 71 84 28 44 48 28 95 65 99 65 80 58 63 44 33 45 89 2 91 43 1 76 92 9 74 10 88 73 89 63 87 20 6 29 31 75 4 80 41 16 16 10 99 35 31 87 22 12 14 44 28 77 91 64 12 5 52 45 30 61 28 78 67 72 62 81 52 71 97 29 15 35
42 5 0 73 63 60 30 57 61 86 10 33 10 7 63 44 86 53 32 99 32 5 21 54 61 13 45 19 76 89 62 89 26 42 94 55 61 89 76 66 48 36 74 90 41 38 9 66 65 45 93 61 89 65 79 73 37 14 33 85 27 72 76 87 17 26 65 73 82 98 92 46 94 90 83 84 36 70 32 50 39 71 66 44 4 55 40 50 76 21 51 5 20 89 94 76 77
25 78 68 0 71 46 61 2 77 75 51 59 38 93 92 16 12 93 67 28 81 96 97 90 43 76 89 61 12 97 29 82 13 68 60 78 99 20 24 49 95 95 82 28 11 22 44 22 75 51 9 21 64 95 66 84 12 17 87 43 98 93 70 8 25 51 25 90 54 100 24 59 94 58 87 41 37 2 83 35 62 86 79 33 37 50 94 74 74 91 40 31 17 1 15 7 82
3 13 44 82 0 76 97 19 63 27 24 57 46 79 86 51 92 31 53 8 51 26 14 10 7 66 35 66 26 6 21 40 34 25 86 59 79 62 75 5 41 41 78 55 44 91 56 54 83 60 97 11 64 56 28 51 88 27 85 75 74 81 5 42 33 13 52 22 71 79 54 84 3 12 76 35 100 36 50 41 36 99 2 74 62 75 99 53 44 27 50 25 77 75 77 98 92
66 99 25 42 53 0 57 49 22 64 100 13 9 88 12 77 31 69 93 69 85 62 63 94 18 38 91 56 31 86 98 60 85 30 74 83 84 78 91 68 90 81 32 16 96 72 11 91 10 90 93 7 8 83 66 5 2 61 18 12 41 42 56 47 19 4 47 81 2 32 6 75 100 85 11 55 69 5 34 61 23 54 46 14 35 14 77 51 21 12 53 90 1 74 87 72 88
86 96 62 41 48 69 0 2 91 88 63 41 100 49 37 24 100 55 49 64 17 2 72 33 84 62 77 68 62 68 53 79 37 48 45 1 67 5 24 1 43 96 58 76 8 37 42 97 83 16 64 18 30 8 15 86 3 4 32 96 55 58 85 13 56 57 42 9 8 77 69 9 20 92 86 35 55 51 36 45 27 5 84 75 39 67 75 100 50 35 19 64 84 20 85 35 82
9 97 65 48 33 100 93 0 73 1 51 46 87 99 57 74 41 60 97 46 89 94 71 97 61 56 60 83 52 35 12 8 72 75 30 60 80 59 81 2 76 72 24 68 32 94 79 35 22 37 77 93 61 64 96 51 22 100 80 57 62 97 81 69 50 100 4 64 86 71 27 66 45 69 28 70 88 42 59 4 56 69 97 17 47 67 30 37 79 2 2 28 47 14 2 30 85
50 15 29 40 48 98 16 36 0 26 35 27 56 76 32 14 17 65 36 5 87 20 84 52 93 38 77 69 60 88 88 8 87 25 50 87 78 19 50 83 98 18 71 48 45 61 51 23 30 86 80 80 41 30 61 10 8 38 10 94 11 23 63 50 69 60 29 59 2 73 7 25 63 27 24 15 23 39 10 57 100 28 14 10 91 65 96 49 94 28 60 66 20 68 12 51 57
13 100 12 82 2 67 37 65 52 0 7 95 42 87 66 22 54 4 61 61 21 51 86 52 70 38 64 74 68 64 38 94 36 6 3 56 13 15 95 41 44 30 37 32 61 77 5 21 65 88 85 97 85 55 99 52 63 36 99 59 40 37 17 82 20 34 34 60 66 19 39 2 22 31 15 59 48 55 38 39 55 54 75 89 30 71 47 22 75 49 31 31 71 89 38 45 22
74 75 4 95 29 69 9 43 42 79 0 22 80 1 49 46 48 84 85 94 73 49 54 55 9 64 1 43 84 4 81 57 52 63 69 24 4 89 65 26 99 74 83 23 90 34 93 11 62 47 18 73 57 56 5 9 62 65 42 40 54 25 67 62 82 54 44 48 66 80 12 72 99 11 20 96 80 42 99 28 29 2 84 8 36 36 3 54 52 9 98 82 61 23 97 71 99
100 54 45 13 48 89 82 87 21 73 14 0 14 57 3 73 66 52 30 8 6 30 94 50 5 95 16 31 22 2 84 85 80 55 31 70 26 25 96 78 86 61 33 26 33 15 93 68 39 7 31 92 52 4 1 35 5 90 6 10 37 66 5 80 42 19 36 99 58 99 17 90 50 74 67 11 32 18 41 68 42 33 63 7 72 25 57 3 69 40 90 4 46 89 30 14 25
10 61 48 84 85 4 78 76 41 53 60 79 0 86 54 13 34 37 30 66 52 89 34 5 6 60 67 85 35 46 88 68 28 89 8 76 100 56 55 12 86 23 48 58 100 77 89 84 5 90 32 99 46 18 39 30 13 13 40 41 6 76 46 87 11 16 47 62 66 51 36 49 8 7 93 32 2 34 55 59 75 18 84 96 4 41 65 17 25 60 52 99 66 70 78 58 17
26 74 19 74 19 95 7 97 74 23 71 58 6 0 45 5 16 89 30 14 53 46 16 33 70 71 90 1 4 78 49 20 54 63 27 100 73 31 52 34 15 60 43 62 60 87 98 33 38 84 5 98 94 10 88 77 62 11 19 46 1 37 17 24 77 74 61 71 72 34 78 70 90 15 28 42 43 37 56 1 34 38 75 81 4 5 44 93 2 58 48 84 25 5 69 58 23
44 51 56 26 20 21 41 55 82 60 34 3 28 1 0 67 69 35 86 26 52 93 95 81 33 100 2 43 23 61 36 90 32 79 51 72 53 95 82 29 24 32 86 72 90 56 76 26 6 19 28 82 41 94 56 31 58 93 34 78 2 51 37 24 66 64 6 32 81 44 61 96 82 82 98 35 89 69 82 16 22 81 58 10 67 83 71 75 77 34 7 18 64 46 47 25 88
77 79 38 95 24 30 26 81 88 55 80 42 96 85 47 0 28 30 54 19 31 57 67 100 31 31 55 90 24 9 76 2 61 59 70 94 21 93 17 11 56 44 19 91 29 35 18 76 12 65 13 82 57 98 71 3 32 57 43 16 7 26 18 96 68 91 15 66 74 16 21 33 89 31 62 71 99 94 62 88 34 69 88 49 98 28 82 94 68 17 64 54 89 94 38 63 12
75 87 86 86 59 78 31 42 30 60 91 76 38 19 22 36 0 36 99 19 61 35 74 20 62 7 49 57 26 57 9 50 49 28 46 26 9 55 56 32 4 79 23 86 12 58 57 71 46 9 21 80 8 18 28 86 7 42 93 68 74 32 15 64 59 94 13 68 55 87 51 62 29 97 99 88 29 17 61 57 16 71 40 1 31 68 18 90 89 6 75 33 69 96 44 44 6
39 87 85 93 8 25 30 33 65 74 98 46 49 52 3 81 8 0 14 99 35 40 53 15 86 7 12 71 54 79 89 67 28 19 33 66 79 4 13 83 54 6 63 78 75 62 62 36 20 80 35 94 50 44 43 37 1 2 54 39 54 85 42 52 10 11 51 59 92 79 36 74 63 37 96 1 99 58 30 25 69 75 37 15 1 60 53 73 46 71 44 1 36 83 57 34 60
8 12 22 84 41 34 47 42 75 10 49 6 10 13 70 36 92 87 0 75 93 1 66 75 92 15 96 89 91 17 17 2 93 16 66 37 80 88 10 13 35 75 87 91 22 44 42 45 40 57 7 12 17 95 85 16 30 92 2 94 53 10 4 78 45 74 4 53 14 18 33 36 16 85 2 78 27 12 85 6 28 85 45 77 25 51 5 57 56 53 15 49 74 74 22 72 7
39 100 59 15 4 94 54 57 87 28 59 77 34 42 48 78 31 6 75 0 25 49 13 86 2 70 87 94 22 50 49 14 76 65 76 60 36 10 13 76 34 5 70 72 91 65 65 3 25 79 70 4 19 16 19 90 25 66 2 13 100 57 97 49 12 81 27 57 27 79 26 75 29 4 67 47 16 28 52 97 42 47 7 47 15 90 37 37 91 75 41 36 86 27 52 38 91
96 46 7 67 73 99 19 13 15 43 92 68 65 58 29 17 92 62 86 65 0 26 83 51 58 22 100 90 79 61 69 71 19 83 77 80 33 5 75 20 13 15 11 48 9 23 65 32 92 94 58 83 54 94 20 100 59 76 27 47 90 26 44 36 51 31 14 10 9 47 33 65 59 64 21 36 51 60 99 36 74 24 87 55 80 54 42 7 82 95 11 34 21 7 57 12 59
32 30 91 29 34 60 48 3 68 99 22 3 1 34 22 43 82 34 37 20 36 0 40 8 33 51 77 49 88 87 29 52 94 54 92 96 86 6 82 16 94 15 90 8 14 42 59 81 74 94 10 3 26 11 99 100 11 85 72 54 9 84 63 63 94 100 94 69 43 11 16 12 38 59 43 57 37 91 77 54 36 27 27 36 37 37 77 89 23 16 14 80 43 15 18 55 94
57 94 100 11 23 13 31 92 27 22 49 18 56 99 29 97 12 50 22 23 83 94 0 7 95 79 15 49 58 40 73 86 44 3 87 58 54 19 34 2 86 82 61 10 62 2 41 22 24 64 91 11 16 73 96 23 42 70 81 88 56 82 46 35 83 64 71 78 51 43 40 51 18 71 39 5 37 67 93 52 100 84 92 65 99 96 56 34 63 47 81 34 70 79 64 72 72
26 1 77 30 57 2 28 7 47 4 11 81 2 79 64 3 26 41 14 45 86 76 63 0 67 49 89 80 18 19 33 20 8 83 80 88 63 71 71 73 15 6 48 5 2 12 17 27 14 14 94 46 6 50 91 30 87 96 41 60 73 68 53 51 34 71 35 30 51 98 39 99 95 85 93 61 49 14 33 66 71 96 100 35 21 15 46 92 40 51 14 50 66 100 83 60 12
38 64 90 46 64 62 14 72 91 74 41 77 24 5 4 39 43 46 82 19 54 93 59 11 0 17 69 74 4 73 76 42 13 41 74 100 3 42 62 78 53 47 82 53 67 55 22 29 85 21 99 93 52 2 20 1 43 40 79 37 1 51 17 24 89 4 39 77 49 58 31 79 53 48 63 21 61 81 56 89 68 3 100 84 63 30 79 49 97 34 76 18 98 85 38 83 16
59 14 75 56 26 4 94 8 28 69 99 100 31 58 66 6 52 46 10 9 5 2 63 49 55 0 34 5 51 43 90 37 88 1 86 94 33 33 17 20 1 8 80 98 56 31 49 13 81 52 76 94 83 50 3 16 29 97 8 4 66 14 55 2 27 72 22 76 71 7 38 45 78 38 40 64 27 73 48 68 83 26 79 9 27 56 35 24 38 94 57 99 19 27 22 92 87
88 4 76 63 90 17 50 33 64 49 76 24 35 80 81 49 83 22 17 77 88 18 73 1 1 75 0 72 48 24 61 32 21 17 62 92 88 3 6 24 87 10 15 46 2 67 13 44 74 84 74 66 70 100 57 84 98 4 99 68 50 72 9 49 49 10 14 64 2 65 56 75 24 16 15 12 77 98 49 72 70 52 32 98 37 27 85 19 26 19 93 54 15 49 87 100 58
3 92 32 56 73 85 9 5 24 97 32 85 85 8 86 82 61 13 37 5 77 47 99 20 10 51 46 0 91 19 65 78 16 62 31 60 82 28 35 82 35 48 42 32 100 100 91 97 100 29 99 28 14 1 26 21 4 8 52 32 63 45 26 98 25 63 1 17 59 7 82 48 79 95 24 10 4 50 82 50 95 82 37 94 84 64 21 58 13 93 79 92 74 7 46 54 36
52 46 27 39 12 66 20 89 51 75 55 83 76 18 72 26 28 72 8 86 71 45 42 97 32 33 79 75 0 90 23 46 47 84 79 32 100 22 24 71 32 57 6 70 40 98 41 24 8 85 68 27 47 94 38 87 93 96 92 9 48 59 50 67 16 22 21 66 12 85 7 97 65 49 43 29 46 34 2 99 13 30 91 30 6 54 49 95 62 99 85 71 21 33 34 34 74
39 69 58 62 90 62 3 57 53 5 92 9 17 100 46 30 49 71 91 41 96 42 13 17 93 49 29 9 96 0 43 42 82 50 58 21 16 1 60 33 87 20 35 60 36 86 93 30 40 98 34 93 20 16 86 29 44 22 68 52 90 31 6 8 50 2 66 11 53 7 80 47 67 48 84 55 72 19 1 6 98 88 18 54 1 75 31 28 29 83 71 61 60 21 31 4 6
90 17 26 73 40 73 14 25 82 28 12 54 33 43 5 25 21 12 1 72 75 5 71 94 96 6 23 86 25 71 0 57 59 7 51 64 99 72 21 67 45 14 100 33 22 1 88 14 58 22 36 36 34 66 9 89 20 19 9 20 1 7 85 30 24 90 31 50 21 68 54 40 43 44 35 19 94 20 58 94 48 11 14 3 85 49 42 35 31 83 84 26 13 100 86 97 65
40 66 46 36 95 2 5 34 59 60 19 99 74 9 21 50 13 79 28 74 76 56 98 75 62 4 12 20 76 76 76 0 61 39 46 26 23 61 96 96 41 17 32 36 96 77 87 40 79 17 34 14 100 43 87 18 32 61 34 33 70 14 28 55 52 26 88 67 37 20 9 67 74 86 16 85 17 6 79 93 70 39 47 98 84 52 20 17 24 20 64 62 61 30 59 79 7
42 77 76 87 94 67 64 98 59 54 32 77 86 90 51 14 5 59 57 22 61 90 10 41 30 92 48 86 37 6 78 57 0 58 17 7 42 20 78 36 79 15 24 89 32 51 17 94 20 63 85 64 64 28 24 24 25 81 17 37 11 17 87 78 46 58 31 66 55 20 56 20 74 83 56 35 80 37 53 59 82 4 26 91 66 24 42 82 51 33 46 64 97 40 22 68 86
100 18 59 49 28 59 10 1 36 97 83 3 95 95 20 11 85 79 22 38 48 54 57 97 90 99 81 96 10 47 30 5 16 0 23 18 76 23 33 1 82 36 89 74 79 67 13 91 100 50 3 43 56 3 13 75 97 89 94 66 70 90 43 87 72 3 80 87 76 90 62 7 37 36 97 93 34 72 62 94 61 30 43 7 58 39 28 30 12 78 77 74 39 53 43 12 27
13 43 15 26 8 57 20 24 17 45 50 21 66 77 8 72 50 12 89 76 53 71 21 4 8 30 99 22 99 67 55 22 55 69 0 99 99 64 38 20 62 25 30 77 32 70 71 73 76 24 44 2 85 40 30 36 70 25 70 30 62 25 72 5 32 80 35 56 62 91 86 86 37 29 57 89 31 17 69 90 92 6 72 38 39 28 56 17 57 4 19 78 67 91 61 57 14
71 83 35 84 37 70 17 98 54 25 6 44 7 12 77 60 77 11 50 80 29 100 41 85 53 20 3 60 5 40 20 61 76 86 51 0 88 21 14 23 52 78 82 99 23 71 39 24 74 68 67 22 29 87 45 50 33 61 71 17 84 49 25 69 6 26 14 4 1 78 94 37 95 5 63 4 94 30 64 8 33 98 22 68 26 18 54 40 1 29 95 25 42 32 98 31 98
9 38 49 52 93 13 69 33 43 14 96 10 62 23 18 71 87 6 65 15 47 72 71 22 45 8 92 30 33 11 40 23 55 14 58 48 0 93 7 64 46 81 39 31 91 17 54 95 15 90 97 56 1 98 81 87 32 11 31 52 56 40 2 9 39 6 76 86 5 22 30 99 46 24 54 61 81 14 54 30 23 97 30 60 30 30 17 54 79 73 83 82 30 86 91 73 97
22 30 60 44 6 44 65 32 72 34 40 72 74 67 17 68 59 61 59 96 48 51 76 12 81 5 56 18 77 31 25 11 99 13 32 89 16 0 91 14 38 69 68 65 21 88 42 19 18 85 47 56 50 75 59 21 87 100 10 27 82 73 54 66 6 83 46 72 29 90 54 22 53 30 14 39 34 18 8 88 83 90 88 89 87 19 29 41 22 79 43 4 40 56 89 8 46
64 63 30 49 32 38 2 21 11 25 91 2 52 74 18 20 48 43 87 42 86 67 8 89 27 38 55 10 81 91 76 13 51 57 94 39 12 46 0 92 30 57 22 95 44 95 66 21 82 92 66 26 51 85 90 82 34 61 99 63 24 72 100 81 98 99 43 85 60 53 80 96 27 67 46 50 11 28 1 68 68 41 97 17 89 32 57 81 60 60 66 51 16 78 79 30 21
17 87 33 57 93 37 8 47 4 12 83 93 67 83 70 53 71 74 24 15 4 57 3 84 62 29 12 29 39 89 54 82 40 8 52 17 42 63 37 0 22 27 88 86 27 89 33 38 79 10 47 2 64 54 10 45 5 15 76 82 53 97 84 34 34 55 86 93 38 19 87 97 35 10 88 14 99 70 51 2 36 64 29 12 1 45 5 35 44 54 36 87 47 73 54 91 93
31 76 15 2 44 81 79 86 65 34 17 76 20 16 23 65 68 79 61 96 50 40 93 62 42 50 60 40 25 68 12 54 31 88 11 43 20 30 26 4 0 62 91 32 48 9 49 2 66 38 9 16 51 26 100 54 65 9 63 73 10 6 72 98 50 90 30 27 83 1 47 46 73 75 69 14 79 65 84 63 63 75 65 78 16 98 1 18 61 52 91 3 92 64 7 96 72
46 42 47 83 62 2 1 82 13 64 54 2 54 43 82 55 69 83 80 94 79 29 9 51 24 77 38 32 100 94 48 13 26 49 33 90 48 32 45 87 57 0 88 80 53 4 97 93 97 59 30 93 89 17 75 29 60 82 93 3 3 29 82 66 15 38 2 87 7 93 21 9 14 87 37 58 27 71 13 80 92 81 9 94 76 14 47 98 48 22 79 11 65 17 11 90 39
86 30 73 45 92 100 85 29 46 97 69 83 61 16 62 22 59 12 61 60 81 95 8 21 81 32 18 24 43 2 84 45 55 18 1 57 68 10 2 17 79 17 0 60 94 68 100 25 35 88 36 79 34 92 6 13 96 57 66 99 23 23 61 36 13 43 9 49 96 100 66 72 65 14 9 5 43 72 64 46 15 91 28 22 3 29 11 85 87 82 59 29 95 83 65 16 35
66 82 72 1 8 32 65 77 17 85 56 79 20 81 24 90 58 57 40 85 69 25 77 80 54 33 83 23 83 26 71 96 88 50 78 11 12 72 40 55 77 85 15 0 45 14 84 5 65 92 55 36 60 78 1 18 11 75 57 37 61 32 20 49 89 69 67 43 56 19 73 15 70 4 34 40 90 87 73 41 90 81 25 41 47 61 11 76 38 39 74 43 45 14 25 4 87
51 11 40 50 58 72 71 38 11 35 66 63 3 13 14 7 54 2 17 58 79 36 84 39 9 18 87 87 91 82 76 61 99 56 85 14 91 33 73 74 81 20 87 28 0 34 83 6 66 22 99 28 27 72 66 53 96 95 27 100 41 79 20 16 90 82 89 13 16 23 92 36 99 81 49 16 94 72 85 10 41 10 68 87 5 61 85 41 34 67 63 60 81 97 49 97 23
40 73 51 28 32 77 5 87 27 91 98 42 90 78 98 51 34 100 59 22 25 38 7 62 80 42 42 68 57 71 46 16 65 59 1 59 52 34 63 32 97 19 20 54 21 0 62 36 43 50 91 59 80 71 66 90 1 84 33 14 56 80 42 22 84 84 13 1 14 57 9 52 77 90 56 67 14 74 34 49 56 27 6 100 3 77 17 85 12 18 29 33 64 5 76 96 9
99 63 19 58 55 28 92 44 24 53 2 53 62 45 65 27 69 78 43 14 66 3 3 68 19 23 25 48 68 44 8 75 23 35 1 75 58 12 57 2 55 13 63 51 43 87 0 77 74 99 80 47 20 78 83 18 87 12 13 23 96 97 8 47 21 14 73 22 58 18 46 91 35 98 70 75 32 25 14 91 67 34 48 37 19 90 16 16 4 10 93 73 45 28 83 47 22
89 9 80 74 81 39 35 97 51 49 15 72 67 24 33 59 56 66 81 33 56 74 77 28 8 25 29 26 42 85 99 94 99 45 89 78 61 30 21 44 22 70 20 98 92 18 71 0 58 7 56 66 90 69 60 66 100 85 94 47 64 82 6 24 9 98 70 16 87 20 87 58 56 64 38 35 67 22 67 89 78 19 7 69 83 47 50 31 4 20 23 43 42 23 82 67 35
28 17 54 40 40 47 88 68 75 10 65 40 26 32 47 68 29 18 45 60 46 57 41 60 97 26 87 22 68 69 10 13 41 1 67 40 36 38 7 72 35 100 13 42 21 94 46 30 0 15 24 87 95 12 96 69 18 68 2 31 47 62 10 55 92 97 39 30 66 29 78 53 9 92 38 56 76 94 94 86 58 90 29 81 61 100 26 91 39 32 59 60 88 26 78 7 8
57 43 50 87 16 87 37 17 31 76 80 16 11 28 49 46 20 37 6 57 74 9 41 75 86 67 26 98 17 31 80 72 78 69 12 16 52 66 79 23 87 92 38 21 71 29 86 96 53 0 36 61 98 8 1 44 68 68 41 7 46 58 80 94 58 83 3 90 91 32 52 90 43 57 1 100 33 4 59 92 70 53 3 43 73 96 46 45 68 27 83 36 60 52 89 64 84
27 89 14 27 4 39 79 20 63 59 13 92 62 100 69 52 9 59 22 66 81 14 89 6 15 66 20 4 33 32 58 60 5 57 49 86 91 25 52 46 5 59 82 49 49 72 98 39 48 64 0 12 98 5 44 49 61 67 52 29 91 1 76 95 30 95 53 17 30 55 41 34 50 52 22 25 30 83 31 88 28 84 63 18 82 73 1 70 92 24 26 80 96 36 3 3 51
14 86 2 17 26 60 82 82 80 28 50 82 17 60 50 36 37 75 78 95 100 8 43 46 82 41 77 78 77 69 12 45 3 45 67 17 22 60 90 72 24 5 37 26 85 62 1 92 52 85 48 0 74 91 54 87 55 78 79 4 83 13 91 48 23 46 64 69 1 67 74 79 13 53 90 23 95 60 59 28 75 90 50 15 97 100 54 72 75 83 43 78 64 64 2 13 49
21 31 44 30 5 71 27 27 41 75 5 47 84 56 9 26 54 70 86 93 43 61 50 44 52 44 52 96 66 81 26 45 28 31 56 47 31 99 96 83 29 96 21 47 81 73 23 63 9 4 71 84 0 96 98 77 26 91 33 98 52 72 23 78 98 44 90 62 58 73 46 71 70 83 21 62 33 47 34 54 1 13 5 75 83 25 21 87 34 98 79 72 63 6 100 54 57
29 57 12 7 8 30 81 94 15 60 45 59 5 69 1 35 27 92 99 99 34 29 3 91 11 68 1 7 86 76 41 74 93 44 95 89 3 24 45 63 84 100 86 89 15 94 54 33 5 31 32 16 2 0 93 51 84 83 37 29 3 84 15 60 63 37 79 20 86 62 100 74 98 65 67 98 34 97 46 75 28 53 78 80 55 69 83 45 32 53 76 90 95 15 26 34 44
3 65 18 61 5 32 71 26 59 70 55 32 31 48 51 65 21 49 21 15 63 9 61 41 4 33 96 91 96 59 32 48 73 3 33 44 48 51 28 91 21 79 31 49 97 53 60 82 66 90 39 90 77 11 0 29 69 86 75 44 52 89 91 71 71 55 44 30 10 76 29 69 67 63 7 75 16 85 16 27 91 10 1 46 70 18 86 25 26 93 12 82 73 24 34 16 77
41 82 17 72 79 95 55 91 3 7 20 24 25 84 68 58 85 60 31 6 92 33 92 27 47 47 41 96 98 48 69 3 29 16 12 20 82 47 75 27 48 38 94 10 72 63 51 44 100 65 73 67 15 60 87 0 47 65 41 53 15 4 40 100 69 43 36 4 90 18 80 68 17 95 72 25 15 65 68 79 9 29 51 3 93 17 99 19 85 72 58 22 89 5 75 56 1
38 41 4 28 14 72 56 71 13 37 51 98 94 49 16 43 90 96 78 9 71 74 52 99 36 81 83 75 13 4 90 19 63 96 14 79 32 23 14 42 65 62 35 75 79 71 37 72 96 6 39 63 50 70 96 29 0 83 18 84 9 49 58 35 57 83 67 41 41 12 20 91 42 61 46 20 65 95 41 3 86 49 60 35 67 53 81 43 65 8 75 90 55 69 59 89 96
72 98 36 64 86 37 56 52 65 83 34 77 19 68 76 55 74 98 61 15 10 76 54 7 6 72 29 86 67 23 85 55 54 24 71 60 37 19 13 14 42 39 15 14 56 89 10 77 4 57 20 98 73 52 20 19 47 0 83 74 52 69 92 48 63 27 45 74 3 15 83 48 30 4 4 96 60 37 71 74 88 56 28 25 27 44 68 89 90 35 90 58 55 78 25 72 72
49 81 94 38 100 14 72 98 15 45 13 66 33 89 62 13 56 46 70 40 46 26 98 24 80 40 16 81 70 29 16 54 81 51 98 77 64 19 14 32 27 9 87 43 1 64 71 85 60 20 54 99 98 81 35 63 8 53 0 24 9 100 76 22 32 32 7 84 19 96 13 30 32 41 74 67 68 21 62 14 65 59 73 43 13 77 88 31 86 27 93 85 73 34 25 94 3
37 20 7 44 39 6 21 36 4 21 75 80 58 43 22 95 91 3 2 48 77 44 15 14 78 86 31 10 29 11 31 80 80 36 15 19 83 73 62 60 61 52 66 91 96 82 42 32 62 74 61 9 41 75 14 67 8 46 30 0 55 79 81 38 56 100 6 70 48 96 35 41 30 1 4 83 85 21 3 7 37 57 59 7 26 53 13 73 74 92 20 62 63 67 14 11 34
85 42 22 51 56 29 18 51 15 48 56 17 25 98 75 39 70 56 47 78 22 58 52 17 37 81 36 1 61 48 29 83 16 4 61 4 58 14 5 91 18 65 87 64 2 25 38 73 99 65 92 69 91 94 92 61 19 97 26 5 0 19 9 41 38 39 29 33 53 31 27 29 12 83 76 78 29 35 94 68 20 42 69 47 91 16 54 18 16 79 61 70 80 81 63 5 90
20 91 85 3 82 89 17 17 19 56 45 3 82 59 10 47 63 40 82 4 52 93 65 81 94 86 38 78 65 82 14 36 89 88 90 3 49 3 14 10 37 54 5 78 20 46 45 71 96 18 30 5 82 40 85 100 67 4 66 92 82 0 89 39 13 100 23 41 1 35 83 39 88 54 59 69 95 23 29 43 36 30 57 25 66 13 99 39 70 31 81 37 62 1 88 9 21
79 84 58 85 47 100 42 20 91 10 64 92 73 18 65 17 95 47 51 89 17 71 12 73 96 12 34 27 93 80 63 42 49 43 47 29 61 50 76 31 65 83 97 36 86 25 49 94 61 61 38 73 42 31 51 5 75 87 45 33 72 75 0 36 16 31 43 28 40 70 12 35 61 76 11 41 29 71 22 37 35 76 63 35 42 21 62 29 70 20 52 1 50 7 20 40 89
49 88 40 1 31 94 23 64 29 22 89 20 98 60 67 38 10 39 34 98 99 39 2 31 99 26 100 16 20 6 2 87 64 8 4 95 73 44 92 42 58 39 11 41 2 71 27 79 96 38 46 13 26 21 6 50 15 24 15 46 81 27 75 0 67 71 47 96 6 92 50 89 38 52 83 45 7 47 81 100 1 66 69 3 23 29 90 79 42 18 67 3 92 24 70 30 39
19 8 94 23 8 11 18 85 25 38 64 62 49 89 30 85 22 84 92 95 34 68 42 73 85 47 50 15 39 69 14 94 63 45 9 1 35 69 15 53 70 64 68 100 22 28 89 82 87 5 79 48 47 49 69 69 28 46 87 60 61 46 4 51 0 78 91 94 51 12 41 20 18 43 37 4 56 96 30 47 46 68 8 88 33 98 83 32 7 1 17 63 51 5 84 77 17
75 21 39 73 32 5 16 48 89 62 36 14 57 22 11 36 86 16 13 100 72 14 75 46 81 36 17 41 36 51 97 91 18 21 76 58 13 38 8 86 91 14 68 4 9 39 52 73 32 96 61 60 5 91 23 5 86 42 2 70 35 100 99 97 60 0 30 51 1 54 54 41 1 64 93 41 5 18 11 92 59 98 91 99 79 59 69 36 71 44 48 50 100 70 92 30 46
53 80 89 77 72 48 33 60 79 82 67 7 17 90 10 64 3 2 52 58 73 57 54 2 19 5 81 27 54 49 64 73 62 8 67 96 64 40 27 28 4 17 17 34 84 75 67 4 93 37 95 14 60 52 4 34 29 76 27 92 22 21 57 75 57 11 0 2 96 34 30 62 32 8 30 70 64 11 19 74 2 56 44 42 77 30 58 31 36 53 45 81 70 100 11 86 40
53 5 84 27 53 43 67 98 18 18 1 38 91 56 5 13 32 21 42 7 49 56 79 61 54 92 35 79 3 90 53 73 52 7 98 5 38 73 8 3 49 75 77 55 92 62 8 18 64 4 34 59 30 36 44 33 12 59 84 62 78 87 68 90 68 70 82 0 16 42 85 91 24 16 87 85 44 52 49 48 76 30 17 45 23 72 19 49 56 13 19 3 70 62 12 64 5
23 43 32 15 30 55 93 10 69 70 95 48 18 4 25 48 44 69 58 61 72 73 32 35 97 60 17 7 83 54 18 47 9 90 21 30 6 22 59 25 68 16 16 67 81 69 93 62 28 10 31 86 21 18 19 67 26 60 25 29 47 38 61 57 95 94 85 5 0 45 59 60 54 16 6 4 20 41 11 8 42 43 21 51 35 81 43 43 48 35 12 59 92 33 17 46 98
62 44 28 51 55 47 93 65 89 71 41 29 5 48 72 85 28 51 15 80 29 45 49 94 89 45 91 7 44 40 22 3 82 11 33 44 18 99 5 24 66 93 68 17 36 83 26 89 10 42 20 88 21 65 3 78 39 12 86 84 62 42 37 2 31 98 61 5 8 0 34 52 73 95 75 54 82 35 44 25 27 69 6 13 56 36 27 97 71 11 56 71 83 100 16 5 52
47 5 30 71 27 83 88 34 42 13 10 11 51 81 68 9 15 38 24 6 9 48 70 12 17 29 85 3 87 76 99 2 3 18 49 76 18 69 5 46 71 89 28 73 74 33 70 78 82 76 85 78 62 43 17 99 74 69 15 13 44 44 59 98 18 93 25 10 44 46 0 76 16 31 79 50 6 71 8 63 44 77 35 80 62 94 33 34 93 81 19 47 62 73 71 98 53
96 51 94 21 7 100 60 19 9 100 93 10 52 5 25 71 92 75 24 4 73 20 67 74 17 98 86 16 31 17 82 6 65 4 34 58 92 56 55 40 56 6 74 98 82 1 52 47 49 66 45 51 95 90 38 16 29 78 14 96 69 52 58 85 49 57 32 73 88 4 91 0 77 32 86 29 32 95 4 30 40 56 30 50 80 91 45 35 64 20 51 61 13 97 46 31 37
47 97 13 60 78 55 94 91 24 76 4 58 79 9 92 57 42 45 84 87 55 98 18 2 60 43 30 48 8 89 50 97 43 56 65 37 28 21 69 33 47 67 47 92 84 78 24 26 44 9 75 10 10 87 84 14 77 41 18 81 41 39 18 72 7 57 59 89 63 21 28 71 0 9 67 10 80 30 77 97 50 10 18 66 42 15 79 10 85 83 23 96 69 2 70 73 58
66 23 16 15 48 89 91 55 99 70 23 65 32 61 40 38 75 30 6 65 10 61 69 87 28 76 73 39 2 54 23 10 33 74 40 81 5 6 33 37 89 75 57 25 13 13 21 34 39 81 46 51 89 4 8 87 48 68 96 33 75 23 91 33 96 64 35 75 15 37 31 8 44 0 100 11 89 64 58 35 75 41 100 77 28 54 100 98 86 29 75 1 47 58 14 73 9
49 82 60 81 32 66 79 89 50 20 49 26 17 40 24 72 6 97 66 75 42 93 7 78 5 18 57 32 61 46 25 24 59 83 6 86 77 65 70 2 92 99 45 74 34 90 88 33 61 98 34 67 53 74 57 12 51 35 77 40 37 13 92 28 37 79 22 82 79 25 78 74 27 60 0 88 86 64 1 100 81 29 46 100 77 94 97 7 79 68 3 77 29 15 24 72 97
49 15 65 89 97 31 50 66 8 5 23 65 58 56 49 40 66 82 80 11 81 49 91 9 47 7 7 10 80 78 31 39 13 71 84 12 16 21 65 28 29 99 23 74 30 65 14 45 81 21 6 97 68 45 17 41 59 49 72 67 29 12 94 75 44 47 29 8 38 100 29 23 36 58 19 0 84 98 38 44 56 72 63 25 32 82 70 36 31 89 70 18 19 65 45 66 22
85 30 30 57 45 82 48 34 80 23 10 46 13 78 96 27 38 13 44 12 9 84 48 37 31 12 65 85 63 71 89 37 96 59 86 80 44 72 73 34 51 16 22 97 2 36 67 62 90 69 43 61 84 37 25 70 30 95 25 30 78 38 67 76 27 65 25 1 80 100 14 65 42 41 27 68 0 59 61 28 96 27 39 52 82 66 66 31 23 5 40 42 95 38 78 62 71
64 27 25 41 82 5 3 34 17 73 21 23 75 27 54 57 90 78 12 17 54 37 50 27 36 90 91 74 95 86 80 1 25 37 57 26 49 65 36 18 89 76 16 56 42 15 13 50 51 98 65 26 56 11 76 11 25 87 57 54 34 14 31 93 5 35 4 67 3 97 27 82 77 54 38 41 7 0 82 67 31 44 55 9 38 3 97 70 3 100 1 10 78 90 69 90 21
4 58 11 68 39 100 45 2 72 69 31 30 61 95 45 88 3 35 85 69 40 19 4 6 1 53 25 82 16 39 8 35 84 22 81 53 49 59 47 52 66 29 37 58 30 15 75 16 20 95 18 95 58 48 82 29 82 68 7 92 86 84 72 5 28 77 65 78 34 68 84 17 75 45 88 36 25 45 0 26 37 48 90 85 59 2 42 27 94 16 40 44 35 1 72 86 13
72 24 71 33 92 78 9 15 23 16 29 68 66 34 36 65 91 5 40 64 36 92 16 68 99 42 6 97 99 16 80 85 4 41 12 57 92 1 72 83 28 70 52 60 37 10 33 94 23 26 6 3 72 6 4 60 66 99 70 24 33 76 12 59 85 53 58 92 38 37 44 45 98 69 15 42 83 23 68 0 93 36 38 90 62 23 69 99 81 85 72 36 23 75 62 21 46
86 99 99 53 17 87 51 86 36 82 57 42 50 91 60 23 70 78 77 81 11 37 31 92 77 63 9 37 73 6 21 34 28 7 96 28 58 80 54 78 97 18 32 48 58 92 46 47 97 34 45 43 13 17 33 56 38 17 15 99 6 53 87 29 64 60 64 65 44 30 59 67 40 87 26 75 80 96 4 77 0 89 69 44 82 63 66 79 5 35 46 54 84 64 25 56 88
92 7 25 38 23 83 1 4 19 77 70 54 53 46 92 61 83 53 51 47 75 89 42 96 74 11 11 42 22 1 44 23 68 91 82 78 42 52 36 2 83 88 39 28 56 18 85 99 45 13 70 62 6 73 58 52 67 39 22 29 73 40 9 61 63 21 3 13 51 39 43 41 91 71 14 70 67 40 39 65 16 0 41 15 90 95 30 71 23 60 27 45 22 2 11 85 98
43 19 23 79 30 57 46 17 33 15 38 67 42 35 4 12 29 57 55 92 89 5 76 34 32 64 85 12 45 73 35 58 14 38 24 38 78 8 12 59 4 74 52 7 17 26 30 52 28 5 37 26 21 11 85 98 81 11 55 18 15 92 80 52 74 86 4 26 79 10 71 89 12 18 41 17 55 8 42 70 11 69 0 25 15 79 59 85 28 19 58 61 62 72 50 31 82
73 19 77 89 27 72 2 61 37 52 46 83 42 9 61 10 33 48 6 18 21 18 81 94 6 10 88 39 79 16 45 35 83 90 29 64 47 4 12 65 70 77 71 66 94 99 100 97 86 25 27 49 3 21 16 93 22 19 82 48 47 48 60 82 71 63 13 65 95 59 76 34 55 92 90 60 89 93 46 46 61 5 21 0 11 93 81 69 38 70 81 24 17 54 19 65 99
9 44 26 85 16 93 98 100 98 80 39 56 12 38 90 78 25 9 19 39 30 46 3 2 55 46 53 25 79 61 29 86 82 55 77 75 37 87 85 8 42 24 31 91 79 13 97 37 97 49 42 38 79 71 25 15 17 3 79 41 79 68 54 53 85 2 46 13 54 58 92 47 20 1 26 28 58 16 77 20 64 89 14 89 0 19 38 3 85 10 93 93 60 85 95 14 68
78 65 72 92 31 68 12 42 77 72 75 70 69 60 84 12 22 53 76 87 39 17 46 67 57 100 9 84 7 46 97 87 60 13 37 54 28 90 5 45 33 69 50 57 32 18 13 72 60 8 57 16 7 36 31 31 29 75 35 82 77 99 49 10 100 88 64 6 54 85 31 63 100 53 48 7 34 65 41 15 20 94 16 26 47 0 37 73 77 92 8 39 54 79 52 42 64
24 39 17 94 22 36 24 17 81 19 5 84 1 22 9 16 17 82 94 96 86 32 19 72 42 35 22 90 59 50 3 80 44 3 5 76 57 68 87 55 37 13 34 92 39 74 46 83 22 22 69 76 83 22 64 6 19 33 37 97 16 81 53 66 98 76 13 82 64 87 23 7 54 49 18 2 71 47 12 35 41 28 43 92 76 96 0 70 28 70 60 77 97 56 35 75 20
40 52 59 79 72 62 3 23 29 96 61 62 64 54 90 41 87 45 23 59 84 43 31 44 42 13 1 25 32 79 34 13 55 71 25 43 73 49 32 10 36 11 23 73 96 6 7 49 61 61 6 36 6 38 32 12 37 75 91 4 78 19 24 20 61 51 48 48 16 42 56 38 63 64 59 9 62 85 94 12 38 96 25 94 67 37 67 0 79 44 51 55 43 32 78 73 89
33 97 50 78 79 58 77 38 37 27 40 42 97 30 10 89 62 75 46 66 58 11 35 41 87 14 60 71 79 85 88 6 48 82 19 15 11 21 26 38 19 16 17 33 99 51 57 81 65 39 73 87 83 55 94 34 32 93 61 90 37 83 62 70 64 52 17 43 98 12 41 75 10 23 67 75 75 58 83 3 11 54 28 24 8 64 72 64 0 45 30 96 48 87 66 59 67
21 73 93 79 94 68 73 40 30 100 47 52 68 16 41 8 43 83 28 71 76 41 20 42 71 18 80 13 92 84 14 18 82 67 49 82 81 36 46 81 9 10 35 59 20 90 7 1 7 100 9 33 24 77 34 7 6 84 33 77 36 95 72 78 8 2 54 87 91 47 37 83 74 95 71 17 36 5 22 49 88 36 56 41 12 94 13 70 9 0 18 15 81 92 96 19 66
12 87 26 88 27 21 47 83 94 29 17 72 11 61 85 64 65 100 25 98 97 8 42 27 33 52 19 90 91 32 35 61 19 5 21 3 11 18 92 100 32 77 36 84 6 9 15 2 59 53 79 44 27 50 91 40 68 52 45 44 57 85 20 83 53 8 23 100 95 83 48 35 11 8 19 64 27 74 69 40 32 83 30 76 56 91 29 14 69 64 0 95 15 63 36 16 100
30 13 22 91 40 19 31 43 67 87 17 80 96 68 66 70 8 79 89 61 4 53 13 33 4 67 58 86 71 47 11 65 23 59 80 50 60 7 63 7 43 10 38 69 10 91 60 81 100 72 94 88 67 51 73 37 14 50 54 96 51 48 72 27 23 97 84 32 72 95 8 49 21 99 62 39 35 84 88 52 7 29 88 11 62 12 50 25 15 9 100 0 55 25 9 75 47
52 60 86 56 44 37 12 90 74 6 94 21 76 87 8 13 32 23 16 88 40 54 3 66 82 26 49 42 68 72 95 47 49 45 61 55 76 77 97 41 77 86 84 71 33 48 66 15 36 57 97 39 47 6 22 75 23 89 39 72 80 84 74 83 26 48 45 71 70 77 4 21 24 79 51 2 31 56 92 6 33 73 34 26 97 55 25 94 54 2 32 83 0 84 4 72 17
69 41 63 72 87 89 20 38 14 19 59 77 41 6 89 42 13 67 30 55 8 93 98 17 85 99 22 53 72 54 92 45 58 39 37 44 71 51 61 34 85 43 34 53 87 40 50 18 74 79 11 93 8 13 42 26 15 74 26 56 97 99 7 1 52 19 97 65 13 13 42 17 14 22 85 11 60 79 90 98 56 38 6 48 54 7 49 73 18 31 22 53 13 0 75 16 35
77 63 86 44 36 4 11 35 64 59 32 34 19 23 28 28 64 49 30 47 52 21 43 97 51 3 19 72 28 31 2 2 83 30 51 85 36 4 57 88 37 95 43 96 20 85 61 2 78 15 23 5 93 44 76 16 84 14 27 61 38 6 58 8 1 62 92 87 62 17 83 49 24 54 81 84 72 54 37 77 74 9 17 60 1 33 9 35 13 92 58 25 49 17 0 55 71
11 39 58 90 38 7 87 82 47 35 77 94 83 38 37 53 31 53 28 66 54 30 76 25 88 41 65 79 31 31 15 8 99 43 44 63 82 91 83 61 61 21 65 44 16 74 29 31 42 49 78 10 14 80 7 23 36 58 68 88 31 50 26 32 63 86 18 100 39 82 69 62 9 91 97 21 40 30 63 40 89 5 45 90 31 7 33 40 73 2 91 100 53 32 91 0 26
76 98 48 95 30 97 1 92 91 98 78 64 59 89 26 33 8 78 54 64 2 15 100 97 39 57 61 39 32 64 30 52 15 58 87 55 45 90 47 66 63 22 49 11 29 21 13 21 16 66 94 5 59 59 50 27 98 23 86 92 87 19 23 89 80 9 82 91 75 73 87 49 27 74 53 49 82 68 86 51 35 55 15 97 16 45 8 84 55 39 92 33 35 64 96 4 0
0 90 92 75 44 75 93 70 44 80 78 40 52 60 6 14 89 34 36 74 5 60 7 48 13 100 77 47 19 5 100 88 22 72 2 84 86 13 48 92 80 64 52 36 92 11 75 24 33 42 13 66 83 92 87 67 66 25 26 99 66 22 21 14 11 87 7 88 78 56 90 24 67 14 42 34 74 46 77 84 12 20 58 15 44 45 28 24 43 59 52 47 95 2 28 53 98
23 0 83 78 65 72 27 18 100 62 100 8 4 53 44 33 30 29 29 10 99 83 10 72 92 8 56 29 51 10 44 95 86 25 93 66 77 96 91 92 94 62 85 26 45 37 34 63 78 53 74 94 9 31 44 82 98 53 27 21 53 15 29 90 40 41 94 2 50 63 11 45 70 92 86 63 63 62 89 46 78 93 15 48 35 47 40 71 23 3 82 38 50 69 65 64 89
66 13 0 94 78 24 27 31 46 2 31 85 39 1 80 71 23 59 19 77 71 41 7 5 54 9 82 55 29 80 8 15 68 95 57 87 54 5 93 21 96 62 11 2 69 22 6 55 11 36 21 20 76 8 42 8 70 11 70 30 45 21 20 77 12 72 26 8 30 27 69 70 89 78 90 42 71 64 90 72 62 31 96 48 52 83 51 82 10 6 26 52 59 72 26 65 66
100 60 78 0 38 12 54 74 11 13 64 99 4 56 56 87 51 51 99 66 49 17 7 69 17 93 55 50 5 68 4 85 53 76 12 47 12 88 78 49 76 51 25 47 34 83 85 30 14 89 84 75 51 24 2 23 32 28 5 12 67 17 52 36 75 9 95 52 30 16 29 49 96 34 31 88 19 77 73 4 72 78 74 18 25 59 35 45 35 64 8 68 83 52 36 49 40
97 91 30 55 0 15 62 100 16 46 87 58 94 98 12 69 39 74 43 17 74 81 65 20 78 77 4 28 85 7 47 76 48 26 10 71 19 23 83 65 87 29 52 21 75 29 5 90 5 58 55 71 96 19 99 39 28 47 87 100 69 3 70 6 23 7 41 10 100 23 48 74 74 40 50 52 25 51 75 61 86 77 32 1 71 27 44 34 24 1 87 6 1 28 100 78 46
37 62 10 39 83 0 33 14 42 69 38 60 80 15 53 60 18 50 21 59 67 100 20 10 63 24 88 91 1 66 52 18 26 97 73 86 88 94 41 17 39 59 72 2 18 22 40 61 64 75 38 51 100 98 14 88 99 73 37 18 9 79 49 65 66 30 99 24 79 4 98 33 49 23 14 26 91 95 22 100 53 95 46 17 25 46 77 14 51 71 74 35 74 3 29 65 46
10 2 54 13 41 95 0 40 4 99 11 94 37 10 16 7 87 85 58 9 92 65 74 96 58 89 22 95 53 81 25 100 1 69 28 48 50 39 99 83 83 43 40 40 19 92 6 74 81 43 74 12 3 37 40 46 86 53 37 45 92 62 77 65 63 2 84 65 97 33 21 24 86 93 46 55 4 14 15 15 51 52 97 25 69 16 42 41 53 86 49 77 72 51 96 35 89
85 98 22 94 17 32 94 0 8 63 22 30 29 46 73 90 22 82 71 91 75 66 3 54 33 44 65 10 74 14 92 37 32 91 36 47 22 37 96 52 68 3 10 40 9 98 49 78 54 76 91 77 9 57 33 75 58 88 2 2 27 8 9 24 69 2 36 21 96 6 9 80 96 97 79 45 12 62 28 51 11 50 28 58 24 50 85 57 97 44 87 78 45 44 31 52 42
87 64 40 35 76 8 24 51 0 34 58 42 24 56 78 85 94 45 23 99 13 86 49 71 60 30 64 48 40 42 37 21 53 82 97 60 96 78 47 80 37 53 17 2 92 32 53 20 17 58 66 45 70 95 9 48 16 36 52 27 42 59 80 88 61 52 44 21 68 69 84 89 47 46 17 23 83 56 81 84 6 93 86 59 8 21 1 2 73 67 5 14 92 69 78 19 95
50 24 64 55 64 51 57 36 20 0 88 12 71 65 2 73 84 38 64 19 90 65 82 81 82 87 59 25 38 57 50 32 82 36 49 83 22 41 66 30 40 33 61 82 52 42 99 73 45 88 38 77 57 55 35 9 5 5 7 49 100 39 4 100 43 71 68 88 33 47 1 52 80 79 36 68 16 63 8 58 82 29 57 72 31 52 56 47 30 52 74 57 60 65 78 21 58
96 92 47 55 34 2 92 4 7 84 0 41 13 85 10 60 39 7 10 79 12 1 44 92 38 77 74 23 33 32 85 30 24 89 14 10 83 19 59 24 5 3 49 48 49 79 44 82 7 38 54 100 27 68 46 83 65 49 67 48 40 23 34 34 75 70 99 58 51 79 90 93 28 11 32 84 39 15 32 76 47 52 89 78 71 50 82 83 36 84 90 73 28 46 18 73 14
38 22 72 20 78 59 3 63 68 11 21 0 73 30 89 5 66 72 93 40 62 64 61 9 23 98 15 49 86 84 23 45 19 87 13 77 2 12 36 21 22 66 53 93 85 63 15 64 3 6 82 79 100 85 95 40 26 83 83 41 74 94 71 48 77 36 44 20 84 16 100 86 1 75 61 33 82 60 17 16 14 38 39 10 14 70 94 27 22 5 28 81 11 2 76 88 23
99 7 35 100 58 24 42 47 90 2 95 55 0 4 81 52 43 48 80 73 95 34 8 53 92 53 52 42 91 79 17 96 55 82 88 42 49 14 64 21 75 78 32 12 89 99 96 36 37 68 47 29 7 77 91 1 79 70 4 18 13 83 22 2 2 10 80 65 87 60 50 16 83 14 99 15 20 24 43 20 24 79 32 18 88 35 7 62 7 72 59 51 62 46 73 71 55
28 17 93 96 18 34 19 12 54 44 67 3 44 0 22 92 93 100 76 78 31 42 4 49 41 21 8 42 60 55 73 46 36 27 41 85 9 95 29 62 80 55 58 18 63 36 12 38 93 39 35 81 4 39 74 23 90 61 83 9 82 70 50 73 20 69 10 90 92 89 65 14 94 92 58 30 1 11 54 90 97 42 25 1 12 93 37 55 80 18 46 53 28 46 82 73 97
89 17 38 55 92 39 23 22 81 58 76 29 20 96 0 34 11 44 9 59 90 46 33 75 81 66 56 34 13 94 65 42 79 53 83 97 31 21 100 42 98 11 3 26 16 63 58 20 41 66 36 26 50 61 47 18 45 19 4 2 52 14 5 38 40 72 71 57 39 95 59 55 86 24 76 86 65 2 71 75 66 88 66 93 72 85 4 61 15 11 64 61 88 50 35 32 97
38 3 30 85 2 72 54 51 65 96 41 60 55 8 89 0 65 15 60 10 58 1 96 67 40 60 34 78 80 3 41 57 24 32 98 81 46 71 11 24 86 60 51 32 4 12 45 24 74 100 3 98 1 64 62 50 38 86 87 64 8 71 95 89 9 86 17 65 11 32 66 66 33 50 62 12 46 37 11 66 36 40 14 33 80 81 16 100 44 66 95 44 7 32 12 75 18
10 5 34 97 16 40 19 59 6 64 42 43 31 60 16 86 0 32 78 2 79 65 31 13 9 12 20 41 69 50 86 30 65 31 48 56 30 17 22 74 82 17 56 86 38 67 7 73 8 58 54 43 73 8 73 4 87 10 56 19 16 64 30 3 44 62 16 58 73 89 26 52 94 40 91 5 80 89 65 94 26 27 16 57 75 1 43 84 35 23 65 24 34 79 41 9 51
87 76 34 84 85 5 38 15 98 41 30 54 91 3 17 57 39 0 18 99 39 4 53 19 46 69 8 11 95 45 100 37 65 95 14 4 39 45 43 3 7 43 90 21 17 73 11 76 15 92 27 78 17 81 91 39 34 67 65 97 31 96 91 28 30 67 19 43 38 91 50 46 65 45 66 72 45 15 30 77 7 99 1 86 91 45 25 44 77 22 7 29 87 56 54 36 45
13 87 8 88 1 23 36 73 96 51 34 100 20 73 56 43 90 75 0 8 16 60 14 84 25 6 75 90 74 43 35 41 26 66 90 10 24 12 56 39 32 10 14 20 58 61 59 36 72 19 4 95 17 98 89 23 26 71 53 60 55 35 63 60 43 47 77 40 43 78 44 69 45 94 10 85 86 98 72 38 38 45 52 91 50 61 92 72 73 42 85 20 56 52 26 22 100
76 89 10 34 1 87 24 34 3 72 14 59 48 26 37 44 23 6 25 0 62 24 84 62 85 50 39 90 2 81 48 90 55 19 11 41 50 94 24 54 11 17 55 26 66 23 65 49 44 38 88 21 78 29 96 8 44 79 26 45 68 45 10 49 15 48 52 69 67 45 1 67 80 42 28 62 87 44 58 65 13 13 24 29 77 56 5 11 40 90 78 15 34 36 12 74 20
67 36 89 70 100 35 89 41 59 56 69 96 38 36 17 10 95 62 94 100 0 28 27 40 29 74 15 94 82 65 37 27 79 42 36 74 5 56 47 7 49 91 87 81 79 71 72 75 12 88 87 65 92 74 32 94 80 43 6 73 97 84 84 56 88 68 69 26 18 56 75 72 66 21 21 18 46 17 77 40 13 11 25 20 91 42 5 64 22 12 25 91 99 75 15 28 99
2 77 20 93 46 71 91 70 15 20 6 2 49 45 90 26 95 41 16 18 53 0 37 50 35 40 84 53 43 36 83 58 66 86 40 34 63 80 27 22 92 6 99 9 84 12 5 27 96 59 72 88 31 95 13 48 82 5 57 41 46 61 68 83 77 15 72 68 7 15 9 64 73 53 9 48 71 28 82 27 26 78 61 77 75 61 92 7 32 62 82 75 62 37 83 3 43
91 80 6 79 82 26 68 34 24 66 81 28 88 58 44 64 77 57 28 38 58 7 0 42 24 43 81 41 86 47 26 38 42 79 78 74 82 22 93 32 74 83 54 7 15 38 68 27 5 12 84 34 53 4 42 63 22 29 17 47 53 65 13 91 45 59 64 76 64 57 12 37 19 94 2 43 13 82 63 99 60 70 78 2 82 23 3 91 64 92 12 34 92 32 51 83 50
42 80 26 7 88 87 28 100 78 45 90 42 3 9 24 19 66 79 20 80 38 63 1 0 48 53 70 52 41 72 18 20 25 46 97 27 24 16 53 3 90 29 26 12 39 52 63 98 44 10 81 43 26 8 17 38 8 29 99 66 43 40 25 17 29 82 96 23 85 14 70 78 50 60 4 94 81 8 17 70 88 89 65 16 90 34 61 8 87 26 10 95 87 53 34 56 47
26 44 100 25 29 86 74 25 50 89 68 52 100 79 67 28 36 25 99 46 53 57 75 46 0 67 21 65 49 55 6 94 8 34 20 37 24 64 12 94 8 77 62 9 96 81 15 41 98 75 35 35 17 65 81 95 22 68 36 52 31 51 44 59 26 81 89 87 29 2 58 49 39 56 36 74 12 60 70 73 59 54 52 73 64 72 90 21 83 66 18 7 97 66 35 29 28
92 57 69 75 47 97 28 97 59 36 31 92 56 97 17 33 62 74 45 41 35 87 26 83 23 0 55 92 67 24 32 56 21 57 68 23 6 53 98 88 63 70 78 51 11 67 30 15 64 99 56 19 25 81 57 77 3 16 24 42 2 36 30 97 10 100 65 1 6 43 51 61 59 62 81 16 86 99 85 64 71 33 44 81 67 62 94 40 22 10 8 29 66 56 38 3 30
32 99 14 78 72 82 66 62 83 19 33 9 45 39 38 29 24 58 63 51 14 68 44 97 35 48 0 72 18 49 93 83 83 2 78 75 26 18 73 14 97 47 41 89 79 77 17 79 9 77 29 50 80 33 82 45 82 21 78 98 28 18 40 84 61 57 80 22 74 21 21 84 55 92 98 58 21 52 67 6 32 51 74 81 95 51 24 70 48 14 85 99 73 23 83 41 95
25 18 33 69 99 29 31 97 37 25 51 95 71 25 9 29 9 86 31 93 23 30 62 57 70 35 27 0 5 45 49 83 38 26 91 93 71 53 63 23 14 40 36 42 53 27 47 10 98 11 80 51 73 18 41 11 1 54 26 46 99 34 97 90 96 42 68 79 32 34 79 7 81 22 21 51 18 58 93 52 36 73 81 6 41 85 48 76 98 80 85 16 45 24 62 67 62
25 76 38 17 99 86 55 2 82 33 30 71 8 81 79 45 47 18 62 54 85 80 1 57 62 14 90 47 0 76 30 52 51 93 10 69 48 82 9 89 85 88 68 40 94 24 78 50 61 78 16 31 63 21 27 60 98 84 4 6 47 80 78 51 97 10 72 84 20 78 100 74 20 84 64 9 95 38 15 69 50 28 91 17 92 91 93 39 56 98 27 26 33 94 26 89 13
31 79 80 4 2 18 7 87 80 98 4 42 50 76 33 19 56 93 53 11 84 57 33 11 25 86 14 14 86 0 47 86 51 17 13 89 28 42 36 51 94 95 11 91 32 82 15 43 10 98 31 60 78 64 71 60 58 90 38 76 41 1 96 24 89 88 14 37 47 7 36 93 88 66 40 63 55 55 94 92 18 96 61 6 15 99 69 49 70 94 45 98 28 49 2 41 4
100 35 13 3 38 8 62 16 38 72 51 46 58 24 25 15 49 52 34 67 1 85 13 73 97 74 77 29 100 68 0 24 22 70 42 9 1 73 61 65 76 23 46 24 57 19 23 40 59 54 17 28 92 36 13 100 78 35 30 52 9 49 99 80 72 30 73 51 40 26 83 93 17 11 34 49 66 9 92 5 23 69 43 74 39 14 45 15 3 40 56 21 86 99 29 29 34
26 41 18 46 28 48 32 18 31 36 61 60 25 23 89 56 98 96 58 72 20 6 15 85 7 25 38 97 86 62 51 0 85 79 9 19 58 19 31 13 5 4 62 3 45 11 32 67 47 17 88 26 84 59 31 52 48 35 73 58 78 47 93 48 27 32 56 91 93 48 41 32 61 18 30 29 80 36 53 58 2 64 67 53 29 100 58 68 56 45 74 61 98 83 30 52 68
57 76 3 30 6 47 76 36 85 32 4 76 65 57 3 77 16 91 80 23 46 7 24 51 25 76 46 22 86 4 78 10 0 58 45 4 9 29 2 41 45 64 27 18 1 71 69 21 53 14 80 17 13 74 45 52 13 30 68 72 14 66 92 28 44 63 9 43 34 40 35 3 32 4 69 81 59 83 98 57 77 82 16 67 16 20 26 57 51 80 2 44 60 91 58 55 12
43 97 50 9 98 35 18 74 62 79 83 50 83 71 75 54 58 67 55 74 10 21 78 96 68 24 95 91 19 45 87 18 56 0 32 74 72 25 31 4 90 82 97 37 35 18 51 31 52 61 87 56 38 13 58 53 30 95 54 49 99 15 86 33 58 56 51 95 6 10 19 33 87 11 39 100 1 13 4 6 89 28 60 52 71 53 3 59 24 74 40 61 56 73 92 91 57
54 47 11 86 15 22 69 73 40 30 14 88 75 33 15 79 36 39 59 65 34 16 2 60 25 31 65 13 76 71 32 83 75 59 0 86 81 72 50 50 48 79 51 7 39 51 37 30 19 9 38 79 13 55 43 64 83 46 14 4 47 34 56 47 79 84 9 67 16 100 30 16 40 8 26 50 32 32 10 29 15 82 69 4 66 67 12 73 33 33 1 89 97 62 10 77 46
86 59 62 12 85 66 51 39 56 90 41 45 97 28 14 58 54 68 19 98 78 70 87 42 70 52 53 64 79 57 77 97 23 72 82 0 14 7 69 66 25 31 56 100 28 50 68 59 44 29 36 95 81 27 60 91 56 84 61 75 75 84 43 73 86 68 63 20 88 60 42 46 67 52 32 56 40 61 69 61 50 8 71 96 63 4 8 80 32 44 38 39 35 70 62 21 47
60 75 95 60 88 98 73 79 53 58 56 64 41 66 86 8 93 31 15 91 10 40 25 32 66 34 52 12 80 85 85 93 10 69 76 49 0 46 13 69 5 73 34 95 90 12 5 5 13 67 97 77 24 3 5 20 7 92 79 36 57 100 81 80 9 25 14 9 77 62 4 60 40 48 62 50 8 48 29 86 100 49 92 64 40 10 13 32 96 64 70 2 64 43 96 3 48
90 21 67 30 66 37 24 12 64 99 63 17 73 59 24 77 78 100 38 72 81 61 66 85 27 66 86 15 61 20 33 97 70 40 43 14 52 0 55 49 11 53 83 34 34 13 82 80 21 94 32 89 78 30 85 32 55 98 6 4 12 74 49 45 40 48 46 60 32 63 76 11 36 27 58 89 7 65 89 30 98 60 33 45 12 30 84 68 71 21 63 18 11 60 44 98 61
48 38 8 83 13 58 8 13 46 43 2 54 93 8 9 16 58 37 3 50 58 21 17 74 72 19 52 18 68 41 2 23 82 55 40 26 23 56 0 59 9 90 32 21 46 90 49 12 87 57 38 2 100 75 42 25 67 64 56 97 2 95 59 29 2 51 84 14 59 36 100 37 66 21 67 61 35 31 39 94 15 5 61 46 54 42 96 23 56 50 81 17 75 81 5 54 71
1 66 34 66 47 28 20 100 44 11 40 87 14 96 20 12 69 82 10 29 3 12 20 3 49 45 62 65 95 52 42 75 2 34 40 72 37 8 84 0 68 39 66 88 42 84 77 22 34 69 98 27 33 19 70 37 73 6 59 12 79 5 94 63 79 48 87 43 98 26 11 3 43 33 30 80 4 42 49 91 58 94 11 17 2 57 42 34 44 70 83 65 24 32 69 21 15
65 54 75 8 87 65 16 31 38 64 6 38 45 24 40 13 66 56 72 21 43 19 14 82 86 52 53 27 47 97 79 49 48 89 21 83 63 24 90 95 0 97 29 74 21 46 98 23 16 86 72 68 15 32 20 1 23 45 18 39 42 19 80 12 39 72 43 30 10 68 96 67 28 82 32 70 60 13 38 28 26 46 46 78 60 5 39 49 70 20 35 19 24 93 76 75 66
83 89 30 24 16 52 93 52 23 80 78 86 61 24 6 29 56 25 79 74 32 16 19 96 27 30 30 87 78 16 18 80 21 66 55 69 68 52 7 91 48 0 92 73 55 28 94 53 69 19 97 50 72 79 90 61 76 32 82 35 38 75 40 73 55 4 95 26 22 33 92 77 35 51 81 100 61 81 12 54 26 20 85 38 11 85 68 98 16 95 50 32 62 3 24 62 97
73 3 28 83 18 19 82 71 19 88 3 42 68 18 92 10 34 11 70 65 14 83 89 16 48 88 99 71 86 73 42 8 98 70 48 31 88 26 73 92 11 54 0 66 39 33 91 65 1 39 30 45 72 89 25 58 59 75 15 99 62 39 87 26 27 51 1 2 7 13 37 88 7 90 91 23 9 72 46 72 47 37 53 15 74 22 62 54 1 15 15 12 35 60 73 19 100
39 54 38 78 61 49 4 73 3 91 18 98 75 20 100 7 3 64 16 83 25 96 60 23 21 20 23 98 44 88 59 24 47 85 86 68 24 74 8 71 90 63 100 0 26 87 40 11 44 94 66 18 51 100 52 35 17 82 76 99 4 13 88 90 28 70 38 99 78 25 19 83 67 99 70 50 2 10 31 78 98 43 70 80 91 13 4 74 7 30 42 52 38 78 73 17 91
98 100 75 62 42 33 35 97 92 13 76 96 16 15 8 78 38 58 20 20 38 97 67 73 75 35 23 13 50 44 88 21 88 19 82 36 44 47 23 48 63 40 32 18 0 62 5 4 54 43 86 92 56 56 87 100 95 13 15 65 31 86 70 47 27 67 41 40 40 53 60 48 91 33 3 60 46 2 47 55 56 50 94 8 1 98 35 25 1 17 30 63 77 31 4 71 96
77 14 95 55 60 48 19 67 94 45 13 52 62 41 6 83 97 99 39 9 36 52 93 4 51 18 39 67 57 36 30 12 43 19 91 15 9 73 52 38 2 74 14 24 37 0 53 53 24 70 61 59 40 67 44 35 59 88 16 81 26 85 69 84 86 8 38 72 60 78 96 48 74 71 48 67 76 87 11 95 75 9 62 40 58 4 5 69 73 81 15 1 62 92 19 100 50
55 98 99 97 23 28 69 14 33 14 38 70 11 79 30 98 53 18 21 62 4 76 96 50 10 76 77 62 67 77 85 40 30 47 58 56 15 57 97 38 31 8 28 93 71 65 0 31 5 9 94 89 87 25 12 71 1 18 60 49 85 3 8 84 82 69 83 79 39 59 87 51 92 92 54 67 23 52 46 46 65 43 81 71 80 35 25 83 93 38 81 46 28 7 89 65 40
19 36 60 22 24 76 64 43 29 25 16 14 70 40 82 93 12 84 46 37 32 61 6 46 83 53 18 79 99 35 31 88 79 21 65 60 84 61 64 35 16 64 76 88 77 16 2 0 14 53 76 34 30 9 64 44 46 72 57 73 94 33 71 80 1 54 93 2 88 41 38 36 42 89 88 39 12 47 23 88 24 2 65 47 91 5 95 34 72 34 86 37 93 67 29 46 82
61 86 77 55 53 48 93 4 73 12 71 63 35 6 63 34 28 85 68 96 14 22 65 93 41 19 5 23 45 18 7 88 50 18 12 48 57 62 19 14 84 39 83 8 27 62 53 80 0 92 51 74 4 53 70 43 6 73 10 20 39 12 70 87 34 19 89 74 33 30 47 96 36 70 87 57 4 90 37 2 77 20 49 73 7 61 9 31 26 49 23 95 84 40 73 63 85
69 78 55 74 6 41 92 25 19 21 21 82 49 73 86 71 47 58 96 90 24 54 79 49 23 36 38 54 17 85 68 74 24 94 80 72 44 97 94 54 94 55 27 67 25 2 43 83 39 0 19 55 57 60 22 48 2 5 71 11 53 15 4 79 44 17 88 96 58 90 38 95 81 94 83 84 88 22 34 92 3 41 32 73 64 78 10 4 41 9 8 51 98 10 3 72 96
35 89 63 56 44 13 10 83 62 99 75 32 60 31 100 75 29 6 85 14 85 63 54 23 23 29 93 94 30 63 62 32 59 99 24 19 61 83 30 43 98 41 97 54 21 7 18 57 13 86 0 9 3 38 19 49 84 78 88 73 71 59 19 90 36 35 38 37 94 86 98 72 22 55 42 32 56 23 78 23 58 84 54 88 70 65 81 56 14 66 3 74 6 76 6 28 18
97 78 22 38 86 92 49 30 26 58 61 27 16 79 37 34 82 84 17 70 13 50 30 56 11 50 68 8 2 80 33 4 46 81 76 86 51 59 99 24 88 94 90 14 64 75 41 41 76 7 76 0 80 65 90 24 32 93 1 96 81 59 99 56 6 97 97 42 66 21 81 29 32 10 97 29 83 12 7 3 82 31 50 70 77 24 24 85 41 69 12 28 3 90 69 31 99
31 32 41 55 84 2 18 43 64 30 20 69 50 91 55 64 5 55 56 42 55 98 52 94 33 72 62 29 2 9 66 79 97 9 89 17 99 40 21 5 57 81 63 24 11 38 26 1 36 48 52 2 0 37 3 88 82 23 75 100 38 16 40 4 77 25 49 17 44 92 24 72 90 83 57 3 81 34 65 31 75 94 72 46 26 51 79 18 78 31 37 43 95 61 52 26 14
46 57 51 17 78 17 94 89 10 58 4 81 71 36 95 37 80 34 80 35 100 59 53 72 98 11 13 84 46 37 85 83 43 7 50 13 60 83 46 10 65 86 62 4 71 40 76 2 77 76 67 14 15 0 6 59 22 42 21 28 51 30 46 25 75 8 70 25 92 14 6 71 51 58 53 15 94 77 88 61 94 83 42 35 92 64 84 30 33 82 6 49 77 2 42 7 62
8 30 49 13 94 43 72 87 94 54 99 39 11 27 20 22 70 57 2 36 60 48 88 6 95 80 15 88 39 31 13 95 23 47 19 57 1 49 6 22 23 11 42 54 7 10 37 28 4 59 53 84 63 52 0 37 18 4 5 14 79 51 15 70 15 86 70 49 100 5 29 69 6 15 97 7 86 22 57 94 48 23 50 19 95 35 23 31 23 35 66 27 10 65 80 28 57
60 40 50 27 50 39 6 81 44 80 52 33 99 10 3 89 42 55 54 26 59 65 64 27 56 2 47 99 20 44 72 23 82 82 24 84 24 37 93 96 51 85 76 22 79 77 56 36 40 84 58 70 65 63 84 0 92 76 54 3 99 90 65 68 35 42 41 77 3 22 86 20 77 16 57 57 25 38 68 97 23 82 67 100 95 65 52 71 51 96 92 46 4 9 58 84 10
84 33 23 54 95 78 29 31 66 74 51 88 46 75 93 96 28 15 5 76 47 33 91 33 27 21 1 23 39 64 91 92 57 57 54 28 18 60 13 26 77 6 40 67 72 55 23 83 31 69 72 77 82 62 70 18 0 79 42 24 92 54 5 2 47 11 95 77 61 28 86 41 2 70 10 68 17 69 96 71 79 96 50 45 56 39 97 80 93 94 34 81 90 67 4 13 95
1 63 54 80 60 37 25 63 72 95 91 80 93 36 48 59 88 38 47 36 21 41 77 26 67 4 25 76 22 32 64 53 100 75 94 11 78 90 81 77 88 42 57 54 14 18 14 55 35 77 63 1 95 72 69 59 90 0 53 30 65 34 25 44 64 7 96 58 25 45 2 96 59 72 78 91 2 78 27 94 97 3 38 54 3 78 55 5 26 40 68 46 89 61 73 13 55
16 88 82 71 50 58 92 41 2 9 2 30 28 68 68 49 11 12 74 30 26 50 59 77 70 28 28 12 49 97 95 22 32 34 22 25 51 19 84 13 67 94 35 98 4 7 18 4 53 80 12 92 40 79 97 88 72 39 0 60 5 43 31 41 67 89 76 100 54 98 36 44 7 66 93 66 82 32 79 94 25 71 46 89 56 98 6 68 2 2 32 48 81 57 38 95 17
78 28 68 75 62 82 41 15 34 88 61 87 9 86 69 44 62 89 46 61 49 23 55 14 18 53 78 79 80 40 64 29 60 46 65 4 54 95 36 9 99 98 5 86 89 58 56 22 95 87 30 6 87 52 18 13 94 54 47 0 95 29 45 48 28 69 12 22 58 17 36 81 99 5 27 85 100 92 52 59 80 43 76 14 13 67 60 68 37 30 52 26 8 76 30 100 87
6 58 25 56 84 23 7 21 11 87 76 62 23 3 85 36 95 8 46 50 94 79 4 28 65 67 21 66 13 28 74 46 54 21 36 62 44 33 32 98 80 60 16 1 62 87 94 50 84 31 57 48 38 5 37 5 85 92 31 37 0 84 94 30 99 65 95 44 71 31 97 96 25 46 90 94 37 56 92 24 53 7 39 85 64 65 90 73 92 35 65 28 42 79 27 86 13
64 42 21 2 90 22 70 55 39 32 93 43 39 38 85 75 93 33 3 2 84 88 21 71 72 67 50 82 58 66 41 89 27 52 49 66 19 72 51 6 13 62 92 83 100 90 48 31 49 20 86 8 8 60 78 11 8 69 61 83 45 0 74 82 40 80 94 37 17 30 12 77 48 59 74 46 78 44 19 18 87 4 47 60 99 24 3 8 75 60 11 91 61 24 50 6 89
63 91 66 14 13 83 99 10 52 17 90 12 50 33 41 28 1 30 62 6 24 34 100 50 78 8 61 99 63 60 9 26 40 14 57 67 90 17 14 57 58 72 50 3 5 90 14 49 14 16 47 48 85 5 2 13 17 41 6 74 50 24 0 15 68 63 49 9 79 6 47 56 71 83 52 14 83 68 38 89 71 22 45 98 39 54 45 54 73 25 40 96 85 81 18 52 67
15 79 92 88 55 6 79 97 58 47 85 23 87 12 14 23 64 48 19 19 80 81 44 96 55 40 22 46 9 46 97 26 83 95 18 32 55 2 70 91 16 53 18 79 27 72 95 98 58 3 74 46 18 94 66 80 71 57 42 84 86 47 82 0 36 29 29 13 51 74 74 98 68 34 2 58 11 90 16 35 48 60 71 46 30 14 85 63 10 62 67 16 29 42 78 5 60
41 56 99 64 80 52 6 75 24 29 32 31 73 56 61 35 32 5 59 43 8 65 45 56 41 65 79 51 62 53 77 72 33 16 77 17 2 81 95 18 75 43 40 71 49 84 42 72 40 39 46 47 56 93 61 42 16 88 78 40 53 27 26 41 0 55 11 69 48 25 9 18 68 60 93 55 87 76 90 63 95 78 10 65 26 20 75 12 13 51 84 5 8 32 44 11 71
69 22 48 6 7 3 54 59 84 60 83 6 44 71 80 28 30 38 3 44 84 22 53 46 44 13 59 9 21 40 93 39 77 64 84 4 96 26 12 40 38 62 97 79 21 73 83 78 6 1 13 32 49 47 25 51 90 71 96 25 15 34 52 10 92 0 62 45 94 4 51 47 42 15 68 21 83 94 82 53 25 50 41 88 16 88 9 89 49 56 1 63 40 14 44 80 57
54 58 98 24 29 51 70 36 79 60 65 70 35 89 71 16 79 71 48 30 29 73 50 25 84 66 40 23 13 63 97 66 14 52 2 77 3 93 41 1 88 34 68 52 52 32 8 46 63 69 29 4 11 46 32 58 89 27 22 56 96 47 48 78 86 88 0 46 4 40 48 55 49 42 73 5 33 95 42 61 59 88 74 31 24 98 80 30 73 73 91 65 2 39 78 39 25
36 3 32 5 31 92 76 44 5 87 1 71 19 98 100 32 57 41 65 7 42 61 46 56 83 85 18 50 96 46 68 81 85 75 45 90 11 76 67 44 71 88 38 76 44 24 5 80 72 72 27 39 51 73 62 98 10 24 57 55 86 34 65 12 8 86 70 0 82 91 26 7 43 86 1 32 86 9 88 40 69 13 88 23 33 48 90 89 77 60 44 73 92 33 81 34 36
7 34 18 93 28 80 37 24 90 97 42 69 71 60 78 89 25 46 76 92 47 51 85 44 19 4 89 9 50 15 14 87 96 19 93 51 23 66 84 69 40 88 78 66 5 42 87 94 50 50 49 50 54 84 89 87 84 29 19 64 60 34 59 63 70 31 55 33 0 98 85 90 12 7 98 94 1 31 79 60 42 17 78 49 24 84 31 87 6 40 2 39 42 11 9 61 22
46 73 12 33 82 28 46 53 75 2 31 60 25 96 59 18 20 18 28 49 66 59 95 37 61 88 64 23 48 74 93 72 73 10 56 43 31 29 28 48 85 46 67 97 22 35 1 52 89 79 77 58 60 43 5 58 55 49 7 72 8 16 38 48 75 36 31 37 8 0 13 18 7 74 88 8 24 34 38 30 8 75 54 5 14 19 68 91 86 24 47 6 38 94 14 40 26
33 19 10 66 29 88 89 7 61 60 96 82 61 20 18 4 38 85 17 3 10 31 5 74 55 15 1 20 60 49 9 36 86 22 17 63 97 14 35 50 35 12 74 86 2 35 40 74 36 17 22 15 37 9 93 35 89 48 90 93 65 68 12 93 36 11 59 72 48 97 0 15 4 6 77 24 75 97 78 63 34 21 19 99 58 31 24 41 33 72 6 97 82 28 43 74 41
6 8 54 71 98 99 3 62 26 70 88 21 28 25 45 90 45 58 71 95 23 80 49 81 17 72 88 24 97 65 75 3 46 50 65 86 100 68 30 88 76 18 51 56 77 74 4 9 14 1 27 25 6 80 93 27 64 48 63 55 58 84 35 35 18 83 47 64 95 9 64 0 6 14 100 52 12 48 88 12 58 18 91 70 8 95 98 58 93 16 21 17 11 86 56 93 43
66 30 41 69 57 15 79 22 22 26 45 18 100 24 33 54 43 54 12 100 67 62 29 69 61 86 24 28 7 9 65 19 39 17 40 84 15 72 70 86 46 43 83 32 19 41 37 61 34 54 66 84 38 77 93 56 43 96 43 84 37 75 60 16 92 96 23 82 11 8 35 47 0 31 81 61 63 58 89 50 85 35 11 51 28 26 12 15 88 59 67 23 14 47 58 26 18
47 8 53 98 53 97 74 40 44 7 91 13 28 70 94 48 63 55 53 20 45 31 24 88 67 98 97 40 17 64 77 63 29 50 14 79 20 18 36 13 87 62 96 52 100 92 77 18 48 96 21 92 60 15 100 20 46 58 13 12 47 30 62 12 45 89 88 2 69 65 71 11 61 0 35 8 50 95 92 53 68 11 16 28 40 44 34 42 79 32 3 82 7 76 14 46 97
86 50 86 2 94 36 37 59 26 34 40 95 33 57 88 45 53 72 33 93 18 87 48 29 80 83 86 77 80 37 96 56 13 64 31 82 88 53 7 27 25 95 6 29 48 94 49 32 30 64 13 5 45 71 41 67 61 57 62 59 97 41 46 83 33 76 57 94 10 21 33 3 86 33 0 13 3 14 85 4 22 49 86 43 4 11 66 79 71 5 98 63 20 65 75 34 81
59 97 79 93 97 85 22 4 48 61 81 40 97 68 62 61 21 8 38 22 51 21 49 55 55 18 45 65 65 4 17 70 73 43 10 87 67 80 50 21 94 62 84 94 93 20 18 37 97 12 97 88 65 41 20 36 44 56 86 74 69 51 77 36 69 96 20 12 72 58 21 3 9 2 65 0 64 63 41 85 98 40 9 87 21 62 9 97 29 80 98 9 74 89 3 29 21
77 99 11 65 71 27 44 24 14 16 61 21 31 33 51 2 95 28 73 82 44 49 90 32 28 27 25 75 17 51 14 99 75 57 20 70 32 86 66 25 52 61 45 5 63 32 55 73 9 7 58 3 32 72 45 19 1 87 81 57 57 86 31 30 22 20 35 58 63 87 46 5 64 72 69 34 0 93 45 56 90 51 66 48 10 13 95 10 6 45 66 33 25 97 82 59 47
7 91 66 35 3 50 66 63 48 100 32 53 29 61 98 83 69 92 87 15 37 33 5 32 3 52 40 71 33 40 41 44 24 6 18 26 29 45 52 12 84 97 34 19 28 25 98 89 89 89 83 88 84 37 36 37 67 100 76 67 58 92 70 54 45 95 2 18 78 25 96 85 78 81 85 92 9 0 69 43 96 95 75 45 87 34 15 97 11 79 81 44 38 46 29 8 97
94 51 5 59 82 27 10 29 56 77 12 35 14 28 70 99 1 83 92 4 20 8 34 57 15 78 64 53 50 87 27 100 61 10 35 91 27 28 95 83 27 86 32 91 44 10 33 12 49 11 51 91 93 98 77 16 51 24 69 71 47 88 64 39 44 85 99 38 50 5 8 30 9 81 57 63 18 30 0 21 7 60 98 99 76 62 32 75 64 59 46 68 20 27 92 71 71
99 2 66 52 62 26 56 65 41 52 74 85 96 40 58 87 22 49 65 61 42 51 9 10 92 80 31 46 53 27 91 93 3 89 85 51 32 95 73 3 40 43 93 87 73 75 19 73 61 49 46 20 71 56 70 13 86 54 80 57 92 90 74 79 76 67 71 89 50 100 4 46 34 53 76 7 43 20 32 0 54 48 74 42 34 57 81 54 86 90 53 80 95 55 93 65 36
91 88 38 48 45 93 6 52 71 41 5 4 49 47 87 93 32 47 17 22 83 72 32 75 71 79 10 41 72 11 69 47 6 77 56 89 7 11 100 90 31 36 15 48 75 65 61 95 92 96 9 40 11 94 95 100 14 64 16 53 41 18 48 30 22 78 53 28 46 41 14 73 86 97 43 53 19 7 88 60 0 78 30 18 34 53 35 12 64 51 37 4 35 82 90 17 31
30 22 53 7 10 81 14 56 12 55 75 44 100 9 76 17 28 3 5 45 55 90 46 78 73 16 27 92 82 27 46 45 43 25 52 23 58 70 77 58 42 97 84 100 48 56 37 54 50 8 86 70 98 68 34 27 45 62 74 16 82 18 14 85 86 45 35 33 17 11 28 74 26 62 54 15 83 76 3 82 81 0 77 63 55 79 27 52 26 93 69 61 30 98 65 39 50
72 1 50 83 38 61 83 50 48 87 74 85 7 27 33 39 2 2 10 13 22 29 40 66 99 41 11 23 99 69 68 39 65 34 38 17 62 29 5 80 10 58 62 60 6 45 38 2 92 7 79 96 38 82 85 36 2 6 32 40 37 67 50 41 11 51 55 4 52 78 59 95 79 63 10 6 49 76 89 36 37 17 0 35 83 1 91 63 16 11 13 24 20 42 46 80 24
19 83 69 18 91 10 91 32 80 85 7 73 10 54 91 83 94 49 69 54 75 9 3 83 30 68 71 70 46 19 67 38 54 47 9 60 50 30 25 93 87 80 5 85 32 17 41 10 36 41 82 1 55 64 48 21 31 12 25 27 50 8 87 96 77 9 35 86 15 3 35 18 31 93 12 67 11 49 100 42 45 82 93 0 76 75 22 84 37 49 16 24 20 66 95 40 82
73 26 20 1 74 83 37 25 53 7 82 55 36 14 59 66 39 7 23 83 72 57 98 3 54 21 67 21 8 24 94 48 67 63 20 84 73 77 2 58 30 7 43 35 34 64 12 10 16 70 18 84 19 36 32 39 26 75 70 41 60 62 92 57 42 21 88 18 57 31 56 11 37 6 98 20 22 32 43 1 50 64 15 29 0 27 19 49 95 1 56 78 6 28 40 83 65
16 31 10 2 51 85 62 87 36 67 84 84 89 68 54 40 36 30 18 63 96 45 71 87 67 80 5 6 3 20 44 15 99 37 21 34 87 93 3 53 65 65 18 33 29 51 99 75 29 49 31 66 6 94 74 88 12 15 80 38 82 43 22 59 11 4 45 45 92 70 55 96 47 24 37 29 88 23 46 36 75 97 37 15 10 0 30 64 4 16 38 65 56 66 29 97 40
3 65 31 18 68 44 36 85 85 79 10 78 19 73 62 47 94 52 46 34 20 82 4 99 10 92 97 53 47 90 19 71 19 87 77 50 29 30 53 75 73 5 67 74 45 55 59 54 3 58 90 90 69 79 67 16 34 46 52 9 13 59 78 58 46 58 88 90 35 87 12 57 29 93 88 23 74 75 60 87 30 35 13 2 18 11 0 16 7 74 79 18 54 52 77 48 55
100 4 49 84 28 91 22 62 74 85 55 41 72 63 94 18 100 61 12 56 6 4 93 63 81 58 67 11 95 29 94 43 79 81 47 29 90 22 13 92 39 79 70 23 36 83 79 24 86 3 34 59 75 32 10 63 35 14 93 70 67 85 23 57 76 1 48 48 19 57 12 83 32 83 74 88 12 89 15 90 95 80 63 81 90 17 94 0 45 27 36 14 45 78 78 78 21
18 86 69 62 14 12 56 65 95 65 47 32 86 76 93 35 88 80 10 31 32 95 80 17 12 50 11 40 53 42 8 80 63 65 26 39 61 63 54 69 98 54 19 12 85 16 27 40 88 12 38 87 18 83 47 8 29 51 29 90 57 24 91 94 83 60 10 50 25 72 19 27 36 46 75 70 100 91 100 57 8 75 83 97 6 86 77 69 0 46 30 97 69 29 4 2 19
47 89 57 6 10 40 62 65 16 56 35 7 7 51 66 85 56 46 57 41 24 32 100 56 48 61 9 35 87 49 72 25 62 21 21 9 70 30 25 50 30 54 65 31 29 32 69 67 13 30 75 1 85 48 68 36 18 7 7 86 30 85 21 5 33 75 34 36 49 69 5 42 42 8 99 63 79 28 53 85 67 50 87 53 41 96 51 100 40 0 35 4 64 4 38 55 4
32 58 98 11 83 11 68 97 68 100 22 16 58 89 91 59 85 74 39 66 59 35 4 8 13 16 11 42 46 57 75 99 74 85 1 52 87 34 27 48 33 72 33 17 86 29 22 28 94 81 78 65 27 75 46 10 39 5 75 81 54 71 84 50 62 82 8 56 95 65 45 21 81 68 30 18 23 54 31 72 52 19 4 28 92 53 5 3 96 85 0 26 100 50 64 43 31
50 1 75 34 14 48 42 19 23 100 19 43 26 40 44 57 95 100 37 59 17 3 58 36 1 53 7 29 23 98 78 60 18 84 96 86 64 57 12 30 49 11 1 48 81 75 33 22 32 10 52 96 56 9 17 53 4 93 68 59 55 12 14 32 50 8 66 32 39 73 43 14 17 92 85 57 9 39 27 41 83 68 55 46 37 86 3 11 8 78 22 0 98 45 91 50 37
37 5 48 44 22 60 16 67 9 73 66 45 58 17 96 14 5 62 14 3 47 90 16 33 62 98 42 71 43 34 22 68 79 23 30 80 42 58 89 3 46 82 3 45 20 42 19 86 53 88 23 13 39 36 82 69 20 10 48 59 80 35 60 23 56 28 60 43 53 8 80 76 59 51 8 84 100 34 44 83 91 76 67 25 21 83 29 80 15 21 86 36 0 74 26 66 7
58 42 1 76 3 13 41 62 83 39 16 30 96 68 13 13 52 79 8 89 33 56 88 47 60 36 5 17 72 74 41 10 66 57 100 56 69 40 37 92 68 22 33 32 43 57 51 24 93 28 18 45 92 78 11 83 95 84 19 32 74 84 88 41 47 89 16 9 90 7 3 73 38 34 46 34 43 37 21 35 99 59 27 75 82 66 83 48 18 75 11 56 68 0 84 15 52
26 25 38 77 12 42 29 72 98 7 84 68 97 77 57 55 23 90 38 40 10 14 9 54 38 68 7 95 1 40 65 60 30 60 99 4 81 51 17 86 84 76 55 37 58 28 20 17 71 97 29 42 65 64 37 14 13 40 5 56 95 37 93 2 78 53 69 80 16 52 98 68 14 12 38 83 43 78 100 21 15 56 26 30 78 53 12 26 19 92 35 27 70 29 0 69 86
34 81 88 92 99 80 62 31 27 74 60 90 45 81 8 97 19 62 68 61 78 57 38 84 18 17 90 53 97 12 27 94 66 58 31 99 43 80 77 53 33 59 82 5 9 16 72 26 69 58 94 11 43 46 56 59 75 22 21 54 28 36 9 45 94 8 94 21 34 41 38 22 100 8 34 84 57 57 54 74 2 58 5 63 51 95 64 99 70 97 48 98 24 73 15 0 100
75 83 59 2 43 43 64 17 65 80 49 72 84 51 37 70 9 67 33 33 63 10 67 78 97 4 39 57 51 11 74 28 95 2 43 56 32 12 100 94 88 32 12 92 31 81 47 2 16 89 35 53 38 1 9 48 67 62 4 57 40 63 83 90 21 71 32 90 94 22 17 4 80 83 97 39 51 9 63 32 48 42 79 24 91 39 67 26 90 31 72 16 57 51 99 75 0
25 78
