20
6
499 882 345 -195 -805 -308 
415 -666 170 -829 945 215 
-412 -205 -609 -177 -980 598 
342 -499 -914 906 556 955 
-559 -271 353 -948 554 -905 
838 139 -886 -277 530 500 
2
650 184 
-967 -640 
3
-640 -947 356 
212 -691 -172 
241 675 -558 
3
-567 255 633 
-273 -373 -561 
952 521 -207 
5
926 -762 387 219 163 
-928 -621 477 -452 264 
-515 -668 614 -446 -699 
-662 -367 -212 -498 660 
865 -116 -286 -310 -706 
5
428 798 191 -377 -373 
-250 -914 361 -913 -623 
249 -188 -914 967 131 
143 187 522 -624 321 
-879 466 594 -577 -761 
1
-247 
3
-482 470 464 
-466 410 977 
255 233 551 
7
-506 458 -334 -150 802 964 925 
873 -900 805 -614 474 -972 -967 
-729 638 805 -220 -148 -425 -677 
-667 -885 854 -390 -224 -220 -575 
-321 -182 294 -592 -658 -758 -811 
-861 841 -152 -364 492 -306 674 
679 -727 705 -293 -293 159 -260 
8
403 818 -333 137 -718 -910 -778 634 
690 -980 255 743 511 841 -919 -759 
797 -392 -991 -877 -613 755 -442 516 
336 309 -328 -156 -597 331 532 990 
-889 301 495 -436 969 408 -215 -681 
-720 238 -962 -517 -268 -362 789 204 
-645 -566 -688 780 -282 752 -421 851 
177 737 360 208 -308 525 -469 410 
8
-583 307 -250 523 505 499 -608 -154 
776 -448 504 -183 484 -850 605 792 
885 836 833 -877 719 718 -555 790 
-669 -882 955 -147 -777 660 -271 -312 
343 376 831 207 -459 -514 -954 -171 
-749 354 774 423 649 -836 311 -428 
892 -489 -943 -683 147 632 930 -803 
278 -575 -809 248 -355 -578 508 116 
5
136 -319 -119 -517 888 
579 -402 676 647 -990 
326 438 -381 119 428 
-562 615 -976 -324 649 
200 200 415 398 -659 
6
-282 598 -473 -846 -814 -617 
-301 -768 -121 -891 244 709 
-258 471 643 -712 930 119 
-731 -826 -549 634 776 -180 
-904 451 -547 933 242 -487 
957 794 -305 -781 504 -697 
2
913 626 
-450 880 
8
983 -876 610 -869 -901 802 -355 278 
149 478 391 812 -659 -834 -313 810 
-815 136 -574 567 -866 221 340 -322 
678 847 516 -740 766 -897 999 -717 
-953 138 361 -611 391 714 443 -634 
-383 -417 785 -387 -801 278 -420 741 
749 487 -940 879 -728 367 894 875 
-848 -859 191 -907 352 608 -731 666 
3
966 472 198 
996 514 583 
-907 -939 -555 
4
483 845 488 625 
495 136 603 -945 
-497 -449 -895 -401 
-662 -782 177 -634 
2
-971 619 
281 231 
1
385 
7
932 -451 148 466 639 -592 -298 
260 447 388 188 758 -580 620 
-683 352 -396 465 538 387 982 
745 -103 -150 268 250 -505 132 
174 528 -138 -497 -475 -572 -489 
524 -999 -499 977 -864 -116 799 
882 -198 994 130 -580 167 -851