1000
1000000
11254
4536
10163
3445
9072
2354
7981
1263
20244
25825
21775
29843
13515
15595
10757
29845
14428
29907
17243
18698
11955
11205
12828
24614
10122
19974
20296
12276
27051
16167
13212
16655
19540
12955
11763
27252
16351
19717
12557
18967
18850
19926
20112
28950
10485
14486
12652
10540
15890
11904
22723
19815
28962
12019
28169
27099
21749
10629
18728
17527
11378
27931
11207
28281
26672
15319
11244
21054
18019
21777
22304
14877
10908
19498
21170
13109
21578
23164
10398
20803
12198
22550
15471
16089
19790
29191
20962
23627
17583
21976
11310
17643
19176
23839
15233
23032
10157
13137
12524
19891
20969
29144
19298
25074
17992
11398
19805
18712
13044
18312
22146
10532
16318
11134
19206
12233
13408
22314
16784
27358
17408
19463
20512
11703
19255
12892
26481
19988
13714
21745
19484
22009
27577
15649
23005
29982
21487
21809
15033
18599
29018
21248
24896
15222
17187
19039
10736
18335
25599
28387
27290
11517
25903
20633
27433
11843
12773
15961
19456
11062
17033
17502
12930
27641
18107
14229
24504
15625
20441
21332
21103
20362
25987
17933
23425
23201
12477
15906
14869
12003
22805
14587
17449
20462
27558
18519
22862
15575
11547
16863
29204
13764
15768
16097
16136
19003
19638
13531
22652
26395
26478
18198
25350
15273
25560
11734
15819
21165
26900
12399
27806
27294
23816
12730
20003
20315
10059
12712
27289
15164
19745
11286
16855
18440
19848
10401
10998
29224
22675
15772
24080
13980
21653
17824
15879
11052
14465
23428
13481
10338
15599
14669
15442
21942
12545
19271
21010
28330
28135
11061
25361
19320
13887
19557
16849
22728
20705
18151
14643
26182
17306
11648
27036
15668
22296
17722
19417
17403
11782
25662
21120
23080
15223
20965
13369
28437
25256
15307
12605
14597
26945
16901
11422
18740
28381
19412
18632
28174
25739
19803
15591
14207
25971
18190
24776
21579
13469
10891
12388
13247
14478
21261
18458
11815
29460
26718
15804
22945
16101
12109
27469
14802
18691
12897
23977
20569
22754
13229
17734
10849
11085
24068
17594
14074
21766
22606
16637
20201
16205
18588
20912
13950
11874
12152
24062
14567
12430
19457
24962
23620
24351
20054
26057
19163
18771
29968
11225
15629
16120
26325
15762
17960
19920
18987
10260
15774
10138
16745
29730
14550
18575
21396
22502
24098
18411
28745
29812
22193
12525
14965
21683
25061
21632
12461
14905
21799
22394
14523
11062
29497
18245
10359
22101
24013
13085
20855
18430
11285
28889
29863
17248
18778
11853
29852
29901
24721
26415
15013
15365
12843
26872
24515
29272
11084
11918
27291
13862
24126
22432
12298
20009
24198
18482
27161
19446
29111
11225
21456
23872
29030
13705
15855
25693
14334
21581
13819
14477
18837
27798
25110
13688
15806
14105
18707
15191
21952
29842
14376
23319
13160
18797
17284
22585
10971
16838
15971
18269
26190
10959
19136
12512
21113
12627
18794
29347
13800
29272
24186
22831
13140
12362
10596
11061
13203
28822
10860
23835
19915
22388
20955
24212
15981
20137
18962
29166
17503
12907
27902
20659
13786
17638
20493
27208
14390
18814
29088
15802
17058
17942
27329
12953
16312
22257
20438
14309
19984
19896
20855
22057
23668
16123
24445
10789
10805
11067
13371
18129
20700
24167
24242
23710
10499
10885
18687
20511
12165
23316
12856
18728
29586
19343
23415
19766
19016
17525
15477
16335
18399
19399
29595
15339
21123
13809
14133
23379
10376
16012
17576
26473
13913
20451
10918
17832
20529
13525
16831
21902
26958
16763
15322
19575
16930
13963
13636
20651
10060
10556
21192
17819
21830
19210
13473
11624
23872
19484
23948
17317
25806
24292
16897
13662
18014
23943
18498
19513
13676
22654
10133
17787
14969
20444
24655
13102
15769
29329
12978
17154
25772
11630
26008
12754
10959
28874
28208
21321
11028
13381
17993
26788
21039
17803
17677
16089
19251
20251
22192
20248
27036
11336
22056
18737
19918
22463
28127
20150
17310
10634
19142
14978
18927
17845
17453
21211
10369
17744
12241
27924
12613
22548
25013
13750
12851
28873
12820
14304
18623
29030
20149
17613
16074
26907
18785
25013
10901
21580
10417
23798
11131
15647
21931
22292
25983
22488
13230
25502
13636
18370
17803
15699
20636
19153
18392
13477
23619
16869
17951
18558
19117
13362
16860
15264
21852
12670
25831
26577
10070
28907
19150
11510
19639
19797
21095
18655
18148
20126
15684
12324
11008
24809
10919
27534
10785
18787
16153
14553
15781
24360
22486
16024
27394
15909
19755
24634
19963
26202
29731
17548
10490
13443
15517
12991
10842
12791
22946
18859
23076
14288
11798
10612
14493
12620
18637
28779
19037
18323
13728
26105
24611
20954
22400
18040
19335
24456
28138
17698
17136
28279
12508
16206
21671
23773
16423
29559
20044
11372
27589
29088
24872
22550
18733
20918
20003
18869
10724
28948
13974
10825
16726
10573
23747
26691
23622
25637
27268
24675
11490
12512
20162
13949
15515
16064
22343
19137
10643
24777
13685
29947
10616
12455
16856
20376
19984
18802
10746
11050
16277
14481
11702
21709
22627
16477
26895
21419
24175
29543
18273
14589
11163
20445
14200
14228
10055
22025
25984
25591
24362
21050
12733
29965
21410
21767
14332
28349
27528
20369
22762
16468
25415
14280
10307
10439
20782
14577
20589
15418
17572
11879
10343
24576
25916
15104
18940
27171
26761
15921
16988
12615
21172
21332
22060
21610
17612
13992
23517
12175
19676
13338
10459
25627
23747
15875
26023
18207
10720
14482
16967
13239
25581
29996
16220
15666
11918
27249
17973
21268
24521
22049
14498
16504
23768
21886
21067
11034
10653
15795
18145
15444
17685
27669
15541
23303
10673
29258
22601
20252
14913
11880
20996
13707
16529
19870
12330
15708
17208
17113
16650
12045
23246
10560
28569
16979
10559
13984
27520
18660
12990
23535
10098
15797
21915
12171
10849
10239
19383
21347
14705
24167
16632
24697
10476
13310
19768
27174
17079
15974
12771
16542
16997
18231
23873
25142
24011
27808
19056
13283
19252
13650
25334
24964
11542
19833
10133
23427
23749
21452
18560
15992
11750
20968
20397
22479
16039
21112
27372
20043
12557
27320
15927
19627
10029
25593
28361
22571
22079
26183
11412
10446
12464
13898
22190
17531
25559
15434
15820
24102
12746
15158
10674
13968
19602
21255
11529
17009
21149
16608
10738
25237
28370
12953
19707
12069
16202
23101
19695
14856
13245
21648
25490
16681
