5
10 10
91 67 39 ## 11 50 72 91 96 2
34 2 7 ## 42 48 96 97 83 43
-1 67 29 6 32 20 79 -8 18 ##
53 33 -6 58 69 35 24 41 59 99
14 84 ## 2 61 96 31 93 58 ##
15 -3 22 88 78 84 19 25 -4 53
2 18 -3 22 89 -1 96 ## 97 33
59 12 70 73 -4 42 32 67 19 40
95 41 ## 61 99 16 71 46 -7 19
9 69 41 67 53 60 ## 88 21 14
1157
0 4 1
5 5 18
7 8 25
0 2 36
9 5 43
3 2 12
6 0 77
2 2 100
8 5 94
1 2 95
4 3 93
0 7 24
4 5 19
3 0 69
7 6 80
4 6 90
1 8 44
4 4 86
5 2 1
6 4 101
9 7 28
7 3 25
5 1 76
2 9 31
9 6 48
1 9 86
0 7 23
1 1 54
8 9 83
3 4 83
5 4 77
2 0 73
8 0 67
8 5 23
8 8 31
8 6 10
3 9 67
8 5 70
0 9 69
4 8 93
2 9 57
1 5 97
4 9 96
7 5 85
9 6 7
4 8 74
9 7 1
5 2 33
6 4 66
4 2 85
6 3 55
4 2 55
0 9 19
2 3 28
0 4 66
9 1 55
4 8 101
8 7 15
9 1 38
8 1 18
0 9 48
8 3 18
9 8 54
1 7 72
4 6 36
3 9 78
0 9 50
7 4 55
3 0 79
0 3 27
5 9 95
3 6 83
0 0 22
6 6 68
3 3 61
5 4 32
8 5 22
0 0 68
6 1 38
0 7 13
2 3 48
0 1 53
6 0 19
9 9 29
6 7 62
3 4 88
1 7 35
1 9 56
9 3 17
7 4 36
4 0 9
7 1 99
2 0 66
5 2 57
4 6 60
8 0 44
1 8 51
9 1 35
5 9 82
0 8 10
4 9 17
1 5 60
6 2 50
9 4 7
7 0 77
1 0 49
2 6 4
2 8 84
0 2 67
4 0 45
5 2 30
6 3 100
2 9 50
7 3 20
1 5 3
5 9 63
0 0 78
7 5 7
8 8 92
9 9 5
3 9 79
0 5 3
1 5 63
5 6 35
3 7 4
5 1 60
1 6 54
1 3 89
3 4 52
3 9 65
5 8 55
0 7 86
0 2 90
6 6 8
5 4 88
8 0 56
9 8 78
0 6 101
2 1 55
9 0 76
0 5 58
7 8 73
1 7 52
4 0 65
2 3 99
9 0 47
8 4 53
9 5 41
7 4 73
4 9 69
2 0 54
6 9 74
9 9 62
9 3 67
7 0 44
1 8 80
2 6 87
7 5 96
7 6 91
5 8 58
0 0 24
2 3 28
8 8 29
3 1 29
5 1 76
0 6 69
1 0 89
1 6 91
5 5 44
7 0 69
0 4 55
9 7 2
2 5 66
1 1 18
1 7 7
2 9 20
5 7 4
3 3 14
5 0 26
6 6 25
0 6 96
1 4 38
4 3 99
3 9 63
7 9 7
4 6 95
9 4 57
3 3 40
6 1 20
2 0 5
1 6 55
3 8 50
6 5 23
2 2 73
2 3 39
6 8 52
1 1 4
7 4 18
7 4 1
2 7 9
4 4 101
9 6 34
1 2 57
9 8 12
3 0 73
9 5 14
1 5 83
3 0 3
2 8 47
6 9 7
6 0 79
0 5 72
1 6 35
1 5 71
8 7 51
7 8 98
6 9 58
3 7 25
2 0 20
4 6 20
1 8 89
0 2 87
2 0 43
3 7 2
3 3 54
0 6 71
1 0 61
0 7 27
6 6 72
0 2 58
6 6 22
7 1 96
0 0 59
8 8 94
8 2 81
3 8 45
4 0 86
6 2 62
2 2 7
6 8 57
4 5 68
3 0 6
4 2 65
2 4 42
3 1 40
2 5 58
7 0 30
7 8 24
7 4 58
9 7 23
1 9 12
9 0 75
4 5 37
2 1 87
7 3 85
0 5 51
4 6 66
3 9 97
5 5 19
9 6 84
9 6 26
6 2 61
5 4 53
3 8 38
7 9 55
8 6 89
5 2 54
2 5 42
7 6 62
8 0 41
1 3 13
5 2 40
6 3 8
4 2 47
7 4 93
3 5 35
9 6 47
5 2 33
0 6 56
1 3 86
1 4 36
8 8 34
3 7 23
1 3 90
6 5 13
5 1 20
0 1 10
7 9 52
9 6 71
0 6 94
6 2 14
2 1 35
2 1 62
3 7 101
2 6 48
5 1 43
7 8 51
6 0 6
0 5 34
1 4 78
9 0 59
0 9 29
4 6 56
5 2 93
8 5 18
4 2 61
9 8 72
9 2 15
5 2 92
1 5 93
7 7 95
6 8 64
1 9 48
0 7 37
4 6 47
2 3 72
9 6 5
8 3 89
9 8 87
3 7 53
6 2 98
4 5 46
1 4 98
6 8 70
4 7 21
2 9 52
4 9 49
5 0 13
7 0 60
7 1 26
4 6 72
0 6 28
5 4 26
7 4 19
6 9 46
3 4 96
7 5 2
2 6 70
2 7 54
3 9 54
0 3 35
0 1 100
1 0 56
9 3 94
7 1 28
4 7 99
7 2 38
1 2 74
3 2 4
0 7 91
1 4 73
4 9 9
8 6 5
1 6 35
4 0 60
0 3 43
0 3 94
4 4 42
0 5 45
8 3 22
0 9 13
4 7 68
7 8 77
1 7 16
8 1 62
8 3 87
4 3 38
8 4 58
2 7 54
6 8 30
6 4 26
9 0 75
5 1 1
3 2 50
1 7 95
6 4 19
0 5 7
2 5 29
5 7 34
7 7 19
0 3 29
3 1 77
0 4 36
5 9 90
1 6 45
0 3 35
8 5 34
5 6 30
6 9 65
8 3 72
8 2 15
5 6 83
0 8 1
0 0 89
7 0 14
1 0 10
7 4 5
6 9 20
4 2 24
9 0 91
6 7 9
6 1 81
0 5 28
5 0 9
6 2 66
8 0 76
2 4 6
0 9 84
5 3 73
2 8 31
6 7 27
8 7 1
9 8 8
5 6 85
2 8 61
9 9 70
5 3 34
4 0 93
6 6 49
5 2 89
3 5 64
7 9 90
7 9 97
3 7 50
6 8 100
1 9 48
1 6 88
6 4 60
6 5 33
7 8 67
1 0 66
3 8 15
7 8 100
8 9 86
8 8 92
3 5 23
0 2 15
9 0 12
5 0 83
0 7 62
2 1 23
3 2 95
7 7 18
3 8 14
5 3 18
1 4 54
5 8 51
3 3 63
8 1 43
3 6 17
0 2 29
7 2 5
6 8 83
1 2 94
6 4 33
4 8 21
1 0 36
6 4 18
2 5 22
6 4 77
8 5 52
1 6 76
7 5 14
8 9 22
6 7 22
4 5 94
8 2 9
7 5 88
9 7 71
0 6 11
4 5 69
9 0 26
4 8 75
6 0 73
9 8 63
5 6 95
2 4 95
3 7 29
9 3 83
6 2 53
8 2 50
4 9 19
9 7 78
6 7 58
3 1 75
7 5 97
8 1 25
9 8 90
0 3 74
8 3 39
4 2 38
0 9 64
8 9 28
8 7 54
2 9 45
0 7 30
2 8 38
2 4 91
1 9 51
5 1 15
3 2 73
3 4 9
0 9 44
7 8 95
0 0 86
7 1 48
7 3 96
9 8 17
7 2 17
4 5 33
3 3 61
8 1 31
9 0 50
4 9 87
4 8 40
0 9 23
7 2 80
6 9 17
8 2 86
9 4 11
7 3 65
0 0 36
0 9 89
7 9 90
0 9 21
9 1 88
6 1 14
6 4 68
9 9 60
1 9 28
3 7 45
7 5 17
0 5 65
4 5 11
4 4 2
1 6 31
1 3 1
3 9 6
9 0 15
6 2 83
5 9 42
0 4 1
3 0 94
4 5 21
2 7 4
6 1 53
4 2 51
8 3 36
7 1 74
8 6 64
6 5 29
8 3 20
9 9 25
9 4 33
9 3 88
4 3 32
3 8 82
8 7 15
1 9 57
8 3 42
9 7 31
3 6 58
0 2 77
7 3 52
2 6 8
2 3 27
7 7 30
4 3 11
2 7 22
7 1 67
0 4 16
6 6 18
3 7 4
3 5 79
3 2 61
7 2 58
8 2 27
5 7 99
7 8 23
7 7 34
4 8 65
6 4 79
1 3 74
3 7 83
9 2 50
1 1 83
8 1 37
8 6 44
6 3 54
6 1 25
3 9 81
6 8 12
0 0 33
9 3 95
8 8 48
4 1 62
3 0 60
0 8 99
2 0 12
7 1 30
3 6 89
4 4 58
1 5 38
4 8 34
3 2 7
4 6 57
8 5 75
1 9 16
1 7 92
3 5 37
8 8 32
2 0 78
1 6 24
1 5 75
4 8 38
4 9 44
4 0 4
7 9 92
7 8 75
2 8 26
2 3 77
6 3 38
5 2 68
6 7 47
8 0 73
6 6 98
9 4 22
4 3 6
4 5 14
8 4 34
9 5 64
5 6 9
3 2 23
8 3 48
3 8 11
1 3 37
4 0 10
6 7 30
8 1 33
5 4 51
2 2 14
7 9 51
4 1 96
4 4 24
6 4 62
4 3 72
7 6 19
7 0 42
3 8 68
8 1 12
3 7 88
4 6 44
6 3 22
4 3 19
6 8 93
2 2 41
3 9 75
6 7 39
8 1 66
8 8 42
0 7 6
1 3 41
8 3 65
6 8 55
3 2 19
8 7 24
7 1 6
6 5 19
5 9 63
2 7 92
5 3 27
6 2 1
8 2 35
4 4 63
9 8 54
9 3 80
8 1 64
4 3 83
1 4 63
2 0 9
2 9 48
4 3 5
1 4 57
5 5 85
6 1 31
7 6 42
6 1 33
7 5 26
6 9 21
2 5 62
1 4 37
3 8 40
5 0 54
0 0 68
2 7 20
5 6 100
1 8 61
9 8 79
1 6 82
9 8 15
7 2 25
5 8 91
6 6 17
4 9 28
2 6 24
2 0 61
3 3 55
8 5 41
4 0 17
3 7 70
9 0 57
5 4 23
6 6 48
0 2 19
7 6 51
4 2 5
3 7 92
8 8 46
6 7 92
3 9 10
3 7 56
3 2 20
2 7 77
7 3 79
4 9 82
8 1 35
5 1 17
3 1 76
6 0 48
7 9 63
0 1 13
5 6 62
4 5 81
9 8 18
2 7 91
2 2 52
9 4 64
0 1 36
6 1 55
2 6 40
2 3 23
8 1 90
8 0 38
2 9 94
6 8 37
5 7 75
2 2 59
1 6 79
6 5 9
8 5 38
9 0 28
0 4 41
3 7 72
3 0 80
2 9 76
9 8 76
0 0 32
1 6 83
7 3 12
2 1 34
9 5 28
7 2 6
5 6 41
5 3 95
5 8 42
1 5 1
7 0 84
8 8 101
5 0 25
3 5 59
9 7 34
1 9 53
3 5 33
4 5 100
8 4 60
3 8 73
0 7 75
9 7 17
1 8 43
1 7 23
1 6 87
8 5 36
2 7 61
7 8 57
3 1 32
7 1 100
5 6 12
6 1 29
8 1 48
0 3 43
9 3 81
1 6 26
3 5 26
6 2 101
8 8 1
5 0 47
9 6 18
8 3 77
8 4 27
0 8 39
5 6 44
2 8 10
9 1 36
4 4 7
2 1 72
8 9 24
2 6 50
2 2 12
5 2 38
9 3 23
5 7 59
5 8 11
9 3 31
0 0 54
3 1 95
0 4 40
1 2 40
2 9 76
5 6 65
2 0 29
0 3 37
8 9 87
4 0 62
5 7 65
5 0 47
9 9 88
4 3 18
5 9 56
0 7 43
5 3 16
8 8 88
0 0 92
2 3 62
4 1 48
6 9 4
1 5 58
0 3 52
6 0 14
9 9 14
4 7 87
4 0 73
6 4 7
9 2 97
8 2 88
7 6 69
9 7 45
9 5 89
5 4 56
8 4 42
7 7 97
3 8 99
8 7 83
1 9 28
6 6 99
4 9 70
1 8 89
3 7 15
3 1 6
8 1 70
9 9 95
6 1 93
5 1 100
2 2 24
2 6 74
2 8 37
7 2 33
7 2 86
0 4 22
4 0 12
1 8 34
2 7 35
9 8 19
1 7 75
5 2 101
7 4 87
0 7 64
2 5 27
3 7 73
9 7 88
3 4 85
3 9 13
7 6 94
2 6 25
6 3 35
4 7 23
3 6 101
0 4 97
2 9 26
0 2 88
4 2 50
7 0 86
5 4 53
3 7 94
0 5 96
6 5 20
4 4 77
0 2 86
9 1 51
5 2 1
3 0 91
0 3 74
8 7 47
2 0 23
4 7 68
1 6 97
9 9 46
0 1 30
8 6 31
5 1 48
3 8 71
8 6 23
7 2 13
4 1 40
0 8 39
2 8 33
6 0 80
4 3 47
1 6 26
3 1 47
8 0 8
7 6 26
9 0 15
0 1 52
9 2 15
0 5 6
8 8 34
5 4 55
2 2 76
5 2 19
1 9 95
3 3 14
1 3 56
1 0 18
7 6 12
3 1 22
6 1 68
7 8 89
2 2 68
7 2 63
3 8 73
2 0 37
3 5 86
3 2 80
9 2 90
6 7 57
7 8 36
4 3 94
8 0 27
2 3 32
1 0 49
4 9 38
4 7 41
7 2 56
1 2 87
9 8 80
0 3 36
0 8 12
4 6 85
4 9 17
0 5 44
2 4 21
1 6 48
7 0 58
3 9 22
6 9 28
5 7 68
4 0 1
3 2 88
4 8 30
1 3 1
7 2 3
6 6 35
0 6 84
1 9 16
6 5 92
8 9 2
6 9 9
3 7 30
9 8 41
4 3 59
0 2 24
6 2 62
3 4 58
7 7 26
8 5 12
4 6 55
2 7 48
6 7 31
9 9 80
6 7 91
7 2 69
9 9 66
1 3 18
0 4 60
2 1 67
0 7 100
6 1 8
7 0 9
3 9 43
4 8 27
7 9 60
1 2 23
4 4 7
2 3 62
0 3 13
3 0 37
6 4 16
3 7 77
1 1 8
9 3 65
7 5 58
0 9 14
1 3 99
0 8 6
7 0 19
1 1 84
5 9 70
3 2 68
7 7 78
5 3 27
8 5 12
0 9 71
7 4 30
3 8 17
1 3 53
8 4 13
9 0 42
7 1 43
1 8 70
8 3 26
9 6 33
4 5 30
1 5 61
9 5 63
3 7 37
7 3 21
8 1 77
1 4 53
8 9 100
9 8 45
2 9 42
5 8 10
1 4 33
8 7 57
6 6 94
8 6 92
9 3 19
5 8 42
1 0 31
9 5 50
9 5 81
8 9 87
8 0 61
3 4 53
5 7 71
7 6 84
7 7 87
5 5 64
7 3 40
6 5 48
0 8 30
7 5 40
8 9 33
3 5 87
8 3 86
2 3 43
7 2 37
4 9 100
7 9 67
4 8 98
2 2 43
0 5 96
9 7 40
4 9 24
6 1 28
4 5 44
1 1 17
1 9 62
0 4 50
4 2 75
4 4 27
7 1 17
8 7 2
9 7 66
4 4 27
0 5 7
0 3 10
0 1 39
8 1 39
4 1 33
8 6 69
0 3 15
0 4 5
3 4 86
8 7 11
8 1 96
6 8 63
8 6 15
0 9 90
0 4 78
0 7 85
8 2 31
5 1 72
7 2 63
5 6 42
9 0 50
7 1 50
3 3 5
1 3 49
8 9 51
4 5 12
7 4 100
1 5 86
0 2 64
3 1 45
6 7 15
4 3 65
9 2 5
1 4 25
2 8 33
7 5 88
1 3 66
9 4 74
8 1 13
9 6 92
0 4 80
7 8 87
8 5 29
7 8 47
6 8 14
0 8 83
5 6 52
4 1 57
7 0 92
0 0 74
3 7 90
7 8 37
0 5 93
7 9 27
7 2 94
5 2 36
3 6 89
4 8 89
5 4 24
7 7 98
4 0 79
4 1 48
2 2 40
1 5 97
9 7 84
6 3 34
0 1 74
2 3 44
2 0 22
7 1 97
4 6 41
5 4 1
10 10
54 59 -5 -2 39 6 ## 56 41 ##
2 26 2 21 59 32 84 23 94 32
82 82 45 -8 3 ## 16 46 31 82
3 -4 22 3 74 23 32 34 80 10
55 97 71 4 40 89 82 ## 41 51
-9 98 76 81 8 93 10 32 88 32
19 ## 18 32 ## 25 ## 15 52 82
69 15 56 ## 59 ## 18 23 -4 12
18 -1 15 21 91 -1 95 95 85 ##
88 64 28 27 79 84 1 0 50 83
1679
0 4 91
2 6 19
0 8 57
4 3 89
1 7 96
6 0 11
5 9 56
2 7 100
9 1 100
8 8 92
3 2 2
5 7 6
1 3 7
9 1 71
5 2 54
7 2 101
7 1 83
2 6 45
6 3 11
0 2 62
7 2 13
0 7 39
2 3 60
0 1 49
4 2 61
4 7 92
7 7 9
4 4 87
2 1 77
1 0 101
2 8 85
6 1 59
1 1 20
1 2 17
6 9 80
5 4 43
8 9 2
6 0 4
7 2 14
4 5 64
2 8 68
4 4 37
5 0 80
3 9 56
2 7 54
2 4 60
4 0 78
7 2 52
8 2 26
1 8 47
3 5 46
2 2 44
2 8 64
8 0 29
3 3 74
1 2 9
2 0 96
8 2 48
2 8 50
0 7 45
9 3 79
8 6 25
7 7 5
5 4 77
3 1 36
8 1 43
5 3 20
4 8 66
1 3 32
1 1 57
7 2 37
0 4 95
4 2 51
3 8 46
3 4 71
4 7 90
6 2 99
5 3 62
6 7 76
1 4 30
4 7 36
5 6 11
3 5 50
7 3 1
3 6 86
7 8 49
7 6 46
6 4 3
3 0 34
7 6 67
2 0 26
6 8 101
5 3 78
3 7 82
0 6 1
5 1 15
3 1 92
0 9 9
9 8 84
0 7 35
1 7 82
7 7 15
7 8 14
4 1 50
3 3 25
2 0 100
8 2 25
4 5 27
5 0 71
2 9 21
2 5 63
2 8 3
2 7 52
1 6 90
5 5 91
0 5 49
9 6 1
3 9 7
1 8 2
4 8 62
6 8 36
1 4 15
4 1 74
1 2 2
7 7 89
9 1 98
5 0 7
5 4 57
3 4 48
3 1 56
4 6 15
9 5 78
9 6 47
3 4 17
6 3 17
5 9 75
1 7 94
8 0 33
7 8 31
4 8 54
9 9 7
3 9 67
1 4 20
8 8 5
4 1 71
2 4 74
0 0 3
0 6 67
9 7 38
3 0 90
5 5 3
4 6 70
3 6 84
9 6 37
4 1 98
8 3 78
5 6 34
5 7 45
3 8 32
0 9 19
5 7 32
2 7 41
9 4 30
8 9 60
1 9 26
7 7 39
6 5 82
5 8 98
6 2 37
0 0 71
0 1 96
9 4 76
2 1 74
9 7 52
0 2 23
3 5 18
9 9 2
8 4 90
6 0 6
2 7 32
0 3 98
8 8 54
1 9 80
7 7 7
9 7 24
2 8 14
8 6 52
0 9 32
8 0 79
9 7 18
7 5 84
2 7 24
4 6 37
0 3 68
2 0 55
2 5 37
4 1 91
7 6 83
7 4 42
3 9 37
2 5 49
1 0 50
6 2 75
0 7 63
9 5 5
3 5 9
5 5 97
8 5 33
8 7 37
2 6 87
1 3 36
8 6 84
9 5 53
4 1 47
0 3 77
7 8 57
1 2 72
3 6 73
3 7 85
1 0 76
1 3 46
0 9 29
6 8 47
7 4 100
4 3 2
1 8 30
7 2 80
6 7 72
1 6 94
4 1 68
0 4 34
8 4 89
3 4 58
7 4 64
6 5 39
1 1 65
0 5 26
3 9 85
7 1 54
7 8 36
6 3 35
7 4 2
5 7 72
5 1 69
6 5 80
8 9 80
5 2 59
7 6 12
0 9 75
3 3 71
7 2 13
3 6 47
6 5 75
1 3 70
9 3 44
4 2 94
0 5 92
6 8 62
5 1 19
7 7 1
0 5 28
9 2 77
2 3 10
2 8 34
8 1 75
0 7 68
5 8 53
9 0 80
8 5 68
2 3 47
9 1 60
4 3 43
6 0 94
3 3 91
1 7 8
0 3 98
0 7 78
5 4 63
7 9 58
8 8 85
7 0 75
0 7 6
2 7 1
9 4 7
2 2 17
6 9 47
4 1 73
9 6 41
6 0 61
2 5 36
0 3 28
3 0 84
8 1 10
4 8 79
5 3 101
8 9 84
3 8 55
5 1 68
8 5 13
1 9 100
8 8 57
3 3 88
1 1 15
6 2 27
4 9 34
5 4 24
4 9 54
5 8 42
2 1 4
6 7 33
9 2 7
4 5 77
2 9 32
1 2 29
6 9 70
9 6 11
2 1 86
1 4 54
0 9 53
3 2 70
0 6 51
2 5 38
4 4 45
1 2 98
5 5 80
8 3 17
8 5 39
5 1 37
0 5 54
4 0 8
9 9 81
7 4 75
2 0 37
5 8 20
8 7 96
2 7 96
2 0 39
4 2 62
4 9 10
2 4 43
8 9 88
1 1 39
2 6 98
6 5 51
0 7 76
5 9 50
7 2 62
3 0 12
1 4 44
0 6 48
2 3 67
2 6 17
3 3 69
7 2 14
1 0 95
8 1 101
9 6 34
4 1 67
2 7 14
9 4 67
6 9 62
4 9 5
7 1 36
7 5 18
5 9 62
7 8 37
7 0 45
8 8 88
2 1 39
7 3 86
2 6 6
3 7 97
5 2 90
5 4 18
0 2 9
7 6 73
8 7 85
6 6 81
6 4 58
5 8 81
2 9 64
4 3 97
8 8 26
2 4 32
8 1 35
3 3 77
7 3 98
4 0 58
6 7 73
9 0 15
8 5 47
9 2 34
9 2 38
3 4 15
3 3 53
8 4 99
6 3 50
5 9 68
3 0 29
9 7 59
3 1 45
1 8 15
1 2 91
3 1 79
2 2 46
9 2 101
2 2 38
0 7 75
1 0 1
1 7 37
3 5 76
9 0 17
3 9 9
2 8 33
9 7 39
4 5 49
8 7 12
1 0 99
3 2 90
4 6 6
8 6 78
1 4 24
4 0 26
8 4 84
7 5 18
1 3 82
9 1 39
6 6 73
3 7 21
0 2 32
9 3 34
8 3 22
5 4 39
2 5 7
2 3 29
1 1 20
6 5 30
7 6 3
1 1 98
7 6 69
6 5 35
3 0 51
1 7 71
4 7 82
5 8 52
8 3 75
4 1 13
9 1 10
4 5 35
6 3 38
3 5 18
3 9 22
1 5 65
1 2 48
7 4 37
3 0 11
6 6 55
3 8 16
6 2 55
9 7 76
9 9 52
3 5 55
3 7 99
8 8 69
5 2 40
1 6 10
1 9 42
9 3 81
6 7 51
9 2 16
1 4 43
3 5 7
9 0 30
9 1 27
9 1 10
8 3 54
5 4 99
5 4 94
1 9 71
0 2 98
2 1 91
6 9 34
5 8 55
8 7 12
2 3 18
8 0 93
0 1 14
9 2 75
8 6 3
2 3 27
3 6 3
4 7 76
1 1 83
6 4 79
2 3 23
3 8 53
3 7 56
7 6 40
5 6 45
2 9 45
2 9 11
7 6 51
9 7 9
5 4 25
3 8 34
2 9 87
1 7 5
0 4 70
1 1 32
8 3 38
5 7 84
6 5 81
5 4 95
2 0 75
6 2 47
8 8 96
0 6 83
2 4 70
3 3 62
6 8 70
0 0 69
1 3 12
4 7 32
2 5 27
6 4 8
2 5 37
9 7 12
0 8 52
2 8 23
0 1 101
1 8 13
9 0 84
9 7 74
4 6 77
0 6 9
3 9 34
7 7 16
6 4 28
8 9 9
5 7 66
0 5 66
4 0 48
4 0 54
7 9 36
2 8 23
7 6 15
6 3 18
7 9 60
7 0 7
6 9 21
3 1 16
9 5 99
2 3 63
9 4 65
8 3 32
8 7 59
5 8 93
4 3 95
3 1 93
4 4 57
2 3 50
3 7 3
6 6 74
1 0 71
6 9 44
7 9 84
9 2 101
9 1 67
1 0 1
4 2 93
3 4 17
5 4 89
9 9 27
7 7 52
6 1 64
6 6 23
3 5 9
2 5 41
5 1 78
2 3 72
4 7 57
1 1 9
1 5 56
1 1 90
0 3 101
0 2 51
7 2 88
9 7 13
0 1 32
9 6 44
2 0 35
3 0 40
5 8 98
6 7 56
0 1 39
4 5 28
7 8 97
4 7 3
4 9 53
6 2 31
0 1 9
3 2 22
0 4 66
1 7 84
1 1 37
4 9 61
5 2 94
8 8 24
3 7 52
5 5 68
5 8 42
8 0 49
0 3 64
0 0 75
6 1 52
7 4 13
1 2 92
9 2 64
7 3 64
7 5 37
4 7 99
5 8 6
1 4 80
0 4 22
3 2 85
7 3 17
4 8 101
1 1 92
9 2 59
0 2 60
2 1 18
2 8 56
1 4 78
7 3 59
8 3 57
4 8 84
1 1 54
2 3 4
9 4 95
4 7 41
3 0 64
9 1 96
6 1 3
7 2 33
6 5 16
6 2 27
9 9 23
9 9 22
1 2 11
9 8 72
2 9 32
3 7 75
8 8 46
7 2 22
7 3 2
4 0 42
4 5 2
8 5 98
9 3 72
3 2 86
6 1 64
2 5 40
4 7 34
7 6 46
4 5 31
1 7 101
6 9 94
0 6 78
9 0 32
3 4 32
8 8 67
9 4 67
0 9 68
9 1 64
1 0 2
2 8 65
8 5 28
1 9 37
4 5 77
2 6 48
4 1 40
5 0 27
4 1 68
2 8 56
3 6 61
8 3 6
4 3 84
8 5 101
3 1 54
2 5 82
3 3 59
7 3 68
0 1 94
3 8 90
5 7 95
2 6 23
8 6 93
6 6 91
3 8 99
2 5 40
8 8 54
8 2 98
2 3 27
1 6 32
7 0 19
9 3 60
6 3 23
6 2 92
1 1 69
6 0 96
0 6 80
3 1 84
4 7 2
8 0 62
7 1 97
1 2 21
4 8 100
1 7 71
1 2 18
9 9 4
8 8 100
8 9 67
2 6 34
5 0 89
9 0 32
9 1 75
0 7 23
5 2 80
3 0 12
5 4 74
4 9 16
1 1 81
5 7 10
4 8 31
3 0 9
7 5 70
0 3 94
3 2 62
3 0 53
0 6 85
4 8 80
6 7 39
4 4 85
8 4 69
3 5 86
4 3 34
0 2 6
1 5 65
1 8 9
9 7 99
7 0 97
1 6 17
9 6 97
7 7 25
0 5 18
2 5 64
0 5 69
3 0 29
3 3 44
0 6 53
3 7 69
5 0 84
9 4 29
8 6 84
6 9 57
8 1 36
8 7 97
6 5 20
4 5 57
4 6 2
1 9 68
3 4 78
6 0 82
9 0 41
3 5 57
1 5 56
0 1 82
1 1 13
4 4 70
4 4 92
5 8 74
0 0 98
3 8 20
3 1 40
5 5 47
8 4 81
6 0 26
1 9 44
0 0 14
0 3 58
9 1 19
9 6 12
4 9 89
8 9 93
7 7 20
8 2 31
6 4 77
9 7 1
5 3 16
2 7 15
8 4 98
8 5 68
1 7 16
7 9 53
6 9 37
8 4 41
8 6 13
4 0 36
1 9 87
0 0 35
3 6 6
5 4 53
7 9 3
7 6 35
2 6 97
2 6 38
5 4 35
6 8 76
5 6 20
0 0 10
4 1 28
1 8 77
7 0 101
4 3 98
0 9 74
7 5 99
5 7 95
5 6 30
0 5 93
7 5 40
5 1 96
6 3 14
7 6 54
7 7 82
4 2 57
9 7 91
2 9 75
0 5 38
3 3 68
3 8 61
4 2 82
5 2 68
2 8 23
7 6 65
9 9 83
9 3 78
2 6 63
4 3 100
4 1 7
3 1 83
3 4 63
9 2 69
5 2 39
3 8 66
5 6 90
9 1 2
5 1 13
7 2 2
3 3 65
6 0 74
7 4 48
5 0 14
5 7 84
7 7 2
0 5 23
0 8 93
1 2 2
4 0 80
9 1 92
8 3 50
2 8 95
6 8 82
4 4 37
7 5 13
6 1 52
2 9 4
6 2 67
8 5 87
2 7 25
6 2 97
5 0 12
9 4 83
1 1 75
6 7 91
3 7 96
2 0 88
4 5 98
5 6 47
1 7 1
4 3 60
2 2 6
2 7 41
2 3 11
6 8 47
3 8 71
5 1 23
9 1 78
6 1 14
3 4 77
6 7 78
4 1 23
1 8 73
0 6 56
6 7 20
7 5 7
6 0 21
8 2 3
3 2 27
1 4 66
5 2 89
7 3 62
7 5 86
7 8 43
7 9 12
2 7 99
3 7 95
7 5 80
7 5 67
7 3 40
9 3 30
6 9 40
3 2 54
9 5 80
5 1 83
3 7 41
7 9 89
4 3 32
7 8 36
8 5 18
2 8 98
8 6 15
8 1 22
3 3 94
7 6 14
3 4 12
7 3 55
1 5 4
4 7 68
8 8 25
9 9 51
8 0 76
9 7 92
3 6 66
2 5 10
2 3 46
5 0 44
3 2 55
2 9 12
0 3 62
1 7 18
7 7 28
7 0 94
3 5 83
9 1 78
1 9 41
6 9 22
1 0 7
9 2 40
1 5 78
9 8 65
8 9 43
7 5 30
3 6 83
5 8 29
7 3 32
7 8 84
3 2 42
6 3 75
2 5 5
6 0 52
5 5 34
3 7 37
6 4 69
7 4 15
2 4 99
8 8 43
4 7 97
5 1 77
6 6 16
0 7 54
2 9 33
2 7 78
7 9 6
8 3 43
8 6 25
3 1 38
3 8 98
8 8 20
7 0 52
8 9 63
1 3 89
1 7 18
5 5 86
4 7 97
1 8 55
2 2 5
3 1 32
2 0 24
3 9 2
8 1 14
0 3 98
3 4 55
8 7 21
0 5 40
4 0 31
0 7 39
6 0 72
7 0 59
3 5 44
8 1 14
2 5 39
1 7 20
1 2 30
7 5 89
3 5 3
3 0 82
8 8 12
8 6 97
3 5 87
0 1 59
3 5 58
4 2 38
6 3 26
5 9 29
7 6 62
7 4 97
8 0 65
0 3 44
3 2 50
0 6 73
0 4 30
5 6 58
6 5 29
6 9 9
8 4 98
2 2 45
1 3 86
2 0 80
3 4 79
0 6 85
2 1 79
5 0 34
0 2 4
0 8 31
9 3 26
7 2 42
0 8 77
3 6 90
4 5 18
2 4 43
2 9 95
5 8 10
6 1 100
2 8 59
3 2 96
9 8 61
5 2 94
2 2 26
9 3 40
9 8 86
0 8 42
0 1 27
4 1 23
2 0 55
2 9 28
2 3 51
2 2 11
9 2 44
0 4 2
8 5 76
1 4 91
6 9 82
7 4 49
2 0 38
5 3 22
4 6 84
8 8 19
8 2 15
3 4 97
4 7 58
6 9 8
2 7 31
5 5 65
7 1 3
7 5 63
6 3 67
7 3 85
9 7 39
2 5 41
7 5 22
5 5 68
8 4 41
4 5 39
3 9 3
4 1 31
2 5 4
2 5 27
7 5 25
2 5 85
2 4 73
3 3 94
9 1 54
1 9 21
1 2 69
7 1 96
6 0 50
3 4 20
5 7 68
6 5 52
1 9 65
4 3 63
9 9 7
3 1 84
9 1 46
5 1 13
7 0 70
9 1 52
3 7 13
0 2 83
5 4 16
2 7 74
3 3 61
9 9 59
0 3 56
5 4 99
4 6 74
7 5 15
1 3 88
3 2 91
4 6 18
9 8 100
3 8 77
1 8 89
3 4 1
1 1 10
8 0 9
9 9 66
0 0 49
7 6 77
2 5 83
2 7 59
2 7 19
6 3 52
7 2 9
4 3 60
1 7 37
4 8 34
8 9 56
3 3 99
7 2 39
0 2 79
9 6 61
2 2 87
8 5 26
0 7 67
3 9 4
5 5 26
8 5 56
4 0 90
8 2 70
5 0 16
4 6 50
0 5 89
9 3 47
5 7 42
5 4 69
3 0 64
0 0 76
9 2 17
5 6 99
4 4 55
2 6 96
0 8 89
5 8 15
6 2 73
7 2 78
7 7 43
7 1 84
1 1 84
1 0 76
3 0 51
8 4 18
6 6 49
4 7 44
7 1 87
3 1 63
8 0 10
8 7 25
2 8 4
1 1 19
1 4 77
8 5 80
4 2 72
0 8 47
5 2 38
0 7 12
4 7 70
6 0 58
8 0 7
8 2 9
4 0 92
3 2 54
6 0 10
5 5 88
8 4 73
8 3 10
3 6 81
6 2 22
5 2 30
8 9 27
9 2 82
0 8 71
0 1 8
5 8 41
4 3 76
8 8 18
6 0 57
5 5 32
4 9 44
8 3 84
6 7 94
0 8 77
5 9 23
6 8 24
0 2 63
3 1 49
3 0 15
2 2 68
1 3 69
9 6 55
4 9 40
3 9 64
9 9 26
3 0 63
9 2 87
0 2 26
1 9 16
3 2 75
8 4 1
2 0 67
4 6 11
1 1 93
0 6 92
0 1 10
5 7 62
1 6 35
8 2 27
8 8 96
9 3 67
0 6 20
1 3 5
8 5 40
6 8 74
4 9 53
5 7 11
1 7 20
5 7 86
9 3 67
9 3 34
0 6 28
2 7 54
9 6 11
5 7 101
3 2 33
1 1 59
2 4 78
5 0 79
9 1 63
7 6 93
4 9 14
7 5 49
0 4 72
8 7 61
7 8 91
8 2 20
8 1 22
6 5 12
5 4 24
1 1 70
9 0 86
3 7 43
5 4 50
1 7 79
7 9 87
5 4 88
4 3 15
5 2 62
5 0 22
8 4 69
2 8 95
8 9 18
1 1 55
3 3 10
4 8 32
5 3 99
1 0 68
3 8 34
2 9 27
9 1 88
2 1 30
0 9 60
8 2 86
3 0 82
5 1 88
9 3 28
2 4 32
7 9 61
6 5 75
4 2 7
4 5 92
0 7 11
1 6 60
9 0 2
5 3 43
5 3 25
5 0 15
7 5 33
6 8 45
0 8 26
1 4 39
3 8 64
5 8 16
5 0 18
2 0 2
3 6 13
9 3 54
0 3 84
0 1 81
5 9 47
8 1 67
6 2 28
1 4 58
7 6 24
8 6 101
9 3 26
3 5 36
3 2 57
1 1 29
3 4 94
3 3 54
8 6 74
2 9 48
0 3 44
7 8 15
9 0 6
3 3 87
8 2 6
1 6 27
7 6 50
9 7 29
2 8 11
0 7 76
0 7 66
4 1 3
6 9 94
8 1 1
6 0 2
5 5 25
3 9 27
2 8 70
0 5 81
9 0 58
0 9 61
4 6 85
9 0 16
6 3 91
3 5 64
1 0 97
6 7 34
9 4 38
8 5 93
4 9 22
9 4 5
0 2 5
2 5 71
0 0 30
6 9 71
0 8 53
3 7 3
2 9 1
4 1 21
0 5 33
7 2 89
5 1 62
8 9 74
2 8 63
7 6 34
8 6 40
2 7 48
8 8 74
6 8 69
4 2 30
7 7 47
8 5 84
4 2 26
3 2 30
8 7 48
1 9 32
6 7 58
2 6 62
9 2 69
6 9 91
7 3 54
0 9 70
5 3 92
9 8 52
8 6 79
7 6 52
7 1 43
4 3 81
1 4 28
4 4 73
5 7 45
5 5 65
1 2 4
8 5 80
1 6 92
9 7 47
5 1 32
8 4 70
8 5 32
3 5 46
3 0 66
1 9 79
2 9 63
6 8 42
1 8 32
6 9 30
3 1 85
2 1 94
1 3 13
3 7 78
3 3 93
3 0 33
8 4 36
4 1 87
9 3 87
6 1 69
9 1 30
4 8 5
3 3 60
6 6 94
8 0 34
4 1 38
6 5 41
1 8 49
5 9 7
6 3 9
5 0 60
1 0 19
8 4 16
4 5 52
9 7 75
3 5 4
1 7 94
0 6 84
6 6 53
1 5 26
8 1 15
7 7 88
3 4 65
2 8 44
5 0 32
9 6 2
8 5 1
5 1 23
3 7 89
7 2 30
2 9 90
1 4 49
0 3 62
2 1 41
7 5 74
7 5 61
9 6 14
9 8 72
0 4 42
5 2 15
0 5 13
2 5 100
4 9 97
5 5 9
9 3 34
4 6 24
7 1 26
7 0 56
8 1 69
2 0 89
4 8 58
2 4 91
5 7 5
5 9 99
7 6 39
5 8 49
0 3 75
4 9 13
9 2 49
5 4 30
9 8 16
3 1 100
4 1 76
9 7 55
8 7 97
0 5 70
7 5 60
9 7 40
1 1 5
8 9 34
6 1 8
6 2 85
7 6 45
8 3 100
6 6 8
4 6 90
2 3 70
7 6 3
5 9 67
2 4 76
2 7 55
1 8 83
5 6 42
4 2 5
9 6 63
8 0 90
3 2 46
6 3 2
5 4 27
1 5 96
3 8 10
0 9 92
6 9 11
8 9 21
1 1 57
3 4 48
6 9 41
0 6 27
8 0 59
1 2 96
4 7 3
2 0 87
9 8 95
9 5 53
1 6 21
4 1 78
8 1 4
3 2 12
5 2 76
3 6 85
8 7 27
8 9 62
8 9 71
2 5 3
2 6 98
6 9 57
3 1 6
3 6 28
0 2 81
6 7 4
3 1 87
9 0 19
9 5 65
4 3 54
1 6 14
7 4 34
6 9 101
5 3 85
2 0 61
4 3 74
3 2 101
0 8 91
7 3 59
9 7 39
8 9 88
7 1 44
3 6 80
0 7 2
2 4 11
9 9 67
9 7 101
5 6 40
3 3 63
0 4 18
7 7 67
4 1 7
7 8 53
0 1 13
1 0 66
9 8 46
7 8 67
2 9 7
0 9 34
6 3 18
1 1 57
2 9 15
8 1 40
4 1 45
7 6 15
5 1 95
9 1 64
6 4 46
9 1 65
5 5 2
1 0 19
4 7 71
7 0 6
6 5 64
7 0 83
2 8 41
5 6 34
4 5 26
4 6 39
0 2 73
8 6 85
1 8 34
3 6 7
7 9 51
0 2 75
1 7 58
0 9 80
8 9 36
8 7 23
1 8 45
8 6 25
1 7 72
8 8 32
7 0 67
9 7 44
1 4 37
2 1 19
9 2 15
0 6 37
3 9 7
0 5 87
6 7 95
7 7 7
0 4 74
9 6 58
4 8 86
9 2 30
0 3 90
5 3 11
7 3 21
8 8 5
2 8 15
6 8 62
9 1 27
7 6 69
8 0 66
2 2 81
8 8 58
2 7 85
5 2 31
4 2 100
5 6 34
0 6 93
5 9 84
1 7 93
1 8 66
3 4 39
2 7 64
6 1 50
5 8 79
7 8 65
8 4 69
7 4 33
6 9 54
4 9 21
5 2 14
1 4 87
6 7 39
2 6 12
5 7 90
5 5 80
3 5 37
9 8 65
4 8 78
0 0 25
7 5 15
8 5 21
10 5
86 79 75 25 65
84 74 -4 49 3
70 74 -1 10 6
70 25 82 46 45
43 39 0 -4 ##
60 -4 77 63 3
53 99 32 90 74
93 ## ## 22 56
60 96 61 68 50
78 51 80 ## 92
1787
5 0 50
6 3 40
8 1 72
3 3 61
8 0 84
7 0 99
8 4 54
6 4 5
0 4 71
3 0 67
4 0 9
5 0 34
0 0 73
1 4 88
1 2 19
9 3 67
7 4 68
4 1 91
3 2 5
5 0 72
5 0 51
7 2 56
1 2 55
9 3 91
6 1 52
5 0 96
0 2 55
3 1 84
5 2 59
7 4 20
6 2 47
1 1 19
2 4 88
7 0 60
2 3 46
9 4 81
1 3 52
0 1 44
7 1 66
2 4 50
9 1 10
8 2 4
3 3 24
7 3 50
8 3 27
2 0 41
6 4 14
5 4 21
9 0 12
5 3 32
5 3 73
7 0 51
4 0 1
1 3 92
6 2 29
5 0 94
6 4 62
2 1 40
1 1 96
6 0 57
8 3 87
7 4 83
1 1 13
3 4 80
1 2 94
8 0 51
5 1 27
5 0 74
6 2 40
1 1 97
5 4 45
1 2 45
8 3 49
7 1 13
9 1 65
6 4 49
0 0 62
1 3 6
0 3 60
4 2 37
4 3 83
6 4 88
6 0 66
5 2 60
2 4 70
8 0 63
4 3 83
4 2 21
4 4 23
9 4 74
3 3 88
1 3 31
5 2 14
5 3 5
5 1 87
6 1 73
9 1 98
3 1 32
8 3 64
5 3 50
8 2 19
9 1 71
0 3 3
0 1 88
3 4 36
2 4 35
3 1 35
6 0 9
4 2 2
7 3 60
5 1 71
7 2 83
7 2 10
9 4 58
3 3 92
4 4 46
1 4 19
1 4 69
0 0 44
3 2 67
6 2 52
8 1 82
7 1 83
7 1 16
7 3 47
6 0 55
5 3 51
5 2 100
7 4 86
8 3 42
1 0 47
7 0 83
6 3 40
8 3 33
0 0 29
7 1 91
0 0 100
3 2 17
6 3 2
7 1 98
5 1 61
9 3 56
6 1 88
7 2 23
6 2 42
5 4 37
1 3 60
6 3 60
6 4 75
9 2 60
8 3 71
1 0 36
5 1 8
5 4 34
6 3 31
4 3 68
0 2 99
8 3 44
3 0 68
0 3 100
4 3 92
8 1 34
3 4 47
7 1 67
2 1 37
7 2 47
9 4 25
6 0 101
4 1 1
5 2 11
9 2 47
2 1 64
0 4 36
8 2 55
0 4 100
7 4 28
2 0 67
3 3 98
9 0 26
2 3 88
6 2 3
8 4 66
3 0 27
7 1 5
0 0 27
3 2 10
7 2 97
4 2 40
1 0 40
4 4 89
6 1 9
0 1 39
8 1 38
9 3 18
3 4 97
5 1 96
7 1 55
3 2 44
6 4 40
8 4 85
9 3 45
9 3 70
0 3 60
4 1 28
3 2 38
1 1 46
7 4 38
4 4 55
0 3 98
9 3 24
3 1 90
7 0 33
0 2 12
3 1 83
2 0 45
5 3 49
6 0 4
0 4 51
7 0 48
0 1 56
3 1 72
3 1 35
8 1 61
0 3 94
9 2 11
7 1 10
4 0 59
2 1 71
6 0 8
6 1 22
1 4 37
4 2 69
8 3 68
5 1 25
1 4 72
4 1 24
1 2 74
2 1 23
5 3 25
6 2 25
6 0 29
8 2 42
4 3 72
0 0 53
2 3 100
3 2 76
2 2 89
4 0 58
4 1 79
6 2 79
8 4 78
8 0 26
0 4 40
1 1 37
5 0 63
6 4 9
9 1 9
1 3 38
4 4 97
2 1 93
6 0 62
7 0 15
1 1 33
4 1 99
3 1 10
0 1 80
9 3 101
5 4 22
3 2 14
2 3 24
1 2 65
8 4 78
9 0 13
9 0 23
3 0 24
6 3 1
9 4 98
9 1 5
7 2 34
5 3 100
0 0 70
8 2 87
9 2 19
2 2 5
8 0 28
5 1 61
7 2 26
8 2 12
7 3 58
3 4 83
4 3 93
5 1 88
8 4 49
9 4 78
3 4 3
9 1 90
2 3 83
1 3 28
8 2 96
6 4 15
0 2 61
0 3 87
9 2 21
9 4 87
4 4 37
9 2 33
4 3 86
5 3 34
4 3 53
3 3 70
6 4 21
6 1 29
3 3 11
0 4 33
3 4 98
3 0 66
7 1 14
8 4 49
1 4 53
7 2 93
9 0 35
3 4 78
5 3 20
8 1 20
2 3 99
1 4 72
3 0 84
6 0 100
2 0 98
1 4 36
9 0 66
5 0 14
5 0 93
8 2 66
7 2 66
3 3 48
9 3 96
2 3 43
0 3 59
7 0 85
6 0 14
8 1 72
2 0 20
8 0 48
2 0 6
8 1 28
2 2 15
4 0 54
3 3 55
1 2 95
6 3 26
7 0 31
8 1 61
3 4 79
5 1 48
7 2 30
3 3 87
6 0 46
8 2 54
6 4 96
6 3 70
2 0 14
8 1 39
9 1 49
8 2 45
5 2 45
2 0 52
1 0 33
5 4 61
9 3 50
4 3 72
5 1 66
6 3 49
9 3 29
7 2 1
0 1 8
5 1 43
6 1 93
3 3 66
9 3 83
8 4 34
5 4 38
9 0 50
0 2 5
7 2 71
1 1 24
6 0 31
6 2 28
8 4 44
2 3 47
7 1 5
1 1 69
9 0 56
1 3 18
7 1 42
7 4 66
6 1 40
2 2 26
7 2 27
0 4 18
3 3 47
9 1 4
5 4 67
1 0 86
6 1 66
2 0 53
7 1 90
1 1 32
9 1 3
4 0 52
1 0 89
9 3 11
3 2 55
4 2 65
9 0 38
7 2 67
8 2 74
1 0 25
2 2 44
7 4 51
6 1 94
4 0 83
1 0 22
4 2 79
2 2 82
1 2 37
5 2 74
3 2 35
0 1 40
2 0 24
9 2 66
7 2 5
0 4 41
6 2 38
2 3 33
8 1 10
9 3 41
9 0 27
4 0 16
1 0 47
4 1 59
9 4 65
3 2 44
7 0 69
2 4 9
7 0 40
2 2 74
3 4 74
0 4 73
0 3 94
2 2 60
0 0 76
3 1 20
3 2 89
5 0 62
8 1 50
1 2 48
7 3 9
7 0 99
8 1 64
2 3 95
0 4 44
7 3 6
9 1 87
5 1 86
7 0 69
5 4 72
6 1 45
0 3 48
7 0 61
8 4 65
5 2 2
4 4 101
9 0 14
3 2 68
6 3 87
0 4 100
7 4 71
9 1 10
7 2 17
0 1 97
9 2 55
9 2 12
2 2 89
2 1 62
7 0 22
1 2 100
1 0 96
1 4 100
9 4 39
0 1 36
9 2 6
5 4 76
2 4 11
7 4 16
6 0 74
0 0 46
3 4 72
1 0 67
5 0 2
9 0 49
4 2 6
9 2 39
0 3 66
9 1 53
0 1 6
2 4 11
4 0 49
8 1 80
5 0 101
5 2 36
0 3 10
9 0 61
2 4 71
9 4 57
7 3 83
8 3 63
5 0 78
4 1 77
2 2 21
5 3 60
6 4 92
3 4 71
3 2 16
0 0 101
5 2 41
8 2 57
5 2 98
4 2 45
5 1 61
1 4 90
2 1 10
1 4 62
6 3 54
0 1 64
1 3 67
0 4 18
7 3 98
5 4 98
0 3 81
6 0 99
0 2 70
0 4 23
4 3 33
2 0 14
8 1 14
3 1 61
1 0 78
3 0 88
3 4 72
1 4 89
3 1 34
0 2 2
3 2 57
4 3 58
0 0 39
2 0 50
2 0 46
3 4 75
3 4 5
8 3 24
6 0 40
3 4 77
8 2 19
3 3 66
6 1 84
9 2 40
3 1 24
8 2 7
0 2 26
1 0 90
7 2 95
9 0 73
0 4 47
6 3 72
0 4 8
1 2 41
2 3 13
0 1 57
3 3 64
3 1 34
3 3 50
2 2 28
6 4 23
9 2 87
6 2 38
8 3 46
9 3 67
8 0 67
9 4 83
7 4 26
2 2 3
1 4 7
6 2 89
8 3 13
6 1 5
4 2 32
3 3 36
7 1 92
2 2 84
6 2 37
5 0 81
7 0 46
5 3 33
4 0 28
2 2 80
3 4 69
1 0 73
3 3 44
7 0 60
9 1 87
3 1 41
4 0 99
7 4 21
0 0 12
5 0 10
2 3 91
5 0 32
6 0 33
5 4 37
0 3 93
3 2 44
5 4 101
3 3 21
9 0 47
0 3 60
1 3 45
7 0 11
4 3 37
4 1 7
5 4 83
5 2 74
7 2 47
2 3 93
1 0 24
9 4 73
9 4 73
9 4 27
1 2 73
8 4 101
3 4 26
7 0 75
4 1 10
3 4 47
2 4 43
0 2 100
8 1 32
9 0 82
6 4 94
1 0 65
6 2 70
1 3 69
5 2 80
1 1 89
3 4 34
1 0 56
5 4 23
1 3 78
7 3 69
5 4 52
4 1 99
0 2 82
7 0 79
1 1 76
1 0 44
9 1 8
4 0 100
6 1 95
5 4 61
7 0 8
8 0 23
0 1 29
7 0 53
1 1 12
8 0 81
3 2 47
1 1 17
1 0 82
9 0 80
9 1 15
8 1 32
4 2 29
5 2 31
4 2 98
8 2 34
2 2 43
8 2 33
1 3 79
4 0 76
0 3 8
9 3 60
1 0 86
1 1 25
3 0 9
6 4 50
0 4 39
3 3 35
5 3 21
3 0 99
9 1 45
8 0 98
7 1 66
9 4 66
7 0 38
2 0 5
4 4 53
4 1 36
9 3 71
0 0 47
1 4 50
0 1 31
2 0 89
6 3 51
4 2 1
6 0 72
8 4 56
9 2 82
7 4 11
7 2 82
4 0 80
4 1 30
6 0 39
5 4 58
6 4 54
9 0 60
4 4 10
5 1 21
1 0 81
8 3 28
2 2 74
4 1 85
1 4 61
0 4 5
4 3 77
4 4 8
0 0 98
3 4 86
3 0 2
7 2 98
6 1 58
9 3 10
7 3 79
7 0 80
3 2 91
7 3 35
0 0 2
0 4 10
2 3 11
7 1 88
0 1 66
4 0 87
4 3 48
9 1 91
5 1 88
6 2 43
5 1 54
4 2 100
8 4 19
0 3 25
5 0 30
4 3 79
3 1 29
8 2 61
0 4 95
7 2 19
4 4 14
9 3 93
2 0 98
3 3 80
5 3 72
9 1 29
6 1 81
0 4 49
9 0 79
9 0 91
7 2 4
4 3 18
7 0 61
6 4 65
9 4 63
9 2 70
6 2 32
6 1 53
6 2 48
5 2 89
5 0 27
1 3 92
5 0 7
9 1 43
6 1 32
2 4 74
5 0 87
2 0 76
2 2 38
0 4 13
5 4 94
1 1 18
2 3 29
9 1 88
3 3 16
1 2 39
6 2 76
9 2 12
3 1 100
6 2 65
6 2 75
7 4 65
0 1 100
0 2 85
4 4 62
4 0 87
1 4 82
8 4 98
4 2 58
8 3 20
9 0 43
5 3 38
9 0 74
3 3 24
4 3 101
4 1 17
7 0 61
2 2 98
8 4 68
9 3 72
6 1 13
1 0 86
7 4 48
4 4 18
3 0 32
2 2 11
6 4 76
1 1 18
7 3 8
2 2 37
4 1 40
7 0 55
3 1 30
1 2 100
3 2 25
5 4 49
8 3 62
5 0 49
3 3 47
5 4 87
6 4 18
1 4 35
1 2 74
2 1 11
9 2 86
2 3 79
2 1 92
9 3 65
5 2 80
9 2 69
4 2 91
6 4 87
0 3 100
2 2 88
3 2 1
4 0 100
0 0 11
8 1 71
6 2 25
4 4 101
7 0 59
6 1 34
3 4 95
3 1 24
0 0 49
6 4 57
3 4 48
2 3 93
1 1 21
8 4 26
4 3 3
6 2 9
5 0 65
7 4 14
3 2 49
6 4 12
5 0 62
7 0 86
6 1 10
9 1 68
9 0 18
2 0 61
2 0 13
2 2 23
7 1 14
3 0 26
1 4 85
9 1 95
6 0 81
4 2 57
3 0 51
5 2 9
8 4 89
9 4 52
2 4 18
3 4 48
3 4 95
5 1 92
4 0 98
4 2 35
0 3 44
0 4 62
5 0 94
2 2 4
4 3 41
1 1 75
3 0 66
8 1 53
0 1 21
5 2 19
4 0 35
9 3 15
0 2 24
9 0 93
7 3 52
8 1 17
6 3 91
3 2 93
0 2 84
8 3 48
5 2 95
7 0 97
8 2 18
2 1 10
3 0 74
6 1 82
1 0 82
8 2 75
4 4 70
1 0 21
9 1 7
1 4 15
6 1 17
6 1 66
8 1 101
4 3 101
4 2 16
4 0 29
5 4 36
1 2 18
7 1 38
4 1 19
3 3 25
6 2 99
2 4 84
1 4 73
5 2 13
4 2 42
9 1 47
1 3 85
3 1 70
5 1 69
6 3 57
9 1 92
3 1 95
6 1 101
5 3 38
7 3 61
4 0 11
2 2 2
1 0 37
7 1 92
9 3 8
3 1 28
6 4 78
6 1 68
8 4 49
6 2 67
3 4 81
8 2 78
3 1 41
8 1 95
6 3 70
3 1 75
1 2 28
9 0 43
4 1 29
7 2 26
7 1 73
4 1 77
5 4 70
5 4 24
8 4 57
3 3 80
8 2 68
3 2 88
0 4 19
4 1 48
5 0 91
6 1 16
0 1 64
4 0 5
0 3 50
3 1 52
8 4 85
0 1 65
3 4 70
2 1 23
0 1 91
9 1 62
4 2 26
1 4 28
4 4 34
9 4 35
6 3 71
9 0 54
2 2 85
9 0 46
1 2 35
2 2 67
0 3 40
5 0 23
3 4 50
6 0 16
7 4 53
3 1 40
4 3 69
0 4 50
9 0 8
5 3 28
6 0 22
2 1 27
5 0 83
1 2 37
6 4 95
6 3 53
9 3 80
7 1 95
3 4 96
3 2 18
0 3 49
2 3 21
6 1 25
0 3 50
5 0 62
3 2 77
4 4 89
1 1 101
1 3 30
8 0 82
4 2 91
1 4 69
3 3 98
1 4 93
8 3 101
7 0 27
8 0 47
3 2 26
9 2 49
3 1 46
8 0 16
6 1 74
2 2 65
8 3 96
5 1 49
0 4 43
3 1 11
9 0 93
3 2 60
9 2 66
1 1 56
5 0 62
6 1 6
6 2 52
4 2 56
1 0 55
7 2 69
9 2 32
5 3 97
0 1 33
5 3 67
1 3 11
8 4 7
6 1 62
5 3 93
4 4 10
6 0 95
2 3 84
3 1 16
0 1 78
1 4 89
0 3 36
5 4 59
7 3 82
6 0 15
9 1 60
9 2 64
7 0 80
3 3 91
8 3 19
9 0 71
6 1 58
0 3 87
6 2 34
5 4 33
2 2 42
5 1 98
0 2 83
5 4 62
1 2 101
1 2 65
6 2 80
9 0 68
3 1 20
1 4 64
6 3 58
0 0 8
0 4 20
0 0 55
6 0 73
6 1 38
9 1 76
2 3 61
2 2 98
7 1 25
2 3 6
5 0 62
0 4 96
7 3 44
1 0 23
3 1 54
6 4 79
0 1 79
9 2 51
8 1 53
6 1 26
9 1 39
4 0 62
1 2 101
8 4 71
7 4 82
0 3 80
7 1 67
4 2 89
0 2 81
6 4 39
7 1 51
6 1 93
5 4 52
5 1 35
1 4 56
1 3 45
4 3 22
4 2 90
9 2 10
0 1 24
1 2 29
5 2 47
3 0 92
9 1 11
5 2 85
9 4 73
5 1 73
6 1 51
0 1 68
7 3 5
2 4 38
7 3 42
0 4 53
1 4 86
5 3 32
6 1 4
8 1 5
7 4 80
0 3 28
1 1 33
0 1 96
1 2 16
3 3 89
4 2 47
7 4 14
2 0 93
9 1 16
7 0 49
5 3 46
0 3 87
2 2 86
0 3 32
3 0 3
3 4 11
3 0 50
7 0 11
1 3 78
1 0 15
9 2 101
5 3 37
4 0 35
7 0 5
3 1 57
8 1 53
3 3 78
0 1 11
6 0 64
7 0 48
9 1 18
9 1 85
6 0 81
3 4 67
4 4 19
1 4 46
3 3 49
7 2 34
2 4 96
7 2 62
7 2 37
6 0 61
1 2 80
1 0 66
6 0 82
3 3 4
2 0 39
8 4 16
6 4 8
7 3 55
5 2 87
6 1 16
0 2 84
8 1 65
5 3 59
9 1 41
5 1 21
1 0 76
0 4 8
3 2 59
8 1 56
8 4 56
4 1 61
1 4 93
4 2 82
5 4 33
9 4 42
9 1 10
2 1 72
8 3 43
7 2 58
0 1 80
0 3 96
4 4 20
1 3 46
1 4 41
9 0 33
2 4 2
5 0 31
9 1 24
7 3 13
6 0 29
0 2 84
5 4 74
5 2 88
5 2 79
2 1 46
0 4 45
7 0 83
7 0 18
5 4 3
3 0 71
0 3 33
3 2 29
5 0 100
9 4 12
1 2 83
0 0 92
2 3 41
1 3 47
6 3 99
5 3 81
7 0 75
2 4 7
9 1 54
4 3 58
1 3 71
6 2 66
3 1 56
2 2 61
1 1 11
2 4 21
3 3 51
7 2 74
6 4 36
3 1 98
2 1 89
9 0 46
3 4 76
1 2 48
4 2 80
5 3 65
8 0 3
9 3 23
7 1 82
1 2 56
8 1 9
2 2 52
0 4 57
9 0 3
4 3 18
6 3 63
3 1 58
5 0 33
9 3 87
3 3 86
9 1 84
2 4 67
5 4 33
6 1 15
1 3 8
0 4 8
0 1 10
2 1 96
2 0 88
4 1 45
3 3 68
1 1 81
2 1 91
5 0 51
7 0 22
7 2 45
9 1 62
1 0 74
9 2 14
8 1 6
0 1 70
7 4 66
1 4 20
5 3 45
4 1 79
9 1 68
3 3 70
1 3 36
6 3 7
5 3 25
2 4 75
1 1 9
4 4 47
4 3 58
2 1 74
3 0 40
6 0 62
0 1 41
9 0 8
7 4 57
6 4 97
1 2 59
4 2 57
5 0 76
8 3 15
3 4 71
3 4 21
5 4 90
9 3 61
8 1 81
0 2 31
3 4 51
4 4 66
6 2 26
4 2 36
5 1 100
9 4 29
8 0 45
2 0 86
1 1 44
6 4 94
0 1 3
2 1 49
6 4 31
5 4 88
7 0 29
1 4 37
1 2 45
1 4 92
7 1 18
5 0 58
9 1 26
9 3 56
1 3 49
9 3 11
2 3 13
7 0 101
2 4 41
3 4 60
5 1 28
8 3 62
5 0 72
0 4 34
4 3 52
1 2 32
5 4 94
4 3 12
7 3 86
2 4 82
9 1 98
2 3 57
9 3 28
0 0 94
7 1 85
0 1 44
2 0 56
7 2 82
0 1 93
8 1 70
2 3 40
9 4 78
4 3 49
5 2 51
6 0 30
6 4 7
8 0 35
0 3 57
7 1 101
9 2 76
3 2 100
9 3 28
2 0 20
1 3 62
4 1 77
6 2 16
6 2 77
8 1 95
8 2 72
7 1 19
3 3 68
8 1 91
7 4 23
7 4 43
9 2 28
7 4 20
0 2 52
9 1 10
6 3 96
2 1 95
6 0 68
2 2 24
3 2 14
8 1 98
7 2 35
4 2 27
8 2 33
7 1 7
5 0 68
3 1 88
8 1 1
5 4 93
9 0 52
1 4 88
5 1 83
3 4 29
0 0 19
4 4 87
0 4 2
0 1 51
6 4 25
5 4 56
1 0 27
0 3 48
0 0 1
0 1 4
4 0 21
0 4 33
2 1 27
7 3 38
8 3 9
7 4 6
0 3 79
0 0 46
4 2 20
1 3 88
7 4 30
0 4 33
8 3 37
3 3 50
8 2 88
2 4 11
0 3 15
6 1 20
9 1 22
4 0 101
8 2 73
7 3 7
8 0 58
7 2 45
0 4 38
5 3 54
4 3 95
3 0 78
0 3 20
6 4 18
3 1 71
4 1 11
3 0 96
3 4 18
4 4 20
5 2 36
8 0 48
3 4 97
7 2 81
1 0 68
2 1 37
5 3 68
3 1 64
2 3 82
6 1 96
2 3 12
1 1 29
8 0 78
7 1 49
2 3 61
1 4 53
7 3 80
8 2 34
8 2 98
1 3 89
6 3 22
5 4 71
6 4 101
4 2 73
3 3 22
6 4 84
1 4 3
5 1 79
3 2 39
8 1 92
4 0 3
7 4 20
6 1 95
9 0 12
1 3 74
7 0 87
7 2 91
6 4 96
5 2 101
8 2 12
7 3 97
0 4 22
3 1 34
9 1 101
3 4 8
9 2 85
4 1 38
0 4 94
8 0 24
6 4 48
0 4 46
2 3 30
0 3 96
2 0 73
0 4 29
3 3 18
7 2 4
3 4 96
6 2 93
9 3 65
0 2 43
0 1 79
1 4 14
4 4 62
7 2 90
9 3 11
0 4 35
1 2 57
9 3 69
2 3 97
9 2 47
9 1 67
5 3 30
5 4 9
4 4 62
5 0 83
3 0 44
2 3 5
1 4 68
9 4 69
6 3 55
4 4 45
0 4 11
3 3 15
1 0 74
2 4 62
8 0 26
8 0 24
9 4 76
8 4 2
9 4 65
2 0 19
8 2 86
8 1 5
1 3 23
7 2 71
6 1 35
2 3 36
2 4 18
4 1 29
0 2 47
9 2 100
8 4 23
0 0 12
9 0 94
7 1 79
7 4 16
4 3 63
5 4 51
7 1 51
0 4 35
2 4 68
2 1 92
7 2 58
7 2 41
1 3 53
4 1 52
6 2 50
3 1 65
6 3 56
9 3 30
2 3 2
6 1 18
4 1 44
0 0 16
9 0 81
6 4 81
0 2 53
2 4 94
3 0 40
4 4 7
2 0 40
8 1 71
4 4 8
7 0 56
2 0 44
0 4 91
8 2 48
6 0 33
1 4 55
1 2 93
9 4 35
6 2 24
8 2 20
1 0 3
2 2 36
9 1 85
7 4 33
4 1 70
6 4 17
5 2 98
9 1 51
0 2 97
7 0 7
1 4 83
2 3 78
9 1 61
5 1 61
1 0 8
6 0 90
2 3 51
3 4 32
7 4 85
2 1 15
0 2 85
9 2 53
2 4 66
8 1 57
4 3 8
6 0 22
7 0 23
8 1 30
7 3 79
9 0 52
5 4 80
0 0 84
5 1 28
8 1 62
3 3 24
6 3 44
4 4 11
1 2 45
9 3 43
6 4 84
4 0 46
6 2 77
6 0 25
9 4 66
1 3 99
5 0 35
3 2 93
5 1 45
8 4 54
6 2 1
7 4 100
7 2 61
1 1 31
1 4 10
7 0 91
0 0 73
2 0 36
7 1 33
7 1 74
4 3 88
3 1 94
0 0 13
0 2 29
7 0 92
5 0 2
0 1 2
4 2 75
2 0 86
5 0 71
0 1 37
2 2 89
8 0 63
9 1 62
0 1 38
3 0 10
3 4 31
9 1 92
8 0 87
6 3 92
3 2 84
2 2 87
7 1 63
1 3 60
6 4 53
0 2 8
6 0 42
8 4 31
3 1 6
4 4 75
9 1 6
2 0 68
6 2 44
9 3 23
7 0 86
6 1 67
1 3 44
4 1 33
9 2 27
6 1 32
2 4 42
3 0 89
3 2 57
2 2 28
1 4 54
2 0 79
8 0 91
1 3 73
3 4 47
2 0 24
2 0 14
7 1 2
1 3 95
1 2 100
1 2 37
4 4 72
1 4 59
0 0 91
2 4 81
4 1 40
3 1 39
6 3 11
3 2 14
2 0 83
3 0 67
2 4 66
8 3 72
3 0 29
9 3 22
4 0 95
5 3 55
8 4 89
1 4 74
1 4 32
5 4 5
6 3 11
1 4 4
5 3 24
8 3 41
8 4 30
4 4 78
7 1 30
3 3 66
9 0 35
2 2 100
7 4 16
3 0 8
1 1 60
7 4 91
10 10
81 23 55 55 25 84 ## 48 ## 95
33 ## 43 28 24 44 41 22 62 50
76 45 ## 74 74 10 74 83 84 55
62 3 ## 17 ## ## 65 -9 85 41
45 ## 48 89 9 ## 7 48 66 54
72 95 74 22 56 -9 93 19 54 ##
55 86 30 ## ## 89 -1 1 59 -8
-6 3 96 57 15 43 68 12 6 7
## 62 62 58 11 80 69 79 ## 20
61 23 65 31 39 66 -7 58 71 18
1450
2 9 50
8 8 13
9 4 86
2 5 33
0 7 65
9 9 53
2 8 68
7 7 57
0 8 56
3 2 2
2 8 29
3 4 15
3 5 52
8 5 86
2 7 76
8 1 49
1 5 16
4 6 50
8 3 80
7 8 54
2 0 93
9 0 58
4 4 21
1 9 26
5 0 79
4 6 75
9 6 26
7 3 62
1 7 67
1 8 41
1 6 45
1 1 56
5 0 89
5 1 99
0 3 21
2 8 80
7 3 47
0 4 88
4 9 11
2 4 26
2 9 67
6 1 37
3 2 46
9 9 18
9 3 26
3 8 97
7 1 59
1 6 67
6 0 76
5 0 19
4 9 38
3 0 82
7 7 82
8 8 64
1 5 88
2 6 5
7 9 26
0 2 81
3 5 64
2 6 27
9 5 19
6 9 8
1 8 10
3 3 44
5 9 19
5 4 63
7 2 37
9 6 68
6 2 99
1 1 52
3 8 28
2 3 72
8 8 65
3 6 41
4 0 44
7 9 78
7 3 31
4 4 28
2 5 95
0 8 57
6 4 46
3 5 12
5 8 75
0 9 8
3 0 26
7 1 85
1 3 79
9 0 87
4 3 89
7 6 45
6 6 97
1 0 45
4 5 72
1 4 53
2 4 28
3 2 79
8 7 37
9 0 48
2 7 93
8 9 25
6 0 98
4 2 60
3 5 90
8 1 27
9 7 77
4 9 43
3 9 24
0 7 29
4 2 72
5 6 48
5 2 21
9 6 25
2 4 47
7 8 2
3 3 34
3 4 82
4 6 12
6 6 27
8 2 84
9 8 22
7 1 64
4 2 31
4 6 16
7 2 91
6 9 101
9 3 30
1 4 101
5 8 84
3 8 65
7 2 84
1 7 98
9 4 32
9 3 59
1 2 51
2 1 8
7 9 95
1 5 16
5 0 45
2 8 41
4 3 20
9 3 99
7 5 48
8 1 60
0 0 88
2 3 51
3 5 67
6 1 96
9 5 8
9 5 55
7 1 51
8 3 98
1 8 46
4 4 96
5 7 75
8 1 101
7 9 3
2 4 39
0 3 8
0 3 1
1 9 61
6 1 95
1 8 6
4 3 74
1 6 58
5 2 50
7 1 16
9 3 8
4 4 91
8 7 32
0 0 27
0 8 97
7 4 19
8 0 23
8 8 92
2 3 54
7 0 86
3 4 60
1 2 77
2 6 96
5 9 67
2 3 28
3 2 63
3 1 73
2 4 22
7 8 40
8 6 99
4 6 80
4 2 93
0 9 73
5 7 90
0 0 44
3 1 48
1 7 47
2 3 29
1 9 97
6 4 91
4 1 92
8 3 26
1 2 96
5 2 33
3 9 12
7 4 76
3 3 76
4 3 52
0 4 41
2 1 36
3 0 2
1 7 15
7 2 92
4 8 81
9 1 7
5 9 70
9 7 23
9 2 50
7 3 33
6 5 7
9 1 90
6 3 84
6 6 53
6 5 95
4 4 62
3 7 30
8 0 87
0 6 13
0 3 92
2 4 24
3 9 87
1 0 96
6 0 32
0 6 55
2 2 42
4 2 71
2 9 73
5 7 50
5 4 5
7 9 100
3 6 67
7 1 16
5 1 95
2 0 25
4 7 57
4 0 90
4 1 53
0 6 93
5 7 19
0 0 21
0 6 57
4 1 2
8 9 37
1 5 64
0 5 33
6 5 75
8 4 76
3 0 70
8 7 52
2 2 82
7 2 92
6 7 4
6 4 82
3 1 1
6 3 48
8 0 81
9 4 33
5 9 54
3 5 4
4 6 99
5 8 41
4 7 47
1 0 11
9 7 78
6 3 83
6 4 17
5 1 78
3 7 1
1 3 57
2 3 8
4 0 87
0 3 53
9 1 87
9 0 19
8 1 60
3 7 64
2 0 93
8 1 50
4 8 87
7 9 55
4 6 22
7 2 23
5 0 81
5 1 99
6 8 30
7 0 88
2 4 13
2 2 30
0 7 93
4 1 24
8 5 40
2 1 92
1 0 51
3 5 30
5 1 75
1 1 88
2 8 89
4 6 66
6 1 29
3 0 41
0 9 77
1 0 57
0 6 7
0 4 15
4 6 65
3 3 100
1 1 67
7 6 75
1 2 26
9 9 29
9 1 10
9 7 39
1 0 9
8 4 70
6 7 52
6 5 71
9 1 29
2 2 59
2 0 30
8 8 84
9 1 80
9 7 36
3 7 8
8 5 32
1 5 28
9 1 36
5 8 6
1 6 28
8 1 77
4 3 59
3 5 98
6 1 41
8 6 76
8 4 56
5 1 25
4 1 27
3 7 84
3 9 58
4 0 18
6 3 76
5 2 101
7 4 64
1 7 67
3 3 86
1 4 72
1 6 7
8 5 54
1 4 36
0 8 46
0 0 25
1 1 60
4 5 50
4 3 55
7 0 64
5 2 43
7 7 76
7 5 98
6 2 2
3 6 26
1 1 87
2 7 97
4 7 95
2 1 55
5 7 94
3 5 28
7 8 74
8 2 44
0 7 67
5 6 42
2 8 35
1 0 98
4 2 43
7 3 14
0 1 57
0 1 32
5 3 67
6 6 70
8 1 84
7 5 32
8 5 6
7 1 23
4 2 31
0 5 20
8 4 64
2 0 58
6 7 17
8 8 14
7 4 39
7 9 16
6 2 96
7 1 71
6 1 46
8 5 24
2 4 41
3 5 83
6 3 53
1 0 15
2 8 22
7 8 21
5 7 8
2 0 22
8 9 43
6 0 49
9 4 54
7 7 72
0 6 78
2 0 3
7 4 9
2 3 100
1 5 94
6 5 5
9 0 13
8 4 2
5 4 101
5 1 47
0 3 99
6 7 17
6 4 100
6 8 43
8 7 13
0 0 73
4 7 95
5 4 67
8 5 98
5 2 80
0 2 3
1 1 13
9 5 6
0 5 73
8 5 33
2 8 91
9 6 78
0 1 10
1 5 93
1 0 18
5 6 5
3 7 74
3 6 7
8 4 17
6 9 68
6 6 36
8 2 89
3 6 29
2 0 55
8 1 89
1 7 86
0 5 15
5 7 24
1 1 2
0 4 72
3 1 47
4 2 98
8 0 13
3 6 53
8 8 66
5 7 53
1 4 32
0 0 4
4 8 58
1 2 95
1 6 3
9 4 24
3 9 92
0 3 2
3 0 66
4 9 73
6 0 77
7 6 60
7 0 59
0 9 19
4 0 55
5 9 38
2 1 57
4 4 20
8 6 89
0 2 87
9 8 75
5 5 1
5 7 71
4 7 84
6 0 85
0 4 40
2 3 63
2 6 42
3 0 93
7 0 101
0 6 43
5 2 40
4 4 21
7 0 91
5 8 46
4 8 33
0 5 10
5 8 22
0 9 40
0 8 52
8 6 74
3 9 85
8 8 23
2 1 10
9 0 83
3 3 87
8 5 36
3 7 40
0 8 68
5 7 44
2 6 10
3 2 2
9 9 79
0 7 41
7 5 8
6 1 17
1 9 60
0 3 1
7 3 99
5 0 5
0 9 63
2 1 56
1 1 51
4 9 81
0 9 2
7 3 95
4 9 88
0 3 19
3 2 90
2 6 101
4 7 10
9 2 69
1 3 71
4 6 88
1 8 101
4 4 100
4 8 55
0 2 36
9 2 25
6 9 70
3 7 10
9 0 30
7 1 5
3 9 65
4 7 54
9 5 91
7 7 72
7 8 5
1 5 92
0 8 22
6 8 98
8 4 90
7 7 77
8 8 38
0 3 39
5 6 72
4 3 34
8 0 21
6 0 48
2 7 74
0 0 76
2 6 41
1 6 12
4 0 21
0 6 62
8 3 43
0 9 19
1 0 30
0 5 31
4 4 49
2 0 65
9 4 89
9 3 11
1 7 26
5 8 2
0 2 15
6 3 32
0 1 45
6 8 30
4 7 51
1 0 46
9 5 65
0 0 37
8 5 99
8 1 36
0 4 67
3 1 35
2 4 50
0 7 59
5 7 17
2 7 43
7 0 95
5 5 87
6 7 19
8 3 94
1 0 48
8 0 38
1 9 23
3 9 44
6 6 28
5 0 19
7 6 52
1 9 20
2 5 46
0 5 78
9 7 95
6 2 42
6 0 42
8 3 69
1 2 45
7 8 99
7 9 58
9 1 41
9 3 27
7 0 34
1 4 27
5 9 54
9 2 60
8 8 41
5 8 99
6 0 28
2 5 9
3 6 84
9 4 22
1 6 86
2 4 37
5 3 24
5 5 57
4 0 23
1 0 101
0 0 65
7 2 95
3 2 48
9 4 50
2 2 17
0 8 45
6 7 60
1 7 42
0 2 53
2 0 30
6 4 78
4 9 45
6 9 87
3 3 77
0 3 101
6 5 86
9 5 18
6 9 79
6 3 88
3 8 46
9 6 13
3 7 66
2 1 54
1 3 83
4 1 31
5 9 8
0 0 35
0 5 48
9 0 78
2 4 56
4 3 85
4 5 22
5 5 44
0 3 49
3 9 82
4 6 17
9 6 59
9 8 34
7 4 36
1 3 52
6 4 40
6 2 88
0 5 11
5 9 53
8 4 49
8 5 80
3 5 37
6 5 24
6 4 79
4 7 52
2 1 97
4 9 9
0 2 80
4 2 100
4 7 36
4 0 30
7 2 22
2 1 101
1 1 51
2 3 35
7 6 70
9 8 65
9 3 42
0 5 1
8 2 23
3 0 88
5 4 91
2 9 63
1 2 68
0 4 81
7 9 97
9 6 39
4 2 4
5 0 5
3 3 66
8 9 82
7 3 22
0 4 41
4 0 63
5 2 97
2 6 83
1 2 13
1 7 32
3 0 93
8 1 65
4 9 82
9 0 13
6 1 78
6 2 81
0 1 33
6 0 61
3 3 42
2 8 46
1 2 92
6 6 75
4 8 72
0 1 18
2 0 5
5 8 11
2 4 52
1 4 8
4 0 67
3 5 81
6 9 48
8 4 87
3 8 87
4 3 84
6 5 10
6 2 47
7 1 5
3 0 40
6 5 73
4 9 64
2 8 18
1 7 46
4 3 87
1 8 76
7 5 19
9 5 31
5 8 13
5 9 10
4 3 24
6 6 80
7 4 60
6 2 37
3 8 59
1 8 54
4 0 36
3 0 55
4 3 31
7 1 57
6 6 9
3 3 101
2 1 37
0 0 9
2 2 68
8 7 1
6 1 1
5 1 96
5 4 71
9 7 32
5 8 31
5 0 40
3 5 66
0 4 49
2 7 6
5 1 80
3 9 84
7 9 74
5 9 76
2 1 26
9 7 28
3 8 15
7 4 89
0 3 85
0 1 32
9 1 92
9 9 94
4 6 83
4 5 100
3 5 93
0 4 59
1 8 80
0 2 71
5 2 47
4 6 70
9 5 79
5 4 28
2 7 66
8 3 55
6 9 96
1 5 26
2 2 73
3 6 64
2 1 44
4 5 52
8 4 89
3 9 11
1 5 58
8 1 86
5 5 45
3 5 76
7 2 67
9 5 14
9 0 20
4 9 18
1 2 70
3 6 83
5 3 78
6 0 3
3 0 85
8 7 25
4 1 54
9 8 63
0 6 59
5 9 91
4 1 50
2 8 58
8 3 82
6 0 42
3 3 20
5 7 10
1 9 35
7 1 85
1 0 45
3 6 73
6 0 1
4 7 91
3 0 61
5 8 56
7 8 35
4 6 100
1 5 73
9 0 64
8 3 71
3 0 57
9 3 28
4 4 86
0 4 36
5 4 96
0 6 65
3 1 16
2 9 75
9 4 29
6 2 99
1 9 33
2 6 72
9 5 85
6 5 47
2 8 91
2 0 81
7 3 95
4 6 101
0 3 62
1 6 71
7 7 70
2 7 51
7 1 51
8 7 53
3 8 5
9 1 79
9 0 91
7 0 13
3 1 73
3 3 87
5 3 100
5 3 49
7 9 52
3 6 39
7 4 1
1 2 62
6 0 54
8 7 37
5 5 65
8 1 7
9 7 77
6 0 53
5 2 74
4 5 52
4 7 76
9 5 65
6 6 5
7 7 87
4 2 51
3 4 54
9 2 20
1 6 91
1 7 21
8 1 52
9 0 57
4 7 96
5 7 45
0 7 98
1 9 7
3 8 11
5 0 36
1 3 90
6 9 67
2 7 94
5 2 30
4 0 42
4 6 72
8 3 45
8 8 58
8 5 85
1 5 77
1 9 79
4 8 88
5 8 45
3 2 10
4 1 3
4 4 39
7 8 92
4 3 42
4 4 86
1 5 9
9 0 53
0 0 25
4 0 24
5 0 65
7 7 68
0 7 43
2 5 47
9 2 58
4 8 4
1 8 77
8 1 80
0 4 13
3 6 33
0 1 64
7 2 90
3 3 60
8 7 70
0 2 82
9 1 84
9 7 6
8 7 70
2 5 10
7 3 101
5 8 93
2 3 84
1 6 68
6 9 27
5 4 43
1 9 69
9 8 1
5 7 69
0 3 101
3 3 64
1 9 65
5 3 41
3 7 29
7 7 74
4 5 26
2 1 61
4 0 12
1 9 68
8 9 58
8 5 82
0 0 88
2 2 101
5 5 100
5 2 10
5 7 57
3 4 24
3 7 29
7 5 69
8 4 20
8 8 32
2 6 86
6 3 24
6 8 47
1 8 29
2 9 87
8 4 48
8 6 30
3 7 5
1 2 42
0 2 77
0 9 71
5 0 81
9 7 55
4 9 50
2 2 47
3 1 5
7 3 82
0 7 32
4 8 16
2 4 99
4 3 89
9 1 74
0 9 65
2 1 65
3 4 38
0 2 95
6 3 19
3 2 65
6 2 61
9 8 49
2 0 37
9 6 95
3 2 73
2 1 55
9 4 63
9 8 60
0 7 13
2 2 84
9 3 55
9 0 72
0 0 36
1 5 84
1 7 13
1 3 78
0 4 100
6 5 101
8 8 61
5 7 77
8 4 81
3 1 59
9 3 27
3 7 42
7 7 95
0 8 77
6 7 48
3 6 61
0 7 20
0 1 77
4 2 24
0 2 2
6 0 97
3 1 4
5 0 40
7 4 17
4 1 2
6 9 28
2 5 19
6 2 32
9 5 91
7 0 3
6 4 65
2 8 53
5 4 80
4 2 66
9 6 75
2 1 59
8 9 28
9 0 52
1 2 13
1 7 81
7 6 45
1 5 92
5 6 60
2 7 86
3 9 37
5 7 8
9 5 51
4 7 71
5 8 99
0 9 70
1 1 46
1 3 84
6 8 14
7 8 91
9 0 58
8 5 21
1 3 35
7 5 51
3 6 67
9 8 17
0 4 58
3 5 76
2 3 78
4 2 80
2 9 56
0 7 97
9 3 85
2 7 93
0 6 68
0 3 66
2 6 49
1 0 12
4 6 50
0 3 72
9 7 53
0 3 94
6 2 17
4 0 49
5 8 64
9 8 12
4 4 76
6 5 34
8 7 87
8 7 28
0 4 57
6 6 63
7 7 40
6 8 55
2 8 53
8 6 13
9 3 42
6 9 76
3 8 20
4 4 3
3 5 22
7 2 56
1 4 74
3 2 8
9 7 61
9 1 17
7 1 82
5 5 10
7 5 93
1 8 94
3 1 44
3 6 93
6 5 95
9 5 52
3 1 49
3 4 65
3 8 42
4 9 13
9 8 69
4 4 92
7 0 13
5 3 40
9 3 6
8 4 73
5 4 62
0 4 90
5 0 75
5 1 84
8 7 79
8 6 89
3 7 25
8 2 39
2 1 48
5 2 93
8 5 83
9 2 6
7 1 30
0 3 23
4 5 69
0 4 55
0 8 44
2 7 24
8 9 15
0 2 15
8 3 39
7 2 47
8 7 22
8 2 94
6 3 25
3 2 57
5 1 66
5 3 65
8 0 72
7 6 44
8 2 40
9 6 1
5 5 77
2 9 75
6 6 101
9 6 50
6 7 58
2 1 32
5 7 9
8 3 64
0 0 68
2 1 40
4 1 13
4 7 8
7 5 30
1 8 43
2 6 76
7 1 2
1 4 81
6 8 78
8 2 43
7 7 45
3 7 95
6 1 24
9 6 43
6 4 93
9 9 42
8 3 9
4 8 80
4 5 29
4 5 95
6 0 74
6 8 26
7 0 40
4 3 24
8 7 14
8 1 69
4 4 81
6 4 18
3 1 60
4 8 82
8 4 11
0 9 37
6 0 28
7 7 28
1 0 58
7 6 62
3 4 18
0 2 32
2 3 82
3 6 76
1 5 8
1 2 95
6 4 20
4 6 54
2 1 4
0 3 47
3 6 89
4 6 75
0 9 20
8 3 100
9 0 23
1 6 96
0 8 33
0 5 27
6 4 42
8 9 64
8 5 59
7 1 83
4 0 54
9 5 51
9 7 3
7 6 85
4 6 84
2 8 59
2 5 36
1 3 71
4 0 76
0 9 47
7 5 6
8 9 66
0 0 47
4 4 59
7 6 44
1 5 8
1 9 100
3 1 39
6 6 20
0 3 6
1 2 71
7 8 21
5 3 75
1 5 26
1 7 32
2 5 60
5 1 20
7 2 85
5 6 50
6 0 54
2 3 38
7 3 19
2 9 85
5 2 10
6 2 18
1 6 86
9 3 84
0 6 30
5 9 38
5 8 92
7 9 55
4 8 17
8 4 65
7 5 1
9 1 39
6 7 66
7 1 29
1 3 54
9 6 98
8 3 20
2 7 75
5 8 1
5 1 4
4 4 73
0 5 8
9 9 17
3 5 2
0 9 16
5 8 26
5 8 72
0 2 27
7 5 58
5 6 28
5 8 33
4 3 81
6 6 11
2 9 44
8 4 80
6 2 3
0 2 15
4 7 9
3 1 32
7 2 44
5 8 31
8 4 9
7 4 81
7 5 10
9 6 15
5 6 73
2 1 80
4 6 18
7 3 42
6 9 84
7 2 53
9 8 17
1 0 88
3 4 55
5 9 44
3 6 33
2 9 5
5 8 95
8 9 64
7 9 35
0 2 38
3 4 30
5 9 77
6 9 58
2 0 14
5 4 3
0 2 64
9 8 68
4 4 20
7 6 48
9 9 90
8 0 86
8 8 20
3 4 83
4 1 100
0 1 88
7 6 49
5 4 28
0 5 6
0 6 33
2 3 68
1 0 85
3 4 26
7 7 29
4 1 57
3 9 49
1 8 93
8 9 89
6 5 96
9 7 79
7 5 49
1 5 85
1 6 99
8 9 24
3 0 61
5 6 2
6 3 56
1 7 91
8 7 77
8 8 58
1 9 6
9 0 12
7 9 82
4 9 20
9 1 10
1 9 63
5 7 88
7 0 99
5 2 43
6 1 36
7 5 2
3 2 23
8 6 62
9 5 47
5 6 15
7 1 101
8 0 66
1 9 91
3 7 13
1 5 91
8 8 68
5 2 43
0 4 3
2 5 88
4 4 85
7 6 86
1 0 14
1 5 40
5 4 38
5 6 67
4 7 86
9 5 63
5 2 58
8 8 20
5 1 7
1 0 16
6 2 59
4 3 83
6 4 55
6 8 97
1 0 98
4 9 31
5 0 6
2 5 39
9 7 15
6 4 58
3 4 47
7 1 20
9 3 65
8 0 4
8 1 38
1 1 39
2 5 41
4 4 57
3 2 31
4 0 63
9 4 41
0 4 24
0 0 95
4 9 92
8 1 68
1 2 36
6 6 3
9 3 48
8 8 101
3 3 93
5 8 22
7 2 86
3 1 69
1 3 87
7 1 7
1 0 85
1 7 44
9 5 51
9 0 43
7 2 54
5 6 19
8 5 82
5 9 55
10 10
36 67 50 80 74 -2 10 -5 30 61
50 33 -3 41 -4 69 1 54 22 98
42 41 ## 45 61 -8 -3 24 99 -1
33 3 72 59 24 62 5 95 ## 41
53 92 49 92 90 94 95 82 97 97
45 80 16 74 78 28 34 82 36 81
29 ## 30 14 49 25 13 38 60 26
85 18 86 90 85 82 95 22 50 68
96 19 ## 99 37 95 49 -8 -4 -3
89 46 50 ## ## 79 75 72 87 52
1396
7 5 96
5 5 59
5 9 6
6 5 54
2 6 76
7 2 3
0 3 45
3 7 89
5 0 32
1 9 55
1 6 101
0 3 54
6 5 92
7 6 32
1 1 94
1 5 75
1 8 36
4 9 32
0 1 10
4 5 19
1 1 52
3 2 39
5 3 59
6 4 62
4 6 16
1 0 41
1 0 40
6 1 72
4 2 43
6 2 93
5 0 54
8 0 20
7 7 1
2 0 89
2 5 60
8 5 49
6 2 62
0 4 51
5 8 86
1 9 11
9 1 10
1 2 22
1 1 31
2 4 83
7 3 83
4 8 20
3 4 59
0 9 53
7 0 46
4 2 14
8 3 68
0 7 80
0 4 28
9 1 21
5 2 91
7 5 53
8 9 1
9 3 96
6 3 44
9 7 99
4 0 80
6 6 30
8 3 52
0 1 87
0 7 76
1 9 34
2 3 5
4 6 12
9 5 50
4 9 49
4 2 24
8 2 99
7 6 93
6 8 93
9 6 32
1 1 84
9 3 91
3 8 34
4 2 40
3 5 22
3 6 100
4 3 7
3 9 87
0 8 24
4 5 55
3 4 68
1 9 45
9 5 93
2 1 34
9 5 93
4 5 46
7 9 35
8 2 48
6 8 59
4 4 33
9 0 95
7 8 82
8 2 23
8 8 80
5 4 4
4 3 55
3 0 6
1 7 34
5 0 87
3 2 17
6 7 63
4 5 73
5 5 86
3 7 68
1 4 48
3 3 14
1 6 100
2 4 26
8 1 87
8 1 7
5 8 11
4 4 93
2 9 97
4 6 90
6 8 6
9 4 70
7 4 83
9 3 52
6 7 84
8 3 8
2 8 8
6 2 46
3 3 54
5 4 12
3 4 80
4 7 29
2 5 25
8 8 67
2 1 3
3 6 59
3 3 24
6 1 35
2 4 49
9 1 10
3 6 6
0 8 13
9 4 24
2 3 55
2 8 14
8 0 97
4 6 100
8 1 44
1 2 30
9 3 62
6 2 66
9 4 79
3 0 55
0 9 34
9 4 60
4 7 20
2 4 99
5 4 84
0 6 97
3 4 69
1 7 32
5 9 55
1 9 92
3 8 24
7 4 97
1 1 22
2 5 53
7 4 12
4 6 34
1 0 37
1 6 31
8 4 101
5 5 83
7 2 92
9 4 28
2 1 46
5 8 72
6 5 101
4 4 27
6 1 52
9 8 53
0 9 87
8 7 64
1 4 83
7 0 4
5 0 13
6 9 20
2 4 56
6 6 83
8 9 97
4 9 78
2 0 12
5 4 83
9 8 100
9 5 33
4 9 91
7 7 78
2 4 64
7 4 57
2 6 87
3 1 96
1 2 58
6 6 55
4 4 53
7 5 89
6 1 27
8 3 54
8 3 89
3 7 4
3 4 21
8 5 44
8 6 79
8 2 70
5 0 52
5 7 67
6 1 44
2 2 40
0 5 10
6 7 51
1 3 75
6 7 57
5 2 86
5 5 2
1 9 29
8 2 35
4 9 14
8 5 95
8 9 23
5 8 23
3 1 36
8 2 59
3 7 69
1 8 84
6 0 24
0 9 2
6 1 78
7 6 59
4 8 65
1 7 57
3 9 89
9 3 99
1 5 100
4 5 31
1 5 48
4 6 1
3 0 45
3 3 46
5 3 10
3 0 63
3 5 17
7 3 30
4 1 73
2 5 6
3 4 36
1 0 68
7 7 79
6 4 68
1 0 61
3 1 66
1 6 94
4 1 70
1 8 58
0 1 97
5 5 66
5 7 83
3 3 29
3 5 82
4 9 34
7 0 8
4 7 8
5 8 7
4 7 39
9 6 44
7 6 64
6 1 16
0 2 4
2 4 55
1 7 15
1 6 33
7 0 93
5 5 16
9 3 86
0 5 90
4 4 38
5 4 93
7 7 29
1 0 79
7 3 21
7 7 11
1 3 34
8 1 76
0 8 67
7 7 35
2 7 43
5 1 15
4 3 40
8 9 21
7 6 50
4 7 96
1 9 71
0 6 85
6 8 61
4 3 74
9 3 53
8 3 80
0 1 23
4 7 75
9 9 86
9 3 59
2 0 85
2 4 74
6 0 91
1 5 30
2 3 80
9 5 91
4 8 100
2 7 48
0 3 95
0 7 38
4 3 77
0 9 59
4 2 65
6 1 1
4 6 49
7 4 8
0 5 93
6 1 54
8 4 17
4 4 62
2 5 47
4 0 47
0 5 42
6 4 84
7 5 73
9 6 26
3 4 48
7 0 8
9 1 18
1 9 84
3 3 16
4 9 12
8 3 14
7 6 41
9 3 94
6 8 7
7 5 64
2 3 57
8 5 50
1 0 43
5 8 57
2 4 45
7 3 18
3 1 14
7 6 26
2 3 78
1 6 39
8 2 56
3 2 92
4 5 84
9 6 74
6 8 72
0 8 50
1 2 75
2 5 79
9 8 6
6 4 30
1 9 12
7 0 63
6 3 34
1 9 34
3 8 70
7 2 76
7 6 71
2 0 16
3 8 98
3 3 7
8 8 18
8 3 37
2 2 66
7 1 83
9 9 56
2 3 86
0 1 57
2 7 49
4 4 51
5 1 41
6 6 37
3 0 85
8 9 20
9 8 69
4 9 54
2 0 25
1 1 41
9 8 24
6 4 80
8 8 97
0 8 64
3 8 77
6 2 81
2 0 49
3 4 38
0 7 47
7 8 86
8 2 73
1 9 84
5 1 16
2 0 89
5 9 45
8 5 67
4 4 38
6 6 18
6 1 52
1 3 52
4 8 66
9 1 19
6 3 92
5 8 67
4 7 66
5 4 17
2 4 40
6 5 95
9 2 6
1 8 101
3 7 2
5 1 93
1 5 21
8 5 48
0 2 100
9 9 1
1 3 84
9 7 6
7 4 27
8 6 9
9 7 28
8 7 71
7 3 75
1 7 77
1 4 80
9 5 54
2 6 33
9 6 75
1 5 59
6 5 2
9 7 25
0 6 35
6 1 76
2 2 71
0 4 57
4 6 52
0 6 39
2 9 43
2 4 53
2 9 94
1 2 48
9 6 49
9 8 25
3 9 35
0 1 41
0 2 9
5 9 19
8 3 39
0 6 11
1 5 40
4 7 54
9 1 79
9 4 41
4 4 76
4 7 69
9 3 42
2 8 3
1 3 96
6 7 31
1 5 1
1 4 65
1 9 44
9 9 60
0 8 50
6 7 19
4 2 9
6 4 26
0 9 86
3 3 71
4 8 58
1 9 70
8 7 75
5 1 68
7 9 48
9 6 23
4 3 44
5 0 17
1 0 14
0 5 45
3 4 87
0 1 24
9 2 18
9 8 24
8 5 14
7 6 75
2 2 77
1 5 9
7 4 37
8 7 78
2 6 69
0 4 5
3 0 75
8 5 59
2 0 7
6 4 36
0 3 2
1 8 35
3 5 100
9 9 79
3 2 53
8 4 30
8 2 74
6 5 88
8 0 6
4 8 28
6 5 78
1 5 62
0 0 78
4 6 9
9 9 51
9 4 97
2 5 84
7 5 38
0 8 1
1 2 82
0 3 11
5 1 98
5 1 49
7 2 41
0 9 73
5 0 53
5 5 65
9 2 18
2 6 63
0 9 51
8 9 24
8 5 43
9 9 49
2 0 18
9 3 10
4 9 32
5 2 16
6 1 76
4 9 70
1 6 67
8 0 67
0 6 72
5 8 73
8 6 18
0 8 28
4 2 58
6 8 11
5 5 51
0 9 48
9 3 72
6 8 66
8 6 92
5 1 82
8 1 12
4 9 60
0 7 92
0 6 66
1 7 64
1 1 44
9 1 30
3 3 98
8 2 70
9 4 30
5 6 23
8 5 35
6 9 25
7 5 60
6 3 65
7 7 76
5 9 51
5 9 12
2 3 25
3 6 52
9 1 29
4 7 91
3 0 24
8 1 44
6 4 72
5 4 39
3 8 6
5 4 80
6 8 39
2 8 72
6 4 28
4 5 6
1 4 33
7 8 98
9 8 92
9 4 12
5 8 70
5 4 32
5 8 98
9 7 56
6 8 80
4 0 4
9 9 12
3 7 21
0 3 94
5 5 54
8 9 11
4 3 82
0 0 23
4 2 50
2 4 80
3 5 6
9 9 27
4 8 2
9 1 52
8 5 80
4 0 81
2 9 16
8 1 80
3 0 39
5 3 17
9 0 100
4 0 94
4 9 50
6 3 100
9 3 79
2 0 18
6 8 101
9 3 85
2 0 100
0 5 39
6 4 73
2 1 9
4 7 20
0 0 59
1 3 45
6 3 38
8 5 6
0 5 82
1 2 4
0 6 17
5 1 96
1 9 84
3 8 84
2 2 58
6 7 88
4 6 16
6 2 16
7 7 90
6 4 66
9 7 62
5 7 14
1 4 9
7 4 79
9 6 79
1 5 72
8 6 45
1 7 27
9 7 72
2 3 41
2 8 46
2 1 6
7 9 31
1 0 43
7 2 82
7 7 52
2 2 11
7 0 27
1 1 99
4 3 47
5 4 83
5 7 65
4 1 61
3 9 66
8 8 46
4 7 70
7 0 66
8 8 21
1 0 75
4 3 51
6 5 65
9 0 4
8 4 47
5 8 98
6 9 65
1 7 9
3 9 58
4 6 2
2 3 63
7 6 61
3 7 74
6 3 30
5 8 89
8 8 53
5 3 48
5 2 81
0 3 64
8 4 64
1 6 52
9 6 79
2 9 97
3 4 41
6 2 58
5 9 38
4 7 58
9 4 20
1 9 98
0 4 91
4 8 72
8 6 94
5 6 14
8 2 21
3 8 54
1 8 32
0 6 54
3 4 85
5 4 49
0 3 40
5 8 92
4 4 51
5 7 69
7 6 93
2 7 60
9 7 41
2 3 78
1 0 75
9 2 15
0 0 76
8 2 7
8 8 2
2 8 96
3 9 22
2 0 15
2 4 6
7 7 37
1 8 67
5 3 12
2 4 99
4 9 19
6 9 9
9 8 49
4 5 100
4 9 68
1 7 91
5 2 99
5 7 6
0 9 44
1 5 84
7 0 37
1 2 22
2 9 99
5 5 72
0 8 62
9 2 99
4 3 45
7 1 41
0 5 21
3 7 7
3 2 60
3 2 39
2 8 46
2 4 23
9 8 38
7 7 77
1 5 12
4 5 70
5 1 5
0 4 76
8 7 39
7 6 70
8 4 14
7 2 63
5 4 29
1 1 83
6 1 18
4 6 43
9 7 25
3 9 30
6 1 80
3 1 8
7 6 38
5 8 60
7 8 100
6 9 98
9 6 66
2 6 98
9 7 95
1 8 5
8 6 39
9 1 24
1 7 32
1 0 44
1 3 87
5 4 84
7 7 1
8 8 32
0 6 29
6 8 17
7 8 77
1 4 20
0 7 59
4 8 62
8 8 70
7 7 47
8 5 2
0 1 53
9 1 2
9 1 75
2 4 21
1 9 81
9 5 73
4 1 19
3 8 61
8 9 26
0 2 66
4 0 99
9 1 57
1 6 9
1 2 43
4 2 59
8 2 80
6 7 81
4 5 10
5 9 21
9 7 91
5 6 19
7 1 96
1 1 82
2 9 33
3 9 59
6 9 52
0 8 54
6 4 86
4 6 45
1 7 43
3 9 79
4 9 36
3 3 99
6 6 26
7 1 86
1 9 93
5 5 53
6 3 34
4 9 51
2 4 15
1 4 5
8 1 6
4 9 17
5 0 58
8 0 14
8 6 31
1 1 43
1 2 88
7 1 96
0 6 3
2 9 57
0 8 14
7 2 77
5 0 43
0 0 5
1 2 89
1 6 15
1 2 87
8 6 51
4 8 61
8 5 29
8 2 53
0 0 27
9 8 36
3 7 23
6 4 27
9 3 38
0 0 3
1 6 18
4 9 90
9 1 80
3 1 26
5 7 52
6 9 55
5 7 46
9 7 22
8 4 58
9 3 36
7 3 50
8 7 93
8 3 12
5 4 52
2 8 100
2 6 63
0 1 28
6 0 88
8 1 53
6 6 90
7 7 49
8 5 46
6 4 47
8 1 85
8 3 78
5 5 39
1 4 19
1 4 82
9 3 30
3 0 2
2 0 25
0 8 66
3 2 89
4 4 58
8 3 85
1 5 8
0 4 92
6 0 37
1 6 57
0 8 60
0 7 32
5 7 99
2 4 9
0 2 17
6 1 23
7 6 63
0 5 81
0 5 93
1 5 16
1 8 101
0 5 11
4 6 94
2 4 27
6 3 92
5 4 79
3 5 19
7 6 9
1 4 63
1 6 64
5 7 67
8 3 50
0 7 19
8 8 89
6 7 46
2 3 3
2 4 62
5 4 44
9 4 27
5 2 73
5 8 34
7 5 78
1 0 99
1 3 95
2 4 12
5 1 13
6 9 93
2 9 74
8 5 80
1 6 7
2 4 73
0 6 76
6 6 97
7 6 64
6 8 54
3 5 22
6 9 101
1 9 94
9 6 61
0 2 38
3 2 34
8 0 75
1 6 97
2 6 19
0 6 100
2 0 94
2 5 17
9 7 13
5 9 73
6 6 64
3 4 18
1 1 48
2 6 89
2 9 40
5 6 76
3 2 30
1 6 2
5 0 92
4 3 46
2 6 3
1 0 86
9 5 99
5 3 3
8 8 15
2 2 94
7 6 6
3 0 40
9 1 7
8 8 8
5 7 1
5 4 86
4 9 82
9 3 84
5 4 101
5 7 46
6 2 41
2 6 48
1 6 84
3 0 69
8 6 31
6 7 85
5 9 2
4 5 27
3 1 12
4 4 43
9 2 22
3 8 56
3 3 91
3 2 4
4 1 96
3 6 45
8 9 95
0 5 73
1 4 66
2 8 61
2 5 52
1 7 44
3 1 23
4 1 3
6 2 100
9 5 22
6 6 2
5 8 97
0 6 99
8 3 100
3 4 79
6 4 41
7 3 54
2 6 15
6 0 86
5 0 55
0 3 71
3 5 19
0 0 100
3 4 38
2 0 9
0 0 27
2 8 91
5 9 77
2 8 39
1 4 97
7 1 92
8 3 91
9 3 89
1 7 13
4 9 66
7 0 31
4 2 69
7 7 62
2 1 16
1 7 25
1 8 58
6 3 91
9 3 72
5 5 71
2 5 28
3 4 66
8 0 78
1 4 71
3 8 58
5 6 79
3 3 2
0 4 100
8 8 87
5 5 97
2 1 95
4 9 92
0 4 57
0 7 1
4 2 1
4 0 25
3 3 34
1 2 1
7 0 1
6 2 101
7 2 18
5 0 30
5 7 34
9 5 72
4 5 87
6 4 79
0 7 94
0 6 37
3 4 95
9 8 1
1 4 35
2 8 17
3 2 30
7 2 3
5 9 93
3 9 19
9 5 81
2 2 27
7 1 53
4 8 85
1 3 78
7 7 74
9 6 23
2 0 25
6 6 71
7 5 53
4 8 100
1 3 76
8 8 98
2 5 74
5 9 90
2 8 1
0 5 69
0 7 69
7 2 55
5 5 87
6 9 32
4 8 85
0 5 14
0 3 73
4 0 81
5 3 92
8 3 67
5 5 70
2 5 52
3 0 19
5 2 18
9 3 68
2 2 100
0 5 55
9 8 1
0 0 80
3 3 80
6 5 42
9 7 66
2 2 34
9 0 77
8 8 88
2 8 48
0 2 19
0 4 45
3 5 55
4 1 57
4 0 14
5 4 51
2 4 68
2 0 82
4 3 14
6 8 18
9 9 53
6 6 28
9 4 80
1 6 25
8 7 25
9 0 1
7 9 6
1 7 43
1 6 49
5 4 25
8 0 76
9 3 62
0 1 31
1 5 96
9 1 98
9 8 93
7 7 65
5 6 7
8 5 27
0 8 94
8 0 91
0 4 24
6 7 26
4 3 101
1 2 17
2 7 16
8 5 19
8 1 14
7 4 97
9 2 91
1 3 79
2 3 16
9 5 73
6 4 62
1 0 25
1 9 19
8 5 31
7 7 82
3 3 92
7 4 53
2 6 8
0 3 1
4 4 74
3 6 10
6 8 80
7 8 67
0 1 28
4 2 37
0 0 2
1 3 19
1 3 29
7 5 95
2 2 37
0 9 8
4 6 73
8 1 51
7 6 74
3 9 74
7 5 78
3 5 29
1 6 98
1 0 89
0 0 25
9 3 50
8 3 15
8 4 75
2 6 48
5 3 19
1 5 14
6 5 45
7 3 33
5 0 4
9 3 79
0 2 2
6 6 27
2 8 66
3 6 99
4 7 6
8 2 50
1 1 2
0 6 81
1 1 47
3 8 46
5 3 80
0 8 60
8 3 38
5 8 16
0 2 36
7 2 43
8 5 31
1 2 96
4 8 11
9 9 91
0 4 48
2 5 54
3 1 6
1 4 47
2 1 65
4 5 51
5 9 26
9 2 10
7 0 50
0 2 64
8 6 34
9 9 97
0 1 66
9 6 48
5 5 10
8 3 89
8 0 27
6 8 3
1 9 93
4 9 80
9 8 93
0 0 13
1 0 20
0 4 67
4 4 87
8 9 86
2 0 92
6 6 48
9 3 24
3 6 18
3 0 20
3 5 13
1 4 4
4 3 42
3 9 69
4 7 8
4 8 99
4 7 80
2 4 41
9 6 25
5 6 1
9 3 12
1 8 63
6 4 40
5 2 65
5 6 14
9 7 70
5 4 60
1 1 80
4 5 34
2 9 3
2 4 99
3 8 98
0 2 9
9 8 93
9 6 19
5 3 18
9 7 13
9 2 51
9 0 35
5 9 75
7 5 30
1 6 90
8 6 92
3 0 5
4 2 89
5 3 41
8 0 8
8 8 98
4 8 17
1 5 83
3 8 86
7 2 89
9 1 47
6 2 32
1 2 59
2 6 35
3 9 32
3 9 88
3 5 77
8 4 51
4 2 22
1 3 92
7 3 74
7 8 24
3 0 79
4 5 4
9 0 23
5 2 93
3 4 13
4 0 76
2 8 96
8 4 22
1 9 87
4 8 75
0 6 87
7 9 96
3 4 51
8 5 86
8 8 16
4 7 59
4 2 48
4 0 45
1 2 68
0 6 27
3 7 61
2 6 43
3 3 1
7 7 27
0 7 44
6 0 42
1 4 47
8 4 10
5 5 4
7 1 44
4 6 41
4 0 36
3 6 87
1 4 81
7 1 56
5 3 74
5 4 6
9 0 38
4 8 70
0 8 1
4 1 79
6 1 99
6 1 95
6 5 20
0 9 75
8 7 20
6 9 1
1 8 45
3 5 52
7 3 87
0 2 40
0 0 65
9 7 24
8 8 62
8 4 44
9 7 41
1 8 9
4 1 79
5 6 55
6 5 78
5 4 63
2 2 68
2 1 17
3 4 46
9 7 24
9 9 85
7 1 25
2 6 67
5 8 88
3 5 67
4 5 96
8 5 23
