680482245
745650881
116101184
407638111
0
17714340
93833285
12968
433643752
0
135238050
123482065
4362236
274071215
26163381
296270370
87200419
105431022
5630232
215849603
566942080
154483626
335388238
186928982
749311861
91945000
357252796
0
352838556
222750402
0
493616407
38765436
0
52859140
423747198
594336942
151574371
303429475
0
124923132
106224529
624592458
608444999
872983085
328776252
0
411400303
167967140
68721425
558838230
563493678
660629233
435009970
160935518
0
56450545
123900564
466009110
52753503
659399116
111979059
141593021
216646817
0
700329921
0
0
482553080
306467336
0
208779714
38813645
157078048
600113784
0
141921271
0
515261962
45430517
7742004
9314815
0
25217843
306775553
357791197
254742624
443255409
98499994
46857798
20178237
116512
151881751
0
0
44010831
290717453
198926001
346706046
744244990
0
0
159178401
380432552
0
760210140
93242883
27345948
429448845
285262222
83718816
364191598
248096683
0
137418446
118520709
296080370
440578071
2573411
157592753
81824435
82214596
805440461
178779041
174211825
49043853
320078138
309057267
54406821
221836084
440276934
63143413
739252215
2472138
103345288
209373270
0
14765417
558255472
419114256
308008740
276746258
328877592
250170096
116161770
477631206
5586732
10420127
284836128
219929727
690155588
0
109183462
15541536
284504308
61010997
829088444
621686240
312701628
603421754
144069136
59683925
16037834
708025107
0
383567162
14655730
89573019
188144210
0
267680706
0
0
805226562
429858891
55734471
674015989
736420240
76592088
28141098
739288850
658117556
23351770
2491512
232497720
42123873
283614669
284352339
192856329
0
0
0
0
124696901
662216438
137022296
569608710
741340508
217329836
5975957
125655575
198761989
140125852
350186330
321191737
152697425
140364808
15062562
94308966
281895839
0
74237413
279824589
588097352
383321644
0
0
254958938
187729922
603268278
17323310
473418379
63608934
372474869
163493490
120898872
0
25520865
188165234
817659681
305511878
0
0
117088619
0
571033847
137131174
0
129606313
316767343
298639140
0
0
0
98846781
237426133
75558991
426899960
752075740
418359924
432642884
199952946
116352737
271185803
238259439
0
691898882
128581396
0
533411560
677158431
868802057
83516584
58591002
300342141
0
0
295796382
473148011
27493848
232687229
899055851
0
336757800
0
135967771
353671194
677040453
468532120
805343630
60004794
0
221773242
588960225
280357670
257316644
495765702
0
0
509666902
247994093
133766388
0
409177068
603725873
300233512
68104085
4549008
220007000
236758609
360344502
288178964
316915564
9090715
143815345
106303941
0
18259223
30099882
0
146758229
523541648
0
259682994
707049317
143205203
605306390
25077969
32160825
544998112
99331162
0
0
78581430
6904086
160444907
55527088
108708107
543090620
285337592
125859962
0
498134534
102167102
456940386
200936783
0
0
659010518
475430407
134595010
186997426
83307179
58678825
154637523
0
374600664
0
222479826
141078172
257092564
425887713
42607996
0
0
481772220
225538816
186908796
64106888
61631608
231355974
38113636
589078192
238990774
0
0
336944552
795918830
100005340
0
540004510
185420725
137660153
488067051
0
472040604
522054999
279727577
0
643665327
152650110
90135100
82695989
753037146
46801517
80884128
679284505
125764945
0
0
117740588
0
703782640
0
137827370
221172
0
0
38346398
0
35801272
432967346
160175691
25452111
499561392
501005813
0
160990868
48858002
342276248
86046186
313129186
12982010
353958415
10310175
142531788
105466943
172063349
587773392
0
0
181215674
0
236192116
372418240
431264912
105118482
148477165
83706426
0
557327493
353280381
822316578
0
30821025
0
8554503
49036305
121859949
229702780
248062847
139924890
84279833
386143624
136342335
49999397
0
132369752
788559574
444907098
697461822
266800692
157348301
521505257
305541664
82097291
178176563
29484243
0
0
436340834
142652718
0
467262794
0
0
316602090
583608165
158945269
347420510
130714938
593135093
59453775
48513440
22030844
12066185
148480802
418042971
474904979
602803352
425224481
546457644
101187886
219484520
991659764
0
139407833
123972142
659963835
2962863
5313610
0
246899353
60577820
673963404
367575358
176908268
87737882
30233689
235892232
0
128103027
82111419
147504531
0
90467976
0
154990662
109266157
543377919
0
28694386
668530779
0
0
0
275087661
132246370
56268433
708235133
179902620
41463672
181362368
221981373
250472594
363709688
215300693
326761581
268433512
75196472
200401690
153101681
18978757
224680727
202726214
293292648
397784408
613322936
90894769
0
116172574
455176353
649815635
11818852
0
2863084
333540572
208181083
804183772
196097449
133780795
364555143
0
0
204810344
118065975
575038225
360653964
130275540
817341540
206095662
88987751
773579398
230607508
124000550
0
500278720
373543113
394850893
33103566
250804937
290297187
352031629
64540714
24598112
393117041
473568646
0
940578509
64244684
343137719
473645161
0
0
82567780
379827504
0
455605459
553436042
10018198
92616325
527797725
381446147
258398133
657152235
121581289
657477471
338348235
350071217
0
0
206072078
0
240568496
322665298
85049619
0
811242607
316532423
458958072
380374524
0
802019788
218247021
167128970
597978326
104109173
875907972
16736320
108909895
0
58782819
49750142
0
515086241
896315090
449392867
6078184
523582136
343914491
195282539
68981286
0
715630925
194297064
203594542
68374845
205593650
169751589
535002920
0
801419845
624290288
257953580
716835398
479609939
109500874
333672960
0
0
50684792
330875686
288036976
320100464
135107386
383435616
564443093
140136709
85996890
845604408
0
0
214038956
268157916
55927760
140087670
411147715
0
439433792
51940858
496954547
178900541
43021780
315154748
158792768
151528100
39029543
246793784
0
173092491
173623537
0
29312640
0
71206230
89716545
275642928
33916920
169463884
211579305
43235937
67215142
886475306
0
223748678
836323043
499212413
154510308
60134130
650545106
739223649
0
354143890
23114162
64493910
386244199
0
46044746
1474910
0
63664846
0
0
0
0
60463524
23553683
0
3142664
22716189
147768894
550497581
0
0
802540466
976652135
0
84017010
160295818
246181092
0
654714305
228893998
362856721
357583062
773705493
186127736
139175235
0
166445771
271163753
271492162
240431628
326088092
377157411
0
180042474
64252975
84983475
107797161
227581927
184210464
0
0
0
123103904
0
232892406
17834195
305978393
117778017
201888722
3294384
0
739770115
94137773
118525861
292685015
168779590
345187307
282589744
661680922
270584573
266516008
131811968
925325928
268506748
578760900
506269516
465741098
82413492
622404315
53574490
59762164
297886241
356811391
251865481
653259905
17640999
0
243944772
485718595
774564220
676448622
64519697
73582331
260182625
162884313
0
54286017
714901058
0
188827259
31032007
98601525
26808825
245736555
80139445
882709322
497141198
560539207
791510805
339525592
0
210988713
530023540
104481213
335555364
362516991
137852064
201855636
516272912
209698991
108878336
0
550778493
25213430
790900990
0
0
647022576
0
56985787
581928620
160301663
5939765
0
850124644
257200883
0
39821980
0
7162059
268391534
111608756
415785540
656525961
0
24439726
605467728
553254243
4210465
254593479
411857921
0
0
53666294
606056748
56204741
35041536
567016983
579981755
143619489
140364168
233356756
664858725
128455249
179130806
297110294
604680633
0
225149607
633696165
679855575
50578483
190857112
9506285
538625916
0
0
155395706
0
145064636
0
4969680
0
382363665
25956866
380485325
77784631
64731354
36638872
501513117
19234585
191582405
624706303
0
25471476
147404300
6998464
381204695
0
458297728
483060290
504061152
285212588
253623292
429900633
552952622
735705768
1883053
58254937
594987816
404029260
49137550
177497497
787574365
64385142
74232659
506359240
323845180
0
743215838
148054918
255150442
84236643
0
199119740
907041190
384427473
86399013
411161
640754965
10150671
450778274
0
267423241
290853132
110799486
27670557
0
57243195
0
809261169
532389714
122284981
521004462
0
459227402
807562980
686908788
198270664
62968633
261773400
27084416
0
0
222589069
163273995
295968980
63892224
58291719
495653983
238813159
333900459
0
26610602
168232922
215019780
167505754
295265144
511102637
171803567
55006611
307932311
914342184
34859307
514096176
234059638
0
222278527
26505590
180095784
177331490
0
445614129
219848906
244480770
96147890
327801441
277473650
0
488337204
692287498
145173164
716414514
2363891
621025325
0
101427565
