8
9
21 30 47 3 80 6 54 49 59
44
59 65 52 4 49 26 63 62 14 18 33 17 20 20 31 82 45 23 69 62 8 81 70 82 72 50 22 99 95 13 15 34 82 20 51 79 43 91 67 69 73 82 89 5
46
96 88 12 52 14 80 74 67 6 96 65 15 95 81 72 66 17 35 53 31 55 31 59 73 16 16 100 3 5 29 76 2 87 27 92 66 44 54 82 34 40 32 83 61 49 41
44
24 82 17 15 15 84 20 89 8 9 65 94 72 36 32 43 54 8 75 37 46 28 13 8 43 23 80 42 61 90 64 3 66 59 26 71 3 28 13 92 6 87 58 28
30
16 67 31 73 84 46 17 88 26 72 1 84 26 38 9 66 81 30 65 37 55 6 34 10 50 54 86 3 44 24
64
72 73 97 20 99 7 71 66 83 29 59 98 28 41 87 85 81 54 5 68 19 34 61 84 16 99 18 40 18 44 81 5 64 51 24 4 2 76 78 6 88 76 79 2 49 34 13 92 27 88 69 66 93 43 25 72 57 40 56 78 64 95 47 92
90
40 82 63 29 5 41 38 84 65 32 14 71 29 39 16 44 77 86 75 41 10 64 36 23 13 34 38 26 40 40 9 82 34 17 90 97 25 43 27 11 88 30 4 19 87 35 79 2 72 46 70 9 85 82 2 90 26 68 96 63 98 96 5 56 40 20 83 10 89 99 44 62 39 83 88 25 98 20 58 7 74 63 96 27 79 7 31 22 7 86
7
88 6 25 50 10 54 30
