62506347497521152
62506364677259264
62506381857128448
64758164490944512
64758198850551808
64770859485626368
64783537300439040
127264511988334592
127264511988465664
127264511988465664
129516311898743890
129528989616701440
129529023976308736
129529023976308736
131781249039379218
192022659299278848
192035337113960448
194287119747776512
194287136927645696
194287136927645696
194287136927645696
196538919561461760
256780789430353920
256780789430353920
259032589340763218
259032589340763218
259045267058720768
259045267058720768
259045726667713298
259045726667713298
319287136927612928
319287136927612928
319299814742425600
319299814742425600
319299814742425600
319299814742425600
319299831922163712
379541701791055872
379541701791055872
379541701791055872
379541719067649106
379541719067649106
379542178773365686
379542178773365686
379554856491323236
439808944469180416
439808944469180416
439808944469180416
439808944565904466
439821622380586066
439821622477441188
439821622477441188
500088847878972498
500088847878972498
500088847878972498
500101542776668160
500102019371819630
500102019371819630
500114697186501230
500114697186501230
562595195279376384
562595195279376384
562595195279376384
562595195279376384
562595195279376384
562595195279376384
562595195279376384
625063474972852224
625063474972852224
625063474972852224
625063951664727744
625063951664727744
625063951761582866
625063951761582866
625063951761582866
687544432577864786
687544432577864786
687544432577864786
687557127475560448
687557127475560448
687557127475560448
687557127475560448
750038084983717888
750038084983717888
750051256670144192
750051256670144192
750051256670144192
750051256670144192
750051256670144192
750051256670144192
812531737486426112
812531737486426112
812531737486426112
812531737486426112
812531737486426112
812531737486426112
812531737486426112
875012694994583552
875013171783314194
875013171783314194