498
28
728
314
515
726
474
763
89
27
1232
404
335
28
671
198
92
272
1115
243
988
19
968
85
188
316
801
131
456
22
401
175
643
45
910
692
2
72
244
1383
103
140
28
587
30
458
9
1047
715
1108
405
1377
68
155
472
617
1008
920
65
138
954
390
247
1065
779
115
268
147
377
16
390
59
3
880
1210
548
256
226
101
321
415
427
625
265
52
113
307
110
1234
1176
154
1096
144
1002
147
635
7
355
1130
894
90
24
13
16
262
505
125
1218
589
64
135
235
281
753
601
170
334
621
386
299
20
43
783
1137
1089
556
164
250
544
503
826
15
28
862
863
420
1516
185
142
341
671
689
975
403
355
880
73
878
78
213
860
361
72
479
565
715
844
159
62
376
125
270
150
237
634
1266
827
51
76
278
228
257
178
4
65
265
287
405
89
168
318
461
589
490
649
60
14
888
26
865
515
7
769
61
254
592
370
799
1074
324
802
120
373
456
485
371
607
246
669
95
405
884
968
82
504
193
477
221
686
51
24
566
4
587
492
250
635
485
653
865
203
323
609
75
33
175
163
690
39
22
127
942
761
65
223
100
296
98
405
570
692
32
24
1192
63
109
501
446
156
388
82
1329
309
411
196
1090
293
34
736
418
977
127
557
265
132
459
379
77
1076
142
251
221
42
197
309
69
1216
71
363
202
746
351
226
230
392
1046
584
185
133
208
143
27
1015
382
539
387
376
395
16
288
1014
81
686
291
823
305
698
1163
511
687
475
124
71
222
353
449
634
343
393
275
653
329
45
438
132
41
30
42
246
166
648
15
204
236
142
1136
796
28
39
1359
668
86
639
2
929
522
1128
503
41
801
58
305
239
65
363
1117
1471
222
41
166
87
176
17
593
173
113
693
17
56
254
471
286
617
506
192
289
183
11
95
509
750
31
27
334
1062
105
244
579
68
313
264
388
7
63
197
1185
316
469
39
216
345
172
123
52
828
16
44
1456
208
544
146
726
925
394
145
368
479
51
1009
533
541
44
300
11
504
658
191
483
586
1052
50
1000
19
267
1023
410
142
671
13
17
1
45
171
107
402
552
32
552
583
323
80
387
143
1428
800
259
275
503
70
485
863
696
138
917
317
528
418
612
53
40
121
15
12
687
600
947
262
275
27
197
31
187
299
122
676
237
76
42
58
607
749
28
145
46
460
629
462
83
162
7
250
482
390
82
59
206
314
246
1241
5
733
114
67
176
433
356
212
2
4
164
94
379
292
119
895
54
33
33
459
630
1200
473
653
228
1585
393
767
104
509
36
195
317
1112
73
112
257
27
477
245
965
528
144
515
372
165
870
211
773
916
327
1004
415
25
1249
7
15
1194
398
185
102
263
524
183
415
726
1407
32
124
439
599
141
127
167
3
665
220
518
799
997
350
5
523
6
214
13
1136
54
388
335
228
1392
0
332
382
957
644
809
12
218
746
193
69
582
308
816
1495
1096
299
886
654
879
232
84
1190
579
1091
672
1416
795
1029
791
210
210
663
598
378
67
377
305
96
151
373
80
101
493
514
256
11
283
146
650
30
833
34
170
711
570
59
869
14
259
16
406
198
48
551
670
297
362
325
156
141
462
40
284
13
18
759
305
713
758
270
297
495
741
1125
528
388
147
857
419
837
848
143
216
489
552
1074
24
89
358
490
175
640
528
221
37
558
33
146
470
71
163
1233
23
4
470
244
43
199
246
57
557
293
732
87
133
656
563
1027
205
183
181
110
323
149
186
58
316
282
223
59
1346
168
28
592
628
624
51
1390
732
1256
702
634
1330
191
104
75
755
440
11
7
1179
156
233
106
337
470
1301
74
0
49
943
615
174
33
23
780
121
139
6
701
21
716
79
51
125
436
864
213
232
310
182
9
304
704
350
258
759
34
74
141
116
735
460
65
590
453
20
381
24
698
493
1417
640
1380
283
52
361
287
268
77
135
795
536
1221
650
560
494
99
229
287
465
75
14
164
524
657
13
453
70
1330
74
42
215
271
106
646
787
200
302
675
166
130
1028
67
107
12
536
736
985
38
431
37
239
535
347
181
1009
750
367
163
400
230
85
306
92
255
492
579
393
249
1044
44
8
60
11
168
383
88
770
98
181
496
1395
11
512
116
183
16
320
274
145
238
159
144
56
74
174
528
1141
608
111
53
454
810
419
548
58
159
280
103
174
239
572
88
1367
55
5
655
175
334
17
5
41
915
204
539
453
107
70
349
553
486
279
445
67
58
633
917
189
1207
1131
109
399
212
89
29
418
174
28
111
51
451
123
785
0
223
723
165
762
534
95
1212
409
65
238
882
244
673
237
14
0
4
667
272
328
407
234
50
