1000
3388 3581
5414 8351
538 2977
425 3018
7716 8074
9335 9357
7510 9628
7039 8534
4437 5161
1249 2053
4930 8961
8630 9571
7097 9910
7727 8619
7679 9870
6215 6889
8048 9172
6159 7020
2826 9161
3710 5715
5624 7856
8616 9610
3422 9763
8179 8688
1198 3978
9570 9631
5561 9019
4424 8101
692 9889
2404 2670
8688 9305
4503 4538
5370 8486
9179 9799
846 6501
34 8629
2633 4300
2577 6752
3320 3382
2076 8075
4509 9995
9992 9996
7941 9556
6082 7516
4361 5466
1983 6510
4377 8484
1663 4988
2486 5349
1792 2806
1766 9553
1267 2442
2694 9934
7523 9063
1920 7299
915 9056
2738 6321
1549 6895
1439 9989
1531 4682
2451 3777
8104 8461
4189 6555
5093 7659
7911 8239
1975 6063
7153 7850
9703 9727
7775 8276
425 4141
8933 9315
78 4378
5637 5931
8391 8837
8732 9945
2972 3757
9006 9628
3069 4080
9193 9280
6469 7138
2634 2735
57 8531
805 4294
6372 7924
1229 9344
3373 7703
5705 6282
9222 9890
4343 6223
7025 8110
3048 8071
5803 6303
3914 7878
5983 6235
5460 6547
661 8907
9026 9203
8713 8964
2599 5657
9349 9722
560 2590
8034 8645
8572 9948
3971 9939
777 4682
9071 9511
8149 8165
9695 9978
616 1074
6619 9128
2372 6206
9584 9815
1931 1931
1287 3114
5730 7090
9903 9960
5748 8461
6741 6936
2734 8910
1450 4199
9931 9959
1276 9674
3888 9303
3058 7522
2855 9085
4326 9003
2626 9114
5579 9707
346 4109
7923 7952
6703 8877
3583 7727
929 4544
1403 8917
5613 9483
3066 6428
2041 2466
5500 9257
655 4854
8574 9066
5157 8405
6343 7533
2232 7393
8031 8438
198 1793
2205 3571
7026 7350
1896 9725
2704 7250
1819 3272
9033 9845
644 3746
4266 7726
1501 4699
2155 5961
6582 7739
663 5272
5034 7571
7739 9231
2292 9760
9884 9974
4519 9705
9832 9842
7859 9280
9065 9656
2913 6435
7047 8401
5830 6031
7925 9605
5842 6932
9864 9985
6 7775
7754 8636
7878 8416
9015 9632
5216 9905
9187 9207
3145 4337
482 1711
5996 9617
7702 8078
1954 4268
9789 9801
7920 8596
4037 8706
5748 6758
4117 9028
7736 8921
656 7823
1937 7195
3695 3816
5168 9081
2046 3806
4256 7494
8735 9121
4020 8389
458 9800
1334 5072
3481 6595
8803 9358
545 9938
3567 4104
3014 4482
1855 5951
1604 9650
2161 7294
8269 9532
3703 3995
410 3497
829 5572
6581 8038
6696 7757
8877 9713
1336 8300
9342 9470
786 7815
9550 9784
1221 2253
5201 6767
8720 9037
1450 2896
1394 1557
7002 7100
6653 9920
7615 8906
2048 2952
2093 3469
7521 8512
4204 8725
1820 5468
1906 3172
455 6744
5625 9034
1298 1958
8177 9609
8972 9392
6287 7862
4828 9663
7468 8595
1358 3305
8384 9034
8361 9626
1113 7572
3187 7236
9066 9500
541 689
7334 8727
358 2945
4725 8627
8733 8871
7217 7343
6439 6864
6364 8147
5 69
558 3303
3889 8027
2681 2925
6422 9704
1112 3557
7432 9881
1333 6055
370 2486
8471 8882
7321 9655
5277 7211
816 6032
5360 8035
9226 9876
3316 4532
2358 8557
471 7189
3514 8449
7394 9269
9692 9712
1790 2180
9960 9975
4718 6441
6530 8581
5335 9585
4138 6206
9865 9988
9948 9961
49 8763
8634 8899
4017 8003
2442 9174
6411 7165
9318 9432
3572 6640
2294 4569
1701 6235
9208 9229
945 2064
9365 9501
7397 9019
7874 9582
8000 9259
6431 7102
5408 9131
240 8281
2271 6415
7617 9346
9208 9556
810 9868
6418 8538
7928 7992
9941 9974
664 5702
3125 6658
7110 7430
8530 9482
8789 9694
8891 9481
5682 9586
2735 4337
1125 5670
495 4680
1451 3956
4689 7393
4543 8734
6377 8006
5418 7343
3380 4837
7462 7821
4067 6804
7576 8705
2061 4938
1422 4253
5906 8089
2698 2884
5553 7111
7106 7574
6348 9152
4314 9461
7539 9377
266 3911
5279 8102
4247 6893
7740 8997
2561 4495
3508 6389
9241 9291
5718 7155
9043 9600
9337 9638
366 8242
3473 4343
9966 9997
1646 8104
4473 5935
7442 8527
7546 7945
4654 8008
3480 4954
6516 9532
4879 6287
2571 3067
7386 7598
9454 9986
890 5911
1950 6637
9467 9707
6645 9182
223 1512
7901 8432
5313 6736
168 9019
833 4525
187 2645
7298 9162
6515 9381
2072 7346
390 486
729 4766
2083 4879
6018 8924
7893 8804
7588 9012
8532 9347
8207 9105
787 2844
2569 7833
4796 8893
7159 8013
33 6297
2236 4248
7859 9231
3299 8676
4713 9978
335 9714
184 847
1133 6923
1015 5671
2979 7451
3143 4047
4681 8780
5670 9057
9866 9940
952 2336
9530 9700
963 3589
5488 8704
3982 5402
6457 7386
2990 7862
4076 7715
6423 6459
9988 9997
4864 8687
9009 9913
567 2237
9134 9707
2078 7782
410 5055
6030 8997
4139 8890
7757 8367
6600 7700
3317 5681
8177 8479
2366 7245
3262 9217
4011 7963
5075 8827
1600 4717
8627 8782
1438 3406
8107 8557
2007 8095
5296 8132
1823 5394
6997 8201
3816 6057
7465 8892
8697 9685
9367 9444
1373 2206
1547 5072
6696 6853
4845 6640
1398 8481
2675 5785
1388 2788
4105 6333
3295 8319
3512 5670
6811 8091
7312 9413
5002 5667
5100 5620
2412 4343
1357 4629
1014 6377
480 8499
1543 6046
2029 6865
3045 7615
9881 9991
3219 6019
5595 7163
7336 9594
3624 4264
3870 5421
5796 9521
8569 8839
1638 5239
5605 7257
5293 6057
6445 8960
5644 6398
8928 9595
5319 9395
7800 8331
8558 9442
6419 7559
8094 8964
8596 9731
9318 9652
3649 5158
1896 3804
7010 7011
9877 9968
2737 9142
8290 8988
2528 6981
8828 8896
2543 4452
4917 5567
3848 7029
2136 9100
2105 2774
312 2442
6783 8828
2173 6578
7337 9634
9335 9672
1432 9800
6652 9677
6035 8514
3425 3924
1044 4148
1402 4466
1076 6427
5300 7916
761 9988
1935 4590
1932 2774
2461 5360
5759 8768
6115 8004
9438 9786
2260 2359
8183 8186
2232 2729
3814 6802
8050 9096
708 6978
2621 4167
4844 7030
1367 5500
3351 7866
1629 7596
5328 6345
9036 9065
9087 9714
195 3696
7770 9901
4635 4788
4998 6806
3689 6052
4930 8539
8255 9582
1617 2048
8552 9096
9165 9227
2293 5104
7814 8461
8 3821
579 1093
7721 8847
1715 3589
5806 9427
3462 9957
3619 3759
9309 9737
1535 9359
8779 8907
8862 9979
1882 7487
1468 6723
8211 9662
8759 8939
50 5902
985 8372
6508 8939
479 8678
1059 6537
7781 9811
5414 5906
647 6523
2705 3655
5854 7432
847 1100
6203 7521
8228 8779
4902 6974
1155 7260
185 9718
5652 6693
822 1574
6942 9269
2462 7211
8693 8943
2218 3828
1385 5876
7574 8063
9245 9600
1855 3426
7156 8509
2569 4790
7079 9556
1367 2669
6022 6558
1949 7588
8829 9566
6443 8372
7334 7632
1419 5798
8664 8975
1416 3957
1358 4608
8848 9653
4375 6870
9866 9903
4274 5945
1760 2700
1787 2687
7411 9965
5841 7641
3710 4564
9034 9630
4352 8588
907 8525
7200 9340
6400 9484
7253 7644
6945 9798
2111 4734
6009 7535
2566 5083
2080 4726
9080 9674
8170 9363
245 3631
2495 8210
3861 5875
2646 7876
3399 6488
1425 2743
5023 6693
7029 7672
6731 8317
7531 8373
963 5852
8989 9078
3292 7838
996 1231
1345 4607
7896 9602
6656 9848
8409 9645
9529 9853
7425 8041
3100 7678
1511 5096
3295 8432
2609 7001
9198 9696
8582 9249
3286 9611
6772 9847
4964 5997
7529 9098
5783 6827
642 1752
1327 5153
3780 7671
6577 6772
3609 5997
8090 8819
8783 9946
6387 6892
2122 2178
4666 8463
566 1785
8466 8724
3599 8580
5621 6499
8728 9842
9450 9744
7466 9370
6827 7130
4887 6123
2374 6479
8357 8376
9812 9905
4180 8846
5720 8114
1480 3038
5497 8880
33 3880
1857 5458
9551 9621
1193 2280
2184 4541
5361 9436
9133 9235
2539 9263
4097 8442
3023 4128
219 1725
371 6677
7487 8491
5905 7491
752 1621
3629 8916
9620 9713
312 7499
4412 7239
9960 9985
6029 9390
5266 8849
560 6477
8501 9484
6002 8841
6134 7965
2980 4028
6992 7035
726 3396
5833 9816
8017 9612
1665 8776
9735 9765
2195 8957
3204 4378
2552 5646
7252 8194
9653 9724
1905 7051
9878 9942
6823 9052
8051 9942
4586 4706
9250 9965
1997 6178
3129 4184
4429 9349
4556 7864
1328 7150
6290 8873
6794 8640
7488 9434
613 7713
514 4358
6398 7933
8639 8933
7781 9257
1085 1901
7138 8147
4613 7018
8259 9435
4152 6630
9151 9195
2375 3376
1429 8994
3973 4209
8518 9883
8411 8769
1413 8082
4118 5238
8054 9099
2958 3839
8951 9143
1818 7947
2438 6383
125 1109
1473 1683
6768 9881
2736 7160
3085 7192
388 3667
7039 9664
1413 3614
1312 7136
8266 8731
4384 8141
2274 9815
7817 9045
5409 7990
2801 9685
1983 3223
722 5384
1365 3763
2035 3235
5430 7726
1456 1787
3551 5112
1562 7301
9895 9983
72 7819
8644 9961
7823 9142
8610 9303
3318 3484
1086 4596
3632 5062
5886 6407
3689 9429
4835 7867
832 2394
1641 3037
2922 8439
5119 7467
2350 9261
8088 8390
8150 9063
9474 9514
4138 8543
1864 3072
226 9758
456 9684
7100 9055
5046 6254
9747 9761
5466 6019
4456 8954
5471 7992
8037 8801
2610 9330
2947 7543
2581 4796
9672 9941
2084 2774
1768 2712
5445 6371
6112 6855
2991 3849
4733 4862
3430 8832
883 8977
5700 8870
1257 6085
725 9771
9705 9837
5767 7459
8402 9371
8574 9615
8339 9938
2797 4317
655 9573
5235 6185
6441 7279
2564 5403
2331 2438
3019 4093
2511 3246
4061 4231
5544 7312
2590 3585
3179 3825
8731 9552
9729 9837
974 5462
8515 8623
1254 8400
9478 9488
4043 8253
4567 6088
8044 9281
1661 2881
4409 4856
2400 7887
4074 4963
367 2708
8726 9028
4372 5030
647 5518
9446 9464
7151 8897
1372 4144
3177 6328
1196 5669
1606 7752
3425 7059
8845 8881
5995 6911
3436 7376
669 1557
5347 6873
3046 3654
949 9995
1551 8920
3968 7903
4352 9822
5863 9613
5970 8681
2061 5635
1955 4704
9046 9935
3838 8821
465 4479
113 2114
93 878
867 2461
8031 8970
1328 2549
7999 9516
5329 9475
4462 5204
4433 4684
2797 3762
2039 9253
1942 7664
2181 2541
5499 5963
8981 9058
8942 9551
1983 5529
5758 9450
582 2403
8363 9040
5548 6901
5550 7099
1442 5529
1213 3231
1186 2378
6107 8084
6108 6676
5713 5736
1037 9973
8712 9928
2693 7768
3631 3643
9398 9588
7051 9471
8063 8380
7577 7663
3693 4607
1741 2928
6286 8927
1072 4209
382 3153
5336 6949
2603 8510
1266 6624
3645 5737
6135 9470
2844 8989
4425 5676
7798 8978
1977 2591
3911 7720
2993 6421
3568 4833
3326 7286
295 5327
9748 9937
8216 9286
2494 9274
8298 9389
8118 9882
9408 9561
2142 3730
744 9323
4534 6305
5215 8365
3782 7482
3844 9230
786 7015
3399 5770
2303 9955
7336 7696
7950 9160
702 3103
977 6670
631 2854
8019 9652
3693 9832
807 2185
47 2558
7707 9735
7329 8668
4325 5565
8701 9398
3818 4340
5691 7052
2051 2459
3626 9289
2470 3792
4274 5132
9422 9476
3842 6937
8799 9408
6140 9594
361 7192
2302 6151
3780 4733
6873 6939
5167 9251
4445 9013
4891 6583
7226 9653
5653 6883
7730 8416
642 3575
5186 5654
2313 9884
2840 6416
1604 8988
5130 5798
8734 9208
3093 9423
3130 9926
5310 9045
4795 7875
2156 6062
3494 8688
2436 3820
3115 7745
6107 8845
5886 7209
7342 7437
2140 4611
4880 7740
8120 8546
2231 2635
5242 5852
4208 4763
3904 9876
2842 7809
