18047
4410
11592
977
695
7417
328
97
2623
23379
1055
1843
6
8719
1636
7805
4267
5130
4641
18212
7530
9198
3774
2487
17921
160
22038
7271
10837
20056
2257
3292
1258
24016
5213
457
24758
6226
19016
4465
898
112
618
9612
239
5265
24418
8747
9066
4043
6200
916
3845
7288
15918
28016
4279
22850
761
11908
287
359
109
58
7565
11713
672
4772
1578
6750
8955
134
3911
28602
1564
2193
2668
5403
1938
13513
19890
15891
6434
289
5435
5279
30152
698
3874
1952
2261
500
4502
27584
10538
2749
4522
3139
6399
4463