67721
7221
3589
68031
7867
827
57411
5
28901
708
8478
58801
51811
8599
3612
5968
9388
80321
86271
58541
4526
954
5056
38101
8892
69801
6287
8985
3756
51521
9539
1067
6343
9815
81481
5498
51911
4565
6559
9744
5911
8295
46631
5454
5849
8911
2636
3644
817
56801
4681
5609
6207
3156
1601
1663
4096
2924
58231
50611
66031
4711
54351
61311
4657
4674
6698
799
40411
52561
6646
6693
9332
119
67261
544
53431
6537
49501
55321
216
58501
4983
69401
6405
75941
5249
40601
83131
6104
7418
4099
7362
48111
3623
5347
60731
4139
327
46071
1935
35241
6578
52151
9144
4558
54821
7033
4811
5374
8854
5308
23001
52261
42421
57431
65041
41621
51441
8761
2128
53121
4597
6025
2116
5124
28101
51531
5759
6623
6084
43141
4301
34701
7719
5735
3439
61211
4688
47631
2671
9905
5226
5707
6858
77531
8967
3286
5046
4489
57551
59351
7136
2594
5485
52811
4669
5829
6795
64531
6665
6698
49711
6423
6892
46121
7803
6087
3563
5679
7271
90601
9552
2496
38511
75971
93301
28701
3566
68411
88231
78361
47631
66711
4877
4048
26301
1417
6028
6664
42671
8328
52411
1905
5414
2146
54341
55821
7481
4158
5656
38231
62031
7938
9622
46561
991
25811
7488
7592
1299
75021
61011
44241
62361
2426
3278
5563
53301
3829
31911
6327
2971
67341
7997
52801
34201
71941
77171
76211
68201
3956
392
6399
169
707
9681
60901
6218
6159
319
47401
73111
5738
47651
66761
7526
5779
57411
6016
78121
763
8263
43531
36141
4208
45041
9871
5167
6757
5409
3926
76711
4849
8687
985
7625
50921
2334
61411
64131
4948
7036
8514
7948
51431
52241
4565
47311
3814
57811
7047
60331
5698
79271
54201
49851
53321
3163
34111
9677
7018
6617
52341
59231
4399
8918
5077
8316
61961
89201
8985
33551
5397
8902
4982
6286
64311
574
9221
3995
7107
7085
3049
89471
146
7013
5166
21031
5189
24171
8833
52511
836
5374
3085
47491
5502
5787
9898
66921
52821
39
8184
8179
9306
6324
71841
1553
1073
3985
854
3858
7589
49011
819
52411
5089
9032
89001
4887
7454
7358
5245
6511
88151
7347
87701
2351
43041
6709
5293
121
64401
3118
4897
76741
3934
864
85331
5247
58931
45201
989
6427
6086
6703
848
8395
2772
2315
54141
45041
47631
77001
47631
88
2727
70911
4679
56641
9889
51241
58731
58221
7546
5393
2034
78441
52871
60101
3828
9733
8671
6025
674
49151
2292
3011
5339
9094
2527
3418
7189
42321
3076
6948
4433
4051
7626
43821
87161
40501
5837
40741
5287
9551
5466
61951
5154
4005
4223
53221
25511
84331
89421
77791
6027
77111
7578
74501
49531
3814
69051
61461
5109
5162
64321
43031
5478
2452
49631
43111
54181
3675
85501
6158
4725
9967
58501
53271
5498
3262
81701
714
51811
77101
74911
3818
7148
58651
1225
4703
89001
3866
62311
4566
83461
47911
61131
8325
36901
65351
4455
5176
59701
1314
3163
63441
7804
5288
2891
53521
50401
54111
49
9735
48861
7309
41811
6945
3843
34361
51851
4021
8141
62341
2595
80681
3544
2346
46441
43881
49531
6689
5056
20911
6643
6306
49531
8907
27311
6383
6387
35611
3229
5036
8008
6987
5347
743
63211
6028
7527
32451
4872
5179
4205
73861
5696
50351
843
86431
6535
73221
7706
81741
9831
46731
3597
6024
4154
47731
9326
23511
2649
69011
49451
45941
66001
8079
7806
6373
31061
68
3306
48621
45221
6483
57001
5249
5888
55041
6981
55901
9501
6774
72801
42551
198
3619
6858
26101
6924
24251
20271
52061
4198
656
204
41431
9862
55351
2188
5196
7457
63361
9849
39751
5176
6768
23651
35031
3576
67401
2259
51111
7156
66131
38141
39031
5508
1729
6177
5714
73301
29821
8987
7344
7017
8711
6532
68501
5189
2945
2531
727
6716
44881
1283
69181
4408
1093
72771
9733
75041
7269
3731
47961
36711
3956
2109
57731
1879
7037
53341
35301
3839
83021
418
528
3595
48051
7898
76571
34131
5547
2011
7747
4802
69601
3088
774
6408
6367
9235
4493
8746
5809
509
65331
2012
66601
5988
5216
4408
70961
24901
5605
4711
891
66021
84431
845
41541
43911
25121
62731
549
47131
55611
2075
1623
2232
51211
4216
5134
8726
5278
68711
2869
4796
44151
6229
2877
5276
5599
76231
438
18101
4967
1343
68171
6094
6836
3007
1234
7639
8833
7119
83601
1707
43111
8876
6997
5828
7736
9609
57121
5902
1671
719
7796
647
4548
869
64121
58021
4249
57781
67211
80481
4562
8275
22301
1689
63801
3477
78981
79311
43571
58631
43131
3518
5838
7998
6199
7294
67681
43131
378
5088
3658
72321
9177
6259
22421
52211
51001
44591
8548
3502
3438
303
3274
521
902
6513
3698
44821
81511
67461
49721
7208
1
6696
87851
5596
4338
4063
52921
3482
5204
28201
41111
4069
5396
5647
45131
4936
36171
42541
4053
5755
2069
26
4426
5886
48001
6171
2888
1472
50281
68501
36031
6597
3686
6496
72911
2429
2715
3999
6394
58051
52431
1623
8507
3789
25711
3436
216
3767
31111
80701
62151
9338
60421
6887
95
6166
8079
2786
60651
1924
89331
4019
44921
3131
74361
64801
6189
2596
2531
31111
4815
65151
5626
28301
53311
8164
7674
6356
5209
43751
7864
6688
48621
9312
41431
3188
4365
8666
74311
68211
6065
30741
8858
54211
5598
57571
40811
25841
37511
46311
3956
61031
34601
2472
45021
6226
21651
302
4707
73851
4088
5057
315
671
50411
2845
33641
4208
55501
6959
78031
4589
884
2257
23981
33521
74161
54201
38761
52741
436
5656
6024
63401
79981
60821
1399
56471
5105
33321
61321
5708
59121
37401
67321
9856
3617
5477
84031
8323
77641
41101
4158
5953
64911
7312
4659
33291
5689
2426
8761
3586
375
193
7647
1653
83301
62541
37001
2543
6318
6075
4226
70721
5046
3616
7483
