899
842 498
3919 3909
1095 3924
3401 1484
2515 72
3059 2715
4016 2785
2764 3041
2854 4801
535 4391
4549 3377
315 1653
958 3273
4547 3301
1863 3336
3603 3588
4321 2084
395 2265
4011 704
4435 2316
3056 4546
2199 1027
4188 2776
3083 3185
4911 4842
4174 2352
2248 1495
3069 1697
3516 2568
1064 4909
336 2796
909 2923
4559 4895
2517 2137
1244 4351
372 1465
488 1376
3368 3501
111 1782
3537 416
3388 2181
2847 4735
955 4518
1498 3886
538 1213
1201 4752
515 361
3592 1367
3875 4634
4391 2582
4083 3882
555 4655
4874 2655
2035 563
3608 1857
1091 1539
8 3521
432 1811
904 1593
1666 1482
4109 4991
576 3446
4323 537
4201 4617
1123 3665
2716 1101
1252 1815
1239 215
601 3426
956 3087
1821 295
3068 3182
2771 2495
1072 538
24 3994
1797 1199
4804 2429
4193 1688
114 4223
2282 4903
814 792
488 2497
1978 2319
4177 2376
526 3963
4882 1649
796 2886
1067 1943
4916 74
1731 888
4503 1537
4488 3859
3198 937
3327 716
1059 931
4168 4211
3162 2349
4183 2431
1924 2399
3894 4505
2159 3106
1476 3757
2989 4475
959 739
1238 1349
4128 4301
368 1139
2703 2996
1916 757
2501 3122
2613 2574
1346 371
2029 1407
1933 1378
3953 1492
3347 2655
2289 2511
4776 4721
4911 1604
2843 3603
1428 3457
669 3339
1312 736
4971 636
4021 2118
1793 2257
4602 3622
575 2636
3129 2472
3631 2215
2926 1406
2237 21
1588 1611
126 2065
4791 1874
4145 3716
1724 478
2013 4091
1905 1345
515 3398
1527 4309
2979 17
1941 1308
4902 3054
854 4273
258 4493
3448 2374
4655 4347
2596 2124
4699 3926
4693 3296
4858 672
3123 125
214 3416
3396 3714
3771 825
3986 3302
535 2277
4215 2243
1586 4461
482 2592
837 634
1287 1879
4095 175
2296 1668
1646 3193
3369 1291
482 2413
683 4374
3404 1034
2261 2692
2735 2026
3212 2297
2135 199
3314 1903
3954 4811
2255 1901
1019 3973
751 3701
3672 586
256 867
3133 1495
2661 2876
44 2321
1401 3234
1088 4018
705 801
4799 2721
146 2751
4177 2834
3381 4348
206 3472
4744 1619
4967 4076
4729 3076
3025 349
3337 422
4817 19
3637 741
1072 3601
589 2322
1183 2092
3942 3009
2874 1455
2734 4869
3427 2685
877 3739
638 1531
4748 1681
4285 1582
2881 442
3583 1963
1182 4052
3871 3843
3942 4346
3948 442
1139 844
2603 4685
177 4035
291 4182
4344 805
757 4538
168 1905
1489 1574
4013 3323
2432 1933
261 2104
2604 251
531 2947
2191 1142
3982 1804
921 1805
4184 3195
1943 2426
2958 2214
4777 573
2633 4993
732 2862
874 3417
2779 1373
2119 4331
4539 2215
726 1422
1026 1107
4231 384
573 4523
2049 198
2331 1332
4378 4921
624 2979
1181 817
4794 368
4402 447
698 4636
2527 4805
1508 2959
3638 3391
4771 2961
2435 1967
2525 4808
444 454
2341 3772
1477 2351
731 1202
3468 4447
676 4192
2142 2433
3513 3687
3428 4348
1994 3751
1057 2705
4295 3027
4256 38
1573 2509
61 4659
3503 3518
3142 1918
1075 4199
4161 4059
2015 1272
3485 3986
1804 4431
3948 4565
1674 753
2356 4445
4397 2906
3653 3599
3384 2189
2699 2157
1601 999
3775 4257
941 3476
465 3955
2489 4323
916 1953
3022 4157
1146 2253
3214 3776
2307 4924
4594 1637
1046 1889
3529 2303
2039 1132
3292 2547
824 4857
1842 2046
73 611
2302 1655
4397 114
2993 2747
417 4071
1504 1559
4089 2667
1072 2023
1272 1416
4798 2821
3157 2044
3022 4956
1304 3097
3366 3155
1138 2486
2282 3921
1959 4909
2437 2445
3812 246
1948 4837
4181 2127
1063 688
246 245
3224 2861
2529 2774
3345 3438
1539 993
1089 2426
3133 3262
3871 2157
37 4035
2487 2281
887 2573
1206 203
336 4257
3117 1601
394 3271
2813 4675
2149 1929
2246 2166
3596 2364
2132 2633
3902 1584
2149 1816
4361 2596
1087 4057
3567 3333
2601 4028
1742 765
4533 2744
952 4718
1823 4276
3495 2219
1064 2222
528 1503
2267 817
2747 4096
1977 3299
832 3282
1256 844
1052 3635
1357 2904
644 1254
2623 1107
3417 871
3717 1813
1023 3163
4685 1768
4477 153
1651 4466
1915 405
4817 4881
3304 2512
3048 3484
3171 4969
1666 4187
4964 3605
2574 1917
4061 2569
1316 4689
2714 489
3009 4048
1494 4233
1372 2976
4156 4167
2162 4634
4428 506
401 1671
3403 2781
1863 4007
2119 1194
3979 106
1374 3584
352 178
3672 474
1816 3008
3202 2249
1457 2256
3416 2321
1153 4792
4465 1408
1668 4011
3363 1357
1198 2217
1454 48
1559 4745
2372 893
1374 3394
3558 1265
4864 1227
624 3991
1705 2985
3697 3112
1726 3313
3718 2561
805 1377
368 245
2971 2906
3323 896
3664 687
3051 3934
4855 4473
2995 1296
882 3814
829 2129
3237 1705
2637 2848
2116 2896
3882 4667
3639 3309
2044 3097
1176 4346
2992 4734
1896 1025
4503 498
4114 726
722 3469
848 4355
3721 1328
4476 48
1212 478
3398 1541
1955 4168
673 2185
4451 4319
2515 1587
3343 1812
2153 819
3242 697
2989 1121
3015 4474
3419 2087
3174 4034
4901 2735
215 4029
4364 534
8 1575
3787 2534
4253 267
1668 2461
1655 4986
2508 4759
1531 3359
727 2289
4505 104
3808 3184
361 1778
3862 792
171 4913
486 1056
2576 4424
1204 1608
3133 4253
3645 1528
399 4336
4183 1109
4115 2287
429 4815
1508 1179
4631 4429
229 4317
1246 3663
4613 981
951 3955
59 4916
368 661
78 3934
252 3342
2912 1531
4841 2443
3558 2736
407 1621
4755 2777
3204 2729
1249 4655
4204 4412
724 3789
4839 3387
4051 1472
723 215
311 3338
3079 241
4123 635
1629 3961
892 555
2187 193
2185 2101
2024 501
1299 1688
1635 479
2402 354
3811 4075
2277 1053
4011 4807
4801 3763
2757 2188
4314 1322
4191 2566
2534 159
693 2822
939 391
2927 1993
4658 83
1141 2747
4336 2226
863 3994
31 1824
2532 3517
479 4863
1107 4242
2929 373
274 1851
3875 2514
4254 1842
4955 3615
1304 108
1635 2847
4941 2535
943 9
4977 4628
1508 3336
931 1263
4337 4284
176 4982
2431 2034
1913 2878
3332 4841
4231 1714
4391 3317
4811 4334
2495 1658
3126 2917
3227 3287
797 4397
2393 1933
4878 4889
2006 3861
3025 89
2563 3761
2617 1719
4142 252
1758 2535
2928 2174
3863 4622
3009 1685
2079 1731
4629 1561
3477 2545
1284 45
2591 4143
2253 468
2709 2789
4148 456
644 141
621 2971
2815 2705
552 2952
196 1403
2625 4794
2101 1707
2145 564
3464 2444
1061 1995
2656 3012
3764 979
184 1842
4032 2787
468 1775
4544 4367
3838 4713
4635 362
4335 334
3756 2636
3517 153
2082 2203
4603 4438
3192 4927
4319 2908
969 1405
2254 4822
149 2787
965 3523
3844 1109
2366 679
252 2374
3206 2776
2079 3555
2372 3771
2292 1134
3617 3154
1785 382
3602 2115
4481 2398
2073 1491
4586 564
1538 4123
2983 4705
2602 4969
4976 3187
3107 4134
783 796
3138 3932
4809 4134
2307 323
2045 4411
3159 3314
3975 914
2029 4051
269 4144
1639 2871
3269 996
1052 2756
3425 2895
507 1949
1507 3094
1723 3385
3684 3952
701 4654
779 558
2151 3452
3663 3529
563 1259
4562 2875
392 3804
1028 66
3361 782
946 1196
3666 6
1888 1613
828 3436
2964 1127
2215 4761
641 953
3652 3933
806 2463
4207 3668
2119 4401
1287 3914
372 121
722 1015
2404 638
861 2999
4093 4799
2253 3584
3918 4295
1365 3388
2484 591
257 3143
666 4289
609 3668
4811 803
2942 694
4948 1082
4468 2693
3728 172
1051 4204
4926 4825
1943 4113
4808 3485
172 3128
1277 1848
66 1153
2196 1167
1799 3285
2213 2531
2329 3016
2552 4843
4126 2514
642 4765
1091 2535
4763 4629
231 2917
53 2741
2517 295
2425 3419
2832 1044
2084 2194
1154 884
3451 2824
1823 488
1473 4372
1786 4824
2392 741
3561 2656
3589 4977
917 3408
4409 4757
2661 3686
3401 636
4545 1976
443 4218
1366 2109
299 409
4884 2348
3906 1478
488 1056
4438 2549
773 2261
2029 2284
253 3938
706 1267
4283 927
612 128
2929 737
4936 2445
4736 3919
4276 4006
4754 2703
372 2438
204 1456
1802 364
4063 3353
3101 4507
3402 4594
1498 2917
1998 1216
2755 2753
1982 2331
2743 2507
3024 4427
1057 2848
2766 4291
3804 1598
2571 4149
28 3406
3091 1247
258 264
1634 28
1298 1544
4031 4515
3834 4899
2993 1753
4498 391
162 4008
3121 4872
296 2357
2572 905
3207 4518
1775 1965
2683 297
1978 4468
284 3871
2766 4143
4378 1257
2854 943
3301 2384
4888 2576
1734 4225
2173 2586
1129 4786
2275 408
1915 2903
1234 4294
1229 3122
3096 1249
348 3219
3246 4371
2544 1804
3738 2536
2629 2738
1739 874
3687 1036
1838 3163
4603 1387
3421 3687
1299 2083
844 2514
3718 1383
1137 63
4902 4717
1141 4683
3912 2688
3363 3523
325 1693
519 2309
3155 1431
1451 1306
2765 246
846 628
1497 4176
2059 4235
4811 128
3884 2129
3808 1259
3142 3212
322 1814
3564 3647
531 2414
2623 3042
212 4117
3719 4188
716 4245
3444 2498
4129 4398
2531 957
3266 1908
2253 4193
1299 3527
3239 1975
3418 3259
264 4512
1943 314
532 4256
4973 3144
311 2238
4313 2812
4479 3592
4226 4545
2233 367
2737 2931
3242 586
51 3539
4185 4158
1286 3187
3737 59
2398 3021
4171 3292
1073 4238
2808 2013
939 3072
4013 273
132 3752
4266 949
1433 895
274 281
912 4082
4356 4
947 2213
4649 3541
1609 1775
2407 1302
1471 2506
2844 1905
2182 814
1942 3771
257 1418
2484 3306
4182 4316
3186 4642
1337 4844
1341 4827
499 569
3215 1617
1335 4776
1349 962
2374 3982
4518 1418
3198 4625
2762 3978
2438 488
3168 3435
3948 3668
74 3185
2844 3371
3522 885
2896 2337
1604 1391
4973 4402
4243 3891
1964 73
2511 1245
2982 2148
4264 4864
4698 902
1342 4937
2442 3605
194 3492
4584 1778
2227 3296
4407 1191
4472 2747
1478 2512
4991 511
