10
50
30 9 21 27 20 34 13 30 10 22 41 35 14 2 26 26 1 35 29 18 9 40 16 10 24 49 26 28 48 23 28 21 9 26 42 24 30 18 26 23 13 40 5 16 30 26 21 26 45 11
50
26 5 7 20 7 19 28 46 30 12 22 20 50 43 23 16 50 15 11 40 43 46 36 46 44 49 9 41 5 44 7 22 1 34 36 48 17 23 3 1 5 25 32 9 5 36 45 2 30 48
50
36 3 50 16 50 34 40 43 11 32 3 30 42 11 9 10 11 35 17 45 24 1 18 42 3 22 23 19 32 46 49 14 30 36 6 45 38 14 28 19 42 16 16 9 44 28 7 21 49 4
50
15 29 22 5 24 15 40 31 7 48 4 8 46 23 21 33 4 47 11 18 20 20 26 18 45 44 8 33 36 9 17 19 19 49 19 43 47 12 22 48 50 27 37 26 7 45 12 21 9 39
50
33 42 20 34 39 9 3 23 25 30 36 10 31 49 12 48 5 4 39 22 45 4 30 31 38 35 19 7 49 49 45 21 25 47 19 49 1 46 45 5 18 10 45 30 50 2 38 22 35 38
50
15 33 27 3 48 6 6 42 25 8 5 16 43 21 11 32 8 19 26 12 49 19 12 1 50 19 2 16 23 41 12 18 3 19 7 29 14 41 22 9 16 28 4 13 23 42 12 28 1 30
50
43 31 50 3 20 41 25 28 9 24 4 42 30 24 18 49 41 19 20 26 23 4 20 33 29 44 26 8 17 13 1 43 45 40 12 12 37 46 5 4 24 29 26 45 2 10 28 40 8 50
50
26 34 23 27 36 12 38 26 12 18 29 49 15 37 43 50 3 45 11 11 14 24 40 25 12 32 35 50 15 14 23 25 17 21 5 10 10 29 50 23 44 26 40 46 31 18 16 1 27 6
50
44 1 47 39 24 11 15 43 3 43 36 26 12 24 49 27 7 30 45 3 2 15 26 49 15 30 41 2 9 39 37 19 7 4 38 25 50 41 3 40 41 49 19 4 44 11 43 45 21 22
50
49 16 20 46 42 1 35 26 30 31 20 25 41 2 26 48 3 4 45 18 6 7 19 15 13 11 7 6 16 37 37 1 40 37 5 3 20 3 26 29 28 28 35 9 46 3 26 30 36 19
