100
0 54151 39919 3238 91760 20734 22350 11779 41167 33553 77046 85309 10388 94772 34443 28605 28539 48254 80210 5879 43092 17932 24475 16056 83504 40382 36765 16029 1901 2739 55192 22680 56890 95111 25918 65002 32197 64621 93133 73365 14526 86532 75026 41266 81304 9469 69871 26195 57723 50081 32074 17167 84365 72901 33223 67870 13283 69988 251 15184 89079 55443 54216 62322 66906 96487 43676 99104 77460 36810 88821 91986 23342 63847 33252 4646 73316 3123 30841 47391 69557 79268 64558 70274 52169 14134 38144 65453 474 54748 96989 89554 26543 51206 51876 93450 47693 95552 8906 41505 
48714 0 97727 33491 72056 77926 66743 93054 67594 86218 40248 31337 72127 19516 12247 42402 71685 26381 96898 53490 43208 51646 50480 32762 78190 18038 990 87992 82083 12894 13250 23588 61609 27329 57079 50017 5255 40174 43072 89201 26392 83320 20538 14872 2836 32785 57274 90873 59167 54172 44364 2375 5819 11196 51489 361 29234 68831 4705 11317 81725 34307 34905 59686 61636 91984 9704 83243 48510 52776 72444 91254 36096 92982 6126 55284 42119 63400 62509 1286 17573 23225 20013 39744 34421 87854 56457 63655 56685 77514 74972 38411 11821 26229 98097 89809 34565 7801 73052 83075 
76929 61848 0 74330 29377 71182 80456 1013 13301 60209 63523 30940 94134 86748 67305 50230 21170 55160 6687 1177 11845 553 92502 66608 12374 18731 81058 2183 53297 88859 91587 36372 82141 69787 27054 11518 57321 23863 12532 86974 84072 92407 34266 78206 79155 1572 28436 16677 73084 51475 17855 84929 52028 26709 67890 80754 45440 48948 99289 98737 54159 7228 51462 36300 77015 94868 47819 50688 18731 76703 37662 19155 69110 71929 13713 64617 89853 42149 97647 62937 9976 31854 64218 78356 58563 32108 59110 4003 81056 58399 19093 35216 65627 86907 71516 58994 81775 35687 9682 16859 
28742 47345 36014 0 14204 35626 49728 78822 25479 8229 92821 88416 34558 24675 52634 12914 99590 1095 72025 19945 82151 30424 39038 17367 96052 25945 5236 71398 24073 57275 81081 40932 86018 28426 93298 222 64052 43026 95396 5883 67608 4569 94299 2166 29244 63285 15080 45186 64380 3457 65132 62884 33882 4170 96603 46286 46468 1839 17684 86893 59115 98765 44177 61485 43543 37475 61707 23947 96854 73456 46182 80814 78025 56833 82980 23622 20119 14412 68808 851 17870 33940 63735 68104 54463 60339 14390 17283 78530 48426 20528 53997 63544 64705 15482 23439 2180 93542 63739 15386 
83350 9921 96200 61375 0 66755 95532 1349 3226 9945 86510 4077 27815 36802 84165 12271 91265 60856 43013 24900 55738 91439 45428 9736 71335 10133 41570 94775 28666 51464 58514 60404 34814 84787 56605 12542 51542 52137 30243 54768 78434 16753 58846 22601 53556 59363 34872 44821 20219 77885 86074 75957 85677 31502 2045 57012 57988 59968 68139 3006 11432 43005 63410 46247 27793 20015 75141 79335 88505 5384 34104 66939 22138 9302 89541 92046 85017 40765 36867 21588 18651 39293 13897 4328 87148 15943 77692 45136 75911 62184 48142 3695 5189 27904 66294 32982 64272 41435 28670 52777 
63172 79126 36068 1662 4780 0 41961 93708 89797 82727 46927 11385 17730 86221 25282 38410 73369 57577 16102 34857 49840 94638 99351 53536 99828 27255 19830 49162 91527 77618 77832 44304 40790 73310 96725 42452 78090 38686 36160 84239 37765 99439 11976 55495 85660 53611 93905 75381 11188 26360 10238 77381 20998 9589 47269 37178 36845 67099 2693 28372 61069 96877 89029 1859 70188 85754 60663 64630 40792 13175 48870 78558 12615 60846 50405 14627 14457 44311 90009 41998 87023 247 19379 24373 26189 66648 77904 63034 50099 80597 7758 11169 77474 13139 29380 47662 98893 6396 12293 56038 
35923 77515 34596 64890 38361 85001 0 79518 69171 45664 69527 11169 49039 86126 30548 89765 12315 13548 67669 91701 79999 64618 99460 91168 42092 12599 36901 6107 27845 59649 34752 83883 95572 12267 34831 60463 66980 36184 56333 36151 98201 42212 47320 47240 28338 94220 53357 57006 24120 37378 48707 4120 1996 48167 11640 44089 77119 48541 66548 4964 24542 1300 5199 36467 13567 40030 96930 80547 92566 69615 16699 90767 11827 80371 54360 40165 74592 24069 97171 98712 61448 62231 2832 63444 10398 30825 23885 87517 95718 90433 8833 20261 91733 14032 56728 21652 70414 70010 18552 79333 
39625 35251 86452 51452 31974 40812 7969 0 6566 81234 21493 21631 42682 83724 40815 6126 10474 71640 46364 97992 67359 36797 23177 3972 44883 53562 60700 66535 23976 30710 85087 19661 86687 36690 6114 54491 68665 63278 62460 91583 44512 305 29566 87194 84029 70382 9673 94504 58374 56037 8848 25733 9186 32025 29705 54069 1939 6757 36957 25916 53819 38396 61929 40506 91439 68043 94997 60104 31322 73810 68039 75834 74115 97606 79381 74497 84340 89054 85353 42714 61443 94201 84800 70629 42578 30857 41051 44518 37615 94360 86786 7786 32756 65067 48293 24195 33111 59642 651 64433 
49804 68691 56619 40272 82649 36000 14769 66989 0 41406 16474 26055 2849 27027 10855 89831 85957 58065 47234 46827 95680 41594 33613 19818 74350 98681 84463 14898 48144 60458 15549 28929 10262 84240 85548 50534 83241 37901 81655 50230 79307 14481 76286 98509 41508 3493 4692 27466 61558 51926 74293 73590 93520 24259 93409 84222 39292 94224 99120 87436 54682 14670 32717 64945 15262 18265 31831 98504 72518 29839 65086 68178 44320 57724 83039 85829 77570 87731 29647 39128 39657 20292 29071 49529 44551 38832 33751 195 33056 32872 3983 87739 47542 36700 69036 79156 71318 867 77660 43836 
47058 59099 12014 91379 16823 95053 93560 94393 99136 0 39559 49874 55145 59851 78945 4674 4403 34129 38426 20950 67185 87650 24934 71276 51544 61634 40312 30700 32952 41180 24713 76789 4590 83812 5155 95969 16987 16561 5881 11381 15697 45440 77607 70843 5292 56552 91869 26047 7033 30295 46997 74218 34297 71931 45495 85841 49918 85807 32894 82870 43339 57607 76011 47930 57771 81167 60251 74758 14080 66133 2491 29777 27925 80098 16972 33217 53002 8842 75616 60035 55489 22614 50606 89787 10897 96101 91980 60815 98260 24874 60038 57952 82481 36049 5882 56604 33568 82485 31363 47648 
64970 50206 77426 92896 30305 10750 26113 99659 19592 1730 0 59695 75082 40696 10301 81221 67945 22754 73201 28761 37366 98076 88799 95318 96909 41200 17552 53514 74769 38 1229 22417 65008 51435 16195 57904 98092 26946 370 97752 46538 18452 57447 37972 75500 84100 19193 43445 23206 92395 72206 60572 6823 77357 55891 3732 18558 89795 73598 93327 89833 74827 32096 71194 42615 48292 45450 40707 75238 62172 38459 38128 80624 12258 92453 72476 12710 11646 15922 35916 20393 88128 96489 27216 81838 68732 47301 396 58527 20899 10075 64713 12079 42171 52259 54694 6815 97709 11753 82053 
76234 50213 36534 56858 78823 28987 29335 91534 56985 61609 27450 0 77379 66089 40291 4595 47927 25375 51896 64675 255 89148 74750 64968 1227 33274 33579 72273 40089 31288 378 38495 23874 66943 75029 97085 45767 20368 26420 53653 77353 4381 97455 54732 70470 54099 59328 18398 79474 27576 83073 79729 16724 74176 61049 34303 7450 94628 22928 47539 42269 39659 86034 66143 6602 77415 63228 68721 97783 6000 22374 75137 10381 19830 29869 80852 73929 5549 15602 69755 49478 98675 49485 82554 89203 26886 33210 96653 21515 72490 44193 80136 12149 46579 62631 18752 23995 25860 3825 21778 
48212 26200 96915 74946 62382 43137 72150 36311 65038 87752 22418 30868 0 2779 71903 13423 91983 15142 46633 88636 53009 19123 49181 33145 47625 95761 95776 82729 19756 37988 86554 41534 2553 12754 54802 77499 91488 14291 49649 27799 95681 53753 66570 26550 56532 38473 39973 48515 69967 2958 37152 22976 38433 2685 56121 86058 98446 68250 68787 18202 22590 55342 76089 41495 84448 47243 35346 75937 61534 1347 20088 57215 55100 86658 83765 11633 41484 40090 76500 11451 43048 13652 34428 81482 16338 6901 67540 31136 91503 36328 49339 30446 8022 41780 71941 92470 89023 7288 84759 50557 
24987 4848 24124 80088 91506 24242 91721 32990 64332 68221 60794 7381 98226 0 95222 5215 30916 18475 72755 78404 9979 25435 27743 56777 49809 85875 28718 58632 74898 52358 43391 41807 77346 48239 82284 57434 56098 6526 65507 5440 70858 50080 66234 94591 64658 77808 99806 11926 96284 88914 90331 22615 30701 34426 79392 80511 20302 24462 55495 11552 76821 98886 69712 70519 63478 51996 44305 19576 74874 26164 25016 45732 92596 91251 56676 57255 85411 72834 85533 81695 61748 92216 20662 8802 26643 54 5665 63297 40869 61160 91201 17690 76398 60913 4561 39876 29261 48866 59452 4135 
75030 84469 66220 67626 92072 39248 41233 77483 12082 26767 75531 90183 18983 12545 0 98985 61978 28952 21002 41627 69821 82162 32829 3863 74912 10094 8424 14789 55708 57290 74241 76195 48672 75062 42415 32650 83486 81663 73884 77322 10098 17003 52853 281 52338 81750 15618 14317 10702 36620 72296 80523 35134 21477 84386 10046 31572 92810 24835 3632 66452 15429 79827 15124 90491 22243 47775 73978 20258 38011 51300 30356 55014 20505 46989 23704 2255 62607 54373 12958 99227 26670 9833 50713 48147 94220 60760 96071 3382 1947 99703 69835 17376 79531 1311 7868 18126 65438 98198 54736 
3449 49498 1445 74815 86355 48434 98520 88610 11042 52893 17920 26621 95915 44106 77335 0 44063 38326 54447 40134 41708 56394 56190 27895 73771 35721 45559 97991 70199 10997 96189 24935 30799 62039 26380 21966 48394 74815 20486 53356 2209 89732 71277 28830 1999 15383 22517 46062 70061 76964 2549 28121 49711 75091 72369 39834 27164 17928 37825 97363 28925 50366 22298 76076 12405 65031 98043 60799 39846 18529 14155 58407 24613 1784 87237 26613 33519 26107 89027 19932 19423 7928 64406 69134 83019 36775 25320 10183 54703 79497 23898 99980 29863 46197 76057 42268 11228 74100 19419 67426 
8981 49927 25833 49947 51711 29422 92912 1583 71881 81939 21515 91305 6220 2273 76791 89239 0 39048 18464 15775 10103 97961 39673 10084 27825 2222 86141 70093 29802 76593 5865 13580 85574 55792 55765 51873 7503 1540 44785 25438 73421 26725 63306 81078 32945 65579 74222 38536 4628 92686 70663 14731 90647 26689 41167 18472 28911 43660 4918 58714 20253 10783 88646 22180 66575 44412 74053 90430 45952 18839 15869 19373 61916 79175 16804 11213 61106 91026 66101 82086 83712 36765 96818 74359 63454 54337 9184 8717 97998 14102 83783 18251 24885 72430 56783 91460 16842 30837 81890 79146 
66028 14111 14871 44296 9638 31675 55509 70745 22701 21610 52831 22765 74727 66001 13477 54533 20339 0 22661 63251 34689 36763 63386 69292 78000 35816 26076 69460 69010 73265 67702 48156 55645 98166 63028 99941 7804 94703 55450 94901 33757 93412 47733 72874 84492 30086 86351 39025 66777 9012 18628 1466 45775 98367 70759 23775 34183 13187 9587 19546 86452 93642 67702 42097 8160 47082 42038 15964 58138 13840 27218 91895 23604 74951 64769 8096 21389 51121 63474 88167 76485 98454 5985 22261 96821 93096 62388 31005 6283 88328 50551 92735 98322 34605 51184 6482 81688 93222 38798 39826 
23414 66016 48073 47019 57319 29194 55115 78709 80315 18589 83228 56801 17044 5565 95414 30217 98662 74154 0 61222 4945 62482 28125 14033 77156 79083 65217 83638 60771 74792 38789 16949 98206 4805 65022 45225 62125 94216 16693 57186 90884 51634 56766 64037 85030 62331 75803 15248 60993 49957 92822 82291 28792 37300 96324 5948 16383 61541 5939 93506 52685 44728 10455 50892 49533 91829 12469 28010 2397 45514 85196 93281 97149 41962 73670 98531 4294 49473 13779 81639 99431 22954 63930 28223 60254 60254 50523 76637 38148 56462 70143 90833 1190 96950 58077 67076 88779 70547 95086 91176 
32413 80283 810 29562 38597 74480 28094 42891 23954 58225 40883 39737 81179 4813 84312 41433 81420 34835 34422 0 19568 91298 4565 26753 8840 17867 1183 75916 6646 88082 71003 14175 20495 67638 14985 50058 6235 89465 94504 65479 29771 52729 22714 69508 50261 27527 53820 8046 8947 88656 42469 44867 96306 63386 87973 21498 81254 89156 13767 4252 77238 1122 18427 97733 68760 33412 64143 91347 22878 74999 73178 52649 44081 95892 38510 94342 23420 92330 18740 48719 97338 61209 9939 9996 40948 14264 47847 22202 19772 61614 26454 13362 62736 44882 11095 47848 94646 91591 39195 17524 
66590 28726 86526 10671 24618 41388 21365 64390 33718 40106 29462 47409 17667 55753 73757 58615 70017 21604 80817 89789 0 83218 23624 3151 62306 84858 30598 10154 79504 38541 49350 13381 21484 78076 99907 48507 19046 57647 86225 83437 7717 26331 12899 55126 60350 68652 45236 18966 55021 66840 16135 61162 66411 56111 80665 28717 40969 27615 38872 20474 82509 4574 33855 3993 82650 50114 68852 18048 7761 55077 1485 31830 97760 30736 86957 58111 15740 32193 77077 87113 15385 9564 48275 81796 65676 28940 10514 6645 72908 49386 43471 55417 53960 93678 75762 52962 43792 44614 71010 67905 
99692 88848 99736 97452 19584 3045 55563 51677 51590 48992 38790 83327 58557 87066 65124 24233 32358 75638 47230 21618 41376 0 90702 77035 11688 84380 52797 64650 44525 97412 52012 28782 13456 40860 28518 10908 76797 47915 82824 28474 15857 31816 67264 99185 90373 70682 80661 30958 19393 56299 78189 41011 14027 68891 34399 25715 69623 87196 6717 14148 960 58729 42931 30768 99590 87801 41677 92739 52069 24501 21213 67926 72669 4829 83463 79395 75512 64124 10353 94905 36775 4894 52268 67154 90137 86667 92869 59761 90216 99586 90261 91176 74668 33192 21945 74258 37346 79974 66997 89415 
20827 4562 73693 93496 9391 73509 72891 1255 53985 99597 12512 90761 4491 64781 57915 94629 51448 67137 54390 58016 83075 44651 0 49193 57743 94196 87490 48353 31542 83816 31702 37309 4643 36264 27354 14491 62008 863 3735 63263 54849 3332 92128 61962 7823 56909 19877 2452 24709 3366 56842 82726 86442 17846 48271 44185 12042 52113 92539 59936 52281 24241 97245 56924 76858 24599 87767 38866 41815 91502 18481 96664 94834 10609 58626 2658 83870 94855 5110 24932 98222 78305 24010 1016 12503 72281 45201 24545 40746 54092 84481 93027 94686 98078 66303 71544 22677 54070 26762 64492 
45573 61595 77508 56759 72205 52486 75769 72427 63694 80880 13711 78268 75537 37721 79284 88040 10002 40837 28937 67100 94930 13418 60127 0 5968 27848 26430 77512 50525 96853 20626 31370 58778 82221 25230 15537 70778 94069 91307 59558 57763 88539 73269 36031 80428 10991 31667 84820 37345 72504 13757 4446 83786 43527 80925 89754 71375 23708 83618 38252 20561 4244 85974 95691 2818 27557 27580 73596 21626 18887 33154 79389 23778 6424 31772 20558 33767 63439 5378 71112 35943 35487 75558 19730 79014 56484 25836 66741 96544 9455 21346 17105 30051 7320 29148 32869 34877 56728 6466 56503 
91968 55972 52244 15746 62396 84016 52657 96163 47455 58035 83628 99751 9875 59186 35833 5241 32022 61669 71983 44918 71124 93329 78375 17528 0 17001 7523 50397 68231 64252 56863 41086 56220 29188 93331 88318 7936 77347 40975 20452 41155 15363 4080 40906 25238 79618 76739 30479 27993 38408 2462 72911 25885 12143 51287 59765 45497 58810 10162 13728 23062 83378 54814 79282 12566 64497 83953 20502 41845 24928 40954 83000 40291 45034 40258 65529 24653 16997 96009 52646 71757 14823 41909 13994 43319 93196 73759 5168 68359 83922 18896 91421 67300 90062 87056 96218 54560 71009 16720 12757 
12289 57675 12109 52581 2709 68719 18110 43714 85716 30471 12712 73825 45295 54622 4172 4966 47818 94283 10134 16177 78205 45382 23951 61857 51796 0 27359 58075 22708 14720 91148 51817 27009 48823 63926 79590 67884 48997 14053 11599 34713 44524 24311 24891 6171 95285 45415 11137 59456 39698 37623 91985 34256 83005 15936 96113 51154 59647 70541 73862 74367 61689 25680 1377 26864 5958 97319 94748 54956 11372 22699 6021 72249 47011 47264 94772 42296 92679 5910 1752 32378 59885 93738 66634 59243 26026 79099 10397 2026 65992 611 76393 27681 26291 94122 70897 32250 7794 65646 3558 
35518 88345 9579 7767 51708 56844 2540 10357 49523 24802 28461 81901 1039 38551 48535 60282 80930 43987 87031 82956 9979 87643 59349 54013 13934 69824 0 24910 62536 77618 6908 66094 13136 11606 75674 37256 63314 48870 56148 90023 14745 80950 34837 96647 81989 73388 61534 58624 54318 5521 45655 53626 15501 33298 29328 85866 63585 99152 10776 26121 93122 17685 8568 22610 45643 594 76218 25309 49464 32366 15333 64209 29668 50170 77208 11658 39910 55095 86634 10581 76968 48641 64207 8821 81940 93535 94687 61877 9039 5464 4350 18513 39501 12918 41124 85144 29864 17342 10453 79328 
49709 42138 59890 79377 8660 53450 7387 48571 8545 10373 75504 85514 59015 39711 94335 57307 49599 89023 19184 74990 10839 39886 93504 50340 52805 34628 51836 0 82669 68322 78641 78350 34383 20780 54592 30113 29440 8042 53852 94363 32940 64226 69867 34806 39593 25931 29141 96900 75530 34516 32436 50520 61707 72322 44024 28399 41479 95004 80235 40501 63327 75229 18851 97710 96009 89795 44175 41801 97837 98028 36165 30777 62254 22384 81935 1847 48315 11077 15099 40197 61945 47535 90718 40005 36209 51094 68404 77689 62451 64992 18190 25778 40221 53393 39840 36230 43188 84016 94383 57377 
98396 30548 4507 60650 69285 86442 78849 17600 13871 93948 57798 75817 57835 64868 32174 10396 15962 578 88085 78413 65570 22627 20543 22143 92372 76736 74725 35560 0 77104 69109 9290 75500 16009 13797 36150 85294 239 31351 2895 30463 41651 77045 22632 15838 41913 54806 26234 74227 55384 30672 68993 37307 53299 89536 59450 45672 66272 50528 97584 43376 19637 6874 35228 35646 20671 71378 37293 37263 19081 56540 67726 77084 33585 6710 92922 75498 61516 19157 49725 33252 49829 18718 70559 19480 24607 46362 81504 7231 96890 79089 66960 32879 85963 2188 84877 22987 89919 22170 76602 
9000 78710 44328 86085 28647 51038 95359 4145 28906 30868 70223 62158 97049 5293 49070 16530 29900 95432 98034 53484 8674 93475 20444 57905 79439 22632 59134 2426 12551 0 81305 79028 37904 76367 39708 40341 5015 7098 35700 25512 36004 82921 12087 14514 79970 17381 63584 12852 63633 75368 10887 17117 394 4362 37561 58299 153 76546 17434 18931 5449 15091 14311 43353 7810 70371 46 12825 77469 35747 54690 29825 35020 66777 60692 14990 84158 24276 27843 64144 99645 55082 81261 39 75796 35175 74691 92302 11721 8477 11233 17170 23568 41897 76876 47730 12268 76922 60556 6090 
29021 31598 52267 64041 98375 12959 95384 98886 37236 23227 63030 53233 94661 44291 69624 86809 95818 60667 79111 23891 69144 6697 41062 9064 48594 34290 56795 77214 11212 33703 0 83304 56586 65301 35572 20627 63676 64883 16011 78914 18471 55590 41944 71704 50251 2588 41329 53413 98406 1996 32524 22298 87493 39221 79712 96557 4167 14002 53352 81382 41566 3407 64686 98152 68708 16610 35132 48737 97846 51143 27651 16317 23086 69596 88022 73337 88536 45703 26750 3294 64051 75627 25592 51544 31200 21656 64454 35368 52010 34158 16750 93577 37566 97788 8081 22626 30751 43213 71363 28597 
10709 15367 44914 33795 84963 49288 23484 89851 94991 66587 93145 75395 42214 35090 43291 73414 56746 7745 25134 25109 58256 58236 35038 12174 72377 43119 34800 3128 2685 6164 48077 0 13394 21531 9343 63541 22846 74984 87025 12697 69975 53612 22194 61722 12178 57284 5014 1945 30383 29111 27079 55492 87367 1668 90530 99541 74045 50001 50694 93525 52686 56858 57954 82432 94741 67297 45973 33939 42281 49351 62988 28609 19315 85182 6683 31494 58819 11697 33439 89202 57161 76870 61046 60880 94890 51576 76774 68935 17929 27468 62460 70616 678 36766 69400 11771 4064 15374 45710 62697 
81077 8698 7658 392 10232 14342 31886 69051 42391 81677 74605 15904 74900 35651 76785 69790 3579 53559 55078 21509 97379 33890 8477 98057 70657 77877 9828 91073 9603 71890 53770 90680 0 96940 77781 7425 7172 8475 39311 92576 67218 37341 83533 83123 28593 19185 59908 98383 39116 29819 69813 76977 27198 3704 85454 41607 74361 79684 67787 65434 89287 39677 35556 96320 36617 13337 3745 43789 21812 59408 52717 89031 96749 36251 88506 41694 71788 48414 56430 10904 94585 26243 87882 38135 29947 89688 79742 4308 69372 47529 69742 75012 87206 5299 71332 23823 34988 91429 83964 56801 
50837 53034 62184 63939 89285 50690 5633 77425 15456 62063 4681 26393 88307 8915 64528 34606 98604 44270 38915 84328 91799 8657 59340 95357 30308 47024 35532 65297 38453 35848 38450 89291 88882 0 634 69582 94519 67676 75215 71944 99484 53631 76626 25877 58290 1893 90405 92896 497 51027 31811 84826 59178 56821 44166 70887 87129 7543 6419 68778 45996 42267 7228 51639 47502 24214 21221 42021 91890 12789 30318 7726 82772 23296 49955 41062 25189 56712 50310 25687 7739 98474 26865 83269 55295 87383 54156 58776 94926 60575 27555 40923 19195 34783 8914 83049 58998 30136 41422 67240 
42925 71740 91319 25697 95036 41274 83111 36578 14339 33421 78617 38430 31895 5482 21700 3542 9217 75856 78671 20496 52784 6226 61419 88331 57361 70333 71380 32711 16821 12802 16304 76098 895 7623 0 1795 12283 65249 1258 48861 79588 34680 27478 18019 82927 49312 39719 2822 58530 31927 81493 79026 1063 4071 56797 89394 77784 43482 77126 10496 76656 6281 26800 52754 7176 50775 70902 19459 16024 72160 68321 11965 23192 12151 46336 22472 61464 2407 25294 36346 34334 23139 15372 35398 27210 88521 41144 4994 48355 18271 31842 25011 40904 74994 77766 48080 25769 48668 67539 58146 
20828 52212 86463 60373 64364 32799 82845 25828 35206 24491 62174 85892 47630 93898 37642 74840 98771 78787 96186 47126 13410 44381 72138 54314 19375 49904 2394 61497 98572 86285 19643 35752 38498 22458 96125 0 19214 55257 95322 61394 90463 19813 39920 76355 67443 33818 13998 58635 48941 9137 54822 96067 38899 15555 68205 93213 34930 18109 11959 96427 33033 14596 32422 85138 69446 54880 97615 88660 26489 92938 50054 33304 12751 89974 26012 80195 40144 40010 38830 89085 65499 10004 85153 4398 25559 69710 13963 76842 4172 42274 89621 37205 56870 38396 38695 26317 9628 36311 14977 36118 
29249 81384 69422 42000 71358 95434 38547 27855 51796 93730 33292 33647 20086 34797 38045 61998 4508 68360 38840 8680 10634 44813 62237 67505 83209 933 10174 92838 37244 25151 28956 82845 22887 14730 24845 10598 0 26517 79745 38453 94665 73475 71745 28313 93561 22895 82710 71911 27403 51071 10751 52435 61705 55565 14672 45562 55126 31957 55736 47964 85553 97240 93272 68398 20127 24355 9596 30725 50872 89341 85530 45537 79168 57276 90202 72729 80171 72913 44641 23926 23984 71744 76361 2041 43661 7385 63956 15140 39343 19692 63104 24896 16932 72729 9647 53412 97084 19243 84137 47956 
8584 69668 9845 87752 43296 48 76833 39819 72961 37826 80097 13297 25923 56458 15338 85936 80195 95646 1076 19538 15339 80533 60787 48623 53262 70434 18387 50346 89677 2525 14654 14613 88545 40851 18717 48193 40899 0 11902 4364 30212 66081 84461 59861 8356 57271 91552 94292 37466 87198 11721 57005 2537 92254 34144 67513 45516 20930 85900 12214 10607 4777 43220 41572 93322 84071 76641 57867 41323 4895 62231 87887 87328 46692 47749 95684 20315 39301 6329 57782 26499 18050 31139 45389 26656 65283 12902 88524 86213 15154 738 13172 19932 60310 71096 29606 44381 64089 87474 2056 
68984 66057 89944 56313 29102 37693 68349 49417 76994 74678 7199 19845 92728 38338 65234 35736 19973 94488 24260 22538 9643 24998 52062 45927 1660 23158 75533 46042 3599 79359 64450 72584 45417 54394 45249 90871 8439 13598 0 40288 85433 4629 47488 21631 13709 2178 86865 49446 38504 81354 73706 77394 7349 15057 29457 53276 16717 68967 28809 79111 72567 24521 43562 61503 86290 14308 23104 77161 22748 53054 17449 24533 57683 81289 46164 71393 99820 49382 37191 38324 47088 10897 15718 54437 42306 61527 7713 59024 30495 52874 54487 19414 93747 14401 97269 80037 28710 20373 57198 51458 
73427 91000 75991 47463 72289 38508 35208 72109 87890 72399 26785 34978 99648 58856 5767 58307 36735 29832 33683 67230 82706 88170 2996 92806 2572 265 72843 47634 36990 46394 99092 26770 37394 91435 74233 26035 29943 25793 14497 0 34185 14544 41282 69163 30544 16490 74930 88851 53226 4762 38886 36808 3821 27057 39805 96627 45981 56422 85822 93615 9765 48568 9059 36535 85962 16846 27120 11998 46790 52913 26495 80975 83809 84129 66491 14353 620 57773 19557 70198 62536 58443 7006 82709 1852 63163 95688 47833 35938 81510 57800 45703 30079 83211 98590 32393 58 25710 60743 63200 
94975 3590 60527 78784 4072 43370 9489 21044 1144 29046 91242 80032 3842 14600 62741 5694 94116 58429 69880 30054 56291 44032 92109 2722 27244 90699 51468 43654 16409 28563 23206 27736 32154 83733 6520 52578 27104 32361 73622 44600 0 77760 81216 24632 81602 95816 87373 87296 89932 62154 73528 36338 34797 17561 28447 53872 61157 35498 5340 4811 51907 33903 44369 95995 82409 28102 18867 34987 71558 51229 8609 32510 28989 89825 57142 10591 1994 60867 14239 8278 39373 87768 44617 74171 21681 89416 44395 82838 24915 49735 4001 76822 99990 48370 89170 82400 76472 8037 17387 64383 
59266 42349 96893 4607 48526 70388 31550 50520 31255 62142 58799 70629 49910 3416 61152 71591 92832 5547 70781 17747 71634 74782 10922 71624 23152 16444 54024 15976 24481 87764 80359 100 46465 93605 4707 94991 63993 52610 45512 95248 14752 0 4311 82229 81014 24079 59733 68957 33263 65280 39738 67363 53266 14520 94637 24891 54024 11081 95267 70000 35562 99383 66712 52014 45848 60317 56722 40840 24310 25684 86352 35910 40436 7015 34492 37802 47446 94225 23111 80709 75858 62849 64424 29124 93721 59061 70367 47745 86494 65635 34097 22057 81370 809 90423 27219 61126 63497 68059 1788 
89181 70763 37699 45969 77778 88543 83771 41576 82768 23234 22285 74978 86083 3062 20455 96156 62123 90822 60253 48618 72809 94351 87027 54180 11512 93802 81399 72639 57300 65810 90779 46481 36573 44830 8803 30703 33373 92574 72279 32494 32161 10916 0 7472 18244 13978 27927 30753 92454 35102 91006 57424 7911 1709 60803 62091 29574 54605 59842 2213 11905 25652 9344 74739 62225 54175 83542 9280 3900 92468 81559 36394 24629 8828 43867 59226 39158 88146 89979 31612 23248 97337 5388 31160 15399 66191 9603 44973 37149 85798 63538 65406 11450 72882 40145 90028 43409 23687 15660 47310 
16156 13572 83704 40785 22400 43923 11 61558 32070 6342 9523 71670 3680 31263 19182 19079 13807 45138 64052 50956 30936 27590 16362 42386 16824 72860 48766 60234 96547 64427 7544 12703 77999 91248 69841 16751 51524 86204 78309 83594 92547 4184 71616 0 96227 51800 90799 31658 65607 35937 12062 32915 83225 39652 65629 25611 72828 38489 90730 33062 35037 55157 56958 64092 49508 48207 50285 66259 16083 36490 60920 16029 45389 81457 87645 41616 33257 94796 89626 15216 47085 1688 48131 30310 57692 13760 72274 30520 68602 63004 79935 19991 34513 36893 84083 373 1452 34369 66632 17535 
87211 27552 33564 32600 25361 37562 90568 58618 32358 80194 73834 79444 98234 38317 26106 55926 68430 98380 86446 37032 77736 82733 57023 12249 19627 57458 12622 21079 8179 95606 54967 95390 39511 88531 44342 64872 42445 51262 23491 74804 31456 13677 70600 46042 0 68347 96706 1968 36777 11439 4767 90161 89175 87500 63536 17777 23479 20994 30399 44559 29174 42358 15878 40916 81869 20761 1611 46741 63207 52873 86584 38011 682 16614 24963 46724 84961 21669 48693 38090 33108 69812 44603 22284 73664 8139 40061 97144 29133 86812 58055 74659 45522 73933 15576 27391 94694 17187 90485 57901 
86412 93421 12264 87094 10035 37227 50171 11348 58897 15216 65790 8357 85028 10393 46993 58692 18532 3406 55836 47666 6571 30243 22325 52093 4176 54253 95837 98871 87792 86322 73124 74205 79743 85389 77651 6131 22616 27822 17479 97865 43038 99622 6223 28066 10015 0 69568 3111 28548 72975 75299 92566 79546 5543 31243 47991 26071 1849 43828 41294 89641 30150 14419 80198 26246 16160 57850 32377 55128 2024 66208 52994 45063 65830 75569 89481 75846 45137 92592 20746 34464 84244 29664 30362 6139 60907 78354 32210 62756 22182 73505 68750 52333 4276 48948 78579 36788 23150 10956 91916 
25175 93516 44910 70238 59347 36831 76071 51545 98321 85016 72291 32785 69260 18307 63148 91751 79214 41502 23961 58323 80036 13818 43425 32369 34446 8725 27300 71234 31876 54608 63151 73403 48125 24413 59993 7472 77597 36064 59017 75918 21080 47660 25055 6692 65967 88203 0 98443 61533 46057 38757 36208 26094 68927 79633 74815 19726 4711 2116 90960 36587 73076 70463 9990 21201 94877 69983 45025 72474 22399 20394 64744 43480 68054 89799 66524 50373 94355 64968 28259 56764 20077 64467 99210 5356 60453 74026 25082 65164 92494 16043 18103 65570 2858 44445 3124 14087 14428 48149 2913 
36827 84896 67657 96659 69302 73809 63184 19676 68164 44504 64287 41280 64581 28754 40491 69937 5559 30869 11372 87075 23363 43767 5178 5285 46625 49623 24761 60713 80403 89263 79978 33583 74159 47636 30242 43461 21445 9778 79489 5961 54282 43776 47241 35215 88883 4084 21505 0 10794 34953 32877 97870 74668 92996 19400 96306 39621 85376 21067 16686 65779 26682 96665 15714 841 60653 45957 60655 98450 72087 40144 4411 42722 83921 68004 77937 89156 72089 15794 99950 7042 65023 14172 98063 58019 33573 94369 13993 18949 15436 30679 1080 58471 43696 16795 59312 4349 79104 19967 2799 
51191 76464 7210 93913 76737 91567 88203 65893 63656 20349 82195 87050 85373 96368 85113 59744 29941 95834 73737 65242 27623 20769 66322 86094 64465 83117 45406 68815 78573 81726 71614 29765 58190 95177 40030 34927 86744 44585 17172 66752 64935 99367 70154 66660 95735 71620 26404 25676 0 67454 16494 7270 95077 53615 73593 97523 18080 73062 42930 3247 51636 41008 91214 81401 99198 2743 37783 50477 5839 82369 67649 88943 47304 83368 59097 13964 79104 30717 56720 21132 14524 89566 28403 25953 59533 1996 23477 93966 91410 82759 97213 43046 23767 4779 40799 39317 7522 78583 6146 13361 
77304 90147 2304 24608 73515 77754 54924 52619 24823 27996 90104 39347 33915 18507 81653 93448 36855 5130 87414 28265 87889 980 87664 28008 5759 28463 67325 29634 23398 89823 42995 702 79970 61652 41662 53485 55758 12938 6105 80581 40935 12561 36281 74850 31068 17934 84650 84275 39416 0 72065 28892 43657 73045 16556 71665 95156 61372 55342 24790 84770 45165 84138 1825 25135 62142 43487 78620 17900 56426 1077 98481 13713 13638 34762 4915 61058 69048 89565 61685 8464 77982 90578 52121 67379 7134 23786 62536 68506 95480 3678 69629 40645 87816 71454 82132 49958 31293 60753 67858 
4071 78182 82692 17784 8173 17454 39051 69231 2855 28617 30917 11319 22951 37847 63441 90331 44981 3579 69219 29840 99060 72897 15821 56057 77066 3627 38190 27024 51272 15295 11235 55344 9829 93927 89480 18002 27733 28532 3586 30588 73501 50855 58260 96452 88702 38053 3135 50035 41632 72354 0 96227 57044 61604 12048 29454 38670 15675 83996 82046 83300 99291 9633 38644 25472 19912 44476 43475 63998 73008 47061 10938 62861 97916 69198 75666 2970 7251 78801 53005 65236 67508 49233 22280 45464 61281 68086 84134 93309 52082 82532 92961 51373 92166 31605 76846 12078 76081 36673 76076 
65442 86 87015 44655 14354 72565 20321 17324 79817 15475 70329 45053 99335 35914 83685 44799 13548 51772 45285 6857 3854 27817 16170 71580 19983 47775 64778 32062 40208 1451 24490 22002 17889 27857 66658 32243 423 3331 49567 80240 35158 36248 41645 50845 72163 41682 11996 85711 93454 57281 8920 0 13661 85099 25090 85241 21434 89217 66371 69848 29425 84174 94339 67780 2063 22196 34438 34306 22619 54121 225 19211 5632 36473 60856 72829 8636 2539 84826 10699 12345 42107 19619 26006 43558 61061 27599 64993 50278 10322 34841 96056 94496 45532 63836 12911 67729 14626 63569 6700 
85099 63794 42264 90731 268 3120 63561 25256 22011 48387 52308 50709 6846 88279 93067 50405 49341 37019 31750 15971 47341 66591 12027 58190 12124 75863 87453 96205 6841 51023 2905 91941 14817 45169 82672 31437 64642 62585 73046 3005 27324 25354 70066 34171 13633 63134 928 79326 16505 32678 95298 80198 0 99269 7325 38388 27745 99541 25842 23950 6382 93217 43208 98323 8034 4729 97348 39472 85723 59933 28870 5081 87258 54224 91499 37781 84209 70985 55061 63536 87490 87739 58834 67689 3360 82511 22429 47458 82052 64623 87760 88435 57840 47320 86758 82227 52050 84106 21699 54125 
44040 66921 75558 47650 21145 67058 1783 5354 38043 73196 85242 41886 77287 44076 25927 80647 26588 48356 44457 24992 29332 32218 13427 3524 79538 186 85751 47940 84292 23802 18418 44684 90723 93976 8686 11868 77386 26821 33575 31782 17 35169 73668 77304 95598 99595 74304 38538 64303 35113 63530 93635 67331 0 76958 97160 63222 77144 82911 27514 77788 6714 45932 38825 13789 56261 63863 42010 33647 7037 91937 65429 23406 27106 55449 17063 22704 55044 91367 61242 19348 42832 41125 29335 26516 18083 26495 89738 11579 25759 33604 5719 48825 79537 60896 62614 52150 24760 4624 2149 
48149 12913 83931 71555 40020 39380 88618 79076 94425 96337 56671 30125 39170 97796 59460 65686 15879 85956 71776 43810 28067 5380 49529 76892 1269 26778 55858 53419 51538 76835 71921 99687 89748 55852 87594 29768 95232 76213 25197 6009 72550 81868 36134 28072 79664 95595 93758 11895 97903 65534 72057 25970 87267 37938 0 19214 88536 64716 75072 41956 16254 51907 13877 32293 41656 86081 19888 87776 81313 12453 12973 87323 1355 11193 23457 29428 90857 35404 23186 19104 33307 5073 91161 75629 92340 29100 11195 80876 10168 86268 39184 26423 54527 69413 75068 12535 55494 11308 16664 53160 
40113 29637 40483 41469 57183 80292 70897 64392 32049 94083 83497 81708 15508 91010 73690 7848 36462 84885 5077 46631 71153 60613 89406 42033 30027 80826 54568 1873 8487 71232 71385 48600 17222 28220 90069 74405 24865 60966 38797 56914 71402 38646 38622 86910 29657 28664 11111 82471 13550 16188 45454 1055 76801 34860 43088 0 23180 32039 97657 41406 40526 68889 12791 89126 2463 41012 79196 76868 65877 40162 15666 39143 11564 54312 94117 14827 321 22782 25938 82793 36332 58478 28247 37387 51631 79460 96828 91164 11499 94485 48922 52025 79726 61713 57503 82190 19077 36699 75410 1306 
93214 91076 56801 21130 61741 50919 35957 78414 90053 78247 61207 42737 36725 5807 80124 4709 1619 76952 95873 13118 87789 44795 81495 83868 22860 38998 66058 58290 75698 57820 75948 85264 48897 32750 6394 26990 83669 42352 5404 90074 20599 82964 32811 73677 5123 29287 78386 6742 22592 90611 36212 10381 35406 17707 94249 74618 0 73057 76659 32908 65107 34480 8857 50371 99729 41607 56766 43071 41628 99118 64827 48054 36069 47791 80865 9746 69266 10152 4484 76008 32744 95095 12220 59478 46853 46279 70079 37824 19337 46739 70732 84444 97571 95941 34816 13652 53900 91582 56723 11880 
7052 37902 59934 59473 85694 40799 69220 71312 67304 90056 47321 48 1504 75893 59526 64709 38525 45958 2533 74214 92697 89618 75010 6620 1911 9826 36624 55812 17760 93347 67692 41164 47601 43979 638 33295 84778 86210 20960 68434 92618 68281 68483 94122 60526 44361 75184 15403 90319 77717 89617 99368 83687 64628 22340 85599 90806 0 58964 41411 24919 68663 25455 66083 16265 69434 83073 65912 70565 69283 86872 38999 61902 71505 23834 72376 48384 84548 47560 63787 91219 41630 53405 90588 41669 34385 29280 27268 25191 88245 85031 50110 73260 26839 32546 89525 12625 15619 71790 99542 
84903 58662 38542 63157 46520 78728 35533 94904 79628 99446 58691 70848 57428 28448 77788 99097 62833 7068 42718 88025 11665 44101 38135 84926 70940 87033 90803 83566 2653 78945 83108 87556 53960 38002 67065 480 33083 18950 95384 12711 18396 70427 83559 92176 98876 77699 7626 61709 84768 50344 49734 12785 94445 4222 14063 81738 91255 21219 0 65304 93908 164 64764 97816 54124 19119 81233 54604 68554 184 66340 81265 34932 36768 81177 27109 35644 58876 34735 13705 59996 1431 63440 89134 12228 84014 3197 93966 91621 24416 75622 1882 40933 56739 16050 95057 75858 97284 66014 44412 
97468 32354 42029 48752 69122 39558 92213 21118 98435 43300 34824 74783 44731 14616 63917 56960 14982 83467 67278 6603 7883 42901 8485 48816 99640 40888 60226 91850 38172 26240 52614 51992 74946 10995 744 60421 50554 92958 81539 65341 36258 32715 56476 97342 63683 20394 54302 78665 3861 21580 85269 28096 80833 10106 93265 96825 50994 69843 88675 0 5518 96083 57641 57510 87381 68637 74607 47802 35543 67565 45694 884 3823 94761 57360 1165 58445 94106 71819 37110 14319 9752 38731 58768 6937 65190 52033 3763 32536 38228 8790 38055 50663 66432 11917 38044 51421 86524 2199 86964 
70441 47893 4200 90617 42654 77912 91782 17451 72019 79954 54562 2690 6058 9645 61458 12995 91187 29843 16758 23724 68071 25549 78131 35086 8333 6400 73131 59754 92925 75330 63070 63366 39575 83622 53983 82229 61534 62118 99681 49905 58424 70595 68948 64482 96592 46758 93829 87780 76602 10588 11504 61025 52489 5987 96112 60822 12387 85595 36928 21664 0 77277 16350 1383 16852 99972 71718 15433 77858 50188 31466 44116 24964 2061 13064 89446 98654 76174 83276 2786 52776 10216 30642 30154 62705 36629 42618 39879 65368 28213 76807 3385 5490 93157 21120 38694 9481 9190 54127 3691 
59379 85594 47807 695 4007 77223 6494 19013 53398 6122 21799 22526 16338 52441 69032 95395 5422 11650 35274 87143 56215 12081 6880 78057 21590 28000 16751 31071 37190 87231 51114 12921 72825 98922 13617 93184 92497 20111 12198 62247 26233 50349 1126 58923 2791 70158 54318 24565 81809 89592 11708 54376 18025 18588 32434 55967 62940 49185 87038 16483 36416 0 54504 29404 25593 69778 59373 18778 62276 95836 47328 40875 38421 97677 42001 97344 16820 12160 68014 41386 10321 57606 69446 64697 91983 4387 97131 47950 83679 62669 51340 162 15437 5845 45919 57383 75623 5292 92513 54251 
1129 39841 95127 55902 37518 37128 53247 70691 65640 21261 28429 75961 95220 97875 57011 3555 18614 70494 51506 2294 49515 19198 2456 64953 41395 64727 38688 17019 70020 31201 71270 87501 71042 82749 43403 24912 36230 13002 11955 1870 50616 40384 94184 62188 54612 67547 65743 73226 38041 33601 91872 87557 69152 10681 68862 10547 75408 7550 43918 45428 38751 15189 0 49281 26145 14290 9037 67409 50520 22039 79365 68743 89007 36101 79279 51195 90713 46826 33291 80292 84867 83244 72164 88776 68748 82845 57638 79296 74606 81540 23214 20034 36643 54755 85668 62788 69046 94705 46550 35918 
33096 42267 4661 38456 78368 292 6003 85434 47118 39294 65726 31986 38891 54242 20762 7639 53440 94753 3287 28046 76293 26502 64432 12937 97609 50100 92077 66655 61157 54979 18926 94254 97246 39939 49062 91967 40232 55065 93753 87350 10712 75831 35688 49603 30073 72803 73594 83513 67556 76882 11559 60201 19736 75992 89490 17345 42444 81568 353 3602 52899 19279 14208 0 66498 75570 63270 74817 15802 18335 68570 3153 45399 44401 55193 95002 74474 27996 84949 74340 95552 78183 2251 72106 97919 94595 61596 15264 37040 59516 31969 56994 12416 67600 87554 78914 43171 67176 53731 58973 
1863 22301 78478 47263 83054 33672 58617 73880 61668 43566 48220 73573 21749 66824 45679 19668 61419 7275 51285 14811 66792 99606 88157 95560 67207 75711 74474 10378 59239 44557 69351 61103 83210 64182 8366 66264 97854 66983 40144 59522 26902 4717 33095 48651 71541 95126 84672 49312 18754 52309 64124 1898 51915 52281 97458 19122 44345 88284 45852 3584 32841 31556 81039 16051 0 95738 89405 98667 93592 72741 38811 69466 99643 43528 18914 64646 31421 14040 49318 80734 32794 1627 44858 51044 69895 13491 48502 5369 74188 53138 51222 77773 85979 99130 58812 18382 94868 64570 17049 4812 
53663 72213 74278 53306 32093 93192 17952 63515 23585 83623 44249 72731 1602 5459 23776 71497 35302 88630 76867 9491 41769 44441 3616 44100 43571 78780 78835 54791 59702 95884 59603 13365 68097 50233 83023 191 59778 17328 80058 83363 951 40659 72446 2553 46118 12574 90403 97772 1205 83622 23615 59326 28063 27231 19778 87986 22364 98613 42777 82066 10850 18732 11784 78947 68965 0 94807 95490 28743 12135 75548 28458 29438 32559 905 48344 95029 13479 55099 92802 31036 38721 16417 6714 83136 60001 26493 71122 98717 41458 30251 97135 52308 48983 8919 47608 34300 20079 59450 63044 
48566 51351 91502 78005 83910 8759 42701 78940 38591 97800 71742 69627 52873 4511 92694 36009 80864 19187 23483 79581 76997 70086 76717 45658 19069 1988 93266 69721 22067 69068 32765 70634 20419 40620 64991 4330 65731 24044 99622 4322 21844 87716 73950 91069 8579 66644 27078 89444 2183 66913 85377 95532 36999 78446 41190 72420 80435 50808 42141 18854 19877 91259 5840 56648 48231 70831 0 77330 13962 94875 76952 18285 33071 81020 8587 24140 89600 91583 67570 79044 10118 34483 80773 5650 87834 59220 46841 60254 56007 14001 2396 91213 50230 10007 97054 6879 58238 67885 84209 72200 
79113 77514 90485 28536 58534 15424 69029 48134 7007 52951 43530 17125 3787 24304 22776 91621 99876 85969 68228 72235 16322 86976 63448 66553 96983 60502 73432 55221 44740 73993 27421 40205 67859 34259 85093 26394 49683 54122 90880 73043 23426 34411 90168 27213 75067 29296 35186 91295 31617 3414 63530 47940 90390 43330 30845 3725 20185 4277 58946 64925 94622 2720 21482 62482 53331 6575 5228 0 19366 77050 96108 92409 16828 30519 98930 44041 21938 28226 95579 13233 76196 98994 93115 24136 5736 36446 54981 9462 56631 75610 84760 37908 86584 87480 59390 49066 40811 82317 70646 60178 
75719 66755 68939 92547 13626 67869 52940 35565 12448 48520 65150 88644 47514 74618 12780 69602 11064 84113 79064 84047 76075 63825 38307 62659 67657 14049 28078 8469 96366 98724 84999 72086 65479 70290 80985 95458 38160 33926 47375 50608 82446 12525 55604 46312 87143 68384 15914 14559 68849 94979 98606 44924 75156 53265 23935 42813 67314 52013 67634 63681 67090 52633 52119 48921 39276 33104 44379 77436 0 83382 91754 44396 65828 20632 0 28492 7775 84736 44407 38687 53585 55738 53645 14861 30894 6911 55148 73707 74225 7162 57694 54258 90604 10327 6377 39525 49603 55834 257 43391 
39216 92011 87787 21397 28995 4139 49889 53123 88875 10648 91810 58812 66386 45455 90025 13632 68718 45174 3692 42944 68688 61386 97202 59292 71713 19932 15169 37669 92118 15426 97412 47686 23790 1552 69083 52785 5691 35325 22260 10919 62325 14070 86083 28712 75878 76109 58696 44596 37635 62388 87540 6323 23774 1095 81967 11840 37379 13488 65861 29497 45267 63273 77183 69057 64825 62619 38194 86869 14296 0 60455 97788 76621 74525 83871 21685 66755 76332 80382 11352 13967 42770 15244 36642 66545 32691 34961 94737 70070 48450 60598 15919 93717 23871 93103 79126 5049 72074 33672 91918 
86370 94127 6058 79343 85005 6281 1029 51760 82614 97763 79464 12933 56885 11061 65928 23430 43752 889 34519 30175 65691 95117 46094 75760 35341 39197 71238 40390 11271 4911 48660 13993 15390 71070 93337 395 77351 10718 68508 76317 8481 47972 89251 65366 59033 55179 5149 19138 72420 39668 49313 54464 51138 95407 30224 86479 50957 17815 26869 78580 22726 91881 92574 38116 62951 2263 54864 40302 12981 23372 0 16620 37814 87696 22223 19532 63082 77402 41033 82220 66174 80702 31533 20638 48192 43292 67215 34671 94249 85030 77892 72830 24108 69773 81756 62224 32724 84019 33440 89378 
13352 56812 22350 51166 60861 44573 87050 23943 38327 28084 6163 4502 25138 54048 41492 73330 13692 8707 8001 7942 10089 85893 97124 34197 72018 78880 12774 21094 62899 46214 10472 76251 19379 49175 43769 80240 93748 30819 4183 48428 75255 26698 69282 393 97098 10774 73723 10790 35834 81724 35084 45923 83969 32208 96473 55987 11088 9247 93433 90339 71813 3906 66590 91192 69433 26711 71432 79533 73883 91967 27961 0 49138 18665 97243 65884 32115 8018 39607 59258 60204 37684 94342 6127 21653 26551 2600 93993 53991 28199 87426 44331 13 7684 27273 91205 93469 53985 62638 73003 
44220 70957 964 9710 5975 14560 75594 38090 22578 15202 97348 82782 52886 91691 5261 90891 34594 24214 1236 88585 52413 5015 32916 52426 29051 60190 43632 22521 30527 22622 95524 74747 93579 12840 84457 15906 27400 60052 53997 66330 91606 67697 65464 60844 59388 70726 68087 10334 94940 85676 15272 47353 90691 48188 16132 36094 24730 59764 58615 71609 98738 70491 46356 8669 99684 47166 24576 27084 23570 94925 93415 31528 0 62622 75231 92372 38363 45957 76811 48697 57249 62487 63969 20955 69530 28510 37087 5625 69592 13203 80592 41202 28293 51084 3910 36962 50768 51076 77890 94204 
90998 72815 3971 22526 51790 79203 31250 90153 41512 8062 38850 98762 70549 19172 36069 40080 64034 73156 62057 33626 2711 42649 74828 31004 10085 78739 84318 77205 46167 78561 71410 37166 51376 75381 76044 19518 70936 7295 9671 12449 31709 64874 27563 18610 84046 63632 75042 48080 53140 37099 98058 55851 79749 72887 3207 89834 67978 87525 67040 14145 66086 54802 67663 33815 46535 43708 53333 17472 67355 63005 46273 99064 27879 0 90188 17674 28277 53820 9069 92709 23312 46168 90767 95515 42269 80006 98722 48456 47984 86247 15496 78482 68686 86650 46145 2501 33185 6205 55834 67009 
73560 35191 13282 88976 79422 19822 23003 24051 73642 32072 16760 13306 94592 23880 8821 36862 20238 7543 85318 68223 10143 17166 63057 78829 3816 25554 81330 53353 31760 53516 20363 21672 5060 49997 27001 84482 69820 50004 24886 59814 82076 57998 73121 93020 81878 98294 29882 2117 5838 15200 86692 32333 48718 66101 11162 68886 91655 8844 22240 39767 78712 42603 77792 83772 8952 4793 84607 78772 54797 9493 54939 53225 67491 44412 0 46245 65722 42706 92480 84191 64896 24032 87235 97229 72751 53336 24743 41637 61343 33587 63877 1111 12300 22832 78903 96072 48137 48 97031 43261 
54845 6524 98200 24422 90368 42612 87019 72442 1671 79499 56633 66567 3532 43868 80149 76283 13556 4892 34272 74899 54832 98150 76010 67132 37334 71265 79556 85471 71313 92940 45085 42510 15816 43285 83284 6184 2250 70304 94978 3921 49803 51611 86840 53335 11831 83341 45970 25387 88234 80243 287 59418 78393 92649 42902 32079 80267 38810 33903 67932 31750 78988 26795 47567 22273 10079 70103 40875 80383 65082 44796 30187 33045 47989 99874 0 44877 31330 45845 70264 35916 26088 86903 95334 20833 79553 54588 52912 76172 93399 3167 44104 25149 82155 70899 72716 20781 97331 59172 78008 
77714 24254 39157 24253 57299 87146 24128 18528 34828 69973 88793 70745 12413 92048 82431 33246 87953 37020 2510 64125 30419 5678 8230 71920 4185 95481 44637 41318 92812 20161 19327 86879 60767 58484 11132 34418 61982 35260 52947 96810 21585 58092 67555 33998 50140 66339 67244 38094 3359 69755 2219 50130 91785 26801 22050 12322 38635 83039 53641 47799 3200 72968 34678 63967 47804 45811 98386 9786 97423 67685 6596 19009 25777 90504 53007 92269 0 56843 36604 30363 76554 22711 48935 26684 30848 92088 65086 43170 30723 64478 96811 78523 67678 86131 29553 47998 50287 75364 62736 60073 
72788 30421 83022 8149 72550 73526 77508 64819 46721 30464 11535 23275 53175 76822 66311 375 68910 47749 43546 15986 12227 56709 94509 79906 59193 24062 44256 9480 15779 23344 69554 4919 70117 52576 13068 42667 42454 6928 23838 89175 37393 51725 12450 6920 28547 95113 7296 97458 42862 67194 13444 55090 23903 24305 51348 83096 64719 95604 92577 80498 35300 78483 1769 5417 47411 31189 64436 89865 38118 88274 79040 91863 56352 7842 98783 84899 19307 0 22431 98709 62169 89625 12153 17259 29881 52810 84959 12977 33882 96915 21906 30732 32215 16741 32502 37632 64152 63691 2068 54017 
18161 6695 49409 10024 63047 73603 25160 64298 92910 47591 63008 55080 53569 91513 88691 83450 60676 90003 12779 94558 86918 34686 25290 19134 51427 57792 73118 31932 37836 91539 2301 55997 14586 51711 82374 93985 41666 7534 58283 50929 71477 37643 6009 25046 29157 11052 8496 89833 1055 21276 743 87974 72314 26033 23460 23741 178 96578 55673 38014 4469 74327 10363 19055 26038 92737 13040 84056 271 71324 34985 71749 8967 57346 13147 54476 84751 37996 0 60661 85806 59272 61404 90132 47938 3790 29944 71679 3968 42875 43705 58334 47344 18032 68697 66400 60422 61435 79440 60830 
78058 67116 95816 66159 92436 53162 79307 63264 54265 17303 40278 40072 92927 1682 46556 40865 21824 92853 28896 25792 35728 88953 478 83072 23337 69176 65824 111 46963 61617 60942 41373 28733 73110 7533 37521 42624 3192 17138 96890 36847 57416 53314 46126 75450 99870 3343 97275 9075 48591 39419 44803 37545 39898 44228 77234 25426 10052 77346 88741 71669 54640 30114 16755 27750 53999 70628 70374 73543 87766 83616 26742 61534 36930 72868 36985 53153 76211 50612 0 62228 24803 6383 7032 78700 62633 51260 55934 88059 77664 49632 93152 49334 4272 23267 66089 48374 93618 36717 35101 
67162 40836 18717 93904 2370 72000 83125 55707 25153 59336 6319 3733 491 12703 27117 79191 75336 94729 51478 79748 72394 17462 72900 21728 38087 12519 4169 86461 6138 57238 37914 89652 14426 72984 99908 16797 44984 83033 88856 86489 42370 95176 90222 59213 24231 33692 54757 15919 28421 6235 95667 815 40049 84920 38895 78136 13791 59416 80950 36281 33007 18864 25933 47433 91848 25842 80582 53184 25227 69439 56025 83949 80967 46248 43163 5198 96292 97920 21117 24713 0 20507 33137 41881 76908 34409 97128 55045 48200 72897 35995 84482 5904 54859 26767 69689 63060 68961 50272 32596 
94189 36063 88622 78138 17030 51222 37653 38580 47514 51925 76049 72227 88784 9186 30460 65693 43595 27589 20738 8148 486 56733 92630 22742 27944 35749 92431 7356 4711 59055 39953 15252 95118 28575 9742 28500 79797 47396 67080 27311 99321 43130 15890 4458 68668 46351 70151 28616 90292 90889 36764 7130 63974 29394 29872 8270 65143 38655 15627 86206 97711 55580 1458 9181 84155 27553 37682 80304 74949 21114 7615 90622 80596 39857 95080 65617 2560 65231 94233 92852 72472 0 30997 99982 52798 76743 46206 61069 58238 84862 76696 44445 98925 32276 62255 8106 32783 89808 62140 13087 
81109 99607 37054 71732 80203 76911 83164 45820 79472 64748 56405 88676 53572 87402 88659 6371 64145 51217 83792 22384 36079 60488 83181 51356 9116 45436 59463 41899 51597 37955 71338 32706 37562 8392 20790 34118 1655 3955 96290 81127 68703 52696 69804 22275 40098 74815 44998 20596 26032 28790 42980 78464 5630 42513 29820 14746 87949 5635 72997 55898 43591 60687 88605 97505 85431 25747 47975 87087 29702 44266 84566 14757 13314 70722 53385 69764 45537 14735 90360 87922 43526 49692 0 66386 49156 92205 12558 80255 96507 34546 69604 52405 78137 30292 57362 91994 15723 99462 39970 19162 
45516 588 3729 60274 30254 74451 30011 18 36341 44746 6731 24263 4624 72775 7001 53781 81333 35911 50388 77840 70457 36344 46597 64946 66636 20312 56941 98712 19774 13263 34226 65290 30203 37955 41916 60457 28759 88279 76827 65100 33026 83558 89363 37650 72686 12716 7783 54019 48627 74523 48211 19085 10868 94808 84031 93856 31472 57324 92568 67598 70587 43147 49241 17142 81102 7509 77599 9861 95789 70779 91313 45167 54337 97028 82817 27023 9744 6953 97394 58372 81476 45605 93809 0 92344 56766 77840 86201 88238 35165 95121 72189 22104 38268 21430 39247 35723 28939 33198 61936 
41080 3977 53250 86247 74667 50278 85417 18042 76375 92370 15437 34747 73846 77394 28556 82543 34160 22748 85096 38751 74265 96569 10940 12722 51190 48722 51969 3265 94013 1519 65201 35094 21849 34803 21341 96516 1434 6758 30910 77809 15480 46347 28908 89327 23742 57464 88222 74254 96564 73318 13005 70830 86239 40297 99904 37429 89019 68225 40694 83033 69744 22248 34479 91593 57051 72172 4461 58485 78931 35372 36294 94411 98071 65202 90 38165 39018 4664 12420 51935 94334 25425 39117 80574 0 82075 39021 34355 71094 7246 75050 70479 93342 97298 4958 1288 70701 77131 5749 45539 
72414 57473 81833 83177 55545 63388 99620 10062 18758 4284 22482 70693 98619 64260 9810 95545 46335 65183 29900 33781 72429 21302 4261 65772 34952 25571 67060 22006 19054 89161 67545 7820 46635 49378 90998 18532 29118 90618 28594 64229 11254 67429 34922 26225 31689 61085 38122 94376 42620 68023 28157 15050 5677 48770 97174 56982 74342 80586 78988 9748 69747 46533 17569 32734 12263 8567 51266 41382 15537 96213 21963 43143 63642 56885 69369 95331 34322 7491 89707 76943 91866 34216 8345 13896 82987 0 5519 70878 73681 86105 49866 83429 72204 96399 998 4939 8662 25917 72557 66396 
57806 68770 88359 950 48764 61597 86671 44095 12271 94162 50154 5566 2381 84371 13911 16277 67358 35782 87155 57391 38239 37021 40820 26796 49772 58171 31735 74786 440 20644 57535 74599 89415 62246 75549 38179 40195 78572 98627 52467 89086 65133 74385 91467 49504 4649 24096 33214 56783 11251 90605 95023 64624 47778 38171 30748 22301 69906 5535 22741 6902 79422 97340 96317 41668 89241 50849 81864 84165 65828 50683 73252 30961 41420 64719 96818 46069 88816 46384 2853 16419 53342 14228 81044 1120 52399 0 28144 39773 38657 33679 62514 45559 13101 76207 58229 71122 81800 25430 69338 
65966 7610 20021 39218 38571 61441 20289 51741 23863 25457 14478 43068 41877 67820 73648 39273 85292 42399 67417 25065 81056 17449 3931 42967 46902 96490 17548 18024 78291 42978 3714 44257 66940 23735 99827 21864 1529 20116 73605 41744 61926 88083 1164 3803 72255 74812 59428 73899 17211 26845 98964 14619 60646 19248 73938 7549 15738 91487 41925 94029 50817 45640 54638 17758 85727 70817 39622 3608 7286 29579 61704 69212 34015 62868 73015 6270 37680 48795 80170 71243 75640 95486 2214 52639 14734 76153 76540 0 46825 83992 34817 40854 51161 96809 11845 68919 82537 82662 24893 2497 
6300 54473 64202 75512 4840 43422 64879 11110 97455 13674 7632 68698 5667 19471 87265 58306 50557 63418 34846 97382 63762 69663 54589 14923 66473 82786 195 65362 81800 25088 67859 88101 95913 48413 63613 753 8188 28493 28216 5643 58519 52200 90693 64186 88023 77958 22492 38581 57728 73690 52315 21490 43354 23256 36414 9827 6042 52961 91541 87843 78049 75752 75944 90315 40518 55909 7420 48706 754 51988 54349 59274 4189 45042 39812 8564 23001 62305 63497 80729 35995 15813 18572 95701 39069 71338 21880 61464 0 24299 13421 49307 18700 89174 41603 9015 46044 13864 32788 94750 
14619 84776 49099 90245 5317 10493 30057 13882 49846 8714 77379 46928 61062 9544 65500 56763 48614 36838 78644 26430 61137 8417 92089 79837 13943 33692 5205 59987 63908 54345 54737 94879 39121 20188 1476 44439 47034 31534 74673 96880 56600 52052 43808 17662 61597 9308 90778 26563 62498 85774 52993 23635 94191 45082 19825 8135 95126 41382 68122 75386 95727 39212 70266 51200 59400 71742 95639 6434 19628 70312 19667 92581 38717 63475 10243 314 89136 17373 43229 51634 3147 96222 91622 97339 57656 27799 21826 69134 69181 0 6300 44520 81260 45512 14786 32460 21265 2881 28100 44051 
22509 14764 63718 15090 53481 43546 41686 70147 32682 75411 13376 84316 78559 25950 92290 92250 83606 20089 14076 52740 89270 36728 13613 70530 82241 28399 19343 19858 47632 47443 63909 70142 78559 27628 1584 48393 71174 59622 18540 20208 35034 48269 20876 29945 74219 13167 22195 74178 33256 52623 43270 38879 89351 73235 25761 87944 1635 45104 7802 49267 8899 88064 35761 87459 15692 53698 35852 3218 29672 70744 39778 64706 19013 60654 94651 9585 73821 33198 115 23430 85821 59737 62309 75173 32973 4422 79469 50960 49527 87272 0 16579 58426 91688 68693 62237 7380 22391 14441 26950 
68415 85186 66728 33122 20551 43734 44125 46488 17556 77324 62955 40986 79497 22693 19647 71022 72018 24069 50492 22978 89948 54116 55909 48375 45804 24602 26964 69536 63345 41406 12838 31761 26592 95918 81235 63495 39652 41712 9984 57208 35388 72939 14546 14886 11984 50545 2260 84002 90967 52752 23332 80915 23220 79242 45642 85376 20196 72607 54912 83542 14013 84102 31655 56957 80020 29242 20452 19673 70954 46788 93233 6343 19728 7780 37581 48064 74677 39841 32067 65644 8946 71751 46560 32166 50993 8554 33895 87542 81161 88807 87436 0 11526 89262 19091 84835 69282 48333 21640 88955 
35639 68428 82189 58334 4508 6321 95915 52573 97350 35757 992 62995 61055 72743 25907 9573 40089 34461 43468 27631 31975 48628 15067 43501 37890 50510 28337 7172 15195 49977 12480 50834 34757 11021 9169 39266 33694 21436 8191 31044 73545 9183 10391 34600 98278 36298 44174 38367 87112 87642 65998 19087 36270 97417 78940 74160 47927 23629 97685 63122 89958 10165 13957 24716 21186 39478 80334 54880 60914 88525 85924 34460 14060 12668 85412 12338 48966 29586 50706 52430 33581 33056 71517 69851 30474 66810 60364 78401 90439 58049 57876 80398 0 68214 88185 5114 5752 27663 1800 60632 
4929 6677 62908 55741 20737 75576 41154 49427 40895 87092 133 93325 20673 49542 81195 90525 80016 48005 67241 74769 54796 25290 32645 35194 9856 20830 56660 15608 64845 58460 92592 86127 65137 71852 41868 2226 63781 83022 51654 21028 70115 68139 30705 7140 17681 11900 97665 97697 76257 81258 88819 47406 6548 21464 82600 32756 58647 55613 48364 39844 14073 57308 25971 95563 29161 67840 97789 9294 67214 65795 30322 53681 33935 61027 60822 51616 89280 74839 65666 81889 56098 54485 29295 78998 92301 11896 11755 67300 67509 76471 7145 97934 33780 0 33116 93497 79293 956 7639 88587 
84523 73434 35261 38204 23721 96288 99026 75338 85568 73866 57356 83810 46316 28193 13105 25314 20494 41353 37069 87795 25214 29893 11292 23149 80025 44408 32998 59318 61717 56989 64257 46240 30424 99518 84444 54145 12158 99823 45835 14079 90041 19543 97889 36357 47736 10994 61671 84583 68700 15093 88730 93914 61338 22 33415 41363 44430 66414 17033 6147 39755 81290 52387 86531 97160 53184 57029 9318 53007 2864 39749 59400 22408 37638 95757 86496 64985 73780 71079 33685 5225 59809 43951 66563 59831 77367 7926 20614 60133 24959 43113 99888 22601 11853 0 86420 19761 65037 43449 45432 
34396 62665 85181 10148 85073 39172 5905 87922 20509 96037 59001 54194 1263 35163 14497 67826 11346 91864 75753 31960 51997 17064 91426 51886 39666 3279 38306 59427 84668 98107 21211 35416 60772 22745 45564 62198 61917 67821 50120 82426 63858 25473 52972 65121 60636 67469 32948 71983 59334 25053 20295 27683 42117 11721 79569 98135 31352 34227 57563 16020 32334 95126 67788 9459 17871 13352 71657 79788 81173 21777 78566 61384 63602 31538 26505 24239 99008 75805 12574 74694 17210 49221 2377 75680 77295 98299 73815 8647 48878 47730 41020 97565 42857 8808 7024 0 60728 38513 78681 56869 
19686 16810 35435 97422 80412 83326 23928 21003 82334 16085 33577 73380 33296 99151 92109 8976 76446 90408 82791 85093 55639 30522 26113 53204 73379 51274 76580 50459 89787 55261 23680 25825 88423 59116 23248 85187 42442 47176 22543 41128 63261 72472 14508 12909 71623 22969 21885 48069 13378 4677 33163 85369 51551 75628 38573 41282 26902 15153 91741 16689 86766 15422 58867 91541 90890 82115 93080 33332 45643 15623 90812 8904 88096 21672 38166 59719 44641 60051 24141 74371 81080 73656 59740 32631 49284 14665 73913 92539 29818 65655 25580 32936 97429 84447 24477 88319 0 66562 33910 38003 
12205 49533 45167 37462 53981 66839 75628 13701 11480 35679 54194 85852 33112 27850 61944 65743 77134 76610 39657 86025 22780 21664 11606 55717 19093 96053 96546 23764 78968 30456 78119 91173 96342 23286 44987 50323 6477 36967 80376 17957 88999 34570 20161 22111 62420 98458 87854 55907 75068 27511 41932 97848 49175 53538 69917 84620 65944 66464 24736 44912 13272 19207 52437 9614 42493 97425 59938 48970 34392 40314 83280 23391 91237 19793 45502 53657 18251 49709 25916 93319 77220 67849 7520 42748 37739 77437 43720 3683 60253 68457 64947 89878 87664 17385 99492 46510 31162 0 75782 11832 
81906 32449 11464 21650 23686 31258 67152 77343 65861 33213 3260 75533 10434 87461 83053 69534 25200 76842 13254 45236 53448 98063 26535 43326 2080 43920 42818 64942 91434 18601 76774 73341 51050 88239 94991 91088 35849 78495 68431 1710 11709 88043 77243 38495 91856 76648 8029 33409 53491 37635 94997 6939 52051 21532 66617 54131 81805 9435 19073 73239 44388 12199 46580 11790 16790 41571 2878 52639 36419 87662 70702 48128 92057 47945 86623 83914 24594 11004 33675 94437 48639 28672 17728 690 50204 84345 71173 32009 10132 90246 5249 70873 18798 68181 82663 35588 26105 1894 0 88228 
62524 89556 58930 10652 97965 23227 13627 98231 64173 24631 31906 74962 73270 60578 92690 90313 27135 93387 61486 75496 3520 68085 97097 74393 86883 65279 73408 38823 7736 75302 43403 70260 81210 18685 97264 95528 41913 27243 93759 22438 51874 25666 97401 41496 2596 6443 31809 46083 99831 9648 21580 19703 77733 35029 94096 80968 16660 83856 36143 24396 75511 79547 11008 73073 98232 24624 68601 56497 51867 62361 78936 3741 4379 92689 61590 23327 99132 9751 69411 98963 19399 7343 18666 13484 58724 29114 10804 75385 29323 46948 16133 4834 26495 43494 77907 41079 68118 46509 97577 0 
987
22 65 79
53 54 21
80 86 73
43 2 24
38 68 9
63 35 13
0 58 13
85 44 8
79 3 88
98 64 17
36 86 82
67 39 36
41 72 22
14 67 76
38 6 45
99 21 32
13 73 42
26 58 38
87 38 41
27 88 6
44 76 44
26 95 36
14 36 8
88 2 27
65 41 33
62 40 6
94 5 79
88 84 38
26 71 28
67 98 68
25 94 44
70 20 91
58 34 80
66 22 82
93 39 23
79 1 16
85 95 73
17 35 57
7 61 80
35 81 30
55 58 24
51 80 96
42 38 82
22 56 57
5 2 96
80 33 98
48 70 45
22 87 81
31 94 94
64 81 27
94 88 38
71 39 18
67 34 57
2 56 65
59 13 67
55 46 0
53 46 71
99 20 10
32 4 5
78 68 38
6 14 27
44 85 18
14 5 52
71 7 61
37 66 26
56 21 72
9 27 71
80 78 91
90 10 95
47 88 63
38 46 78
65 42 15
83 57 20
88 80 27
49 69 45
75 26 67
0 35 46
71 67 24
14 57 86
10 57 26
25 95 73
55 12 67
23 47 24
43 35 5
23 36 74
68 12 52
87 64 87
85 87 6
9 1 64
95 63 73
22 41 68
47 48 32
14 71 79
91 15 15
96 90 51
22 10 15
27 50 31
14 35 18
73 45 72
37 92 87
62 66 28
30 13 29
62 80 0
93 71 67
60 19 9
64 93 20
79 20 70
63 87 5
81 60 2
5 49 47
93 11 13
73 93 79
54 7 59
55 0 82
74 61 53
84 25 46
4 56 67
26 19 6
83 53 66
86 10 67
33 3 78
98 29 23
77 83 30
88 90 30
70 65 43
23 49 68
22 5 25
41 83 96
47 66 49
65 4 60
32 37 15
62 88 96
85 65 32
15 54 22
97 76 39
41 52 40
9 74 97
86 15 80
35 14 47
84 79 51
96 63 41
64 77 29
12 62 46
44 29 52
19 26 29
58 19 81
51 81 7
48 67 22
81 2 36
28 39 67
31 87 30
72 3 7
53 16 21
52 12 50
4 31 28
33 42 48
66 45 29
73 93 48
47 74 3
83 54 94
50 86 33
32 10 37
91 16 53
12 68 17
62 72 49
43 58 43
43 24 88
72 50 81
72 97 8
27 33 14
21 83 0
55 68 63
92 59 79
97 72 47
14 86 71
15 81 29
58 24 6
46 96 56
80 21 5
40 48 38
54 70 74
55 77 42
70 21 53
49 18 25
48 84 64
19 0 45
1 10 70
7 57 18
15 89 39
72 29 40
11 83 10
37 90 39
79 60 60
32 9 30
10 9 14
74 81 66
71 82 77
41 41 86
60 8 75
51 80 4
91 43 39
53 80 30
44 11 90
4 96 52
34 6 61
1 32 42
19 3 76
48 97 17
34 9 77
61 12 10
17 4 53
57 9 86
87 54 97
77 10 45
29 97 51
91 98 35
85 69 39
62 18 88
31 52 97
61 66 9
71 83 65
76 40 27
14 27 33
64 57 43
9 86 40
61 29 90
48 67 60
87 81 78
27 12 82
76 25 48
86 48 32
3 25 24
82 39 52
15 55 9
11 65 47
3 78 29
46 26 96
6 66 77
36 93 41
70 70 19
19 8 67
3 63 92
27 46 84
31 61 39
92 24 56
40 28 34
21 74 61
17 32 27
46 68 72
39 90 42
58 61 2
26 16 66
70 44 12
6 27 25
98 20 50
54 12 78
89 33 4
2 2 36
29 0 56
1 39 46
96 50 8
98 76 24
64 98 20
28 5 48
54 3 20
4 57 84
34 98 69
38 0 23
74 29 23
30 83 14
28 31 64
36 29 92
13 46 91
85 74 48
85 80 51
5 36 60
41 70 59
10 60 59
33 34 41
8 16 76
75 45 7
39 33 88
84 98 34
27 84 61
75 69 41
78 27 78
38 20 0
49 31 61
9 16 47
2 77 64
78 52 61
85 91 46
25 27 45
12 6 81
73 81 2
66 11 29
96 2 2
49 51 33
10 60 1
9 62 78
25 92 30
86 77 74
85 55 53
82 67 60
63 40 41
17 58 5
99 7 7
1 56 58
34 66 71
87 27 85
66 53 78
48 39 7
22 76 62
76 58 29
88 73 21
81 91 80
86 90 87
93 91 95
4 77 13
75 64 40
60 82 93
90 31 33
98 5 61
60 33 20
42 21 93
63 3 84
95 89 26
34 35 17
29 39 94
42 66 11
83 78 93
76 69 24
61 67 82
23 79 15
95 73 37
88 37 92
25 84 81
3 71 68
21 0 7
67 95 25
78 30 4
72 58 73
48 20 92
30 95 23
98 90 97
87 30 86
79 7 70
60 11 41
81 84 94
40 51 41
66 82 71
70 54 29
95 54 1
87 37 48
10 35 90
7 74 21
45 53 80
16 65 91
9 46 27
55 87 79
48 53 61
19 75 67
1 70 73
54 9 10
3 71 97
93 31 23
66 76 76
99 44 42
42 6 40
70 61 27
1 10 32
62 81 59
81 34 29
54 41 90
17 96 62
66 41 45
90 8 21
18 7 18
60 1 24
53 71 85
32 72 47
65 86 81
24 67 15
6 74 56
96 43 52
10 9 94
7 51 54
29 70 13
47 82 14
71 35 38
8 68 10
56 85 97
37 61 16
4 67 90
13 16 33
17 78 95
63 86 46
69 67 16
82 66 99
49 89 86
87 97 6
49 5 91
46 94 53
63 51 72
5 64 88
39 33 19
34 97 5
32 66 24
49 1 90
0 2 79
38 89 28
45 90 34
88 37 80
41 52 31
66 9 47
6 48 81
25 34 78
82 19 96
6 68 97
96 20 99
27 10 40
56 55 31
42 96 20
22 37 24
6 55 33
53 62 34
34 87 20
64 70 39
61 76 59
10 25 31
62 52 42
2 8 49
85 2 45
57 25 35
81 31 90
67 36 52
53 71 92
73 35 62
13 48 90
24 59 15
56 21 20
50 75 80
99 13 83
45 70 60
80 4 43
22 23 79
27 76 50
19 49 38
33 14 86
23 91 97
91 47 18
11 97 46
43 48 59
26 93 81
38 25 37
81 0 12
61 27 88
63 46 90
53 79 56
92 54 47
89 45 46
60 8 95
58 52 96
17 30 41
50 21 67
40 2 19
52 15 46
93 31 44
35 36 75
91 28 29
91 70 27
89 82 35
37 40 39
33 9 22
74 11 95
93 51 97
12 56 65
10 49 48
54 84 84
29 27 13
11 18 35
38 8 17
25 97 57
17 30 18
91 4 29
86 98 81
35 10 37
0 73 38
0 27 74
85 9 1
50 20 72
85 10 32
54 87 29
63 56 59
81 47 63
10 85 13
43 21 24
32 73 49
70 26 76
44 11 37
98 13 9
70 98 19
2 4 59
31 67 15
90 0 15
5 10 52
19 54 25
95 86 51
44 9 77
20 5 88
58 3 1
67 73 51
39 27 7
50 58 74
17 0 74
32 6 36
37 25 42
62 20 81
13 64 90
90 84 47
30 94 3
83 14 28
34 5 56
93 55 14
67 72 15
93 57 21
82 46 98
24 8 18
5 74 82
47 64 18
95 47 65
98 30 79
78 17 36
34 10 43
1 30 67
68 23 76
41 5 22
39 82 31
57 87 5
39 35 21
9 82 68
74 32 51
5 10 68
41 97 78
84 98 8
52 18 84
28 59 89
3 50 23
86 7 11
91 98 98
64 7 32
85 34 16
36 39 78
4 81 75
34 17 25
43 21 43
27 2 54
68 5 4
92 91 63
55 34 13
5 50 73
37 35 7
53 23 98
31 27 79
7 62 49
84 57 22
80 36 24
34 56 81
91 48 24
54 55 58
20 60 9
93 97 96
0 2 20
98 34 99
30 93 13
31 29 70
53 9 58
30 44 15
11 87 15
36 93 71
46 13 83
7 6 81
56 58 35
76 9 69
27 91 14
41 22 44
63 27 53
74 57 49
89 21 88
4 9 82
27 7 95
11 15 2
44 71 12
79 99 21
1 78 12
15 71 86
11 35 66
17 61 75
18 50 48
7 6 57
89 86 17
84 97 32
38 93 55
3 72 6
24 73 84
89 41 56
27 4 43
93 21 4
21 92 6
69 99 12
27 88 98
44 24 47
28 15 40
35 18 65
93 94 90
29 35 31
37 15 88
32 60 9
88 81 1
94 51 52
59 30 92
9 26 69
57 6 84
49 41 54
14 86 0
57 15 88
88 53 3
28 85 63
38 74 97
91 20 48
96 79 78
88 41 56
57 50 62
93 99 3
47 66 41
0 23 56
88 63 61
43 44 99
58 34 25
55 25 45
3 73 77
33 62 18
89 71 68
51 65 19
6 64 37
47 64 12
4 4 28
17 47 72
16 6 6
41 61 83
87 17 57
16 50 71
34 92 42
54 43 7
73 2 24
11 49 40
23 5 45
51 23 44
75 91 2
81 33 16
65 72 85
22 88 87
93 74 79
35 28 23
95 53 77
71 64 26
11 40 84
8 43 7
5 19 98
7 52 83
75 17 55
60 39 95
48 84 69
27 72 49
2 19 3
79 90 19
58 1 11
42 62 7
1 67 78
99 26 30
35 2 48
90 62 39
38 62 76
7 42 48
9 44 67
12 76 9
83 86 62
95 28 24
54 29 91
32 80 18
62 15 72
62 58 86
2 96 49
78 55 91
78 64 87
97 76 15
6 12 1
68 59 81
45 13 62
88 45 43
6 59 10
30 22 68
17 76 16
66 6 72
9 84 36
48 33 65
64 39 77
17 59 36
99 56 49
13 45 46
56 3 5
19 34 27
39 51 3
56 69 9
28 78 45
16 78 78
81 94 69
10 12 81
46 63 37
47 76 82
93 85 86
51 4 20
78 95 23
34 51 92
95 31 22
93 48 52
71 29 47
93 40 11
74 38 74
11 38 2
94 31 39
32 34 95
4 13 91
27 99 42
71 46 26
45 39 74
97 11 55
44 4 47
55 30 86
81 41 76
84 87 59
23 19 94
19 75 59
62 2 58
56 25 4
82 70 44
56 68 7
12 64 63
11 72 93
49 53 86
25 89 74
85 65 45
79 36 21
38 98 75
48 54 1
4 37 23
0 45 43
7 57 8
22 21 80
15 70 85
54 96 75
28 81 92
73 12 28
94 2 26
22 50 32
23 54 69
98 55 15
42 14 24
2 37 45
34 4 16
19 58 64
46 38 97
38 12 9
18 58 11
96 80 13
29 55 67
98 54 74
65 48 89
42 50 78
39 84 34
7 55 45
71 54 83
68 44 95
29 63 6
40 11 86
53 40 42
73 91 48
99 56 96
88 50 98
18 90 34
53 49 89
98 21 95
81 41 40
29 71 55
35 63 66
73 69 59
67 94 50
15 93 58
63 34 9
61 52 51
95 57 0
37 55 73
32 89 67
24 70 38
31 5 53
50 78 22
9 46 68
11 13 62
69 77 96
30 90 0
81 86 58
34 75 65
59 59 6
26 84 76
16 67 33
70 17 12
44 78 10
13 89 75
27 59 4
75 41 95
27 23 33
85 9 8
3 68 19
9 95 3
38 11 23
71 33 92
35 78 71
97 43 12
25 70 71
29 97 65
76 24 88
9 62 49
69 65 69
89 26 16
44 16 80
67 88 13
60 75 43
83 25 86
95 50 8
19 79 5
84 8 82
24 17 44
25 39 61
94 80 87
11 76 56
91 96 96
56 8 71
0 43 96
86 38 98
47 9 78
4 93 38
86 69 7
30 94 46
91 89 78
31 0 7
87 43 3
35 99 63
6 99 6
55 38 44
53 37 6
83 41 51
21 28 21
29 58 15
27 2 56
58 85 8
65 24 51
20 59 3
35 65 54
41 72 92
37 78 29
43 13 71
95 87 51
16 68 61
83 95 63
40 5 0
0 22 24
52 42 83
7 77 1
61 70 73
54 8 3
35 3 17
58 98 4
61 66 72
23 2 19
38 42 25
39 94 99
63 46 94
47 53 23
48 67 94
73 73 54
77 8 57
94 19 8
50 80 74
22 3 76
93 94 70
70 33 65
70 48 63
64 47 69
39 47 36
33 21 9
87 98 69
97 44 40
5 46 21
31 20 76
60 13 70
82 84 55
99 6 4
63 22 3
84 61 51
72 47 72
33 86 22
2 83 18
43 88 64
16 72 84
44 32 97
67 14 33
22 14 91
78 29 13
82 13 27
85 85 74
57 70 12
31 72 96
49 67 36
13 35 8
97 80 92
46 47 7
32 21 73
23 52 2
89 86 67
68 71 4
42 80 74
54 11 46
2 60 66
39 25 53
99 74 33
92 72 32
51 4 6
24 80 58
78 21 44
45 89 67
49 31 47
23 37 10
21 92 22
39 83 47
93 34 73
78 26 45
11 29 2
69 5 34
27 83 55
23 28 44
42 77 27
89 52 16
99 74 8
21 13 91
20 6 78
45 37 4
42 0 86
44 69 91
78 48 75
33 23 55
29 65 85
56 6 37
73 57 11
33 30 77
25 2 35
3 47 72
59 89 72
97 34 41
89 64 41
16 50 64
71 79 81
56 36 87
46 61 96
57 94 26
86 71 28
22 26 75
46 38 17
19 35 3
12 76 67
6 92 69
70 16 49
52 24 37
91 70 98
88 80 44
14 66 16
95 40 42
22 39 80