75952 75952
100419 52837
45125 2197
57362 37618
125449 58248
57950 22935
35015 0
63211 3406
110758 56284
55986 0
85069 25264
15394 0
95238 36510
62487 49265
82966 40887
53287 33543
95233 60218
64636 39408
95238 36510
58731 15750
43847 0
0 0
82453 32189
40658 25264
113219 90872
110186 29465
42778 0
5393 0
71589 18393
58017 0
94836 34709
113219 90872
74762 25520
74267 37975
46785 5607
64636 39408
58017 0
13321 0
99699 67548
113103 54729
104152 63326
58164 40340
110145 96824
108962 39837
89853 53932
77828 3934
80701 80701
61503 47608
73349 55038
93177 93177
35015 0
94125 38139
94022 80701
66338 19419
92057 36702
23885 9990
23665 0
60529 28031
110129 77689
69881 69881
47789 13291
54603 50462
74697 38776
60903 0
72977 27468
75952 75952
59867 4512
64344 8989
36047 0
118305 51104
46321 32422
75324 12626
28065 14843
41178 0
36685 0
41178 0
106097 48887
85823 85823
98885 55038
89839 72015
92675 36689
77828 3934
52443 0
95424 53970
72977 27468
59679 22994
42778 0
27806 0
101031 68591
58017 0
38055 24833
60903 0
73838 58444
74073 48097
25228 0
111382 75917
97386 69881
81798 58444
82082 23708
75730 33651
71653 35361
13222 0
68325 65730
57812 43913
87226 55038
84505 25264
67044 33592
52976 0
45761 0
84744 39550
58728 0
47789 13291
79625 65730
0 0
57651 31675
129963 84202
14170 0
95349 38139
58416 15488
82966 40887
111924 68075
79342 65443
13321 0
94706 36689
44219 30997
104065 60218
47582 0
53871 38522
95142 73576
93850 57558
63585 63585
67066 24809
82597 45338
86775 56247
102784 57590
47249 9990
61520 19441
47582 0
53196 0
103441 66756
70162 19898
91001 55536
46674 21446
101506 47032
96824 96824
95773 63585
40834 25485
73266 14892
77225 73255
122978 122978
51170 9992
13895 0
80721 0
13899 0
85909 72687
92675 36689
94706 36689
110129 77689
50013 32189
91718 48903
51315 8387
77225 73255
18040 18040
74026 18040
68043 57416
63211 3406
60529 28031
72606 37141
67512 35361
67044 33592
78776 18649
29622 0
47769 5512
75421 22445
73367 32189
97386 69881
57812 43913
32188 0
58416 15488
76489 23513
42657 0
82469 41643
60122 60122
72614 58444
43849 0
116151 60796
55986 0
92278 50462
89661 63173
3970 0
82474 25264
43847 0
60529 28031
81108 51486
106097 48887
105355 70857
51170 9992
18311 0
45761 0
25228 0
73324 42179
105500 105500
36685 0
46919 0
42928 0
42657 0
10627 0
82550 38139
36047 0
56816 830
80807 22079
73349 55038
116258 74804
85384 53233
82469 41643
49852 2270
35921 0
86501 51486
59805 0
86941 41747
101396 78032
55038 55038
52975 11797
98065 64613
46798 18040
65611 60218
84744 39550
57950 22935
41454 0
53196 0
36047 0
106392 63614
27505 0
94469 46887
50462 50462
101385 70857
79625 65730
57633 55038
56816 830
29622 0
42981 0
71757 27029
81417 52659
117585 58344
73266 14892
73894 0
112248 55038
95688 54510
108483 64634
65611 60218
49852 2270
108483 64634
62487 49265
73266 14892
94873 50462
31145 0
63173 2270
50462 50462
62268 35619
41454 0
96011 53233
93475 36265
95726 61228
70704 28447
28758 0
78952 65730
59241 0
89084 65730
57416 57416
82625 38776
86832 27591
78862 78862
91001 55536
69584 65443
41454 0
56816 830
56249 31021
104936 50462
111924 68075
62722 24
99195 75831
47817 3406
14170 0
64938 22281
82288 51143
103108 62282
94873 50462
27505 0
95142 73576
55852 32187
60903 0
71183 12602
70432 55038
50191 18040
69071 58444
72606 37141
57210 0
42079 0
83257 55451
86832 27591
35465 0
90582 38139
76489 23513
94849 50438
10627 0
96854 55038
15394 0
53196 0
81371 12246
87226 55038
60818 18040
60218 60218
54474 0
71706 21442
90521 46672
84666 47802
55038 55038
67213 9196
116044 42150
87226 55038
86020 25893
57337 15258
57337 15258
92343 63585
61673 24809
32440 0
109047 73000
80721 0
56803 25658
60903 0
77864 54510
60127 0
104152 63326
65730 65730
94706 36689
14597 0
17824 0
54193 11536
113323 79871
76560 62661
21566 0
100631 79065
0 0
57069 27447
25228 0
101623 87724
105355 70857
35921 0
77702 34924
37259 0
43052 17076
0 0
86363 82393
94873 50462
67792 55038
75952 75952
84894 37975
54474 0
22347 0
111866 50963
48054 43913
85027 85027
89243 89243
86941 41747
13895 0
69125 0
67201 0
109458 64730
26649 0
83792 47684
95918 52937
47249 9990
94256 64634
88352 73755
111024 55038
84121 41140
105355 70857
70432 55038
45194 0
56136 14682
100778 78431
5393 0
103160 72015
81682 67783
101623 87724
76831 32103
70711 70711
102905 50462
70800 33541
35465 0
36292 0
45194 0
60127 0
23665 0
54064 11807
95142 73576
91431 32190
75046 32065
45509 0
62158 3430
31881 4075
70387 55038
65443 65443
71507 46279
50462 50462
76747 55181
84894 37975
91718 48903
75952 75952
83503 33239
95101 80931
83503 33239
46798 18040
57416 57416
78776 18649
45373 25629
58444 58444
42981 0
110145 96824
102784 57590
111382 75917
113323 79871
60529 28031
3970 0
95613 14892
62603 26495
115160 115160
64491 19067
67066 24809
22347 0
82550 38139
105355 70857
115141 55014
87339 52841
115160 115160
60122 60122
42257 0
32498 0
71739 57844
57416 57416
76560 62661
73367 32189
136592 78218
86941 41747
54474 0
98885 55038
43913 43913
82288 51143
13895 0
14597 0
61520 19441
89084 65730
77864 54510
52122 1858
61503 47608
26488 0
50580 7599
57362 37618
32188 0
50191 18040
107370 80882
55038 55038
102062 86713
87339 52841
91090 63585
82906 60559
28758 0
73325 55014
99699 67548
88175 88175
81879 25893
36960 18649
35015 0
62698 0
91718 48903
89702 46887
88437 88437
125449 58248
73367 32189
71655 29576
85608 27591
23885 9990
68467 19225
65443 65443
86949 63585
12754 0
61953 61953
59903 33254
63585 63585
83483 83483
69125 0
100419 52837
36864 0
83483 83483
12754 0
73894 0
57812 43913
50003 22197
50809 24833
45410 8151
57210 0
25976 0
105476 105476
55355 0