17
44
46
50
8
35
41
6
18
24
23
7
45
39
46
4
35
34
100
79031836253224256 403892407826392155
735252656970688217 862517017735372690
349605673790716626 884231211323397498
311313828323011032 833602648461728910
243066965371541155 346848548059095385
152277249273347521 169985965991820825
877340150811453148 990252716479585473
254830500527698715 493628790741305825
114460941410282845 437499159995848391
147775649160426715 173586647602262282
5645390820990913 320085746690929313
17537296898803808 546989120841851418
189530503509760005 991931138518119258
170917482004554400 173883744836824582
314795169903753750 987764207278881044
477171629704179689 636980709937824710
394276185077914447 512386289928578382
197876108725152086 216383737842391130
466138709263476984 660136230095388364
179456171661176988 181688458605040201
65881568730899244 354962384381824635
121888385512320757 843539625332464374
87097759153320523 233476043468875049
108597709445472714 564255947158100138
32386612869773852 824401450680819612
197186714137063545 290166529188460372
561333696939437411 860152257572431817
6621970810038746 144433282415466966
557846766198544085 866697957335049639
72593796640130391 806303019297533575
351596284835281756 769139433024920362
178272050039658542 423425460414591910
328110299239917409 899281733811955406
536828649299034955 703461805791136297
82605117566161627 965383350740360617
180595054809537767 760282515749682821
170907660548413307 469456873519088548
217516789921251269 441733388617044965
4189824912411845 20982282644148542
83518947206362389 715998969231562902
499266306127377432 923457062967050476
432201163830186855 894428044436156383
10376127536613515 62875671818355271
121495892001755958 424005378996482885
400016594764264925 684170449586729081
224269874160592237 324598021943715403
785011237346579809 845877559493389653
235743510907967031 477091174826744397
174790988896407746 421252998050888631
135995418643803368 323472334421698041
24348793938775900 76066844088303183
48933765821325353 119453765903189774
179651533936415259 529318871775591674
150276585665778866 205726175495077464
269243051610803862 306154500614082227
10114115592019519 11031421376093777
10956088232383535 118075526778240477
32834910842676392 112913783440245332
327178372832676634 532826158357974910
175693276358629898 671293486760033208
4135235566788119 127070216125080619
109875420651193737 402927513576414058
193118985699481906 267917300178436489
241864596718796233 323989848824557369
27281514429980976 87935386353499153
389737683053440267 535604159440667033
99611247565447515 170346522645898470
10953301516053082 70478452513876037
211033342428414926 601399274815585202
138732873855374540 456288011471815995
245810783906493911 485455551968350902
201719498839887686 490201510015458260
12997688839723570 357561742216728388
68100694823628213 99793250908460356
22352811874760425 66278047553327800
516831950773632474 802069363398202492
115811046395415601 592847258022912244
48680714991884013 373394313085322724
103133297606421321 204496280675324195
210571335859304615 955668198384680649
172540447920149590 309967072998280211
103022092539553115 160794985365413352
459287748031674775 864397380717671734
101738291107272192 279625971525336657
642789942361760063 707751106704846302
371559408338521602 411087292086125637
41704657113863200 300380469871068128
142561210692863784 901365002608150861
362272353458542611 510992306220126131
8153307080576827 135090481286494548
30616687537915508 288216630884750647
20968076430698099 31559777880249439
347627149632118408 471618790351389967
235368001754700154 242350532988601591
483829998084948517 710817160250988141
296256694074533038 740318372025529974
76339463030187960 969305479263277612
834798389558209313 869979827782207983
21097685268580713 62843676741659619
253700235796896074 288003147508364304