18461
25841
36497
25840
36497
41177
46713
25840
36497
41177
46713
41176
46713
49513
51935
25840
36497
41177
46713
41176
46713
49513
51935
41176
46713
49513
51935
49512
51935
53489
54221
22197
33937
38618
44998
38618
44998
47799
50855
38618
44998
47799
50855
47799
50855
52410
53596
38618
44998
47799
50855
47799
50855
52410
53596
47799
50855
52410
53596
52410
53596
54377
54661
18550
31889
36569
43969
36568
43969
46769
50423
36568
43969
46769
50423
46768
50423
51977
53471
36568
43969
46769
50423
46768
50423
51977
53471
46768
50423
51977
53471
51976
53471
54251
54661
34522
42597
45398
49559
45398
49559
51114
52971
45398
49559
51114
52971
51114
52971
53752
54405
45398
49559
51114
52971
51114
52971
53752
54405
51114
52971
53752
54405
53752
54405
54746
54881
18550
31889
36569
43969
36568
43969
46769
50423
36568
43969
46769
50423
46768
50423
51977
53471
36568
43969
46769
50423
46768
50423
51977
53471
46768
50423
51977
53471
51976
53471
54251
54661
34522
42597
45398
49559
45398
49559
51114
52971
45398
49559
51114
52971
51114
52971
53752
54405
45398
49559
51114
52971
51114
52971
53752
54405
51114
52971
53752
54405
53752
54405
54746
54881
31960
41225
44025
48911
44024
48911
50465
52721
44024
48911
50465
52721
50464
52721
53501
54341
44024
48911
50465
52721
50464
52721
53501
54341
50464
52721
53501
54341
53500
54341
54681
54881
42997
48263
49818
52346
49818
52346
53127
54149
49818
52346
53127
54149
53127
54149
54490
54800
49818
52346
53127
54149
53127
54149
54490
54800
53127
54149
54490
54800
54490
54800
54921
54971
18550
31889
36569
43969
36568
43969
46769
50423
36568
43969
46769
50423
46768
50423
51977
53471
36568
43969
46769
50423
46768
50423
51977
53471
46768
50423
51977
53471
51976
53471
54251
54661
34522
42597
45398
49559
45398
49559
51114
52971
45398
49559
51114
52971
51114
52971
53752
54405
45398
49559
51114
52971
51114
52971
53752
54405
51114
52971
53752
54405
53752
54405
54746
54881
31960
41225
44025
48911
44024
48911
50465
52721
44024
48911
50465
52721
50464
52721
53501
54341
44024
48911
50465
52721
50464
52721
53501
54341
50464
52721
53501
54341
53500
54341
54681
54881
42997
48263
49818
52346
49818
52346
53127
54149
49818
52346
53127
54149
53127
54149
54490
54800
49818
52346
53127
54149
53127
54149
54490
54800
53127
54149
54490
54800
54490
54800
54921
54971
31960
41225
44025
48911
44024
48911
50465
52721
44024
48911
50465
52721
50464
52721
53501
54341
44024
48911
50465
52721
50464
52721
53501
54341
50464
52721
53501
54341
53500
54341
54681
54881
42997
48263
49818
52346
49818
52346
53127
54149
49818
52346
53127
54149
53127
54149
54490
54800
49818
52346
53127
54149
53127
54149
54490
54800
53127
54149
54490
54800
54490
54800
54921
54971
41280
47399
48953
51971
48952
51971
52751
54021
48952
51971
52751
54021
52750
54021
54361
54773
48952
51971
52751
54021
52750
54021
54361
54773
52750
54021
54361
54773
54360
54773
54893
54971
48522
51721
52502
53893
52502
53893
54234
54719
52502
53893
54234
54719
54234
54719
54840
54955
52502
53893
54234
54719
54234
54719
54840
54955
54234
54719
54840
54955
54840
54955
54986
54997
18550
31889
36569
43969
36568
43969
46769
50423
36568
43969
46769
50423
46768
50423
51977
53471
36568
43969
46769
50423
46768
50423
51977
53471
46768
50423
51977
53471
51976
53471
54251
54661
34522
42597
45398
49559
45398
49559
51114
52971
45398
49559
51114
52971
51114
52971
53752
54405
45398
49559
51114
52971
51114
52971
53752
54405
51114
52971
53752
54405
53752
54405
54746
54881
31960
41225
44025
48911
44024
48911
50465
52721
44024
48911
50465
52721
50464
52721
53501
54341
44024
48911
50465
52721
50464
52721
53501
54341
50464
52721
53501
54341
53500
54341
54681
54881
42997
48263
49818
52346
49818
52346
53127
54149
49818
52346
53127
54149
53127
54149
54490
54800
49818
52346
53127
54149
53127
54149
54490
54800
53127
54149
54490
54800
54490
54800
54921
54971
31960
41225
44025
48911
44024
48911
50465
52721
44024
48911
50465
52721
50464
52721
53501
54341
44024
48911
50465
52721
50464
52721
53501
54341
50464
52721
53501
54341
53500
54341
54681
54881
42997
48263
49818
52346
49818
52346
53127
54149
49818
52346
53127
54149
53127
54149
54490
54800
49818
52346
53127
54149
53127
54149
54490
54800
53127
54149
54490
54800
54490
54800
54921
54971
41280
47399
48953
51971
48952
51971
52751
54021
48952
51971
52751
54021
52750
54021
54361
54773
48952
51971
52751
54021
52750
54021
54361
54773
52750
54021
54361
54773
54360
54773
54893
54971
48522
51721
52502
53893
52502
53893
54234
54719
52502
53893
54234
54719
54234
54719
54840
54955
52502
53893
54234
54719
54234
54719
54840
54955
54234
54719
54840
54955
54840
54955
54986
54997
31960
41225
44025
48911
44024
48911
50465
52721
44024
48911
50465
52721
50464
52721
53501
54341
44024
48911
50465
52721
50464
52721
53501
54341
50464
52721
53501
54341
53500
54341
54681
54881
42997
48263
49818
52346
49818
52346
53127
54149
49818
52346
53127
54149
53127
54149
54490
54800
49818
52346
53127
54149
53127
54149
54490
54800
53127
54149
54490
54800
54490
54800
54921
54971
41280
47399
48953
51971
48952
51971
52751
54021
48952
51971
52751
54021
52750
54021
54361
54773
48952
51971
52751
54021
52750
54021
54361
54773
52750
54021
54361
54773
54360
54773
54893
54971
48522
51721
52502
53893
52502
53893
54234
54719
52502
53893
54234
54719
54234
54719
54840
54955
52502
53893
54234
54719
54234
54719
54840
54955
54234
54719
54840
54955
54840
54955
54986
54997
41280
47399
48953
51971
48952
51971
52751
54021
48952
51971
52751
54021
52750
54021
54361
54773
48952
51971
52751
54021
52750
54021
54361
54773
52750
54021
54361
54773
54360
54773
54893
54971
48522
51721
52502
53893
52502
53893
54234
54719
52502
53893
54234
54719
54234
54719
54840
54955
52502
53893
54234
54719
54234
54719
54840
54955
54234
54719
54840
54955
54840
54955
54986
54997
47440
51221
52001
53701
52000
53701
54041
54665
52000
53701
54041
54665
54040
54665
54785
54947
52000
53701
54041
54665
54040
54665
54785
54947
54040
54665
54785
54947
54784
54947
54977
54997
51877
53637
53978
54638
53978
54638
54759
54939
53978
54638
54759
54939
54759
54939
54970
54996
53978
54638
54759
54939
54759
54939
54970
54996
54759
54939
54970
54996
54970
54996
55001
55001