3659
2395
3364
3860
935
3709
1111
3254
3562
1113
3268
3827
1669
2358
2563
2386
3366
1575
3254
3775
1442
3374
3737
577
3478
3290
3812
1359
389
2497
3030
3391
3058
2595
3900
1738
1342
3260
3238
3370
99
1974
3270
1512
3403
2690
1360
3189
845
576
3208
3065
3276
1355
1584
3289
3382
3265
3655
2065
3221
3330
3357
3742
1249
3477
1731
2694
3375
3297
3695
479
3791
1198
3265
1512
3239
481
1342
3298
668
1471
3783
1486
3208
1361
3367
3628
3592
3208
3575
3026
3296
2640
3881
3298
1024
3900
1017
3361
2348
3862
3344
3322
3688
3125
3732
482
1013
3290
2599
3872
3634
3637
3162
2130
3810
3305
3294
1487
3900
3565
3140
3609
2674
3798
3363
3210
569
482
484
1684
3125
1740
1653
1898
1407
3209
3879
3097
3545
2578
3391
3272
3378
3183
1645
3306
2659
1678
2684
3254
3360
3337
1355
3162
846
1015
3241
3805
3338
3397
3222
2545
3146
3390
3690
1344
3697
3236
3691
1276
3357
1890
3019
3239
577
3758
3361
3324
1201
3395
2467
2346
1595
3399
3097
3867
3575
2055
3786
3575
2324
1274
2634
1442
3172
0
3742
3266
3297
2700
3805
3807
3259
482
3587
3239
3545
197
3761
577
3064
3357
3810
2690
3225
2668
3034
2326
1442
2719
1523
3601
1652
1684
1598
1425
3308
1350
2643
2564
3375
1094
3321
3593
1023
3193
3356
293
758
3627
3696
2457
3225
3280
3737
2612
2441
2060
3414
3776
1757
3889
3300
3223
1359
99
2273
3365
1352
3009
3338
3224
577
3271
3262
2106
3874
3257
3841
577
3223
2678
3073
1964
3523
3413
197
3310
3418
3533
3136
3350
569
3595
1444
1171
2357
291
989
3691
3357
3545
3274
2357
3290
1416
3858
3369
3881
3890
3339
3358
3038
3126
3638
3361
3324
3805
3368
3637
3392
3208
2405
3298
2689
3165
3857
2564
662
3370
3363
564
3374
3688
3190
3505
3595
3236
3092
1108
3607
0
3283
3306
3649
1523
481
1722
3748
2686
3232
3625
3195
1524
3328
2580
3356
1256
1444
3290
2476
2358
1112
3239
3252
3821
2539
1548
3375
3224
575
1563
3732
3294
99
484
3410
3773
387
3145
1775
1332
577
3541
3109
3607
3708
3379
1349
3202
3386
3822
3401
99
577
482
3334
2650
1498
3323
3289
3371
3153
1650
99
3283
3239
2668
1447
389
2608
2689
3328
3688
666
2689
0
935
387
99
1674
2612
2644
3586
3167
1675
3406
1682
1179
3867
3393
1427
3655
3178
2004
2476
2699
3314
3791
1678
2288
3832
2651
2650
3326
2650
3193
3298
3252
3773
3104
3280
3045
291
3281
3393
3385
482
2705
3667
3518
3289
1685
3274
2442
3622
2415
3307
3254
1728
3707
3858
3319
3394
3169
3206
99
3377
3688
2417
3324
2680
2704
3298
3288
3310
3638
3304
3339
3372
3518
481
3694
3173
1416
2634
2225
3350
3070
3689
3342
3497
3302
3575
3805
3805
3239
0
1664
99
3092
1475
3357
2692
3257
1016
3378
3253
1244
3162
482
3293
3382
2550
3748
1366
3837
2620
1436
3284
1429
3250
1255
1676
1175
3310
3252
3473
1429
1681
2624
3721
1776
3378
1274
759
3398
3187
909
2405
3721
3377
3314
2674
573
3097
2386
3223
3310
197
2258
2700
3308
1342
3213
389
99
3358
2064
3867
2004
1890
3311
1596
1361
3314
1115
2687
1112
1277
3788
3287
1724
3840
3272
3105
2386
3127
3208
3058
3450
2552
3230
3368
3625
3394
3748
1357
1740
3065
3812
3298
1912
3355
3186
759
2358
3270
3236
2664
482
3092
3689
3332
3394
3090
1599
3299
3360
3370
3253
479
3810
1498
573
1448
3162
1498
3321
3213
3310
3406
1497
2640
1658
3805
1651
3545
3362
2288
1023
3736
2258
3287
1358
1024
197
2358
3244
834
3885
3305
479
3307
3497
3870
3205
1608
3330
3393
3146
2610
3299
3859
3176
3290
2191
3377
99
1841
1740
3838
3745
576
759
3379
475
197
3378
1548
3208
3310
2563
3782
0
757
482
1433
3305
3176
3314
1475
3068
99
3195
2064
3254
3123
3080
2467
3162
3376
3706
3287
0
3299
2258
3344
2579
3693
3523
3772
3274
3807
1024
1679
1487
575
3089
1491
3085
293
1018
3064
909
3290
1112
3311
1366
483
3396
2620
3162
389
3239
3407
3162
665
3330
840
2690
3386
0
3294
577
3035
3356
484
1016
1015
757
577
197
3254
484
2678
1524
1444
3034
3361
3153
3036
3328
840
3284
3283
197
3811
2258
3821
2640
3279
1417
3215
3273
3347
3287
2639
2339
2445
3805
3364
2552
3208
839
1928
3496
3850
1175
1638
3253
3330
3856
2639
1717
3104
2619
1823
2578
1015
3861
3236
1880
1512
2668
3413
2087
2677
3778
3775
1092
3382
3239
1273
1442
3209
3702
3193
2689
3322
3280
1452
3323
3373
3145
2128
1442
662
3664
3079
576
3378
3298
1444
3306
3566
2677
2674
2651
2620
1354
3069
2045
2978
3797
3353
3695
1895
2644
3809
3449
2616
666
0
3396
3631
3313
1915
1429
1110
3140
3326
3210
3223
3321
3791
3274
668
1444
3795
3695
2612
3401
3275
2716
1354
668
387
3302
3361
3723
3391
2608
1017
3283
1269
3065
1433
3450
2641
3167
3333
3373
3495
3293
384
3306
2640
1407
3880
3208
2550
935
3719
3330
3572
1450
1264
2699
3130
3362
2649
196
3394
3136
3366
850
1442
2066
3246
851
3175
2016
3034
1452
1366
3289
3286
3153
3402
3378
1676
3109
2386
197
3315
1193
2549
3335
3627
3302
3786
1425
3213
2288
3309
575
3372
3593
757
2696
3372
1904
753
3338
3298
3153
389
1016
3602
0
1496
2004
3348
3347
3287
2545
743
2668
3310
3140
3717
2620
1425
2690
573
482
197
3199
479
1535
3238
3341
3354
3352
3326
1407
3363
196
3377
1652
3254
3308
3821
2668
3808
3303
1548
3586
3857
1433
0
3288
99
2542
2524
2716
3450
2665
482
3239
3359
3157
2580
3316
2064
197
3208
1740
3294
1270
3306
3337
3042
3302
3361
1603
2288
3207
3151
3185
2994
3791
2407
3353
3810
667
3810
3809
2450
3567
3396
1024
3304
2533
1498
1548
3665
834
1429
3153
2619
668
3283
1366
3781
1415
3293
1906
1354
3368
99
1361
3380
1354
989
3167
3740
197
294
1271
3283
1342
482
3027
1674
3655
389
3693
3383
3058
3385
1669
3154
1108
2620
3065
3861
3355
3363
3757
99
482
3239
3804
3387
3302
3470
935
2128
0
2476
3635
2657
3331
573
3396
3270
197
839
3294
3077
3019
1363
839
197
3575
3099
3892
3364
1363
3809
3378
1752
3370
3325
3383
3308
1408
3722
1175
1363
3079
929
2551
3799
3227
3154
3766
3384
3378
1367
749
3775
1016
3265
1439
2288
1360
757
3308
3306
2635
3061
3308
3344
3322
2550
3308
3232
3289
578
3391
3691
3370
3545
2049
665
99
3606
3223
3371
3125
3297
2719
3281
3178
3153
99
3316
2450
668
3567
573
482
3239
2553
3384
3382
3692
3378
2545
2595
3352
840
3357
1013
3236
3412
3289
3300
482
3450
3254
760
3377
3366
3297
388
3607
3162
2639
3712
291
3279
197
2639
2564
3694
3336
1909
3796
3137
1629
3371
3657
3709
3698
1733
3575
1340
1016
3188
3343
3392
3865
1028
3004
3015
3408
3208
3751
3763
3900
3360
3310
662
0
3341
1015
3294
1650
3302
3384
3283
3354
3092
2395
1270
2329
3838
3352
3196
3792
3271
3309
1408
2288
3787
3266
3385
3188
3387
3785
3368
3593
668
3154
3288
3303
3208
1274
1217
3067
2699
3225
196
3635
1981
3236
3264
1678
3779
935
2616
1914
3273
2688
1442
3130
577
3807
3773
577
3593
3306
482
3368
3187
3254
1332
3148
3175
3304
3411
3310
3090
2056
2288
3066
3223
3373
3366
3368
3371
2358
3068
1018
2634
1881
3018
3208
3330
3060
3265
668
3367
666
3673
3009
0
1111
3314
3586
3204
2564
3224
2644
2105
1650
3310
1814
3569
576
3476
3354
3364
3708
3805
2650
1681
3310
2250
2644
3063
1014
0
2245
1682
1683
1441
2636
3193
3208
2114
3308
3364
2705
3588
3284
99
3092
2634
3303
3221
3372
2508
3140
3762
1439
753
3153
1332
3224
3138
3396
3236
839
3239
481
2031
2594
1898
3374
1095
3611
1451
2701
1711
99
1361
2643
3356
3224
839
3238
2563
1016
1497
3799
1599
3396
3737
3294
1682
1018
3775
3354
2636
482
1010
3299
3224
3849
3310
1596
1028
1512
3477
3307
3367
2424
3289
3810
3239
3355
3208
3190
3345
2465
3359
3265
3863
3303
3312
3370
3209
3796
3696
1275
3401
3593
197
3401
3810
3357
3505
1847
2225
3328
1352
3365
755
1664
2630
2696
3315
1498
3283
1658
2714
3148
754
1028
3342
3592
577
3450
482
3707
3376
2678
0
3751
2358
2557
3378
2684
3402
3097
3148
389
3167
3385
1103
3377
99
2358
1697
2553
1906
3775
3274
3254
3286
3793
3758
3321
99
3861
3295
3109
3492
3162
0
1016
1267
3223
3845
2468
2615
3614
99
1726
1984
1016
3364
3344
3861
3587
482
3162
668
482
3096
3215
3643
2595
3382
3636
3283
3266
1984
1650
3478
1753
3804
3268
3723
3188
482
3750
1491
3232
3297
3288
3370
3162
3569
3608
1274
3503
3377
3636
3477
3416
3303
3331
1175
1108
3806
3387
3693
1439
3302
3368
3376
3274
3272
3223
3792
3305
3806
3856
2079
1014
2676
3712
482
3061
3273
1678
3880
2613
3232
3349
3829
3208
3208
2711
3236
3377
3322
1647
3273
3295
3709
2383
2358
482
3321
3303
3394
3286
2982
2659
3812
3533
3779
3396
3306
2288
3305
2139
3358
3220
1332
3889
3368
3659
3689
3720
3829
2384
2273
3055
3811
989
3293
3195
3718
2642
1027
3888
3356
3224
2644
2693
1016
3594
3402
3364
1490
2358
3238
3310
3213
3155
1580
1569
3595
1715
1408
3339
2690
3357
1684
3254
3298
575
3289
3209
3298
1408
3807
2004
0
3689
2420
1277
3842
1487
3358
3809
569
3504
3413
3577
3637
3285
3224
3811
2137
3293
1676
3540
3259
3304
2225
3887
3782
2458
3345
3806
2676
3049
834
3272
3239
2277
757
2620
3888
840
3412
837
0
3877
389
2277
1217
0
3239
3253
3327
1653
3292
1682
3362
2476
2698
1331
3358
1447
760
2580
484
2642
3161
3287
2564
3083
3805
577
3142
3310
99
3396
577
2484
2660
3732
3141
2524
3862
3814
3867
3337
3888
2087
3208
2640
1359
3201
3305
3299
3100
1111
3304
294
3358
1347
760
1659
3402
2567
1564
3310
3300
2690
3154
99
1344
3301
2698
3360
1643
3402
3262
2695
99
2690
2358
3789
3140
3779
3208
2594
3307
2684
3645
1256
3697
1433
3792
3319
3863
2262
2698
2458
3287
1114
3307
2288
3781
3232
1671
3266
2448
3594
3221
3586
1348
2659
481
3592
3394
2696
3169
3394
3373
1596
294
3688
578
3856
3721
3253
2476
1091
99
3311
840
3138
2599
997
482
834
3374
3221
3224
3371
2651
3287
1658
3154
2628
3140
1268
3393
3308
1347
3283
3310
2595
1913
3697
662
3889
1600
1276
3193
3105
3237
1341
3325
3269
3390
2386
3329
3691
3326
3418
482
3534
3211
1604
3322
2448
3155
1273
2978
3308
1104
2340
2385
196
1429
1194
1114
1274
3155
3208
3336
3351
3201
3283
2338
3406
482
197
2640
1357
2620
1028
1184
2597
3546
1498
3293
3392
1186
2358
1823
1512
3205
2644
2634
0
1441
757
2439
2677
3314
1732
2719
2447
3424
3594
3356
1572
3353
1665
3696
3318
2539
3206
3339
3779
3683
3259
99
3784
3319
1182
3306
1191
3600
3322
3364
3337
482
3381
485
3378
3607
2613
2708
482
3329
2670
3323
3804
99
3530
1442
3812
3253
3329
3840
1108
1332
1548
1668
1256
1354
3357
3153
1016
3152
2442
1439
3274
3380
3779
2687
3324
196
3397
0
3213
3284
1442
3326
3307
1191
3203
3210
3324
0
3796
293
3347
2716
3875
197
3342
1726
3318
3671
2043
1024
3357
3388
1267
3303
2620
564
3351
1026
2464
3162
0
3359
3365
3383
3074
2470
3737
3775
3635
99
1498
3066
197
2978
1014
3565
3307
0
3302
3360
1270
2533
3638
3295
2040
3201
3157
3104
2650
3295
1108
3770
3396
3209
2339
3331
3315
1029
578
2981
3809
1444
1512
2698
3238
1023
3364
1669
3546
3302
3309
3295
3401
3252
3015
3273
3108
0
2604
3403
3364
1449
2031
3781
2580
2708
3244
3208
3330
3856
3329
1684
2358
2696
3154
1650
1651
2467
3318
3360
3807
2668
3274
3394
3351
3211
3799
3607
3354
1097
3305
3725
575
479
3791
3224
3207
1738
1475
3268
2065
2273
3378
3401
3402
3311
3377
573
3290
3278
3294
99
3880
3304
3782
1256
2646
3254
3268
3382
3393
3254
484
2621
3780
3621
3318
1448
197
1415
3355
569
3625
1363
3460
3702
3123
1988
3370
3729
3840
3375
3715
3829
3395
3264
3137
3882
3268
389
2386
3208
2680
3367
3225
1334
3018
3781
1493
3130
3460
667
3827
3089
3321
3293
2719
293
1685
757
3330
2641
2696
2698
1363
3022
846
1563
3316
761
3148
3383
3406
3250
3345
3090
1697
3332
3893
3805
1367
3688
3742
3795
3358
2548
3478
3288
3620
2358
1352
3208
3318
0
3356
2639
3294
3324
3565
3318
3259
667
3269
3372
3618
3370
3216
3390
3266
3337
2288
3187
3209
3308
843
1277
3390
2531
3873
3405
3190
3252
1349
3331
662
482
3891
3252
3883
3341
3575
3366
3575
3268
757
1332
3333
3254
3091
1192
1853
3745
3194
2549
2211
3683
3418
2273
3162
3478
3277
3064
2716
1441
2288
3238
3299
3254
3880
2324
3576
3310
2274
3709
3274
3378
669
3367
196
3342
3687
3277
1016
3373
479
388
1557
1350
3298
3410
2277
3727
3364
1545
3779
3707
3370
3315
482
3374
2065
3190
3310
1890
3321
2620
1889
3336
3505
3450
1024
2580
0
1350
3845
3673
3778
2628
3323
3818
3213
1439
3343
3392
1681
3685
2668
3071
3422
3781
2633
3266
3378
0
3398
577
3320
3323
3779
3861
3238
3366
1672
3798
3709
3009
2570
3737
1928
1491
3799
2288
3355
3257
3860
3351
196
3595
3405
3304
3378
2634
3784
3685
1580
1441
3715
1440
1675
3303
1256
3378
3382
1728
1717
484
3322
3357
3860
3313
3281
3235
3781
3386
197
479
2612
1360
3209
3427
1407
1429
3038
3152
3306
3300
3074
1442
3283
2445
1717
3352
3877
3254
3304
3008
3692
3816
2324
3692
3626
3309
1974
1028
3706
197
3236
1659
3722
3382
99
1097
3224
197
3384
3310
3769
3266
387
2650
668
3370
845
2680
99
3224
3224
2004
3779
1363
3450
3310
3805
2225
196
3075
3384
3074
3374
3290
1010
3241
196
3827
1713
3567
294
3224
2690
1697
3199
389
3324
3008
3809
1738
3709
3357
1978
3478
2258
3575
3253
3476
2665
3302
3321
1356
3285
197
1984
1679
197
3791
3386
1512
1190
3387
1276
482
3239
3296
3038
917
3238
1023
293
2634
2348
1361
2065
1367
3750
3566
3272
1011
1195
1545
3201
3207
3343
2692
3717
2288
1421
3299
3413
1553
3210
3189
3873
1358
3394
2631
3376
3238
3208
479
1017
3322
3084
3074
3715
3221
3374
3743
3290
3366
3017
578
3176
2550
1182
0
3712
3053
2281
389
2689
1103
3278
3900
3202
3772
3278
1599
3220
3252
1024
1738
1679
2651
3856
3840
3208
3858
197
1429
3361
3649
3652
3567
3367
3791
3210
3357
1256
3227
1726
3292
3295
3202
3322
2578
2315
1442
3180
3310
294
1682
1302
3696
3321
3318
3719
3063
3350
3824
479
2660
3153
482
3294
1757
3324
1450
3691
2288
3008
3267
3009
3128
3090
572
666
1426
3775
3333
1754
3096
3289
1367
99
1928
3315
2696
3034
3139
2663
1016
2056
3631
3052
3291
2649
3295
834
1831
3901
3350
1496
2245
3335
1656
3802
3042
197
3779
3378
99
3300
2000
3353
3798
846
3037
3374
3359
3872
3524
3099
3289
1021
1651
564
1358
2288
2704
2066
3252
99
3337
2664
3379
3176
748
3322
3800
3339
3595
666
2978
3173
2636
3323
1274
3523
3627
3637
3688
482
3384
3190
1186
3394
1979
1198
1028
3335
3357
3869
197
3720
99
1433
665
1600
3347
3867
3269
2467
1352
1351
576
3156
1111
3316
3373
3392
3372
3268
3748
3278
3338
3625
1823
3324
3571
3300
3280
3382
839
3137
1014
3323
577
1548
3413
2358
3306
577
3250
2386
1651
1749
482
2340
3638
3304
1097
2595
1452
3338
3824
3587
3779
2665
1512
3339
3348
1652
3283
3357
0
3503
2419
1429
3318
3254
3410
3194
3378
3376
3085
3208
2597
197
387
3326
3223
3377
1667
2677
3374
3287
2634
2078
3860
1360
3239
3697
3406
1357
3786
2663
3207
3283
3306
2593
2513
3239
1682
3266
2358
1020
3796
2069
3074
2714
1738
3836
2982
3380
3241
3592
3330
3210
3091
2684
3302
3371
1021
3239
3009
3310
1653
668
3891
3307
3692
3224
2706
3712
3375
3354
3329
482
3827
2635
3193
1403
3208
1595
2705
1360
3314
3295
1738
3390
668
481
1753
3734
3251
3303
935
3620
2065
1666
3545
1715
3394
3361
293
3386
3372
3361
3225
0
1928
2609
3316
1854
3724
3413
932
2994
3224
3287
3283
1024
1018
2470
2547
2719
3301
3286
3346
3901
3385
3673
482
3593
3301
3780
3350
0
3207
485
3254
3725
3709
3127
3156
3311
3385
2357
3372
3253
1650
2664
1354
3148
3329
3811
1653
3685
2628
2457
3193
3148
3300
3125
2493
1889
3334
3145
1545
3478
3230
3308
3271
3392
1334
294
1332
1350
2580
3327
3186
3127
1278
3839
3371
3791
3580
3873
3305
3346
479
2677
3359
3672
3783
2698
3290
3688
3363
479
3611
1748
2720
3331
3254
2358
3634
3418
3885
2636
2612
1276
1733
2563
3809
3044
3234
1581
2720
1748
2613
3278
3620
0
3379
1114
1190
3092
2625
3869
482
3371
3593
3381
479
3575
3179
3732
1989
3371
3324
2640
3318
935
3272
3302
293
3841
0
3864
2315
3239
3781
2659
3267
2252
564
3052
3560
3300
2358
1964
1684
3329
1644
3399
3649
819
3246
3342
3300
2542
3814
2277
1650
3211
3162
3351
0
3208
0
387
3550
1915
3352
3367
577
3368
3607
197
1024
3800
3375
3622
3745
3035
2637
2641
1331
1256
3145
2679
3266
3595
3253
3369
1535
3859
2564
3715
3279
3312
389
482
668
3187
3274
3361
3322
2448
3279
2405
3395
3054
3689
3504
3569
3779
3406
2258
3374
3280
3393
1606
1275
2465
3054
3289
3160
578
1664
482
1342
3519
3350
3761
3139
2358
3257
3308
2127
3091
3402
1493
2689
3372
3419
3349
3208
2349
3009
2609
3872
3478
3168
3266
3289
3321
1902
2497
481
99
3208
933
2130
387
1928
1821
3461
3742
3063
759
1442
1276
3239
3278
2358
3729
668
2068
3283
577
481
3109
2563
2445
3371
2677
482
3390
3356
3018
3202
3359
3837
3033
3322
3425
3294
2358
3124
2687
3353
3293
1512
3657
1429
482
3264
3470
2651
3737
2386
482
2632
3575
3273
3305
3300
1360
3190
1331
3568
1535
3406
1256
3224
3689
1363
3778
2639
1548
3239
1658
3236
3393
3015
3291
196
3354
848
3331
3745
3300
3341
1019
3130
2495
484
1196
3634
3303
3742
3607
3307
3707
2511
3315
1270
1498
0
3518
3372
3818
846
3065
1441
3477
3476
1572
3054
2628
1275
3391
2676
3254
3561
3309
1349
3461
2049
2651
1027
3193
3293
3870
3322
3295
2640
3137
3310
2004
3331
2635
3345
3326
2620
294
1451
3353
1198
2114
3268
99
3241
2634
3567
3208
575
657
1340
3696
3811
3237
2079
3377
3139
3695
1684
3308
2634
1593
3322
2563
2684
3396
3364
3193
3562
484
3155
3496
1113
3852
3603
3776
1584
3801
3879
3333
3742
3717
3294
3283
3345
760
2609
1429
1854
2552
3307
3770
1512
3091
3145
3565
3298
1020
3142
99
99
1889
1024
2633
1684
3402
3293
3707
3156
3361
3837
0
3173
2548
3717
1178
1598
1018
3882
2718
3266
3313
2639
3267
1976
2699
1604
3565
2439
3605
3781
3545
3618
3207
3146
3067
2054
3270
1269
1256
3295
3811
661
1018
3357
3288
3283
1012
3322
3266
3146
3791
3316
3167
2564
3450
754
3761
3360
3352
3545
3358
1524
3259
3337
2550
3306
3198
577
1417
3384
834
3373
3782
3356
3290
479
3796
3709
2710
3332
2344
2524
3476
3689
3308
3346
3589
1666
3015
3406
293
3856
3198
3377
3315
1276
3721
1487
3369
3715
2137
3360
1981
3276
662
3368
389
1408
1263
3305
3687
2642
3631
3540
3743
3715
3873
3806
1684
3223
3379
3316
3722
662
1584
3322
3201
3810
3286
3356
1255
3806
3082
3308
2644
3497
2580
3309
389
1342
3758
3357
3079
387
757
3329
3208
2004
2138
3254
3370
3065
3402
3097
3302
668
3284
3322
3294
575
1697
3079
752
3886
3397
1277
0
1256
3307
3224
196
3328
2564
3809
2048
1596
3254
2338
3136
3139
3303
3719
662
1016
2689
3635
3618
3308
0
3693
3305
757
1352
3655
3092
3784
759
2634
1651
753
3287
3877
3153
3239
1658
3310
2635
1342
3355
3288
293
3273
2994
3402
3372
1024
3782
2707
2595
3407
3288
1348
1914
3274
3353
3278
3384
2634
2419
99
3253
3254
3175
3315
3378
1429
3145
2000
3304
1559
3238
3805
3289
3295
3140
3773
3275
3354
3266
482
1256
3184
1447
1442
3889
3809
0
3193
1407
2694
3339
1683
3320
3301
1273
3223
3180
1020
482
479
2619
3394
3254
1171
1270
3811
760
1965
3380
387
3735
3382
3369
3267
3298
1112
1685
2613
3870
1988
1740
1488
850
3407
291
1356
1171
3842
0
3224
3698
3289
3302
3224
2078
99
1429
3372
3211
3549
1608
3876
3808
2395
1175
3720
743
3309
1568
1348
3406
1364
3863
1098
3802
3890
657
3272
1274
1362
3246
3779
2651
3542
3864
3404
3281
3298
3373
2603
387
3306
3355
1255
3812
3798
3749
3274
3715
2411
1105
3328
3781
479
3323
2275
3680
669
2448
2613
3723
1850
3529
2620
291
1175
3239
3021
3688
3323
760
384
3373
3104
3772
3209
846
760
0
2358
1727
3584
3387
3379
2465
2244
481
3391
3653
3045
1360
577
390
3478
3523
3818
3791
2386
384
3865
3564
3300
3228
3827
754
3297
3316
1101
3688
3373
3195
3326
2497
1684
3137
3410
2696
573
837
1729
1349
3287
3265
3208
3202
484
3155
1341
3518
1758
3690
3411
2710
3359
3890
1112
761
3607
1270
3748
3648
3064
2704
3318
3257
479
3688
2244
3827
3300
3326
3342
3253
3378
1535
2079
3575
1196
1674
1429
1684
3294
1752
3838
3833
2684
1366
575
667
3779
1685
3208
2651
1498
2982
3367
749
481
2982
3687
3260
3345
3253
3054
99
3307
3267
3327
2704
3208
3223
3308
3375
1256
3805
2579
3308
2982
2691
757
3762
3236
1438
3832
1194
2603
3068
3328
2580
1847
3622
1644
3273
3380
3154
3477
2701
845
3068
2445
2464
3038
3304
3201
2702
3286
475
3377
3359
3278
1854
1093
3769
3305
1524
2288
3890
3266
3053
3299
1895
3223
1442
2636
3283
3737
3212
2609
3130
2250
3748
3725
3805
2467
482
3376
3427
3800
3257
3721
3476
3293
2698
2698
2714
3888
1676
197
482
1256
3309
3408
3097
3775
3105
2707
3810
1194
3294
3297
989
2634
1487
577
3210
3310
1652
3077
1745
3793
3687
0
2386
3208
3202
2004
3081
3319
2004
3204
291
3263
3383
3137
3201
3745
483
3530
3622
1609
2495
1012
3594
3363
3162
3394
3162
294
3356
3042
294
3210
3153
848
1580
2981
1733
1926
1097
3364
2620
3337
2683
3719
3748
3283
3304
3309
2639
3176
3692
1344
3737
482
3761
3403
3305
99
3236
846
1507
3387
2624
3778
2670
3277
99
3795
0
99
2684
2326
932
3310
3323
3391
3287
3289
3277
3807
99
3386
389
2386
3735
3377
99
1738
2636
3565
3254
3265
3727
3357
1022
3388
3303
3169
839
3306
3309
1342
2633
3575
3731
3208
3809
3798
840
389
3374
3336
293
196
3254
3141
3390
3199
2981
3722
1274
291
3309
3309
3407
3290
2273
3893
3262
1823
3308
3263
666
3394
3168
482
3564
3690
3290
3783
3378
762
3306
3322
1415
3364
2695
3568
3672
3372
3348
1399
3654
3378
3348
1018
3898
3791
3304
3308
196
3309
3357
2621
3286
3589
3413
3042
3635
2702
1200
3414
1403
3847
3193
3351
389
2710
3297
2594
2340
3208
3631
3302
99
3108
845
1415
3225
3834
3324
1498
3316
1650
3309
2646
3199
99
2643
3344
2612
3364
1113
1023
2696
1964
3148
479
3272
3109
3783
482
2513
3302
1097
484
3477
3238
1015
2692
3349
3091
3358
3849
3378
3222
3290
2628
3337
1184
3140
3633
668
2223
2315
1358
2174
3500
3539
197
2545
3408
1524
3307
3791
1971
482
0
3718
99
3208
3638
3357
3042
3011
2694
3310
3342
3137
2636
3294
3278
3719
3530
2386
388
3564
1740
3308
3132
3339
2671
3393
3357
573
1600
1638
196
3827
3060
3405
482
1448
1736
3332
2564
3280
3393
3057
3330
3359
294
0
1598
3359
2564
2417
3320
1343
197
3329
3222
3677
3283
387
293
3238
3187
3461
665
2650
1275
3734
3608
3200
3090
850
3359
3306
3271
3879
3332
3223
3190
3847
3359
2978
3859
0
2673
2324
3287
2668
3406
3361
1360
1926
1024
3162
3884
3657
1196
2497
3565
481
3306
3254
2651
1355
3359
3526
3717
3277
2558
3876
293
1429
3308
2982
3394
99
3308
1360
3329
3279
3290
1553
1667
3380
3201
2522
833
1721
1609
1113
1342
3688
389
1015
3321
3293
475
3208
1270
3712
3568
3366
1101
1412
1269
3720
3357
3303
1196
3364
1974
0
757
2358
2065
1018
3737
3866
1659
3375
2651
3378
2612
3319
3772
3750
3805
3686
3850
2043
3232
3375
3190
3359
3292
3758
3602
3367
3298
577
1974
2696
3315
3227
3355
2564
3708
1451
2417
3365
3308
665
3300
3644
3683
3280
2358
3384
3038
3009
2700
3031
3564
3274
3324
3688
3337
3262
3298
2682
3607
0
3368
3403
1011
3721
2523
3064
3409
3088
3210
1512
0
3015
1656
3351
0
3587
3367
657
3280
3330
1653
1584
1674
1101
3338
2620
3807
3542
3275
0
3074
3268
3688
1475
1681
1363
3295
3470
3838
2604
3564
1524
3288
3840
3148
1302
1840
1497
3283
3273
3140
3811
1752
2564
3196
2721
197
1573
2549
2634
3154
1256
3236
1451
1447
2700
577
2635
1355
3298
3872
3279
3862
196
3575
2720
3798
3304
196
3254
3373
3626
3393
3353
1684
3725
3425
1413
3696
197
1429
2409
1754
3153
3586
3322
3265
1217
387
3356
3595
99
3355
3193
0
3557
1487
1012
99
3770
3476
197
3321
3340
3809
3337
3808
1352
3074
3358
1498
3224
3303
3157
3267
3608
3034
1196
3213
3401
3427
2065
3450
3398
1269
1178
3254
757
3888
3852
2065
3288
1442
916
3528
3337
3341
1656
3812
3888
3393
3655
1898
2982
3840
2578
3885
1451
3805
3811
3068
1748
3840
3357
3026
577
3202
3806
2288
3775
3775
3295
3416
3801
3381
3200
1596
3864
1493
3124
3199
3334
3348
1429
1487
736
3278
2696
2551
3364
3791
3308
3399
2982
3392
3372
3575
1656
1724
1016
3290
3337
2497
3371
3207
3287
743
1912
755
668
1727
3162
3371
3842
1682
3772
3339
3364
3792
3626
3209
3349
1535
2359
3402
1108
3308
2442
482
1733
2386
1601
1491
3290
3782
3303
3223
3060
3737
3323
1682
3648
3125
1442
1668
1676
3383
1444
3568
3293
3810
1360
757
3476
3323
3148
3345
3316
3367
3805
3356
3223
1273
578
3315
1417
3074
1421
2690
3344
2613
1813
3749
2700
2564
1334
3302
3364
484
3786
3277
3236
3685
2476
3649
2252
3652
3531
1366
3261
3311
3324
1018
3208
3737
1018
3889
3697
3385
3315
3788
3193
752
3367
3239
2563
2650
577
1108
1498
482
1928
1898
3231
1604
3239
1017
3649
3356
3392
2702
1342
3373
3637
1487
3773
3208
3358
1749
3384
2710
0
1408
3221
2609
1524
759
3523
575
1186
2277
99
662
3821
1270
197
840
3148
1720
2575
3190
3638
3254
479
3210
1348
3621
2547
3303
3362
3367
2641
3104
3310
99
3213
3272
2597
3251
2625
3141
1915
3339
757
3805
2273
3289
2690
1663
3145
850
2513
3394
3326
3064
3283
1098
3153
3048
3304
668
2565
1490
3297
3208
390
1429
3305
3288
3693
3239
3280
3316
2465
0
3297
3356
294
1348
3655
577
3502
840
3267
197
3761
2608
3309
482
2609
3350
2055
3322
3295
3317
3318
3779
3388
3372
1429
3273
3300
3355
3393
3079
1016
3311
0
1217
1450
1723
3148
3138
1175
2595
2447
1429
3287
3560
3568
3162
3367
2636
3259
3278
3374
3328
482
3207
3338
2634
0
294
3791
482
1171
1263
3767
3175
3079
2137
1732
1667
2127
3157
2674
3223
3208
3708
3141
2708
3364
1444
1024
3326
3205
1444
293
3305
3769
3378
479
3176
3848
834
3396
3277
3853
3898
1010
3593
3287
2139
657
1477
1650
3519
3294
3726
3287
1441
3079
3314
2329
3211
388
3148
3834
3031
1439
3779
2339
1608
3278
479
3504
2288
2467
2497
1596
1512
1334
3779
1487
1452
1776
3092
577
2636
2649
3857
3393
2694
3057
1854
3273
2524
3328
3522
3263
3625
3860
3132
3883
3811
3836
2707
3254
3575
3299
3373
3253
575
834
1178
1559
3259
3288
3773
2640
3241
3067
3097
3775
1018
3359
3351
3148
3184
3208
2424
3231
3347
1348
3653
833
3299
3293
3352
