1000
101 102 103
675 418 141
375 199 4
239 299 339
740 753 747
199 532 845
346 236 106
233 283 313
220 165 90
563 647 711
252 374 477
557 687 798
541 298 36
679 532 366
533 404 255
477 403 309
396 634 852
313 510 687
292 232 153
587 575 543
151 102 33
649 526 384
398 219 21
526 329 113
732 791 830
643 552 441
728 435 123
802 622 422
159 380 582
840 776 693
837 637 418
154 279 385
422 480 519
225 505 766
724 778 812
409 652 875
897 563 210
411 439 447
283 170 38
560 373 167
868 595 303
608 688 749
427 479 511
271 464 638
245 264 263
483 368 234
681 669 637
671 473 256
308 612 896
122 137 133
808 706 584
108 466 805
794 667 520
352 275 178
610 347 65
345 497 630
420 273 106
531 725 899
669 771 854
638 336 14
218 229 221
300 609 899
11 51 71
307 323 319
68 259 430
504 276 28
114 373 613
886 483 60
285 321 338
238 152 47
455 555 636
677 786 876
794 587 361
875 729 563
315 500 665
629 591 533
39 44 29
585 353 102
152 532 892
421 330 220
474 260 26
301 454 588
691 499 287
701 424 128
677 394 91
175 214 233
779 401 4
261 477 673
365 310 236
336 544 733
54 95 117
366 265 145
146 134 103
247 283 299
96 418 720
571 606 622
798 421 24
363 486 589
311 247 164
769 439 89
255 159 44
374 264 135
101 378 635
808 647 466
23 170 297
299 198 77
466 602 718
222 427 613
821 681 521
64 76 69
342 524 687
692 476 240
712 469 207
882 538 175
371 571 751
264 455 626
848 779 690
813 441 49
425 609 774
567 518 449
223 131 19
578 643 689
737 805 853
454 592 710
474 532 570
780 834 868
358 501 624
209 225 222
831 521 191
397 385 354
94 414 714
132 97 42
504 285 46
91 96 82
872 801 711
531 373 195
730 505 261
36 311 567
214 362 491
429 595 741
161 245 309
709 650 571
85 61 18
793 440 68
261 312 343
422 425 408
209 418 607
450 591 713
653 633 594
795 746 677
405 451 478
872 589 287
740 410 60
854 490 106
551 477 383
847 790 713
745 737 709
384 643 882
779 564 330
103 158 193
673 635 577
601 751 882
284 253 203
747 428 89
849 782 695
766 596 406
325 567 790
693 465 217
851 759 647
324 423 502
183 263 323
367 233 80
184 504 804
62 73 64
234 235 217
257 168 59
795 412 10
93 146 179
213 562 892
269 226 163
739 473 187
621 403 165
78 256 415
382 241 81
214 496 758
635 526 397
234 178 103
529 509 470
7 335 644
534 423 293
861 862 843
404 590 756
853 685 497
36 111 167
541 459 357
382 391 381
544 333 103
546 620 674
518 309 80
755 780 785
891 701 491
282 289 277
646 765 864
747 710 653
608 505 382
98 343 569
377 449 502
426 388 331
151 342 514
550 657 744
871 461 32
225 406 567
187 515 823
342 560 758
56 162 249
643 355 47
792 444 77
324 441 538
41 142 223
343 506 649
657 559 441
319 237 135
95 456 797
466 392 298
411 273 116
195 324 434
200 320 420
101 254 387
396 455 495
297 384 452
797 428 40
551 630 689
118 82 27
328 253 159
250 496 723
861 444 8
317 334 332
143 287 412
229 429 609
763 711 640
777 427 58
226 161 77
530 464 379
516 281 26
875 854 814
478 661 824
854 527 181
613 378 124
208 160 93
336 407 459
817 567 297
467 360 234
629 655 662
698 788 858
371 476 561
650 485 300
671 359 28
377 375 354
407 660 893
380 417 434
859 445 11
358 622 866
192 142 72
90 255 401
217 331 426
12 83 134
775 637 479
368 472 556
241 240 219
566 625 664
832 610 368
64 344 604
396 454 493
58 441 804
538 524 490
338 428 498
553 661 749
464 641 798
873 723 554
299 254 190
133 232 311
325 202 60
842 803 745
617 436 235
64 183 283
899 908 897
652 367 63
653 410 148
608 695 763
104 185 246
405 460 495
744 411 59
344 336 308
857 623 369
15 171 308
559 389 200
671 363 36
312 472 613
834 441 29
848 459 50
313 616 899
99 118 117
114 443 752
265 503 722
667 554 422
68 130 173
17 425 813
284 358 413
782 571 340
601 531 441
592 518 424
530 277 5
137 310 464
34 95 137
514 466 399
136 385 614
568 445 302
518 686 834
124 215 286
408 310 192
511 504 477
157 512 847
890 696 483
240 516 772
875 894 893
365 476 568
417 242 47
511 621 711
795 496 178
263 183 83
844 847 831
385 433 462
817 673 509
800 572 325
753 618 463
802 416 11
410 637 844
546 608 650
768 654 521
695 474 234
241 236 212
333 609 866
870 893 897
678 731 765
175 118 41
848 493 119
24 188 333
633 747 842
842 724 586
267 517 748
149 195 222
811 695 560
166 321 457
362 208 35
78 128 158
321 356 372
370 522 654
338 349 341
651 419 168
206 552 878
261 218 155
97 201 286
540 671 783
228 391 535
469 518 547
383 510 618
769 541 294
278 167 36
751 732 693
71 486 881
851 657 444
353 347 321
198 481 744
714 368 2
12 52 73
880 613 326
280 215 130
612 726 820
13 462 892
455 504 534
539 724 890
252 340 409
284 443 583
497 352 187
376 508 620
221 310 379
164 405 626
700 567 414
522 554 567
416 485 535
640 528 397
13 52 72
579 638 677
44 328 592
669 594 500
278 329 360
542 546 530
821 860 879
265 377 470
218 465 693
190 324 439
172 299 406
218 131 25
821 790 740
644 500 337
427 441 436
786 623 440
508 496 465
269 420 552
209 133 38
204 355 487
451 609 747
170 281 372
778 642 487
843 479 96
281 243 185
588 556 505
592 709 806
582 557 513
646 496 326
2 98 174
814 811 789
666 580 474
354 205 36
127 355 564
126 264 383
203 426 629
282 337 373
154 167 160
861 489 97
309 311 294
334 625 897
851 448 26
803 678 534
591 606 601
12 313 594
535 574 594
401 655 889
682 641 580
605 742 860
116 472 809
590 504 398
334 549 744
611 463 295
893 466 20
641 494 327
17 315 593
406 649 872
227 172 97
573 442 291
743 632 501
270 334 378
247 495 724
420 234 29
456 326 177
41 316 572
138 394 631
123 308 473
475 614 734
820 680 520
754 668 562
0 421 823
255 340 406
795 674 534
555 521 468
825 622 399
69 168 248
829 582 316
72 220 349
397 472 528
527 493 439
253 469 665
222 309 376
290 530 750
210 220 211
370 253 116
773 581 370
39 119 180
828 867 886
766 635 484
454 608 743
35 315 576
91 487 864
44 139 215
314 414 494
744 828 893
85 127 149
658 492 307
525 297 49
157 456 735
312 456 580
3 130 237
102 82 42
417 234 31
28 191 335
567 560 534
178 400 602
210 250 270
618 472 307
485 294 84
801 601 381
77 491 886
530 669 788
293 234 155
889 706 503
42 181 301
235 150 45
538 447 337
139 133 107
420 329 219
442 274 87
754 697 620
741 438 116
42 261 460
475 537 580
544 470 376
113 403 674
362 513 644
562 645 708
851 711 551
363 214 46
4 311 598
143 378 594
87 195 283
701 614 508
554 434 295
647 537 408
67 314 541
577 353 110
101 136 152
742 729 697
581 728 855
471 267 43
651 402 133
803 739 655
736 537 318
701 730 740
16 440 844
434 305 156
279 293 287
664 759 834
582 532 463
394 558 702
864 570 257
276 501 706
55 42 9
713 655 578
104 294 465
764 396 8
220 420 600
326 209 73
493 454 395
69 58 27
551 486 401
335 228 101
882 841 781
803 455 87
5 396 767
344 348 333
625 548 451
342 400 439
130 298 446
56 485 894
506 427 328
646 775 885
401 330 239
380 461 522
319 211 83
23 364 686
502 440 358
839 671 484
292 527 743
623 470 297
662 401 120
682 571 440
571 357 124
31 402 753
570 338 87
799 524 229
415 490 546
214 551 868
837 751 646
490 383 256
781 683 566
94 248 383
76 65 34
19 203 368
829 746 643
665 638 591
763 615 447
183 344 486
623 428 214
340 353 346
353 306 239
575 707 820
837 849 841
788 791 775
587 519 431
183 335 468
97 223 330
3 124 225
416 229 22
594 479 345
717 574 411
88 370 632
11 151 272
271 462 634
538 584 611
132 522 892
2 364 707
812 862 892
648 710 753
819 613 387
336 229 102
855 680 485
484 257 10
710 365 0
85 254 404
345 609 854
816 635 434
587 717 827
758 394 10
613 514 396
621 693 746
388 541 675
605 489 353
667 546 406
206 432 638
793 677 542
741 781 801
127 236 325
811 860 889
378 223 48
394 568 723
3 192 362
309 485 642
341 264 167
652 389 106
564 478 373
852 488 104
200 415 610
457 248 20
116 399 663
658 369 61
357 464 551
862 709 536
29 437 826
526 476 407
874 483 72
282 589 877
486 549 592
619 759 879
759 575 371
85 290 475
796 453 90
580 374 149
700 454 189
221 554 868
5 452 879
29 231 414
583 323 44
51 341 612
22 335 629
171 543 896
753 613 453
26 218 391
145 431 697
370 223 57
169 348 507
532 334 117
597 440 264
318 393 449
506 532 539
469 500 511
25 149 254
595 371 128
866 777 669
809 509 189
665 699 714
642 702 743
205 506 788
541 594 627
897 839 762
235 418 581
879 891 884
898 608 298
486 505 504
889 482 55
167 373 560
658 461 244
814 619 405
425 638 832
174 264 334
121 490 840
149 466 764
683 554 406
704 550 376
134 427 701
238 339 421
434 362 270
405 428 432
620 341 43
88 358 609
99 187 255
270 549 809
552 404 236
315 206 77
169 339 489
463 412 342
481 582 664
258 297 317
171 126 62
693 535 357
815 433 32
778 600 402
302 328 335
834 438 22
379 211 23
631 590 530
330 201 53
439 670 882
290 532 754
111 321 511
344 469 575
853 849 825
339 285 212
294 412 510
326 217 88
19 166 294
172 494 797
696 595 474
233 441 630
548 616 664
705 528 331
294 225 136
385 569 733
170 458 727
640 471 282
338 247 136
857 584 291
113 214 296
555 491 408
859 880 882
496 697 878
276 482 668
828 486 124
294 263 213
754 808 842
877 754 612
273 308 323
800 765 710
208 149 70
537 702 848
404 225 27
84 232 361
371 294 198
710 378 26
606 673 721
60 167 254
751 553 336
74 386 679
460 424 368
44 215 367
362 201 21
79 367 635
396 223 31
498 561 605
101 154 187
553 565 558
215 462 690
19 312 586
40 420 781
612 639 646
52 289 506
161 153 126
337 515 674
546 474 382
193 110 8
455 399 324
695 783 852
355 360 345
609 568 508
533 407 262
166 467 748
104 181 238
486 325 144
171 220 250
842 844 826
75 494 894
484 370 237
172 506 821
63 400 718
355 341 308
778 804 811
632 613 574
815 487 139
71 307 524
647 635 604
838 862 866
452 257 43
204 157 90
187 317 427
341 271 182
405 420 416
176 542 889
705 563 401
863 825 768
271 304 318
176 173 150
281 580 860
776 496 196
99 483 847
720 769 799
552 615 659
765 470 156
754 447 121
299 206 93
600 630 640
275 200 106
156 314 452
95 488 862
5 41 58
782 539 276
429 280 111
478 604 710
123 248 354
7 125 223
354 576 779
174 126 58
590 350 91
266 365 444
264 424 565
538 711 864
305 569 813
70 302 514
417 327 218
476 459 422
328 379 410
751 764 757
521 435 329
568 616 645
736 665 575
20 115 190
506 386 246
300 258 197
337 461 566
641 657 653
232 291 331
669 639 589
245 502 740
203 442 662
110 430 731
237 347 438
242 175 88
296 565 815
417 650 864
560 416 253
591 621 632
495 382 249
878 846 795
446 416 367
462 335 188
120 443 746
571 690 790
487 661 816
682 696 691
631 747 844
574 731 868
382 609 816
108 429 730
784 690 577
746 605 444
831 644 437
229 363 478
739 509 259
374 339 285
627 767 888
525 672 799
734 475 197
741 567 373
165 380 575
216 516 796
519 665 791
816 445 54
759 401 24
784 723 643
602 626 631
240 422 585
220 354 469
163 121 59
728 668 589
345 436 507
577 309 22
459 471 463
219 295 352
837 621 385
28 126 205
333 476 599
96 183 250
705 366 8
326 468 590
651 375 80
321 616 891
717 665 593
512 282 33
653 533 393
622 396 150
52 212 352
224 403 563
815 639 444
16 420 804
881 498 96
110 248 366
747 486 206
616 594 553
214 164 95
243 140 18
227 431 616
61 63 45
309 451 574
130 132 114
119 445 752
316 253 171
204 382 541
735 463 172
137 480 803
76 133 170
899 552 186
536 651 746
445 385 305
399 565 711
452 583 694
781 740 679
410 636 843
776 784 772
569 297 6
38 399 740
759 567 355
63 99 115
48 459 850
287 272 237
753 594 416
407 615 804
654 384 95
703 487 251
452 363 254
115 69 4
49 482 896
684 607 511
891 761 612
435 533 612
619 556 474
452 501 530
881 708 516
645 373 81
466 285 85
318 355 372
553 675 777
276 301 307
24 61 79
611 554 477
334 540 726
481 468 435
774 555 317
46 442 818
30 292 534
530 625 701
108 131 135
331 246 141
703 425 128
222 281 321
265 438 592
693 765 818
521 331 122
278 421 545
253 157 41
174 390 587
767 747 708
174 443 693
177 235 273
663 471 259
807 560 294
60 73 67
481 446 391
208 256 284
572 537 482
605 731 837
226 348 451
756 761 747
573 389 186
444 645 826
227 433 619
566 366 146
427 593 740
891 757 604
165 420 655
864 478 72
101 98 76
139 370 582
468 443 399