120
-15.693 -14.273
-14.694 -14.320
-13.696 -14.368
-12.697 -14.415
-11.698 -14.462
-10.699 -14.510
-9.700 -14.557
-8.701 -14.604
-7.702 -14.652
-6.703 -14.699
-5.705 -14.746
-4.706 -14.794
-3.707 -14.841
-2.708 -14.888
-1.709 -14.936
-0.710 -14.983
0.289 -15.031
1.288 -15.078
2.286 -15.125
3.285 -15.173
4.284 -15.220
5.283 -15.267
6.282 -15.315
7.281 -15.362
8.280 -15.409
9.279 -15.457
10.278 -15.504
11.276 -15.551
12.275 -15.599
13.274 -15.646
14.273 -15.693
-15.646 -13.274
-15.599 -12.275
-15.551 -11.276
-15.504 -10.278
-15.457 -9.279
-15.409 -8.280
-15.362 -7.281
-15.315 -6.282
-15.267 -5.283
-15.220 -4.284
-15.173 -3.285
-15.125 -2.286
-15.078 -1.288
-15.031 -0.289
-14.983 0.710
-14.936 1.709
-14.888 2.708
-14.841 3.707
-14.794 4.706
-14.746 5.705
-14.699 6.703
-14.652 7.702
-14.604 8.701
-14.557 9.700
-14.510 10.699
-14.462 11.698
-14.415 12.697
-14.368 13.696
-14.320 14.694
14.320 -14.694
14.368 -13.696
14.415 -12.697
14.462 -11.698
14.510 -10.699
14.557 -9.700
14.604 -8.701
14.652 -7.702
14.699 -6.703
14.746 -5.705
14.794 -4.706
14.841 -3.707
14.888 -2.708
14.936 -1.709
14.983 -0.710
15.031 0.289
15.078 1.288
15.125 2.286
15.173 3.285
15.220 4.284
15.267 5.283
15.315 6.282
15.362 7.281
15.409 8.280
15.457 9.279
15.504 10.278
15.551 11.276
15.599 12.275
15.646 13.274
-14.273 15.693
-13.274 15.646
-12.275 15.599
-11.276 15.551
-10.278 15.504
-9.279 15.457
-8.280 15.409
-7.281 15.362
-6.282 15.315
-5.283 15.267
-4.284 15.220
-3.285 15.173
-2.286 15.125
-1.288 15.078
-0.289 15.031
0.710 14.983
1.709 14.936
2.708 14.888
3.707 14.841
4.706 14.794
5.705 14.746
6.703 14.699
7.702 14.652
8.701 14.604
9.700 14.557
10.699 14.510
11.698 14.462
12.697 14.415
13.696 14.368
14.694 14.320
15.693 14.273