100
-489 186
5 498
342 -203
67 25
218 340
81 -10
259 460
472 193
-76 36
-156 -119
-162 17
-288 112
-50 215
-164 303
-187 153
250 -44
-249 -93
-35 -464
471 53
-381 -354
480 283
197 -135
46 -77
-228 -219
279 -122
190 -263
444 219
-79 -493
-36 -7
-48 348
427 59
316 493
-186 -359
52 -77
227 340
-33 72
447 -87
385 -206
159 -125
-307 -297
-437 -182
-261 33
264 240
498 470
-50 366
135 -133
201 498
-497 275
411 -396
41 362
458 -158
359 -17
-427 56
-474 -439
-331 203
68 -183
-134 -216
-102 129
412 -440
51 -469
-181 -208
124 -315
89 -194
-309 387
-226 -98
-187 102
-388 406
-398 452
-236 190
140 31
408 229
57 442
259 287
-212 -70
134 467
51 377
237 5
-12 -63
-127 -409
-214 79
279 -11
-345 -299
433 -79
225 13
371 -84
154 379
-424 311
75 -477
494 265
401 114
-256 449
155 -375
-221 166
-22 71
403 197
-55 294
54 -21
264 266
-199 243
316 133