320
-56.244 -6.049
-55.466 -6.677
-54.687 -7.304
-53.908 -7.931
-53.130 -8.559
-52.351 -9.186
-51.572 -9.814
-50.794 -10.441
-50.015 -11.069
-49.236 -11.696
-48.458 -12.323
-47.679 -12.951
-46.900 -13.578
-46.122 -14.206
-45.343 -14.833
-44.564 -15.461
-43.786 -16.088
-43.007 -16.716
-42.228 -17.343
-41.450 -17.970
-40.671 -18.598
-39.892 -19.225
-39.114 -19.853
-38.335 -20.480
-37.556 -21.108
-36.778 -21.735
-35.999 -22.363
-35.220 -22.990
-34.442 -23.617
-33.663 -24.245
-32.884 -24.872
-32.106 -25.500
-31.327 -26.127
-30.548 -26.755
-29.770 -27.382
-28.991 -28.009
-28.212 -28.637
-27.434 -29.264
-26.655 -29.892
-25.876 -30.519
-25.098 -31.147
-24.319 -31.774
-23.540 -32.402
-22.762 -33.029
-21.983 -33.656
-21.204 -34.284
-20.426 -34.911
-19.647 -35.539
-18.868 -36.166
-18.090 -36.794
-17.311 -37.421
-16.532 -38.048
-15.754 -38.676
-14.975 -39.303
-14.196 -39.931
-13.418 -40.558
-12.639 -41.186
-11.860 -41.813
-11.082 -42.441
-10.303 -43.068
-9.524 -43.695
-8.746 -44.323
-7.967 -44.950
-7.188 -45.578
-6.410 -46.205
-5.631 -46.833
-4.852 -47.460
-4.074 -48.087
-3.295 -48.715
-2.516 -49.342
-1.738 -49.970
-0.959 -50.597
-0.180 -51.225
0.598 -51.852
1.377 -52.480
2.156 -53.107
2.934 -53.734
3.713 -54.362
4.492 -54.989
5.270 -55.617
6.049 -56.244
-55.617 -5.270
-54.989 -4.492
-54.362 -3.713
-53.734 -2.934
-53.107 -2.156
-52.480 -1.377
-51.852 -0.598
-51.225 0.180
-50.597 0.959
-49.970 1.738
-49.342 2.516
-48.715 3.295
-48.087 4.074
-47.460 4.852
-46.833 5.631
-46.205 6.410
-45.578 7.188
-44.950 7.967
-44.323 8.746
-43.695 9.524
-43.068 10.303
-42.441 11.082
-41.813 11.860
-41.186 12.639
-40.558 13.418
-39.931 14.196
-39.303 14.975
-38.676 15.754
-38.048 16.532
-37.421 17.311
-36.794 18.090
-36.166 18.868
-35.539 19.647
-34.911 20.426
-34.284 21.204
-33.656 21.983
-33.029 22.762
-32.402 23.540
-31.774 24.319
-31.147 25.098
-30.519 25.876
-29.892 26.655
-29.264 27.434
-28.637 28.212
-28.009 28.991
-27.382 29.770
-26.755 30.548
-26.127 31.327
-25.500 32.106
-24.872 32.884
-24.245 33.663
-23.617 34.442
-22.990 35.220
-22.363 35.999
-21.735 36.778
-21.108 37.556
-20.480 38.335
-19.853 39.114
-19.225 39.892
-18.598 40.671
-17.970 41.450
-17.343 42.228
-16.716 43.007
-16.088 43.786
-15.461 44.564
-14.833 45.343
-14.206 46.122
-13.578 46.900
-12.951 47.679
-12.323 48.458
-11.696 49.236
-11.069 50.015
-10.441 50.794
-9.814 51.572
-9.186 52.351
-8.559 53.130
-7.931 53.908
-7.304 54.687
-6.677 55.466
6.677 -55.466
7.304 -54.687
7.931 -53.908
8.559 -53.130
9.186 -52.351
9.814 -51.572
10.441 -50.794
11.069 -50.015
11.696 -49.236
12.323 -48.458
12.951 -47.679
13.578 -46.900
14.206 -46.122
14.833 -45.343
15.461 -44.564
16.088 -43.786
16.716 -43.007
17.343 -42.228
17.970 -41.450
18.598 -40.671
19.225 -39.892
19.853 -39.114
20.480 -38.335
21.108 -37.556
21.735 -36.778
22.363 -35.999
22.990 -35.220
23.617 -34.442
24.245 -33.663
24.872 -32.884
25.500 -32.106
26.127 -31.327
26.755 -30.548
27.382 -29.770
28.009 -28.991
28.637 -28.212
29.264 -27.434
29.892 -26.655
30.519 -25.876
31.147 -25.098
31.774 -24.319
32.402 -23.540
33.029 -22.762
33.656 -21.983
34.284 -21.204
34.911 -20.426
35.539 -19.647
36.166 -18.868
36.794 -18.090
37.421 -17.311
38.048 -16.532
38.676 -15.754
39.303 -14.975
39.931 -14.196
40.558 -13.418
41.186 -12.639
41.813 -11.860
42.441 -11.082
43.068 -10.303
43.695 -9.524
44.323 -8.746
44.950 -7.967
45.578 -7.188
46.205 -6.410
46.833 -5.631
47.460 -4.852
48.087 -4.074
48.715 -3.295
49.342 -2.516
49.970 -1.738
50.597 -0.959
51.225 -0.180
51.852 0.598
52.480 1.377
53.107 2.156
53.734 2.934
54.362 3.713
54.989 4.492
55.617 5.270
-6.049 56.244
-5.270 55.617
-4.492 54.989
-3.713 54.362
-2.934 53.734
-2.156 53.107
-1.377 52.480
-0.598 51.852
0.180 51.225
0.959 50.597
1.738 49.970
2.516 49.342
3.295 48.715
4.074 48.087
4.852 47.460
5.631 46.833
6.410 46.205
7.188 45.578
7.967 44.950
8.746 44.323
9.524 43.695
10.303 43.068
11.082 42.441
11.860 41.813
12.639 41.186
13.418 40.558
14.196 39.931
14.975 39.303
15.754 38.676
16.532 38.048
17.311 37.421
18.090 36.794
18.868 36.166
19.647 35.539
20.426 34.911
21.204 34.284
21.983 33.656
22.762 33.029
23.540 32.402
24.319 31.774
25.098 31.147
25.876 30.519
26.655 29.892
27.434 29.264
28.212 28.637
28.991 28.009
29.770 27.382
30.548 26.755
31.327 26.127
32.106 25.500
32.884 24.872
33.663 24.245
34.442 23.617
35.220 22.990
35.999 22.363
36.778 21.735
37.556 21.108
38.335 20.480
39.114 19.853
39.892 19.225
40.671 18.598
41.450 17.970
42.228 17.343
43.007 16.716
43.786 16.088
44.564 15.461
45.343 14.833
46.122 14.206
46.900 13.578
47.679 12.951
48.458 12.323
49.236 11.696
50.015 11.069
50.794 10.441
51.572 9.814
52.351 9.186
53.130 8.559
53.908 7.931
54.687 7.304
55.466 6.677
56.244 6.049