1000
-69 26
-54 98
22 -74
9 149
143 -127
-120 23
-46 25
-127 90
49 -81
-54 -62
-13 17
-10 42
138 65
30 -134
12 122
140 -127
-46 -95
-128 -31
18 83
-3 -35
1 -55
134 106
-121 -120
-22 72
-49 115
-59 75
-33 -19
144 -70
-54 111
-26 67
-150 142
119 69
-86 36
37 101
68 77
-58 -118
-48 -40
78 -4
-6 -77
-23 135
-17 -77
75 69
26 139
-134 147
100 -76
-113 99
50 57
-19 -92
-108 -125
-138 -46
-51 -64
-52 -127
-35 24
51 100
-140 -124
-40 76
-131 -77
-3 99
-121 1
-23 114
74 -118
19 74
65 22
-118 118
127 131
-108 127
-16 20
-141 -130
78 26
-89 -66
27 97
13 54
-4 147
-93 53
-46 -123
109 138
100 -18
104 110
65 63
45 120
120 -46
116 97
-31 25
-46 92
50 139
36 -145
50 72
129 -118
80 107
-139 128
55 9
-10 120
36 -95
131 134
29 32
-68 -78
-35 -115
85 -121
84 7
-86 -84
73 13
-73 -141
129 59
-97 35
-3 132
31 92
-65 7
-12 16
136 9
108 -88
-86 -149
-127 91
56 40
-34 30
118 -110
127 13
-100 -46
31 -51
112 140
37 71
-148 96
-88 -144
84 109
-62 -27
20 108
62 120
86 37
-99 -17
-23 124
-122 146
106 66
13 76
42 -23
-42 -94
56 105
29 -122
44 -72
17 37
113 57
18 -37
26 25
43 -28
-105 -22
19 -48
42 83
-38 -34
-75 -77
-136 -148
-57 149
-38 146
-103 -131
20 -67
69 -131
114 126
-29 -78
-34 -53
-68 -133
49 -143
-135 22
69 64
-7 55
78 -66
-3 82
107 18
-29 88
20 28
-19 -116
82 4
116 -91
-145 88
120 108
-1 -87
69 28
-63 -94
31 -146
25 -49
-66 50
106 -97
-40 129
-124 38
-41 -143
32 120
34 130
-137 -18
68 54
-120 30
-97 83
-104 137
-134 11
-21 88
9 88
1 66
127 -30
-54 -35
94 -14
-131 -133
-102 104
14 -105
27 -9
75 48
105 127
16 -135
-63 -149
147 117
14 40
3 114
-77 38
78 -80
2 -42
49 55
53 67
-141 49
77 125
2 -131
141 -121
-99 109
132 31
141 113
-115 -88
106 80
29 -17
20 134
78 -82
111 -18
-89 -91
56 78
111 126
-14 -42
43 -36
119 129
134 6
-70 62
20 52
-111 101
123 -102
30 -92
-141 60
-32 8
-11 6
-145 108
104 -63
-141 -82
80 109
-7 83
8 -51
-89 104
-119 84
-14 -6
-103 61
77 66
-129 -23
51 5
145 107
129 137
-116 -19
-35 -51
-109 -135
-98 -138
-50 134
62 -21
-24 -44
-64 -35
127 -75
29 -18
-45 -126
-56 115
-106 145
-135 137
22 108
-24 -107
-101 -50
7 46
143 5
-47 -94
-105 -20
-25 -148
-120 145
-86 -147
70 137
-145 62
-53 123
-116 133
-133 -101
108 53
55 -104
37 -145
-113 -41
-89 26
-3 13
127 -13
62 127
117 34
83 89
147 -44
-55 -71
63 93
-80 60
-61 -125
-122 101
51 67
-98 -47
123 80
-93 -53
-22 -86
112 129
-134 117
44 119
148 -150
74 10
122 129
72 -125
-109 -8
-149 81
-125 6
-8 80
-133 15
-150 -124
68 -105
111 -114
-56 -23
-76 111
-20 36
123 -120
-65 -19
-150 72
-56 81
-23 98
-57 -102
-22 -3
-12 29
136 21
148 78
-46 137
81 120
120 145
145 25
14 -70
-14 18
-92 -141
48 -9
-76 -41
36 -15
-103 44
-40 -57
148 -138
-146 6
-62 -132
106 -111
22 82
14 17
15 -17
96 98
99 5
-146 141
33 84
121 -126
-40 -33
64 -39
-103 49
30 61
47 -150
-145 105
57 -72
-73 87
96 -87
139 81
109 -146
-132 126
-67 109
-7 -19
35 74
-116 52
-106 -13
61 -93
-108 -6
117 59
38 149
-88 -66
111 -70
87 54
109 -52
-146 127
33 66
-18 -142
-114 -90
-114 -130
7 -108
145 -88
-102 97
1 114
143 68
-144 -47
-9 -74
29 -26
-114 96
-139 106
-13 -113
134 -63
-148 -17
107 103
-38 100
-74 -93
77 109
-45 -23
-73 30
45 -129
81 57
-22 -125
83 -9
98 -109
-91 -24
-100 5
46 -36
-92 37
120 -9
148 40
92 -76
-66 -58
-117 137
-82 92
80 138
48 114
-107 87
-144 -94
-107 -34
84 90
28 10
-123 -34
40 -20
34 110
-47 -108
-131 6
-136 -84
-9 -77
-96 59
-17 -95
34 -111
6 -115
14 -120
-55 -30
-55 -62
86 130
-11 -114
-120 -58
-133 68
42 -110
-64 -135
22 -91
-94 -119
-150 -147
84 -97
-86 109
41 147
51 -84
4 142
-13 -138
139 123
-26 -72
-66 -57
-79 -107
-29 22
65 -95
144 5
-94 100
127 52
-71 65
-72 49
-2 68
-137 8
-54 -70
-76 60
80 -82
92 141
118 -41
94 3
-37 -79
102 108
139 140
-19 94
-54 136
-122 64
-48 142
-2 125
-55 53
114 -132
0 -60
89 101
5 19
-73 40
-37 88
2 102
-145 101
-38 -48
67 103
-20 -77
-150 17
-109 48
149 -3
93 43
13 -23
113 -77
17 -150
-21 -45
-2 81
-51 104
-147 71
-52 -110
-30 -49
-105 -48
-73 93
-1 4
14 78
-26 -62
146 -103
30 27
-21 60
-40 101
141 55
-30 -79
-53 -137
137 146
104 87
-49 68
126 92
-81 99
-71 -65
-35 -39
-46 -33
116 -71
-20 99
-5 121
47 -140
32 -142
120 39
-1 -85
128 34
51 -88
-100 141
-76 52
67 -145
4 -115
122 108
-109 2
-31 37
49 84
-13 -14
99 149
32 148
-16 -77
1 11
-139 69
-64 98
-105 15
-104 -8
-123 -90
-141 -55
93 -130
-142 17
91 -49
149 -116
79 133
-29 -101
-54 84
-92 62
-115 18
105 -93
85 -101
84 69
54 36
81 -107
-119 -45
-88 -59
-57 74
57 90
136 80
136 39
-68 -97
144 2
-127 -120
101 -145
77 133
56 114
-46 -99
76 70
-81 -87
87 -81
32 -119
99 128
21 57
42 46
-105 -23
-77 -21
71 86
49 146
75 11
-112 46
-114 122
78 149
-80 -44
64 131
-38 -40
-126 -97
-41 38
-27 33
-129 -97
10 29
130 -22
-43 87
9 -26
-128 144
76 127
-31 100
-121 -125
67 47
91 -46
56 -115
-132 15
-54 -131
49 116
-25 -111
-47 136
89 104
-101 -128
40 -116
-100 -140
95 -1
-139 98
28 88
69 -90
123 -59
108 -24
79 -89
-36 88
70 -104
-50 -71
68 72
-100 140
147 63
122 57
126 70
-54 -2
-25 -64
9 -90
136 -113
-21 -119
45 115
-66 115
114 -74
90 -150
-12 24
-25 -32
66 -71
27 -1
-112 -111
77 18
-12 -120
-141 145
35 -94
-36 29
-49 -116
-87 71
-26 -88
-103 77
-139 -47
130 -27
-58 -85
63 -28
-97 -51
-110 34
-16 -49
-58 56
18 126
62 89
105 82
27 70
-117 -96
-148 -36
50 0
90 88
-60 25
81 28
81 86
-122 35
-35 95
-38 91
-122 -51
-15 18
-68 61
123 -117
-17 -4
97 -67
-3 79
119 -92
17 -95
-40 -82
91 -51
-18 17
-115 -84
129 -96
-46 119
-17 -34
4 -33
-138 -87
22 113
70 -97
-134 130
9 -148
86 119
-110 -128
-13 -75
5 -130
54 11
73 -61
-126 -29
18 -113
127 -65
15 -118
-107 117
-109 -55
84 -3
2 48
-78 -43
90 135
-67 -123
55 112
-88 12
-4 144
-40 74
2 -57
-105 4
82 129
-117 149
126 -38
71 131
28 34
144 117
-13 102
46 -106
-70 -114
89 -6
130 -81
2 -1
-70 -38
-60 43
133 113
128 -21
51 122
-60 -93
140 102
-109 -16
-135 -140
-82 -41
136 26
-83 133
-29 30
-11 -118
-128 -19
-79 -147
92 -139
114 -52
24 21
148 -104
-118 -103
89 88
112 49
-140 6
-86 78
-138 -130
-37 135
72 86
10 74
-82 -115
-91 7
93 128
-47 84
115 86
-125 30
-9 -125
111 -138
71 -33
-93 -24
18 -64
107 -148
149 -139
-150 -126
46 9
-69 60
134 80
105 -131
39 -45
-25 12
-14 21
-112 124
-147 -20
134 67
-99 122
-79 -54
-34 -66
27 -49
27 -50
18 106
-69 -22
34 -96
111 -95
91 -42
106 18
132 -96
-20 -50
1 -147
-73 96
-73 61
7 124
-10 -84
16 87
54 144
-49 82
10 -33
33 5
4 122
-97 113
-42 -11
-5 99
88 47
100 117
-11 -89
30 -83
18 130
37 138
-72 143
4 -9
-11 -64
-109 -141
132 -119
-105 -115
116 -129
-67 -143
-29 106
-23 130
127 66
120 -7
-127 83
116 37
112 123
-32 41
76 -56
-8 -69
147 -83
62 -33
65 117
-32 -117
139 -34
28 8
139 -31
-86 33
98 -73
-36 -18
-17 -79
-100 124
-150 -145
137 -37
123 57
-53 40
-38 96
-60 104
-46 -44
39 -63
-51 -134
-52 -121
56 127
-96 -30
119 137
-97 -134
-21 -90
119 14
46 -57
83 41
55 -113
71 -106
-62 88
-74 92
-30 -115
137 -150
61 -87
50 130
-136 10
-71 -73
-23 -75
69 103
5 106
59 11
-51 -5
78 96
-58 -50
-81 98
-89 -94
-117 33
-68 33
136 57
-71 -121
-119 -94
-39 118
108 -102
-105 115
59 103
-8 108
83 16
115 42
51 26
-95 -35
-16 58
57 81
135 -91
-117 -133
-144 128
107 -11
21 -71
-3 -10
46 -66
-134 18
92 -143
-11 -80
-1 -137
63 -127
61 -119
124 -40
140 -21
87 138
-62 119
148 64
59 -106
20 -37
107 9
41 -89
86 -141
86 135
-148 104
37 -8
-40 117
90 67
-40 59
-73 -96
138 98
-149 25
-63 79
143 108
123 -45
128 40
42 101
84 -31
-148 -143
123 -139
-80 70
57 -26
65 11
57 61
-103 142
-2 -91
142 81
-137 -119
144 -115
68 22
-69 43
30 53
-14 76
-132 -41
49 -20
144 13
134 122
-140 -38
22 143
-70 83
15 -75
61 134
148 67
-7 -15
143 3
52 -146
-140 -43
-136 -112
-45 53
19 80
-9 99
-103 52
77 -143
-48 -25
-91 -116
18 87
70 -64
78 -13
-74 70
-114 -129
-61 90
-8 16
20 133
-105 -92
-38 -4
93 -27
102 50
-130 -8
-45 -66