500
-269 -74
-54 -302
322 326
309 49
143 -227
80 323
-146 225
-227 -310
149 -181
-154 38
287 -83
290 242
138 -335
130 -134
-188 -78
-60 273
254 -295
172 169
-282 -317
-203 -35
201 -55
-166 106
79 80
-322 -228
-149 -185
341 -125
67 -119
244 -270
-154 -289
-226 267
250 -158
-281 -131
114 36
37 -199
168 177
342 -118
52 260
178 196
-106 123
277 -265
283 323
75 -31
26 139
-234 -53
100 24
-13 99
-150 257
281 -192
192 -225
-338 -46
-251 -64
48 -227
-35 -176
251 -100
160 -124
-140 -224
69 323
197 299
279 1
277 -286
74 -318
219 -326
265 322
-118 -182
-173 -269
-308 -73
-216 -280
59 -330
-322 226
-189 -166
-173 97
-287 -146
96 47
107 53
254 277
109 -162
200 -18
4 -90
-335 163
345 -180
320 -46
116 197
169 -275
54 192
-250 239
-164 -45
-350 -28
229 -18
280 107
-139 -272
-345 -191
290 -80
-64 105
-69 -66
-271 132
-68 322
-235 85
185 -121
284 -193
-86 316
73 -287
127 259
-171 -341
203 -65
-303 -168
131 -8
35 207
-12 16
136 309
108 -88
314 -249
73 -209
56 -160
66 230
-82 90
327 213
-300 -246
-169 -51
312 240
337 71
-48 196
12 -244
-16 109
-162 -327
20 8
162 -80
-114 -263
301 83
277 -76
278 -254
6 266
213 76
342 -123
-242 106
56 5
129 -22
144 -72
-83 337
-187 -43
18 163
26 -175
-57 -228
295 -22
-181 52
242 283
162 66
-75 123
264 -148
243 149
62 146
-3 269
20 -167
-331 -331
214 26
-29 22
-234 -153
232 -333
349 57
165 22
-131 -336
-107 -245
-22 334
197 -18
-293 118
-129 188
-280 -172
-319 -316
82 4
16 -91
-345 88
-80 -292
-301 -187
269 128
137 -294
231 254
225 -49
34 50
206 303
-40 -271
-324 -62
-141 -143
332 220
334 -70
-337 -218
168 254
-120 30
3 -217
196 337
66 211
79 88
-291 188
-99 -134
-73 -330
146 -235
-106 -214
-31 -33
-2 -296
-86 -105
127 -109
-25 -252
105 27
-184 -335
-163 -249
347 -83
-286 40
203 214
323 138
-322 -180
-298 -142
149 255
253 -33
59 49
-323 -175
202 -131
-259 79
-199 -291
-68 331
-159 113
185 -88
6 180
129 -317
320 134
178 -282
-289 -18
311 309
-44 -322
211 226
186 -42
243 -136
219 -71
-266 6
-170 62
220 -148
-111 301
-277 -302
-70 8
159 -240
68 -192
189 306
-45 -292
-196 137
-341 218
180 -91
-307 183
-292 149
-89 -96
-19 284
-14 -6
-303 -339
77 -234
71 77
151 -295
45 307
-171 -63
-116 -219
-135 249
-9 -335
-298 162
-250 34
-38 -121
276 -144
-164 -35
-73 -175
129 -18
55 74
344 315
194 145
-235 337
322 208
76 -7
-101 -250
-293 -54
43 205
-347 -194
-205 180
75 52
-320 245
114 153
170 -263
55 -138
47 123
284 33
-233 99
208 53
-145 -4
-163 55
-213 -141
-189 -174
-3 213
-173 187
62 327
17 -66
-117 289
347 -244
-255 129
63 -207
120 -40
-161 -25
-122 -299
51 -133
-98 53
23 -20
207 -153
-122 14
12 229
-334 17
-256 -281
-252 -350
174 210
222 29
-28 -25
-309 -308
-249 -319
-125 -294
-208 80
167 -285
-250 -124
-332 -205
300 -146
111 86
-156 77
-76 -289
-120 -164
-177 -220
135 -219
-50 -228
44 -119
-323 -202
243 198
-322 97
-212 229
136 121
-152 -222
254 137
181 -280
-180 245
245 225
-86 30
-314 -282
208 -41
348 291
-76 59
36 -115
-3 -156
-40 43
248 -38
-146 106
-262 268
206 -211
-278 282
-286 -183
215 -117
296 -102
-1 -195
54 -59
233 -116
-279 -226
-340 -233
-136 -139
-3 149
230 -339
47 250
255 205
-43 -72
-273 -113
-4 113
-261 -219
-91 -146
-232 -74
-67 9
93 81
-265 274
84 -248
294 -213
-239 -93
92 -306
274 310
117 159
38 149
312 334
-289 30
287 254
-291 348
-146 327
-267 -234
82 -142
-114 -190
-114 -230
107 -108
-55 212
-202 -3
-199 14
43 -132
-244 153
191 226
129 -326
-214 296
161 -294
-213 -13
-66 137
252 -217
-193 -297
-338 -100
-174 307
-323 109
-245 177
-73 330
245 171
181 -43
-122 75
183 291
198 91
9 176
100 5
-154 -336
8 -163
320 191
48 240
-208 124
334 342
-17 -263
118 292
-20 238
248 114
-207 87
-44 206
193 166
284 290
-272 110
-23 -34
-60 180
-166 310
153 -208
169 106
264 216
291 -77
104 59
-317 205
-66 -111
-294 -315
114 -120
-55 -230
-155 -62
86 130
289 86
280 242
-33 68
-158 90
-264 -135
322 209
206 181
-350 253
-16 203
-186 -91
41 247
-149 316
-296 42
287 262
-261 -77
74 -72
234 -57
-79 -7
271 -78
-35 5
-256 -295
6 -300
27 252
-171 -335
128 -151
298 268
-137 8
146 130
-176 -140
280 -282
92 -259
-182 59
194 -97
263 121
202 -92
-61 -60
-119 -6
-54 136
278 -36
-48 142
198 325
-255 -47
114 -332
-100 -60
-111 -299
105 19
127 -60
-37 88
2 302
-345 1
262 152
267 103
280 -177
-50 -83
-9 348
349 97