583
11 890
23 1282662
9 368
23 6737679
10 704
16 22346
22 3033319
12 1425
9 85
25 25470181
5 23
28 191712922
26 61018376
16 14338
13 513456300358529
28 60160667
7 127
8 7
13 3405
8 141
25 16759270
21 330410324601111
11 494
19 237094
8 120
9 399
12 717
6 785837500393660
25 16806699
1 1
2 2
6 57
21 1144708
5 18
25 900088219347766
18 246964
9 99
11 1226
2 1
18 59416
12 1303
3 5
2 489512339325247
9 344
3 3
4 8
21 767641
21 1488855
2 1
18 140270
11 688
5 5
4 11
10 899
18 105045
6 38
2 2
1 477216311927108
28 172733786
11 1726
3 747167788312446
21 887901
1 699107299320568
9 69
26 63248872
14 15370
28 172940280
10 767
24 15308574
16 38084
17 68808
19 457444
25 22891838
20 695601
3 3
7 12
11 1175
18 19661
25 28451840
22 1899567
1 1
3 2
2 2
15 20987
1 1
6 11
11 618
8 8
21 919772
20 648046
13 7339
17 84055
24 1780431
18 126533
3 906314728253151
11 1925
6 23
20 223688
4 10
22 2740539
27 60671836
17 110361
27 70298509
27 113226589
3 6
23 4897717
5 19
25 8956744
18 146689
19 435205
19 25788
19 410886
4 5
16 22785
4 4
27 123658561
20 743264
24 713477
25 15012326
16 26756
20 353187
3 3
7 91
14 12239
4 7
15 21597
9 127
26 49433852
22 357813
9 365
25 1390432
2 3
6 740006429052252
21 1987040
9 259
11 262
18 129253
6 35
4 13
4 13
13 7532
12 614958715305622
8 184
6 29
8 80
4 881368027522451
11 1400
22 3639280
23 3391709
18 107657
6 47
9 323
28 88734893
7 48
1 1
27 87913099
8 162
19 237665
23 619074
5 23
28 11099206
11 1544
20 223208258089425
16 97107382348237
19 167425
27 100256360
5 3
23 764100014951579
9 204
2 1
7 30
4 3
19 330499
21 625900
13 1249
19 298830
25 29900227
23 7580883
5 9
9 16
3 4
27 24870211
9 145
14 1455
7 245475217078272
6 7
21 1506592
27 115890443
3 7
2 2
27 40446377820065
4 10
10 985
11 1916
21 1479029
16 34881
26 5392260
7 78
27 98920888
11 1009
23 1868508
24 2825448
4 7
5 19
5 22
7 95
21 410671636501594
17 108239
9 105
16 32990
23 280808648941800
16 2520
11 142
20 279889
27 81026557
16 50458
26 60538555
14 14240
8 106
18 102197
12 116954232234751
26 9492960
23 3055715
3 6
10 191
20 210560
5 11
10 815014102517785
27 77702188
5 6
11 708
22 3297543
18 218078
20 65407616063135
2 2
19 495380
7 29
9 409
25 3224983
15 8527
20 1040681
5 16
9 142
12 1899
12 648
19 470231
24 1848883
9 224
25 13566422
5 17
17 32217
17 32630
8 201
8 109
15 19620
12 2543
23 153245
19 100930
15 9797
9 195
22 3937770
12 304
18 16344088638254
22 3901147
16 12185
3 130668261182098
24 7268609
11 1877
10 972355845263893
15 27582
21 1609389
11 1630
3 3
26 14962868545629
2 3
10 430
19 493664
28 193188895
16 44936
15 10573
11 6667025583159
22 3125618
27 31140934
4 3
1 1
28 223286380
13 7483
20 65821
26 2312353
12 2810
6 30
27 84198449
26 35783802
9 168
18 161246
8 63
16 1768
7 54
17 68648
5 21
28 205489776
15 29876
6 47
12 608
21 1446517
16 5173
15 24899
28 190413457
17 108173
2 3
2 2
4 9
12 3762
13 2545
4 8
3 3
10 821828347912908
21 852036
14 1005
2 3
17 100531
10 132
14 1972
10 6
27 11798230
23 2313971
6 22
4 3
27 93318867
12 3661
15 5282
4 15
8 228611173278655
3 62416114500214
14 11586
20 278053
16 4687
28 45554903
10 790
22 3537723
6 27
13 6507
21 565439
4 15
6 14
21 1653253
5 8
13 441
22 341845
8 805332509976932
3 912105974317750
6 18
24 66536
14 14383
6 52
3 3
17 84156
19 490019
5 15
12 864194336208982
12 3854
5 7
9 133
14 7964
2 121131803903137
6 46
4 13
28 35849014
6 19
21 696094
6 320069225774855
12 111
16 10399
3 1
24 10153563
9 375
20 275894628546811
14 14828
23 5904011
23 75586
12 2656
15 11120
12 3562
19 511284
12 673
25 32420461
2 725952142009268
20 685094414722784
13 6554
13 755634623723506
18 235829
4 13
5 7
2 169799868311587
11 577
7 63
14 12781
5 10
2 3
17 20584
21 806024
16 29423
9 102
22 3849142
13 933483483135489
23 2799851
7 6
17 48576
18 206598
14 15736
19 321863663555046
22 2596881
8 199
26 44934615
22 2318906
10 425
8 5
8 202
28 239739873
25 32686948
27 43652157
24 8744034
23 1024688
15 5639
16 65279
13 7060
16 15991
9 121201887184249
13 2519
24 3524362
13 3758
11 1868
5 5
26 45602335
9 150
4 15
26 44680112
17 17625
16 47878
4 6
6 4
20 886774
15 27281
24 11602067
15 9051
6 596142504361599
10 67
18 226037
11 363
18 171230
12 32
17 11378
7 53120148353133
13 7341
6 1
7 79
17 93939
18 216546
12 3302
13 5012
24 11830527
3 3
20 456220
23 244354
14 15060
20 464992
18 126741
1 1
10 308
6 37
24 2604801
23 3492426
13 7669
26 29715181
25 22515881
8 70
19 523993
12 3903
4 3
6 23
10 57
5 902496811622979
28 73189007
3 6
10 901
27 3041165
16 15526
26 87794
16 19029
16 46573
13 3996
4 325605874319318
4 8
9 514500425049387
21 756278174220765
4 13
26 64862062
28 39660868
2 1
25 24001437
10 676
21 149111322480696
24 15274236
13 5154
10 855036600762555
24 11744032
11 421
12 233
5 14
25 4481373
18 116604
14 7314
20 1004407
10 390
16 14571
16 38301
15 26190
8 69
18 245782
13 2375
6 34
15 24043
4 12
7 56
19 263450
14 8706
19 282456
8 207
10 603
8 197
25 16724337
18 38908
25 33358529
12 834
21 429495
2 2
15 17260
25 23703707
8 36
8 246
1 1
10 650
9 509
2 2
9 416
2 3
5 27
15 20730
25 24792898
15 3256
16 62157
10 184
8 24
9 22
3 5
11 1234
8 167
10 913
10 31
27 59824311
5 31
15 8444
5 25
25 1383725
18 195875
1 1
22 725867
9 437
27 2607826
13 981
13 3240
11 457658770703557
15 11156
13 6412
2 2
26 405306781589532
12 203
26 48803886
6 55
24 5729760
23 257078
12 2551
13 126