1000
1
6335 
3168
1
15725 
7863
1
26963 
24465 
1
23282 
16828
1
2996 
2955
1
32392 
14605 
1
293 
147
1
18717 
9359
1
5448 
5383
1
1870 
1213 
1
17036 
9895
1
31323 
15662
1
4665 
2333
1
28254 
6869
1
32663 
95 
1
8724 
1018
1
12317 
3036 
1
289 
51 
1
19265 
3384 
1
15891 
7946
1
15351 
15007 
1
3549 
1775
1
24085 
12043
1
11841 
4967 
1
26309 
13155
1
24627 
12314
1
21539 
10770
1
22930 
16542 
1
4640 
1819
1
13978 
2307 
1
5022 
3636 
1
6271 
5830 
1
5098 
1219
1
9162 
313 
1
23656 
15575
1
27351 
1151 
1
13967 
3431 
1
18008 
11338
1
27754 
10384
1
32210 
9759
1
6423 
5678 
1
16414 
12755 
1
18763 
9382
1
6360 
2185 
1
6484 
1660 
1
24351 
10292 
1
11021 
4597 
1
23200 
19669 
1
4735 
2368
1
26419 
13210
1
3789 
2972 
1
14894 
9755 
1
2422 
2201
1
9515 
4758
1
18936 
17452 
1
16520 
15037
1
6225 
3113
1
32610 
14990 
1
20486 
3094
1
1588 
731
1
25201 
13459 
1
19797 
14799 
1
20799 
10400
1
20473 
10237
1
12293 
6039 
1
29658 
7959 
1
22889 
11445
1
16203 
8102
1
20056 
273 
1
4887 
4215 
1
20143 
10072
1
21882 
10117 
1
10022 
5700
1
27893 
24390 
1
2601 
2511 
1
17862 
14689
1
15256 
1168
1
24183 
12092
1
31427 
28618 
1
30933 
4170 
1
17190 
2787
1
28693 
21426 
1
16550 
7442 
1
18061 
9031
1
16140 
12424
1
16688 
12530 
1
19867 
9934
1
23196 
3298
1
16106 
8383 
1
25735 
12868
1
31317 
15659
1
12264 
4314 
1
20054 
913
1
20946 
4314 
1
19559 
9780
1
482 
289 
1
7130 
2162 
1
11174 
10467 
1
26293 
13147
1
20025 
10013
1
4746 
1666 
1
4475 
2238
1
14019 
4769 
1
7392 
2811 
1
4415 
2208
1
29335 
25875 
1
11834 
4403
1
7519 
3760
1
32271 
16136
1
17193 
13986 
1
29214 
7628 
1
30528 
2626
1
11024 
7925 
1
31004 
27433
1
22726 
13032
1
17223 
14064 
1
19188 
8361 
1
14271 
629 
1
19712 
6049
1
7286 
5265
1
2696 
57 
1
26577 
13289
1
26303 
17372 
1
22594 
1258 
1
28465 
21120 
1
18088 
12973 
1
4758 
3623 
1
30228 
12044 
1
5110 
2773 
1
3488 
1674
1
25628 
5630
1
28521 
14261
1
124 
45 
1
10196 
1938
1
6203 
1914 
1
29012 
1760 
1
21154 
367
1
30189 
21764 
1
18663 
9332
1
17714 
1245 
1
13008 
11478
1
6440 
2304 
1
2325 
1163
1
21114 
14888 
1
14461 
7968 
1
19406 
6541 
1
12836 
6685 
1
18824 
14486 
1
1627 
1223 
1
29338 
23272
1
12897 
6449
1
10113 
5057
1
11586 
870 
1
24230 
4566
1
22297 
7559 
1
3585 
1055 
1
21458 
14370 
1
2608 
2484
1
10068 
2713
1
2224 
2127 
1
22742 
20176
1
3222 
1761
1
15206 
1372 
1
22280 
422 
1
1638 
327 
1
10177 
5089
1
10549 
5333 
1
16642 
3214
1
11463 
4686 
1
32679 
1753 
1
12674 
10041 
1
20073 
10037
1
1018 
681 
1
13170 
10662
1
28686 
19091 
1
25991 
12996
1
19315 
9658
1
22045 
11259 
1
11193 
5597
1
12182 
4140 
1
20609 
10305
1
17550 
12007
1
6468 
3670
1
27814 
1361 
1
20216 
8684
1
25825 
5602 
1
2671 
1336
1
4085 
2043
1
15499 
9472 
1
32605 
16303
1
22664 
5707
1
22172 
5318 
1
25543 
7620 
1
6705 
3353
1
751 
423 
1
304 
175
1
13585 
6793
1
17865 
8933
1
21546 
7167
1
1770 
1103 
1
28290 
15945
1
23246 
2263 
1
9602 
9120 
1
27153 
25088 
1
29902 
17104
1
11601 
5801
1
5566 
29
1
2089 
1045
1
22410 
4054
1
1589 
795
1
32061 
21222 
1
20889 
14147 
1
12844 
8587
1
27068 
4537 
1
32227 
16114
1
9854 
5922 
1
19924 
3360 
1
4945 
121 
1
25412 
21026 
1
22550 
9497
1
17965 
8983
1
17914 
16143
1
25073 
20427 
1
24430 
7975
1
29813 
19376 
1
16037 
8019
1
30815 
15408
1
6653 
3978 
1
1356 
676 
1
17842 
14626 
1
4187 
2094
1
5663 
4646 
1
21417 
10709
1
7263 
445 
1
16635 
8318
1
149 
99 
1
27110 
24029
1
21319 
16859 
1
31362 
15265
1
29644 
26910 
1
28490 
24949
1
30675 
15338
1
6924 
3832 
1
20260 
19009 
1
30004 
21946
1
12393 
7900 
1
5590 
1543 
1
6411 
3206
1
12509 
9962 
1
1516 
1014
1
59 
30
1
26265 
13133
1
24556 
7816
1
30213 
15107
1
1955 
446 
1
24775 
8381 
1
6542 
5032
1
25899 
23074 
1
18133 
9067
1
26114 
10009
1
1724 
676 
1
24779 
7201 
1
21975 
10988
1
22868 
3286
1
20826 
9677 
1
2599 
711 
1
30081 
10117 
1
1529 
765
1
29422 
8406 
1
7517 
5176 
1
27682 
19965
1
6022 
5641 
1
29310 
20416 
1
17125 
8563
1
31763 
15882
1
4807 
2404
1
5603 
3893 
1
1013 
507
1
24115 
2695 
1
12291 
9003 
1
1055 
26 
1
7492 
6221 
1
16440 
7959 
1
6996 
1053 
1
18239 
9120
1
10867 
6793 
1
21197 
7463 
1
12023 
1147 
1
3926 
2796
1
30808 
4099 
1
14601 
7279 
1
20449 
13883 
1
4576 
4187
1
18398 
13021 
1
13852 
12965 
1
16926 
659
1
10941 
7679 
1
1656 
804 
1
31755 
15878
1
8715 
802 
1
8639 
4320
1
24516 
11522
1
20529 
10265
1
906 
405 
1
14162 
2201 
1
331 
166
1
14334 
8592 
1
16337 
8169
1
12394 
7637 
1
31592 
19950 
1
13338 
10005
1
28665 
14333
1
30569 
19282 
1
18374 
10279 
1
23827 
4570 
1
14641 
7321
1
944 
516
1
8420 
5566
1
16217 
8109
1
2610 
625
1
16075 
8038
1
19696 
9574 
1
31173 
15587
1
26032 
237 
1
10423 
9929 
1
23553 
4183 
1
5765 
2883
1
14903 
13353 
1
6973 
5903 
1
21578 
9790
1
27595 
13798
1
755 
378
1
11673 
94 
1
9763 
5968 
1
1909 
955
1
26435 
13218
1
4320 
959 
1
8167 
2367 
1
21788 
6745 
1
3448 
1574 
1
29332 
2377 
1
12724 
5259 
1
9221 
3449 
1
19491 
8926 
1
19678 
15970 
1
15678 
6991 
1
32197 
16099
1
7728 
6243 
1
17613 
8807
1
11409 
5705
1
7186 
1495 
1
21314 
1188
1
2112 
419 
1
1455 
1320 
1
20268 
17714
1
25473 
20973 
1
28443 
14222
1
25771 
12886
1
1382 
7 
1
8024 
84
1
2328 
403
1
11059 
7927 
1
32529 
5652 
1
9861 
4931
1
2743 
382 
1
18435 
5842 
1
14868 
9998
1
9258 
4235
1
28459 
2662 
1
20808 
20279 
1
6366 
246
1
7834 
527 
1
8929 
2706 
1
6767 
1736 
1
11838 
10055
1
29353 
11370 
1
6609 
2644 
1
9536 
7209 
1
23244 
4406
1
190 
141
1
9524 
804 
1
29892 
27201
1
25698 
4920 
1
12932 
6681 
1
900 
26
1
7493 
6194 
1
1561 
781
1
31498 
2786 
1
18806 
9986 
1
13550 
8029 
1
9278 
74
1
21498 
13827 
1
6583 
413 
1
26490 
160 
1
9073 
1308 
1
10209 
5105
1
15371 
7686
1
12075 
1648 
1
28762 
11057
1
16684 
13717
1
2742 
2213 
1
10397 
5064 
1
2600 
1937 
1
27033 
14388 
1
3518 
2935 
1
18883 
9442
1
31759 
15880
1
17096 
7297
1
10179 
3401 
1
12751 
6376
1
24082 
2996
1
27754 
20900 
1
3094 
1233
1
29930 
7515
1
11192 
5974
1
5652 
5335 
1
31578 
26518 
1
5875 
4042 
1
8147 
6253 
1
26950 
26858
1
237 
20 
1
28163 
16956 
1
30181 
16098 
1
2514 
1720
1
16879 
14141 
1
2446 
171
1
24751 
12376
1
13866 
8349
1
27433 
13717
1
28523 
14262
1
17642 
7232 
1
6480 
6322
1
19448 
4761
1
25760 
4430 
1
8487 
3456 
1
4861 
88 
1
12504 
10862 
1
12456 
1742 
1
15822 
1475 
1
24456 
15948
1
9136 
2241 
1
24999 
12500
1
6923 
3462
1
28889 
14445
1
4748 
193 
1
6451 
1900 
1
20856 
5508
1
31562 
23246
1
1551 
1089 
1
2700 
1911
1
7173 
3587
1
2113 
1057
1
8248 
2147
1
32373 
16187
1
9321 
4661
1
9659 
4830
1
26579 
16949 
1
18167 
9084
1
31021 
15511
1
14789 
7395
1
11970 
5039 
1
16627 
8314
1
17907 
8022 
1
24391 
15200 
1
19200 
12421 
1
15814 
11602
1
3581 
1332 
1
13445 
6723
1
4361 
2181
1
26432 
7153 
1
4694 
1110 
1
17605 
8803
1
7769 
5716 
1
543 
162 
1
7356 
5934 
1
13094 
3491
1
20494 
8218
1
29448 
15666 
1
15085 
4011 
1
3965 
1983
1
8107 
3657 
1
27081 
13541
1
21412 
13714 
1
27217 
13609
1
17041 
14491 
1
20664 
12260
1
2096 
1310 
1
26836 
25681 
1
5726 
4072
1
9157 
4579
1
7906 
2535 
1
22886 
21963 
1
10798 
9607 
1
5341 
1395 
1
7741 
3871
1
24774 
19098 
1
11073 
5537
1
22956 
20667
1
12482 
4687 
1
16226 
1010 
1
11456 
7307 
1
22 
15 
1
26019 
1350 
1
17651 
13291 
1
3170 
2876
1
21980 
2220 
1
18662 
8682
1
24034 
7996
1
26254 
20084 
1
32719 
12245 
1
20653 
10327
1
30471 
15236
1
1595 
798
1
3277 
1662 
1
23991 
11996
1
29272 
17946 
1
20184 
3406 
1
24780 
5007 
1
23488 
3709
1
12936 
6844 
1
24963 
18966 
1
11808 
952
1
32672 
1458 
1
13598 
621
1
7373 
1191 
1
28802 
14724 
1
31602 
24228 
1
19772 
592 
1
7722 
3566
1
18611 
9306
1
15023 
7512
1
23016 
8056
1
15280 
4603 
1
3823 
2124 
1
145 
106 
1
24605 
4624 
1
21725 
10257 
1
28224 
20595
1
4988 
4506 
1
5751 
3237 
1
28136 
14698
1
23225 
1909 
1
31921 
27373 
1
6735 
3368
1
27607 
8185 
1
14120 
6742 
1
12780 
12280 
1
30837 
15419
1
12738 
5291 
1
10738 
3354
1
16061 
8031
1
3433 
1717
1
14876 
5908 
1
8720 
631 
1
3352 
1626
1
23073 
3592 
1
31491 
15746
1
3054 
1794
1
27006 
24177
1
6140 
1769
1
23640 
5876
1
15827 
7914
1
24829 
12582 
1
11892 
1024 
1
14244 
7350 
1
20503 
10252
1
8347 
4174
1
18414 
11401
1
13163 
8936 
1
19878 
11383 
1
26706 
13875
1
32196 
22567 
1
18589 
7812 
1
32426 
26868
1
13064 
8484 
1
9100 
6824
1
30049 
15025
1
8637 
822 
1
9406 
2126 
1
7976 
2581
1
8045 
4023
1
3389 
1695
1
12320 
6273 
1
10134 
1776
1
18301 
9151
1
3586 
2258 
1
10491 
5246
1
17234 
10723 
1
18991 
9496
1
23259 
11630
1
9659 
480 
1
18991 
9496
1
4423 
3627 
1
12362 
4381 
1
23189 
11595
1
31358 
23942 
1
16346 
4381
1
25711 
20062 
1
27505 
13753
1
28103 
14052
1
3530 
3313 
1
3731 
1866
1
13050 
1069 
1
19553 
9777
1
29732 
6748 
1
14399 
7200
1
27353 
13677
1
13044 
1479
1
25835 
12918
1
7241 
189 
1
28581 
14291
1
29877 
19179 
1
22349 
11175
1
31636 
16858
1
18903 
9360 
1
19023 
9274 
1
28889 
3918 
1
13699 
11268 
1
10390 
6933
1
2004 
1075
1
14590 
8563
1
19865 
6408 
1
29682 
18491 
1
31072 
25237
1
16841 
8421
1
23894 
22631
1
28783 
14392
1
8291 
4146
1
20998 
10154
1
16718 
6641 
1
4884 
4126 
1
20387 
10194
1
19602 
16841
1
27284 
1967
1
176 
134
1
4288 
2272
1
2139 
1070
1
2462 
2271 
1
18829 
5631 
1
3761 
772 
1
30615 
15308
1
28597 
14299
1
10539 
7671 
1
21556 
3362 
1
5753 
2253 
1
29066 
727
1
12760 
10394 
1
18793 
9397
1
30138 
17104
1
13695 
6848
1
7499 
3750
1
3880 
8 
1
670 
56
1
25437 
12719
1
1444 
288
1
4435 
2218
1
10817 
5409
1
29867 
1087 
1
18685 
9343
1
10049 
5025
1
30812 
19815 
1
23744 
1605
1
7196 
507 
1
9859 
4930
1
11448 
41
1
17976 
27 
1
30067 
15034
1
12571 
2106 
1
29987 
14994
1
8188 
3708
1
31251 
18687 
1
28129 
14065
1
30863 
15432
1
3873 
1937
1
14429 
7215
1
6479 
3240
1
21266 
9995
1
5822 
2212 
1
24774 
361
1
13337 
6669
1
2738 
1097
1
20357 
1072 
1
32146 
17283
1
13574 
4713 
1
9906 
7163 
1
19540 
8508 
1
30232 
24116
1
20830 
2646 
1
19646 
14273
1
32073 
13774 
1
26898 
3543 
1
23278 
6126
1
9079 
4540
1
20737 
10369
1
21139 
10570
1
10664 
1678 
1
25982 
1719 
1
16003 
2446 
1
24017 
15138 
1
21285 
10643
1
822 
483
1
10678 
120 
1
8892 
7481
1
8073 
4037
1
4716 
3468
1
27760 
701
1
24242 
11830
1
11799 
5900
1
12275 
5859 
1
12171 
6863 
1
11910 
2969 
1
29401 
14701
1
23106 
9413
1
15408 
10678
1
14791 
9835 
1
18086 
9649
1
17999 
4088 
1
30425 
15213
1
24255 
5415 
1
12494 
1081
1
2439 
406 
1
2291 
1239 
1
25809 
4633 
1
13788 
7240 
1
10828 
2555 
1
16799 
8400
1
16322 
13783 
1
18510 
11324 
1
6534 
1085
1
10143 
5072
1
22162 
9459 
1
1188 
114 
1
5935 
2968
1
29762 
25013 
1
16252 
2487
1
5508 
2500 
1
23102 
14490
1
1791 
896
1
14856 
6205 
1
25403 
7274 
1
6267 
3134
1
21529 
10765
1
5470 
5154
1
27893 
13947
1
28393 
14197
1
19473 
9737
1
9506 
9429 
1
21410 
7198 
1
5472 
228 
1
11515 
5758
1
490 
397
1
26633 
7471 
1
8523 
7284 
1
24706 
2386
1
31688 
4630 
1
22046 
12357
1
3155 
2072 
1
26920 
25632 
1
25777 
12889
1
16321 
13054 
1
24217 
12109
1
29008 
15464 
1
13794 
1043
1
31377 
15689
1
17118 
1335 
1
26793 
13397
1
18867 
14694 
1
13001 
6501
1
7552 
2821 
1
17878 
3790
1
8273 
4137
1
29562 
25564 
1
23889 
20309 
1
5124 
1341 
1
13838 
1982 
1
16293 
8147
1
27124 
6462 
1
27331 
13666
1
17292 
8401
1
2318 
1371
1
5937 
2969
1
31454 
27910 
1
11504 
3562
1
25368 
5386
1
17158 
11524 
1
1867 
1821 
1
31246 
1519
1
2048 
1540
1
32658 
1406
1
20581 
10291
1
13676 
10645 
1
10999 
5500
1
4490 
1672 
1
26611 
18719 
1
5928 
2754
1
22717 
11359
1
16854 
11459 
1
30807 
15404
1
24273 
1888 
1
26334 
147 
1
10429 
5215
1
29422 
22689
1
26686 
2271
1
22861 
11431
1
22163 
10344 
1
1898 
296
1
30784 
17541
1
18634 
13510 
1
26135 
13068
1
12259 
6130
1
21694 
16467
1
11095 
1843 
1
6098 
3454 
1
23493 
11747
1
27531 
13766
1
21711 
10679 
1
28787 
14394
1
8183 
4021 
1
6293 
3147
1
12528 
1752 
1
14714 
7012
1
19665 
9833
1
17763 
8882
1
29910 
1049 
1
22512 
7955 
1
14634 
13607
1
27578 
23818
1
15101 
13300 
1
3155 
1471 
1
21296 
3538
1
2928 
1678 
1
11755 
5878
1
3294 
1558
1
10444 
10113 
1
9271 
4636
1
14632 
13641
1
7987 
4874 
1
28766 
12797
1
25053 
5679 
1
32558 
14249 
1
5451 
5379 
1
24100 
23333
1
76 
73
1
14067 
11739 
1
13844 
442
1
7919 
3960
1
12629 
6315
1
28855 
8614 
1
667 
334
1
27838 
3403
1
1724 
1149 
1
11154 
4795
1
4509 
2255
1
13994 
7666
1
17611 
7218 
1
8966 
92
1
20254 
11552
1
32146 
21841 
1
26901 
13451
1
16634 
13886 
1
18033 
9017
1
10873 
8983 
1
10636 
7225 
1
7138 
1206
1
3996 
1200
1
18012 
7880 
1
24594 
531 
1
10259 
1409 
1
14444 
6189
1
26485 
13243
1
30436 
13225
1
8868 
8628 
1
32687 
16590 
1
22851 
11426
1
28957 
3721 
1
6301 
3210 
1
21596 
21017
1
21007 
7362 
1
699 
350
1
28024 
22313
1
18397 
9199
1
32095 
7847 
1
12912 
3369 
1
26848 
2023 
1
4328 
3414
1
12473 
11978 
1
5647 
2824
1
16825 
8413
1
25404 
12595
1
22188 
4641
1
18126 
12535
1
4908 
3174 
1
5118 
2600
1
17894 
10640
1
24029 
12015
1
2851 
85 
1
23624 
730 
1
21347 
10674
1
3905 
1953
1
26887 
13444
1
22057 
11029
1
3752 
2020
1
5718 
2975 
1
1422 
161
1
32445 
16223
1
3329 
1665
1
1769 
1465 
1
11263 
10721 
1
9626 
1968 
1
10985 
10460 
1
5696 
1112 
1
1538 
669
1
1220 
1111
1
31919 
15960
1
3587 
2574 
1
2398 
425
1
28149 
14075
1
29272 
27670 
1
1015 
508
1
2944 
2664 
1
28893 
14447
1
11300 
3591 
1
1550 
1375 
1
24070 
5149
1
15239 
7620
1
6464 
45 
1
12246 
6232 
1
19272 
12369 
1
4158 
1332 
1
24123 
17724 
1
10190 
967 
1
6924 
195
1
11837 
5919
1
4511 
3259 
1
27845 
24744 
1
14579 
7290
1
24515 
12258
1
8625 
4313
1
23918 
6228 
1
14287 
5182 
1
21412 
12490
1
30776 
28411 
1
27297 
13649
1
20123 
12530 
1
18278 
5554 
1
9086 
5395 
1
19752 
9250
1
15073 
7537
1
25329 
1512 
1
27297 
18940 
1
12827 
76 
1
12022 
10565 
1
12629 
6315
1
12550 
1281
1
14063 
10427 
1
29092 
4048
1
7407 
3704
1
16770 
14710 
1
15946 
13466
1
16498 
1838 
1
28050 
21006
1
18676 
13144 
1
28488 
26556 
1
15001 
7501
1
32489 
16245
1
31311 
941 
1
9708 
8455
1
10486 
2014
1
32613 
16307
1
15352 
778
1
16601 
8301
1
11858 
8969
1
31709 
2642 
1
11685 
5843
1
29870 
28584
1
7641 
4447 
1
5821 
3194 
1
25898 
18678
1
27554 
19534 
1
25625 
2735 
1
30713 
15357
1
27793 
6505 
1
18914 
463
1
24161 
6962 
1
11823 
5912
1
13918 
4007
1
27506 
1731
1
28291 
14146
1
21448 
1085
1
8997 
4499
1
15339 
2004 
1
30743 
15372
1
6768 
5054 
1
24147 
12074
1
19855 
9611 
1
24210 
15493 
1
31037 
15519
1
15619 
7810
1
15713 
7857
1
27842 
20131