18
0 0.51 0.01 0.57 0.13 0.31 0.48 0.97 0.72 0.45 0.27 0.12 0.43 0.28 0.52 0.65 0.75 0.08 
0.49 0 0.49 0.9 0.74 0.05 0.28 0.67 0.65 0.27 0.76 0.77 0.42 0.93 0.47 0.68 0.46 0.11 
0.99 0.51 0 0.41 0.37 0.65 0.72 0.09 0.8 0.78 0.19 0.88 0.05 0.11 0.76 0.99 0.79 0.65 
0.43 0.1 0.59 0 0.95 0.67 0.64 0.22 0.59 0.15 0.14 0.24 0.11 0.65 0.43 0.1 0.65 0.4 
0.87 0.26 0.63 0.05 0 0.11 0.08 0.15 0.27 0.91 0.97 0.33 0.43 0.9 0.35 0.5 0.49 0.6 
0.69 0.95 0.35 0.33 0.89 0 0.27 0.21 0.36 0.69 0.84 0.75 0.68 0.42 0.19 0.17 0.9 0.78 
0.52 0.72 0.28 0.36 0.92 0.73 0 0.38 0.13 0.17 0.56 1 0.13 0.32 0.24 0.56 0.73 0.73 
0.03 0.33 0.91 0.78 0.85 0.79 0.62 0 0.7 0.05 0.48 0.86 0.8 0.08 0.68 0.09 0.45 0.78 
0.28 0.35 0.2 0.41 0.73 0.64 0.87 0.3 0 0.99 0.59 0.14 0.83 0.76 0.4 0.15 0.64 0.34 
0.55 0.73 0.22 0.85 0.09 0.31 0.83 0.95 0.01 0 0.09 0.32 0.62 0.21 0.94 0.91 0.46 0.4 
0.73 0.24 0.81 0.86 0.03 0.16 0.44 0.52 0.41 0.91 0 0.61 0.15 0.38 0.62 0.83 0.4 0.41 
0.88 0.23 0.12 0.76 0.67 0.25 0 0.14 0.86 0.68 0.39 0 0.78 0.13 0.15 0.01 0.63 0.85 
0.57 0.58 0.95 0.89 0.57 0.32 0.87 0.2 0.17 0.38 0.85 0.22 0 0.72 0.02 0.76 0.33 0.13 
0.72 0.07 0.89 0.35 0.1 0.58 0.68 0.92 0.24 0.79 0.62 0.87 0.28 0 0.29 0.25 0.42 0.89 
0.48 0.53 0.24 0.57 0.65 0.81 0.76 0.32 0.6 0.06 0.38 0.85 0.98 0.71 0 0.89 0.39 0.58 
0.35 0.32 0.01 0.9 0.5 0.83 0.44 0.91 0.85 0.09 0.17 0.99 0.24 0.75 0.11 0 0.4 0.7 
0.25 0.54 0.21 0.35 0.51 0.1 0.27 0.55 0.36 0.54 0.6 0.37 0.67 0.58 0.61 0.6 0 0.94 
0.92 0.89 0.35 0.6 0.4 0.22 0.27 0.22 0.66 0.6 0.59 0.15 0.87 0.11 0.42 0.3 0.06 0