68
5 5 2 1 2 0
9119 626 7825 9063 7746 1
5985 2899 3010 3600 187 0
6437 5202 6115 4456 4305 0
685 94 81 400 148 0
9080 1133 1505 629 696 0
1785 85 1695 1548 100 1
6615 2526 319 3152 4501 0
2589 118 1423 557 2089 0
9807 2284 4857 4486 7239 1
4620 4510 3081 989 3161 1
3913 3025 3718 1369 1702 1
4117 3770 521 1223 2463 0
7775 4374 3759 4064 1503 0
2955 2044 924 1737 220 0
13 2 1 7 12 1
4912 592 4471 2101 3762 1
8189 7473 6357 5865 864 0
2723 1206 1814 2622 328 0
125 88 72 69 105 1
5930 1541 5331 2061 3265 0
6915 742 5848 243 5743 0
6257 5919 2514 86 1777 0
8945 1582 1226 3443 1551 0
6822 6500 6185 5175 415 0
2077 959 1941 1247 1810 1
1914 40 197 97 1745 1
9025 1838 1626 4181 2836 1
2085 1508 1688 316 1366 0
4341 595 3904 1425 976 0
8685 5461 2812 118 1126 1
6469 4470 624 417 4355 0
885 56 727 214 501 0
4549 2681 3481 3816 3748 0
5675 5428 4941 3299 4122 1
7863 142 542 1273 5408 1
7341 6636 4571 832 5605 1
9725 2537 671 4151 8846 1
2603 725 1781 989 2511 0
7637 4742 5200 64 4828 1
3605 2612 1391 1067 708 1
4539 660 3248 500 1189 0
5029 1099 3667 1910 3675 1
257 180 69 98 1 0
1505 330 959 998 516 1
2092 1573 2015 77 1315 1
2155 138 878 1483 1269 1
6505 5535 1532 1719 677 1
4484 3008 1418 2819 3665 1
3709 999 796 908 2972 1
4151 2336 2828 2290 1148 0
8191 6201 3984 618 4400 0
449 349 135 322 361 1
1569 1549 1251 202 260 1
6270 1729 2221 5016 5419 0
8425 8052 705 4465 1406 0
1083 308 295 646 859 1
9781 8462 5215 4803 5790 1
8365 6382 7733 3231 6327 0
1451 661 429 142 410 1
4597 3130 1411 2446 4515 0
3097 2320 174 501 1883 1
2368 939 1598 697 2182 1
5700 1081 5682 1513 2931 0
5711 3103 493 4490 1794 0
2461 1948 872 750 646 0
5083 1749 1617 3671 1429 1
4880 2697 395 1663 1606 1
