28
901949 840341 150138 623671 443632 1
536036 524605 466092 19537 128558 1
82605 32811 10087 28548 16718 1
885705 598486 651505 763531 487927 0
530747 453839 262258 148075 138692 0
71013 41043 46860 26826 2410 1
199655 134288 145926 74706 72896 1
938924 630689 106909 98053 364861 0
99873 83284 8749 68942 19774 1
503720 21501 424585 91181 47699 1
910391 667605 609950 785454 12147 0
16447 11908 16252 2031 101 1
130933 67845 55814 40810 130539 0
372805 139175 296171 247167 84659 0
121521 19408 108676 22186 13558 0
297499 86151 24549 56064 181360 0
661241 600171 624629 275852 547134 1
496389 70201 38992 244343 349992 1
662661 483160 23746 194887 111958 1
185429 111078 165427 154289 115375 1
726553 450807 274470 62100 689692 0
549125 336235 445320 10892 397042 1
511666 53075 262917 325967 485678 0
872103 620180 730110 822382 475294 0
453125 335820 8663 22772 445597 1
581025 147433 491014 95295 205772 0
97266 70849 27853 39411 13921 1
91845 33427 73320 819 29339 1
