100
38 38 32 6
38 25 36 41
21 9 41 18
12 12 37 36
34 6 10 18
9 32 49 3
27 29 48 31
43 32 11 8
26 15 3 9
25 50 29 40
19 19 41 20
3 39 39 42
50 19 44 23
26 28 23 15
12 20 20 4
48 45 31 40
7 19 40 9
12 9 31 43
13 48 22 49
17 44 32 42
29 12 49 37
38 42 38 18
8 13 3 12
23 24 8 24
7 30 29 3
20 8 25 43
43 28 45 37
27 29 32 10
4 46 31 3
25 36 1 27
13 41 40 48
33 11 20 21
15 11 27 28
9 15 13 26
29 41 4 39
29 30 7 47
17 50 45 18
50 19 10 13
17 1 13 31
29 32 29 34
11 18 44 30
40 45 35 17
22 20 13 0
40 31 48 25
23 34 6 41
34 1 10 40
26 7 4 20
31 15 1 8
42 32 26 41
13 18 15 15
11 9 10 8
42 33 47 9
41 23 28 17
28 5 23 43
37 6 34 46
16 15 6 27
29 26 40 41
29 49 46 11
2 23 29 9
42 32 33 38
45 25 47 35
27 40 19 34
11 10 41 48
22 40 17 14
7 6 23 25
43 3 47 20
28 5 16 36
45 43 22 3
11 30 31 24
19 42 5 31
19 45 3 42
2 27 41 37
34 13 47 3
11 8 16 46
32 31 45 16
32 47 32 45
38 28 23 35
6 34 43 23
9 5 29 13
17 15 7 33
20 38 38 39
32 11 25 18
2 13 47 13
13 6 18 3
39 23 1 46
19 36 47 31
45 16 38 8
25 6 13 36
17 48 40 39
16 6 48 21
7 23 23 35
26 30 22 30
23 1 11 22
15 34 18 39
14 18 30 10
45 22 45 29
33 32 5 46
34 22 28 0
22 37 45 47
21 13 37 32