500
364 108 124 256
147 404 387 349
240 75 39 181
368 262 119 496
356 452 99 498
471 146 142 98
147 287 125 306
355 268 147 183
177 181 29 398
222 488 92 303
362 255 233 337
340 324 132 447
41 243 248 381
140 411 54 177
126 345 448 51
130 10 360 204
256 247 412 291
222 41 324 174
480 165 195 150
264 330 146 435
332 22 251 135
130 403 88 401
440 289 130 123
413 43 357 87
28 249 205 100
168 89 167 436
248 494 248 73
404 448 81 90
303 486 15 192
70 320 497 437
45 445 392 87
157 96 147 0
21 333 95 256
101 42 76 183
156 202 473 289
204 234 32 84
400 31 9 413
109 19 441 497
497 139 210 209
100 16 145 387
291 449 259 315
471 433 148 15
58 217 9 375
129 292 235 131
361 324 189 85
305 476 219 105
148 436 315 144
359 5 176 5
30 482 200 298
216 414 118 110
340 238 217 333
285 185 336 261
28 3 34 424
204 251 271 330
218 368 0 12
339 381 167 385
31 52 411 348
219 488 435 194
21 435 52 133
301 258 348 82
108 474 316 307
297 23 482 51
492 7 80 94
354 121 259 176
344 87 407 377
347 12 114 302
452 210 155 367
486 47 466 208
104 114 65 341
291 397 72 461
388 357 360 97
206 249 196 264
426 446 265 386
150 267 116 15
51 240 262 125
326 136 288 337
122 35 366 26
112 257 472 294
87 229 435 425
141 445 397 387
66 494 281 106
159 347 41 492
333 169 364 125
367 301 250 476
365 389 30 290
399 179 451 100
174 404 194 143
125 277 387 325
346 368 310 197
354 236 396 169
146 144 210 279
492 365 269 178
333 259 155 490
204 323 221 203
259 362 281 278
337 396 133 400
488 401 233 479
199 40 62 27
170 283 71 193
140 42 365 38
394 3 401 445
367 468 364 309
360 123 327 250
172 75 244 482
238 204 417 237
338 445 326 160
417 240 12 137
433 466 197 0
16 211 149 368
408 16 375 64
251 443 328 407
208 474 467 55
250 352 291 110
131 65 153 406
499 372 121 38
438 286 101 248
464 480 339 398
259 217 420 32
346 45 198 62
4 337 191 341
435 460 306 275
422 94 110 181
129 39 241 325
439 110 287 83
100 374 166 139
140 212 272 247
388 194 210 419
336 296 212 378
108 309 403 494
3 81 210 212
45 104 472 13
436 361 404 312
157 228 118 87
184 261 110 363
185 86 131 412
196 370 233 281
383 255 81 498
115 461 336 3
392 401 11 386
145 352 175 323
163 348 173 203
5 207 23 271
145 189 211 335
256 165 331 211
471 354 97 208
480 60 245 174
111 264 238 84
230 16 298 49
479 308 365 106
168 52 6 480
8 243 30 479
172 403 257 371
416 130 231 210
271 16 173 318
240 302 360 480
339 135 345 233
99 117 486 344
186 146 196 5
382 419 157 28
316 429 404 313
94 378 54 15
109 126 155 142
385 55 110 105
300 345 493 431
49 359 85 162
321 462 368 442
135 163 220 95
241 242 303 61
481 168 127 331
364 306 440 130
284 371 475 152
158 208 398 244
220 281 37 195
19 324 439 467
307 421 334 487
17 392 163 292
385 498 69 259
54 56 415 347
207 29 200 275
207 331 283 315
335 173 207 79
170 443 269 229
198 378 407 441
361 81 27 153
178 408 489 398
481 263 341 132
21 83 357 292
157 13 85 368
452 289 447 39
188 385 53 27
280 453 105 351
474 402 152 141
369 140 54 204
363 437 422 405
229 87 237 215
198 335 111 136
226 158 204 298
128 332 200 402
249 36 382 79
38 263 434 62
224 473 421 97
131 436 197 362
97 66 424 446
472 337 42 234
109 276 147 240
30 357 453 472
10 53 450 377
187 496 140 2
416 386 306 426
433 277 186 280
24 48 28 123
101 338 1 250
421 107 235 177
149 348 1 403
189 401 82 459
499 481 179 357
414 364 180 466
401 292 210 478
242 64 446 273
391 352 485 388
82 423 453 82
227 385 171 171
356 212 37 435
40 57 170 333
52 395 272 422
79 200 337 89
315 348 69 353
361 205 398 361
76 195 309 391
415 95 164 294
69 122 333 376
53 77 34 452
232 203 101 193
263 111 434 20
371 170 342 282
282 114 51 228
451 132 334 198
117 264 124 374
26 3 79 15
266 85 206 278
453 15 480 71
197 447 118 295
138 271 204 140
340 147 361 58
391 178 316 297
186 26 30 286
22 462 73 279
355 477 155 185
10 261 440 312
341 325 340 410
445 395 381 168
470 28 455 33
144 317 104 371
152 138 342 219
380 381 207 256
480 1 97 327
337 175 342 101
103 409 193 246
450 21 393 301
252 297 66 311
22 500 34 336
68 475 90 440
330 338 93 230
481 256 315 203
429 426 33 13
375 18 213 190
378 99 482 171
54 149 333 432
438 381 233 233
398 35 243 225
395 417 169 146
182 36 38 358
382 454 155 357
462 326 39 442
54 115 213 70
424 365 73 443
402 418 354 333
91 164 416 467
431 244 98 411
355 143 133 343
356 166 369 331
186 123 255 15
400 258 412 487
358 381 438 472
260 272 305 300
41 368 359 28
162 106 98 326
488 74 377 326
343 280 365 333
53 322 50 464
138 256 159 301
337 485 291 423
186 107 16 495
130 465 0 427
108 330 145 154
285 444 417 19
471 406 87 187
281 187 56 425
390 269 94 124
19 49 368 281
190 91 482 205
184 163 372 381
389 249 241 51
167 419 78 143
128 465 2 143
40 370 9 311
42 228 76 461
49 100 47 340
343 359 181 414
481 292 183 264
493 395 175 137
464 353 55 33
106 113 371 383
248 143 51 345
113 71 25 243
56 287 109 407
120 52 386 499
11 67 48 419
205 72 230 193
297 419 453 34
494 242 478 283
239 129 5 331
186 468 154 135
310 342 249 399
259 82 356 31
484 19 223 306
139 51 243 426
199 213 52 68
478 443 362 109
328 73 293 314
447 328 163 155
373 153 296 246
363 25 180 278
91 105 70 394
48 146 45 240
416 111 3 373
347 386 355 95
47 71 51 489
143 294 7 289
447 192 225 455
136 301 433 169
436 365 427 498
213 99 290 200
182 449 331 193
186 401 46 132
376 375 20 256
390 248 239 216
490 318 414 311
346 494 484 95
375 190 470 210
280 427 86 333
140 378 271 386
177 361 47 309
11 88 312 131
100 108 362 45
405 245 383 445
361 191 188 304
444 398 52 167
231 150 370 291
186 171 164 90
142 105 261 141
364 400 250 443
321 228 441 7
79 71 330 265
113 21 462 312
431 119 164 352
377 23 334 458
431 220 489 217
427 479 349 72
295 153 263 259
129 462 295 334
314 249 52 223
170 44 246 260
36 106 439 257
361 4 425 379
169 305 171 293
214 61 262 206
148 312 454 32
237 206 269 419
393 351 28 120
360 92 467 483
211 499 185 223
161 123 420 257
443 290 238 88
318 437 441 76
447 157 68 220
419 58 267 45
352 68 139 263
416 1 382 477
356 58 81 97
388 309 278 261
209 194 161 485
351 157 386 213
468 160 453 97
284 349 412 460
103 177 376 40
364 74 198 471
320 163 448 75
146 298 324 486
407 355 249 145
257 45 352 469
400 108 204 247
41 182 389 108
114 147 205 384
333 120 220 48
397 9 49 361
211 62 102 420
193 263 253 3
116 395 387 465
413 143 450 296
460 130 137 326
230 492 394 38
52 415 471 293
405 217 485 276
155 40 215 247
440 31 66 343
36 2 28 212
165 95 298 418
415 1 121 145
81 116 424 290
312 43 36 180
302 259 68 147
150 177 219 116
466 122 487 493
493 397 371 418
490 77 496 133
376 143 96 25
176 313 147 9
236 252 255 115
70 459 481 115
164 153 35 66
40 354 421 326
27 117 499 184
174 392 398 235
381 103 307 123
79 226 358 338
318 61 223 430
99 297 280 399
69 152 71 333
183 429 251 293
278 434 57 341
19 394 298 66
297 398 325 486
231 82 422 233
77 264 364 419
267 68 199 227
265 362 222 314
93 440 162 355
254 355 445 113
475 357 96 45
359 121 175 126
322 302 182 231
204 351 55 40
397 458 375 407
289 171 445 368
188 63 318 50
224 126 318 421
9 142 405 369
101 26 477 216
262 86 319 375
153 87 0 140
296 269 322 328
203 238 220 479
330 326 486 1
358 261 392 344
233 497 173 81
190 373 70 123
405 325 188 57
475 203 159 300
222 462 460 153
440 228 50 400
137 181 343 101
125 245 140 194
47 22 291 465
54 232 87 143
325 497 322 445
358 169 246 259
378 276 117 358
33 5 427 202
367 395 472 292
362 30 290 139
494 437 255 421
293 65 183 233
41 196 89 288
250 491 40 185
452 377 28 196
76 473 172 493
338 125 98 361
468 144 129 80
373 81 7 394
267 378 39 44
57 103 300 109
3 378 303 442
80 315 33 34
267 236 361 238
473 379 84 104
406 11 166 344
157 415 356 335
241 445 127 156
325 90 408 245