1296
1234 9647
1824 2942
6608 3086
2458 5778
1732 1944
9794 3193
1612 720
6088 2739
9853 15943
1297 6500
8084 4912
4469 7238
5568 0
8326 2755
5020 5856
7904 616
8646 4079
8120 1186
343 3659
1316 7434
4674 3486
4534 1243
2107 1302
4380 2803
9752 7856
236 7666
9871 8853
7772 9071
6857 7461
9007 4197
4369 9058
5470 4603
2123 3305
6726 3382
9099 8490
163 6388
1925 3115
6580 7359
9008 168
2721 162
3563 3590
4560 7918
2424 909
7990 286
6924 8904
1070 661
1567 0
8195 9342
1904 6800
1993 4109
7228 0
7311 4193
2464 1189
6470 4037
9743 1692
3825 1104
26 377
1512 7185
9633 5497
1412 0
2331 3919
8345 7334
6471 1427
7587 4689
8499 6369
9672 9108
7135 7594
2279 1970
2450 306
7486 8415
3209 1471
8997 6385
4013 666
8641 7478
284 2078
4210 7142
7937 3173
639 5956
5375 9883
6783 0
879 8636
4180 292
1971 2561
8973 6981
9409 6398
2829 971
9540 2931
8409 8880
1403 795
9065 3514
5586 1129
2610 6188
7330 3849
1905 9982
953 650
7015 779
943 5844
9469 7460
4572 4490
9825 0
3175 6881
5233 4078
1622 965
2736 5115
2583 4115
3975 6480
5530 6459
9544 3060
7939 1639
213 8080
1968 9742
7616 3214
6781 4702
8039 8758
8958 5782
6199 3801
5637 0
1684 992
2947 5962
9673 214
5984 865
4641 834
9606 4702
360 0
7581 4685
2125 1313
9746 3121
6115 2164
5587 2585
9324 6324
9163 2
4950 3105
4765 4649
8174 8628
8660 4054
3118 5862
5668 3121
6783 0
8608 7611
3323 7485
6088 1615
8283 5651
9463 4491
7859 7515
4100 6925
6839 1708
7627 4947
1164 1757
7559 3314
8244 8737
1522 7456
5525 2724
8244 7983
9058 3720
5582 541
1185 1831
3014 6521
4591 6746
5781 1440
4450 1164
9213 8008
3058 598
5618 1735
5643 9625
302 1331
1087 0
1023 968
7754 8154
4195 8146
2498 4556
1573 5439
2593 9524
5259 1713
3523 259
1435 2015
6301 0
9783 965
3486 61
211 275
5139 0
4743 8653
5569 9011
3614 6657
7670 6290
2430 7518
5968 9657
227 140
6410 1011
8686 1197
97 6684
5080 3849
3123 2638
4049 7729
6225 3756
4833 3596
4701 4818
5063 5688
6502 6236
5646 9852
4558 3822
7941 155
765 2214
851 2236
6583 1601
5747 9299
6710 1328
1102 928
1411 2808
361 5210
3191 8150
6243 1222
1960 9522
1025 1488
9215 1923
3338 9325
3496 5122
6286 58
2047 9572
7089 1279
4230 2614
2934 862
4206 3488
2354 6351
9400 3574
5351 0
5466 9759
3513 8376
4347 5229
6085 9771
543 3528
5278 6315
5615 3470
3017 3402
7326 7311
7398 4935
9627 9786
6567 1382
5625 4138
9461 126
1252 1297
5864 0
5072 9272
805 1595
4843 2245
8501 13755
9910 816
1653 0
9736 3259
5185 8390
5602 6853
7618 2961
5817 7259
3267 4814
1409 6074
9678 8841
6445 8760
838 1830
4345 7108
7258 9116
1892 7158
7563 4152
6955 2360
8275 6420
5221 6526
5731 6716
9089 4762
8098 9462
235 7285
3568 4998
1276 817
7290 1244
2995 6779
7050 9760
9680 9629
5864 8203
1658 7962
6260 2059
6517 225
1585 854
8458 6448
8517 4424
2884 3071
3389 2921
185 6850
8633 4813
5619 3243
2329 4411
2486 391
9981 5531
8694 2328
946 6595
4297 5301
9490 1476
4811 2818
1173 5716
1839 627
9057 7585
4857 3694
8330 5900
9031 5363
7254 1448
3869 3660
600 7070
2419 4995
6048 8836
7050 9632
3387 3128
2934 8104
1949 3154
535 8082
8943 3428
2376 4906
8350 1353
1522 9724
5284 2342
9360 6476
9976 8774
3212 9762
520 1729
4256 3425
6551 2737
921 7301
8447 1137
8827 3591
978 2394
5482 8765
2205 4406
186 3631
6857 8561
1145 6619
4796 8803
4342 949
4623 4259
528 5076
2177 731
9514 3129
9467 4073
7335 4582
1906 4752
1901 9168
7185 0
8214 9244
2011 6101
864 1054
7627 4073
4595 353
5730 1906
4293 9328
6353 2567
3793 3915
7302 2236
9361 9958
2304 7511
5122 3686
303 6418
1067 2064
9222 6892
6204 491
7181 1988
2690 5589
4229 6843
7746 2050
1387 0
7872 964
9183 940
5058 3126
9659 9565
874 786
4561 6427
4267 4729
7119 8637
4396 5765
4954 0
5957 4866
8043 9818
1482 2345
9452 1051
1444 20
9101 7278
2868 9571
2420 1206
8511 5598
2232 521
8888 7537
2620 677
4532 8510
2210 0
4511 9525
7349 7396
7181 0
5582 4087
9367 5789
8322 3290
2779 4569
7529 6697
3692 8775
1100 8501
78 8244
3780 9226
7703 3967
6179 9998
7845 4993
7885 2019
9722 0
6372 3938
238 147
986 8993
2170 6956
8311 9105
1515 4787
1836 6539
6326 2650
5283 175
3770 0
8456 4912
1745 8096
3172 4734
7397 5382
1503 2543
447 3084
4683 6624
5522 8231
116 0
9449 0
4655 4957
4335 6661
4930 312
1812 8979
6474 7025
8089 7643
4644 9994
6745 922
4658 6790
5250 8435
9519 56
8588 4982
8412 2301
2666 5634
1025 3276
9575 8385
8427 0
5199 7143
7660 1272
7290 0
9330 0
2256 1394
8528 6819
5048 7933
4846 8228
2596 208
2890 8888
870 7216
5035 3251
2757 1049
5903 5519
4680 454
3206 209
5859 3621
7282 2969
6101 3627
4061 640
2225 6689
2271 3099
3586 805
1342 5253
6431 5298
7161 4103
4829 1573
3943 1949
1752 0
1333 3558
9209 9847
936 0
3917 0
8957 3235
5876 490
3311 6038
3216 7195
8041 375
3255 2389
9661 5879
5260 3492
6345 2130
8905 1454
4447 2133
3076 4208
2131 2880
3352 5146
2409 2105
2554 4133
3246 3153
8705 2605
9916 1691
2041 8810
2330 9423
3851 9867
6106 4192
4486 2548
8616 7736
3939 7043
1908 9573
7596 8746
6195 4416
9651 8281
8693 2254
3274 1253
5567 6028
813 3351
3808 3573
7897 4381
4607 2169
1910 6309
7073 3294
1360 3103
972 3155
3943 5308
7958 7858
5022 4241
6283 6332
1013 2945
7329 6317
200 4873
8865 638
6617 2454
5557 0
6444 4696
7924 6131
2390 247
899 2242
6206 3662
1611 7795
9109 2975
1163 4627
3822 9480
7976 1955
7886 525
531 8010
9459 1443
3759 2323
1781 6311
2134 5498
9939 3859
9678 315
5097 4890
1003 8612
7339 5884
7770 1139
1868 6846
6826 640
985 1594
5321 1169
1525 5476
1986 1942
815 8707
9141 9472
11 8469
5782 3508
5919 3658
1057 8903
2259 6124
3843 3638
8563 135
8688 8977
4204 3295
9277 9245
4613 8683
9346 1520
8639 5329
7504 955
3728 4734
1042 8064
3799 6147
3269 411
9612 1411
3861 5459
1452 6795
1739 9917
7765 7593
2999 1669
1889 5430
242 7666
4746 6825
4707 2909
6741 7569
2779 9376
6993 0
8357 6725
4562 7
1308 207
8372 3170
1941 1184
4485 0
9266 7125
1281 9853
5330 8092
2542 6129
5931 1577
5864 3628
3606 1493
3083 2690
8852 1084
2757 5076
6909 2390
7384 8937
179 6065
2652 9685
5780 2392
3603 8707
9795 4811
4477 5757
4586 5134
9356 3881
1742 4657
4521 0
1233 8727
8492 6513
2604 0
5595 4953
2363 0
8725 6252
3607 9062
7892 2274
6610 8479
9927 5784
6232 2405
6469 2976
9309 776
343 7718
5220 6890
1465 4602
4602 67
6424 1004
7423 2007
5918 5567
7644 495
6926 8857
8483 5151
7865 966
1927 5203
5404 9300
2952 4719
6689 999
9949 4662
2693 7629
7254 7427
1164 4767
1904 325
1812 7093
1118 2730
9297 71
6505 3851
2945 1460
8784 6482
5858 9192
255 9987
4841 5102
1533 0
4536 1212
6501 5291
6337 871
5881 8449
1599 2588
748 6855
3175 6351
9271 7174
3402 5231
7251 9696
5740 1804
8292 356
3260 3869
5171 858
1471 4511
3892 9330
7124 4010
7084 6004
2914 5460
5363 3434
6430 4271
157 1226
8683 2570
7009 2000
6300 5232
2230 2128
4764 4778
369 3575
3211 4081
1780 9072
5531 2988
8854 5112
8938 3899
6176 490
6516 1693
8626 0
5576 7774
4163 0
647 2418
3763 7843
2596 1814
6951 7700
2046 613
3695 691
7952 2732
6028 2229
7511 7286
4250 1283
6472 10472
782 7920
2676 13
6527 1078
188 2909
9272 1408
8246 1613
8511 1273
2299 5894
2398 1875
8368 5410
5137 4195
9488 1534
2637 1110
2499 8931
4356 2413
5659 8322
5222 2555
2589 4268
4909 6358
5771 6094
4222 657
5606 588
5633 9382
3899 1785
8152 5112
1918 7090
7000 7512
6385 3946
5002 4513
7274 5236
4589 8423
460 8171
9022 1444
8285 13406
514 9448
7159 9764
152 1580
1878 5256
1474 2108
2994 3040
6876 1003
5475 4481
3073 4597
7853 3597
3777 5588
373 6352
8135 1386
7366 6378
4517 2521
4064 7736
3778 9097
4063 7889
6048 5071
6562 8886
342 1952
128 9611
5178 4651
1245 1421
1881 3312
4223 4268
9171 9414
7833 2183
2325 7525
2420 9711
7317 1918
9937 9682
3742 7865
2725 3575
9965 325
1537 8653
8955 7999
7155 6843
3568 2479
8067 1237
4185 3636
5159 6356
4049 8477
8492 3976
2370 2232
3861 2910
3367 9342
5775 6990
9876 8899
1571 5087
7124 3692
2804 4807
2470 8571
2094 7536
3448 3228
9005 4397
6717 3322
6562 8254
7212 0
8455 9248
7135 8228
6501 0
4362 0
7763 6157
2976 7423
5523 5135
4006 4561
5875 0
4929 5586
8097 2701
116 9638
4424 1589
8584 732
1321 3266
411 1863
4465 4253
2370 8710
7767 2810
3036 2165
179 9241
6466 9166
9898 2919
2583 1183
5091 7394
1889 398
6390 7823
4125 6675
4532 6738
5712 285
1568 1532
6872 4247
3725 9349
7438 7979
4367 3148
4625 7343
4939 8265
7248 161
5405 6304
5516 4693
1909 2654
9830 5819
7469 6705
9735 8087
7303 1300
8359 7375
1601 2199
6385 4597
4916 5696
7545 2928
3196 169
7157 7648
1770 6902
2244 368
840 8247
6387 3666
9193 1368
1804 1675
7992 2863
1060 8612
263 7990
2612 6343
8472 4194
992 4945
5740 4059
8150 1054
8534 1961
1204 6272
5405 825
216 7157
7604 98
1111 9943
3487 4745
5441 127
2292 4457
6915 11189
2212 4158
3531 3627
6818 9571
5885 1280
9182 1761
6957 0
1778 8796
1923 1668
5561 9176
9269 8486
9991 16166
9626 6611
823 1199
7459 7594
2136 5028
8961 6493
4170 7082
3578 9632
2970 8648
1833 2190
4247 0
4182 5416
6653 728
9628 8890
4803 5943
4260 4542
240 9481
5638 2491
4687 47
1186 7551
6560 4054
4277 2643
8494 3685
3150 7782
7395 1351
4727 8765
8356 6822
6825 5538
648 1508
3647 3671
5661 8116
6365 0
8186 3294
6100 4204
9501 4802
8266 5480
6058 6777
8772 4990
6426 2429
9517 8311
9067 2262
6223 7588
7495 8612
4443 6410
5357 456
4119 1311
770 775
9654 6316
2102 4
4827 1932
5631 6723
725 3671
2225 5968
957 1216
5813 7241
4944 8973
1386 7666
7926 1284
683 7844
9598 15530
9227 7482
3420 7898
8710 5819
8064 1532
2035 3293
7192 5463
4606 2323
1078 4534
9444 5183
8128 9508
1053 9831
205 666
3248 6373
9896 7853
6388 8224
2113 7477
9930 6833
9558 9429
5865 4682
6825 9693
3971 100
5806 1269
2988 9933
8364 7039
9318 496
5045 6382
1216 8622
3076 4967
4479 9260
6649 324
6288 1417
9049 9250
9425 0
1309 5721
6543 5439
163 3320
4090 9180
5448 3367
5631 4620
3197 8136
8829 533
784 7116
6464 2893
6141 3272
9046 8199
6362 9276
4351 2689
1439 1694
9456 5844
4376 738
3198 1644
2227 2023
6321 1624
2997 1852
846 7205
9746 4969
6643 3970
9523 15409
7677 6747
9377 6205
6294 6178
7145 0
5813 3733
9384 0
9939 0
9980 3746
6572 3276
8977 3852
6732 2539
3403 1074
4842 7100
9274 0
3572 3678
1841 6704
3242 8554
209 6531
8377 741
769 6807
9546 9681
958 8456
8959 4914
604 3911
8509 13768
9095 5733
5885 4064
2232 8361
3440 4332
1301 4522
4466 8475
3665 1134
9023 31
1491 8337
6441 7557
3124 2210
6135 7728
4286 4746
2283 4551
7323 5554
5697 2643
1692 2713
3275 5251
3148 3322
5928 8485
4307 705
9587 1476
8951 2872
9532 5952
8800 2824
7265 8681
9830 5191
3529 7541
2140 3463
9323 9192
4567 3892
1135 5290
2829 4578
938 8304
5204 7914
1759 8056
5165 4371
4471 787
7397 1807
8009 4945
4810 9682
3454 7146
2823 8883
7144 9919
552 9221
6105 2093
1933 9999
5450 31
8584 5625
8327 8106
8518 6938
3742 0
770 3052
7055 2270
2489 5077
5751 1006
6027 8029
5100 7602
5701 515
1758 7080
8877 7358
9138 2401
9003 3574
3605 5627
2601 5748
9108 5673
2809 969
6383 9488
1769 6713
4352 2254
349 20
5146 6108
3829 7913
5390 7264
3120 4943
1951 3878
2967 306
6381 8207
8694 3581
3754 7997
1941 6224
8245 2578
445 8587
5889 6318
5283 4459
4783 2956
5820 2269
6459 1023
649 6159
3239 5412
1495 3769
9962 5886
4795 9655
2287 9071
5394 5581
8738 1953
8975 2285
7846 1313
7405 3583
6325 6346
1910 5125
5795 1804
5454 0
6972 237
916 2262
7562 2337
7411 9767
3347 3653
5455 9917
3079 2162
6636 4980
2185 1416
8483 768
4459 9628
8733 7774
5806 6972
9560 7016
5874 8288
2154 0
2038 5155
984 246
5524 3960
5733 3543
7731 4778
5576 3525
6295 3216
9376 1455
9114 1605
9202 2635
9854 309
4907 325
9990 4732
1663 0
1 0
8782 4395
9855 7227
481 4310
6586 6070
3928 7567
5227 0
6914 1273
2656 2705
6045 4956
2305 3730
2817 1741
8046 1834
8252 6355
4194 66
4177 6480
7002 8508
9353 958
8609 6767
9027 4394
6238 7716
647 9219
3936 8068
6814 9096
1026 9637
2956 873
2155 4150
6407 6567
7371 11927
5458 5264
5616 3692
8022 139
829 3549
2544 8774
4981 1907
7065 3027
4435 9305
4719 2379
7772 1569
1372 750
2105 9300
5569 4318
946 5136
8717 7333
9901 0
8507 6817
3100 5375
8467 5796
6682 10812
7934 0
2946 992
649 4015
4888 946
7921 5423
889 4896
2145 8620
3454 2213
3334 182
3405 4715
5472 7583
1667 8714
5090 8823
6250 2854
290 3613
9147 7785
1232 1892
1662 8973
9778 4662
6506 5857
1040 9246
9203 0
8894 2209
4115 8293
8833 6859
9460 6228
664 825
7125 9382
106 3800
2828 5188
3019 4767
4132 4357
3273 2403
184 8653
641 8883
1257 2717
2955 981
6847 920
7682 9691
4673 2100
274 6922
2478 4562
2300 2726
3079 556
557 2358
7282 7740
6105 9908
1300 9899
4796 9245
7692 105
8130 1993
4494 3803
6777 10966
3096 5010
3245 7129
51 9170
593 1099
2671 2948
2896 7228
2864 168
6507 1452
3597 3585
8214 8189
2017 1225
780 4067
8769 3503
4260 5878
9651 6423
3218 5621
4946 563
5345 930
8514 498
8974 7661
8451 9780
4363 6094
6460 4874
5239 1986
5873 7936
6801 3861
2791 1007
5793 9264
8671 1906
2978 1122
3609 7529
772 4375
4951 7748
