11
2
-5 5
-5 5
724
-60 -120
-60 -119
-60 -118
-60 -117
-60 -116
-60 -115
-60 -114
-60 -113
-60 -112
-60 -111
-60 -110
-60 -109
-60 -108
-60 -107
-60 -106
-60 -105
-60 -104
-60 -103
-60 -102
-60 -101
-60 -100
-60 -99
-60 -98
-60 -97
-60 -96
-60 -95
-60 -94
-60 -93
-60 -92
-60 -91
-60 -90
-60 -89
-60 -88
-60 -87
-60 -86
-60 -85
-60 -84
-60 -83
-60 -82
-60 -81
-60 -80
-60 -79
-60 -78
-60 -77
-60 -76
-60 -75
-60 -74
-60 -73
-60 -72
-60 -71
-60 -70
-60 -69
-60 -68
-60 -67
-60 -66
-60 -65
-60 -64
-60 -63
-60 -62
-60 -61
-60 -60
-60 -59
-60 -58
-60 -57
-60 -56
-60 -55
-60 -54
-60 -53
-60 -52
-60 -51
-60 -50
-60 -49
-60 -48
-60 -47
-60 -46
-60 -45
-60 -44
-60 -43
-60 -42
-60 -41
-60 -40
-60 -39
-60 -38
-60 -37
-60 -36
-60 -35
-60 -34
-60 -33
-60 -32
-60 -31
-60 -30
-60 -29
-60 -28
-60 -27
-60 -26
-60 -25
-60 -24
-60 -23
-60 -22
-60 -21
-60 -20
-60 -19
-60 -18
-60 -17
-60 -16
-60 -15
-60 -14
-60 -13
-60 -12
-60 -11
-60 -10
-60 -9
-60 -8
-60 -7
-60 -6
-60 -5
-60 -4
-60 -3
-60 -2
-60 -1
-60 0
-60 1
-60 2
-60 3
-60 4
-60 5
-60 6
-60 7
-60 8
-60 9
-60 10
-60 11
-60 12
-60 13
-60 14
-60 15
-60 16
-60 17
-60 18
-60 19
-60 20
-60 21
-60 22
-60 23
-60 24
-60 25
-60 26
-60 27
-60 28
-60 29
-60 30
-60 31
-60 32
-60 33
-60 34
-60 35
-60 36
-60 37
-60 38
-60 39
-60 40
-60 41
-60 42
-60 43
-60 44
-60 45
-60 46
-60 47
-60 48
-60 49
-60 50
-60 51
-60 52
-60 53
-60 54
-60 55
-60 56
-60 57
-60 58
-60 59
-60 60
-60 61
-60 62
-60 63
-60 64
-60 65
-60 66
-60 67
-60 68
-60 69
-60 70
-60 71
-60 72
-60 73
-60 74
-60 75
-60 76
-60 77
-60 78
-60 79
-60 80
-60 81
-60 82
-60 83
-60 84
-60 85
-60 86
-60 87
-60 88
-60 89
-60 90
-60 91
-60 92
-60 93
-60 94
-60 95
-60 96
-60 97
-60 98
-60 99
-60 100
-60 101
-60 102
-60 103
-60 104
-60 105
-60 106
-60 107
-60 108
-60 109
-60 110
-60 111
-60 112
-60 113
-60 114
-60 115
-60 116
-60 117
-60 118
-60 119
-60 120
-60 120
-59 120
-58 120
-57 120
-56 120
-55 120
-54 120
-53 120
-52 120
-51 120
-50 120
-49 120
-48 120
-47 120
-46 120
-45 120
-44 120
-43 120
-42 120
-41 120
-40 120
-39 120
-38 120
-37 120
-36 120
-35 120
-34 120
-33 120
-32 120
-31 120
-30 120
-29 120
-28 120
-27 120
-26 120
-25 120
-24 120
-23 120
-22 120
-21 120
-20 120
-19 120
-18 120
-17 120
-16 120
-15 120
-14 120
-13 120
-12 120
-11 120
-10 120
-9 120
-8 120
-7 120
-6 120
-5 120
-4 120
-3 120
-2 120
-1 120
0 120
1 120
2 120
3 120
4 120
5 120
6 120
7 120
8 120
9 120
10 120
11 120
12 120
13 120
14 120
15 120
16 120
17 120
18 120
19 120
20 120
21 120
22 120
23 120
24 120
25 120
26 120
27 120
28 120
29 120
30 120
31 120
32 120
33 120
34 120
35 120
36 120
37 120
38 120
39 120
40 120
41 120
42 120
43 120
44 120
45 120
46 120
47 120
48 120
49 120
50 120
51 120
52 120
53 120
54 120
55 120
56 120
57 120
58 120
59 120
60 120
60 120
60 119
60 118
60 117
60 116
60 115
60 114
60 113
60 112
60 111
60 110
60 109
60 108
60 107
60 106
60 105
60 104
60 103
60 102
60 101
60 100
60 99
60 98
60 97
60 96
60 95
60 94
60 93
60 92
60 91
60 90
60 89
60 88
60 87
60 86
60 85
60 84
60 83
60 82
60 81
60 80
60 79
60 78
60 77
60 76
60 75
60 74
60 73
60 72
60 71
60 70
60 69
60 68
60 67
60 66
60 65
60 64
60 63
60 62
60 61
60 60
60 59
60 58
60 57
60 56
60 55
60 54
60 53
60 52
60 51
60 50
60 49
60 48
60 47
60 46
60 45
60 44
60 43
60 42
60 41
60 40
60 39
60 38
60 37
60 36
60 35
60 34
60 33
60 32
60 31
60 30
60 29
60 28
60 27
60 26
60 25
60 24
60 23
60 22
60 21
60 20
60 19
60 18
60 17
60 16
60 15
60 14
60 13
60 12
60 11
60 10
60 9
60 8
60 7
60 6
60 5
60 4
60 3
60 2
60 1
60 0
60 -1
60 -2
60 -3
60 -4
60 -5
60 -6
60 -7
60 -8
60 -9
60 -10
60 -11
60 -12
60 -13
60 -14
60 -15
60 -16
60 -17
60 -18
60 -19
60 -20
60 -21
60 -22
60 -23
60 -24
60 -25
60 -26
60 -27
60 -28
60 -29
60 -30
60 -31
60 -32
60 -33
60 -34
60 -35
60 -36
60 -37
60 -38
60 -39
60 -40
60 -41
60 -42
60 -43
60 -44
60 -45
60 -46
60 -47
60 -48
60 -49
60 -50
60 -51
60 -52
60 -53
60 -54
60 -55
60 -56
60 -57
60 -58
60 -59
60 -60
60 -61
60 -62
60 -63
60 -64
60 -65
60 -66
60 -67
60 -68
60 -69
60 -70
60 -71
60 -72
60 -73
60 -74
60 -75
60 -76
60 -77
60 -78
60 -79
60 -80
60 -81
60 -82
60 -83
60 -84
60 -85
60 -86
60 -87
60 -88
60 -89
60 -90
60 -91
60 -92
60 -93
60 -94
60 -95
60 -96
60 -97
60 -98
60 -99
60 -100
60 -101
60 -102
60 -103
60 -104
60 -105
60 -106
60 -107
60 -108
60 -109
60 -110
60 -111
60 -112
60 -113
60 -114
60 -115
60 -116
60 -117
60 -118
60 -119
60 -120
60 -120
59 -120
58 -120
57 -120
56 -120
55 -120
54 -120
53 -120
52 -120
51 -120
50 -120
49 -120
48 -120
47 -120
46 -120
45 -120
44 -120
43 -120
42 -120
41 -120
40 -120
39 -120
38 -120
37 -120
36 -120
35 -120
34 -120
33 -120
32 -120
31 -120
30 -120
29 -120
28 -120
27 -120
26 -120
25 -120
24 -120
23 -120
22 -120
21 -120
20 -120
19 -120
18 -120
17 -120
16 -120
15 -120
14 -120
13 -120
12 -120
11 -120
10 -120
9 -120
8 -120
7 -120
6 -120
5 -120
4 -120
3 -120
2 -120
1 -120
0 -120
-1 -120
-2 -120
-3 -120
-4 -120
-5 -120
-6 -120
-7 -120
-8 -120
-9 -120
-10 -120
-11 -120
-12 -120
-13 -120
-14 -120
-15 -120
-16 -120
-17 -120
-18 -120
-19 -120
-20 -120
-21 -120
-22 -120
-23 -120
-24 -120
-25 -120
-26 -120
-27 -120
-28 -120
-29 -120
-30 -120
-31 -120
-32 -120
-33 -120
-34 -120
-35 -120
-36 -120
-37 -120
-38 -120
-39 -120
-40 -120
-41 -120
-42 -120
-43 -120
-44 -120
-45 -120
-46 -120
-47 -120
-48 -120
-49 -120
-50 -120
-51 -120
-52 -120
-53 -120
-54 -120
-55 -120
-56 -120
-57 -120
-58 -120
-59 -120
-60 -120
181
-90 0
-89 0
-88 0
-87 0
-86 0
-85 0
-84 0
-83 0
-82 0
-81 0
-80 0
-79 0
-78 0
-77 0
-76 0
-75 0
-74 0
-73 0
-72 0
-71 0
-70 0
-69 0
-68 0
-67 0
-66 0
-65 0
-64 0
-63 0
-62 0
-61 0
-60 0
-59 0
-58 0
-57 0
-56 0
-55 0
-54 0
-53 0
-52 0
-51 0
-50 0
-49 0
-48 0
-47 0
-46 0
-45 0
-44 0
-43 0
-42 0
-41 0
-40 0
-39 0
-38 0
-37 0
-36 0
-35 0
-34 0
-33 0
-32 0
-31 0
-30 0
-29 0
-28 0
-27 0
-26 0
-25 0
-24 0
-23 0
-22 0
-21 0
-20 0
-19 0
-18 0
-17 0
-16 0
-15 0
-14 0
-13 0
-12 0
-11 0
-10 0
-9 0
-8 0
-7 0
-6 0
-5 0
-4 0
-3 0
-2 0
-1 0
0 0
1 0
2 0
3 0
4 0
5 0
6 0
7 0
8 0
9 0
10 0
11 0
12 0
13 0
14 0
15 0
16 0
17 0
18 0
19 0
20 0
21 0
22 0
23 0
24 0
25 0
26 0
27 0
28 0
29 0
30 0
31 0
32 0
33 0
34 0
35 0
36 0
37 0
38 0
39 0
40 0
41 0
42 0
43 0
44 0
45 0
46 0
47 0
48 0
49 0
50 0
51 0
52 0
53 0
54 0
55 0
56 0
57 0
58 0
59 0
60 0
61 0
62 0
63 0
64 0
65 0
66 0
67 0
68 0
69 0
70 0
71 0
72 0
73 0
74 0
75 0
76 0
77 0
78 0
79 0
80 0
81 0
82 0
83 0
84 0
85 0
86 0
87 0
88 0
89 0
90 0
361
3 -180
3 -179
3 -178
3 -177
3 -176
3 -175
3 -174
3 -173
3 -172
3 -171
3 -170
3 -169
3 -168
3 -167
3 -166
3 -165
3 -164
3 -163
3 -162
3 -161
3 -160
3 -159
3 -158
3 -157
3 -156
3 -155
3 -154
3 -153
3 -152
3 -151
3 -150
3 -149
3 -148
3 -147
3 -146
3 -145
3 -144
3 -143
3 -142
3 -141
3 -140
3 -139
3 -138
3 -137
3 -136
3 -135
3 -134
3 -133
3 -132
3 -131
3 -130
3 -129
3 -128
3 -127
3 -126
3 -125
3 -124
3 -123
3 -122
3 -121
3 -120
3 -119
3 -118
3 -117
3 -116
3 -115
3 -114
3 -113
3 -112
3 -111
3 -110
3 -109
3 -108
3 -107
3 -106
3 -105
3 -104
3 -103
3 -102
3 -101
3 -100
3 -99
3 -98
3 -97
3 -96
3 -95
3 -94
3 -93
3 -92
3 -91
3 -90
3 -89
3 -88
3 -87
3 -86
3 -85
3 -84
3 -83
3 -82
3 -81
3 -80
3 -79
3 -78
3 -77
3 -76
3 -75
3 -74
3 -73
3 -72
3 -71
3 -70
3 -69
3 -68
3 -67
3 -66
3 -65
3 -64
3 -63
3 -62
3 -61
3 -60
3 -59
3 -58
3 -57
3 -56
3 -55
3 -54
3 -53
3 -52
3 -51
3 -50
3 -49
3 -48
3 -47
3 -46
3 -45
3 -44
3 -43
3 -42
3 -41
3 -40
3 -39
3 -38
3 -37
3 -36
3 -35
3 -34
3 -33
3 -32
3 -31
3 -30
3 -29
3 -28
3 -27
3 -26
3 -25
3 -24
3 -23
3 -22
3 -21
3 -20
3 -19
3 -18
3 -17
3 -16
3 -15
3 -14
3 -13
3 -12
3 -11
3 -10
3 -9
3 -8
3 -7
3 -6
3 -5
3 -4
3 -3
3 -2
3 -1
3 0
3 1
3 2
3 3
3 4
3 5
3 6
3 7
3 8
3 9
3 10
3 11
3 12
3 13
3 14
3 15
3 16
3 17
3 18
3 19
3 20
3 21
3 22
3 23
3 24
3 25
3 26
3 27
3 28
3 29
3 30
3 31
3 32
3 33
3 34
3 35
3 36
3 37
3 38
3 39
3 40
3 41
3 42
3 43
3 44
3 45
3 46
3 47
3 48
3 49
3 50
3 51
3 52
3 53
3 54
3 55
3 56
3 57
3 58
3 59
3 60
3 61
3 62
3 63
3 64
3 65
3 66
3 67
3 68
3 69
3 70
3 71
3 72
3 73
3 74
3 75
3 76
3 77
3 78
3 79
3 80
3 81
3 82
3 83
3 84
3 85
3 86
3 87
3 88
3 89
3 90
3 91
3 92
3 93
3 94
3 95
3 96
3 97
3 98
3 99
3 100
3 101
3 102
3 103
3 104
3 105
3 106
3 107
3 108
3 109
3 110
3 111
3 112
3 113
3 114
3 115
3 116
3 117
3 118
3 119
3 120
3 121
3 122
3 123
3 124
3 125
3 126
3 127
3 128
3 129
3 130
3 131
3 132
3 133
3 134
3 135
3 136
3 137
3 138
3 139
3 140
3 141
3 142
3 143
3 144
3 145
3 146
3 147
3 148
3 149
3 150
3 151
3 152
3 153
3 154
3 155
3 156
3 157
3 158
3 159
3 160
3 161
3 162
3 163
3 164
3 165
3 166
3 167
3 168
3 169
3 170
3 171
3 172
3 173
3 174
3 175
3 176
3 177
3 178
3 179
3 180
181
90 90
89 90
88 90
87 90
86 90
85 90
84 90
83 90
82 90
81 90
80 90
79 90
78 90
77 90
76 90
75 90
74 90
73 90
72 90
71 90
70 90
69 90
68 90
67 90
66 90
65 90
64 90
63 90
62 90
61 90
60 90
59 90
58 90
57 90
56 90
55 90
54 90
53 90
52 90
51 90
50 90
49 90
48 90
47 90
46 90
45 90
44 90
43 90
42 90
41 90
40 90
39 90
38 90
37 90
36 90
35 90
34 90
33 90
32 90
31 90
30 90
29 90
28 90
27 90
26 90
25 90
24 90
23 90
22 90
21 90
20 90
19 90
18 90
17 90
16 90
15 90
14 90
13 90
12 90
11 90
10 90
9 90
8 90
7 90
6 90
5 90
4 90
3 90
2 90
1 90
0 90
-1 90
-2 90
-3 90
-4 90
-5 90
-6 90
-7 90
-8 90
-9 90
-10 90
-11 90
-12 90
-13 90
-14 90
-15 90
-16 90
-17 90
-18 90
-19 90
-20 90
-21 90
-22 90
-23 90
-24 90
-25 90
-26 90
-27 90
-28 90
-29 90
-30 90
-31 90
-32 90
-33 90
-34 90
-35 90
-36 90
-37 90
-38 90
-39 90
-40 90
-41 90
-42 90
-43 90
-44 90
-45 90
-46 90
-47 90
-48 90
-49 90
-50 90
-51 90
-52 90
-53 90
-54 90
-55 90
-56 90
-57 90
-58 90
-59 90
-60 90
-61 90
-62 90
-63 90
-64 90
-65 90
-66 90
-67 90
-68 90
-69 90
-70 90
-71 90
-72 90
-73 90
-74 90
-75 90
-76 90
-77 90
-78 90
-79 90
-80 90
-81 90
-82 90
-83 90
-84 90
-85 90
-86 90
-87 90
-88 90
-89 90
-90 90
361
-90 180
-90 179
-90 178
-90 177
-90 176
-90 175
-90 174
-90 173
-90 172
-90 171
-90 170
-90 169
-90 168
-90 167
-90 166
-90 165
-90 164
-90 163
-90 162
-90 161
-90 160
-90 159
-90 158
-90 157
-90 156
-90 155
-90 154
-90 153
-90 152
-90 151
-90 150
-90 149
-90 148
-90 147
-90 146
-90 145
-90 144
-90 143
-90 142
-90 141
-90 140
-90 139
-90 138
-90 137
-90 136
-90 135
-90 134
-90 133
-90 132
-90 131
-90 130
-90 129
-90 128
-90 127
-90 126
-90 125
-90 124
-90 123
-90 122
-90 121
-90 120
-90 119
-90 118
-90 117
-90 116
-90 115
-90 114
-90 113
-90 112
-90 111
-90 110
-90 109
-90 108
-90 107
-90 106
-90 105
-90 104
-90 103
-90 102
-90 101
-90 100
-90 99
-90 98
-90 97
-90 96
-90 95
-90 94
-90 93
-90 92
-90 91
-90 90
-90 89
-90 88
-90 87
-90 86
-90 85
-90 84
-90 83
-90 82
-90 81
-90 80
-90 79
-90 78
-90 77
-90 76
-90 75
-90 74
-90 73
-90 72
-90 71
-90 70
-90 69
-90 68
-90 67
-90 66
-90 65
-90 64
-90 63
-90 62
-90 61
-90 60
-90 59
-90 58
-90 57
-90 56
-90 55
-90 54
-90 53
-90 52
-90 51
-90 50
-90 49
-90 48
-90 47
-90 46
-90 45
-90 44
-90 43
-90 42
-90 41
-90 40
-90 39
-90 38
-90 37
-90 36
-90 35
-90 34
-90 33
-90 32
-90 31
-90 30
-90 29
-90 28
-90 27
-90 26
-90 25
-90 24
-90 23
-90 22
-90 21
-90 20
-90 19
-90 18
-90 17
-90 16
-90 15
-90 14
-90 13
-90 12
-90 11
-90 10
-90 9
-90 8
-90 7
-90 6
-90 5
-90 4
-90 3
-90 2
-90 1
-90 0
-90 -1
-90 -2
-90 -3
-90 -4
-90 -5
-90 -6
-90 -7
-90 -8
-90 -9
-90 -10
-90 -11
-90 -12
-90 -13
-90 -14
-90 -15
-90 -16
-90 -17
-90 -18
-90 -19
-90 -20
-90 -21
-90 -22
-90 -23
-90 -24
-90 -25
-90 -26
-90 -27
-90 -28
-90 -29
-90 -30
-90 -31
-90 -32
-90 -33
-90 -34
-90 -35
-90 -36
-90 -37
-90 -38
-90 -39
-90 -40
-90 -41
-90 -42
-90 -43
-90 -44
-90 -45
-90 -46
-90 -47
-90 -48
-90 -49
-90 -50
-90 -51
-90 -52
-90 -53
-90 -54
-90 -55
-90 -56
-90 -57
-90 -58
-90 -59
-90 -60
-90 -61
-90 -62
-90 -63
-90 -64
-90 -65
-90 -66
-90 -67
-90 -68
-90 -69
-90 -70
-90 -71
-90 -72
-90 -73
-90 -74
-90 -75
-90 -76
-90 -77
-90 -78
-90 -79
-90 -80
-90 -81
-90 -82
-90 -83
-90 -84
-90 -85
-90 -86
-90 -87
-90 -88
-90 -89
-90 -90
-90 -91
-90 -92
-90 -93
-90 -94
-90 -95
-90 -96
-90 -97
-90 -98
-90 -99
-90 -100
-90 -101
-90 -102
-90 -103
-90 -104
-90 -105
-90 -106
-90 -107
-90 -108
-90 -109
-90 -110
-90 -111
-90 -112
-90 -113
-90 -114
-90 -115
-90 -116
-90 -117
-90 -118
-90 -119
-90 -120
-90 -121
-90 -122
-90 -123
-90 -124
-90 -125
-90 -126
-90 -127
-90 -128
-90 -129
-90 -130
-90 -131
-90 -132
-90 -133
-90 -134
-90 -135
-90 -136
-90 -137
-90 -138
-90 -139
-90 -140
-90 -141
-90 -142
-90 -143
-90 -144
-90 -145
-90 -146
-90 -147
-90 -148
-90 -149
-90 -150
-90 -151
-90 -152
-90 -153
-90 -154
-90 -155
-90 -156
-90 -157
-90 -158
-90 -159
-90 -160
-90 -161
-90 -162
-90 -163
-90 -164
-90 -165
-90 -166
-90 -167
-90 -168
-90 -169
-90 -170
-90 -171
-90 -172
-90 -173
-90 -174
-90 -175
-90 -176
-90 -177
-90 -178
-90 -179
-90 -180
1000
0 -50
0 -49
0 -48
0 -47
0 -46
0 -45
0 -44
0 -43
0 -42
0 -41
0 -40
0 -39
0 -38
0 -37
0 -36
0 -35
0 -34
0 -33
0 -32
0 -31
0 -30
0 -29
0 -28
0 -27
0 -26
0 -25
0 -24
0 -23
0 -22
0 -21
0 -20
0 -19
0 -18
0 -17
0 -16
0 -15
0 -14
0 -13
0 -12
0 -11
0 -10
0 -9
0 -8
0 -7
0 -6
0 -5
0 -4
0 -3
0 -2
0 -1
0 0
0 1
0 2
0 3
0 4
0 5
0 6
0 7
0 8
0 9
0 10
0 11
0 12
0 13
0 14
0 15
0 16
0 17
0 18
0 19
0 20
0 21
0 22
0 23
0 24
0 25
0 26
0 27
0 28
0 29
0 30
0 31
0 32
0 33
0 34
0 35
0 36
0 37
0 38
0 39
0 40
0 41
0 42
0 43
0 44
0 45
0 46
0 47
0 48
0 49
1 -50
1 -49
1 -48
1 -47
1 -46
1 -45
1 -44
1 -43
1 -42
1 -41
1 -40
1 -39
1 -38
1 -37
1 -36
1 -35
1 -34
1 -33
1 -32
1 -31
1 -30
1 -29
1 -28
1 -27
1 -26
1 -25
1 -24
1 -23
1 -22
1 -21
1 -20
1 -19
1 -18
1 -17
1 -16
1 -15
1 -14
1 -13
1 -12
1 -11
1 -10
1 -9
1 -8
1 -7
1 -6
1 -5
1 -4
1 -3
1 -2
1 -1
1 0
1 1
1 2
1 3
1 4
1 5
1 6
1 7
1 8
1 9
1 10
1 11
1 12
1 13
1 14
1 15
1 16
1 17
1 18
1 19
1 20
1 21
1 22
1 23
1 24
1 25
1 26
1 27
1 28
1 29
1 30
1 31
1 32
1 33
1 34
1 35
1 36
1 37
1 38
1 39
1 40
1 41
1 42
1 43
1 44
1 45
1 46
1 47
1 48
1 49
2 -50
2 -49
2 -48
2 -47
2 -46
2 -45
2 -44
2 -43
2 -42
2 -41
2 -40
2 -39
2 -38
2 -37
2 -36
2 -35
2 -34
2 -33
2 -32
2 -31
2 -30
2 -29
2 -28
2 -27
2 -26
2 -25
2 -24
2 -23
2 -22
2 -21
2 -20
2 -19
2 -18
2 -17
2 -16
2 -15
2 -14
2 -13
2 -12
2 -11
2 -10
2 -9
2 -8
2 -7
2 -6
2 -5
2 -4
2 -3
2 -2
2 -1
2 0
2 1
2 2
2 3
2 4
2 5
2 6
2 7
2 8
2 9
2 10
2 11
2 12
2 13
2 14
2 15
2 16
2 17
2 18
2 19
2 20
2 21
2 22
2 23
2 24
2 25
2 26
2 27
2 28
2 29
2 30
2 31
2 32
2 33
2 34
2 35
2 36
2 37
2 38
2 39
2 40
2 41
2 42
2 43
2 44
2 45
2 46
2 47
2 48
2 49
3 -50
3 -49
3 -48
3 -47
3 -46
3 -45
3 -44
3 -43
3 -42
3 -41
3 -40
3 -39
3 -38
3 -37
3 -36
3 -35
3 -34
3 -33
3 -32
3 -31
3 -30
3 -29
3 -28
3 -27
3 -26
3 -25
3 -24
3 -23
3 -22
3 -21
3 -20
3 -19
3 -18
3 -17
3 -16
3 -15
3 -14
3 -13
3 -12
3 -11
3 -10
3 -9
3 -8
3 -7
3 -6
3 -5
3 -4
3 -3
3 -2
3 -1
3 0
3 1
3 2
3 3
3 4
3 5
3 6
3 7
3 8
3 9
3 10
3 11
3 12
3 13
3 14
3 15
3 16
3 17
3 18
3 19
3 20
3 21
3 22
3 23
3 24
3 25
3 26
3 27
3 28
3 29
3 30
3 31
3 32
3 33
3 34
3 35
3 36
3 37
3 38
3 39
3 40
3 41
3 42
3 43
3 44
3 45
3 46
3 47
3 48
3 49
4 -50
4 -49
4 -48
4 -47
4 -46
4 -45
4 -44
4 -43
4 -42
4 -41
4 -40
4 -39
4 -38
4 -37
4 -36
4 -35
4 -34
4 -33
4 -32
4 -31
4 -30
4 -29
4 -28
4 -27
4 -26
4 -25
4 -24
4 -23
4 -22
4 -21
4 -20
4 -19
4 -18
4 -17
4 -16
4 -15
4 -14
4 -13
4 -12
4 -11
4 -10
4 -9
4 -8
4 -7
4 -6
4 -5
4 -4
4 -3
4 -2
4 -1
4 0
4 1
4 2
4 3
4 4
4 5
4 6
4 7
4 8
4 9
4 10
4 11
4 12
4 13
4 14
4 15
4 16
4 17
4 18
4 19
4 20
4 21
4 22
4 23
4 24
4 25
4 26
4 27
4 28
4 29
4 30
4 31
4 32
4 33
4 34
4 35
4 36
4 37
4 38
4 39
4 40
4 41
4 42
4 43
4 44
4 45
4 46
4 47
4 48
4 49
5 -50
5 -49
5 -48
5 -47
5 -46
5 -45
5 -44
5 -43
5 -42
5 -41
5 -40
5 -39
5 -38
5 -37
5 -36
5 -35
5 -34
5 -33
5 -32
5 -31
5 -30
5 -29
5 -28
5 -27
5 -26
5 -25
5 -24
5 -23
5 -22
5 -21
5 -20
5 -19
5 -18
5 -17
5 -16
5 -15
5 -14
5 -13
5 -12
5 -11
5 -10
5 -9
5 -8
5 -7
5 -6
5 -5
5 -4
5 -3
5 -2
5 -1
5 0
5 1
5 2
5 3
5 4
5 5
5 6
5 7
5 8
5 9
5 10
5 11
5 12
5 13
5 14
5 15
5 16
5 17
5 18
5 19
5 20
5 21
5 22
5 23
5 24
5 25
5 26
5 27
5 28
5 29
5 30
5 31
5 32
5 33
5 34
5 35
5 36
5 37
5 38
5 39
5 40
5 41
5 42
5 43
5 44
5 45
5 46
5 47
5 48
5 49
6 -50
6 -49
6 -48
6 -47
6 -46
6 -45
6 -44
6 -43
6 -42
6 -41
6 -40
6 -39
6 -38
6 -37
6 -36
6 -35
6 -34
6 -33
6 -32
6 -31
6 -30
6 -29
6 -28
6 -27
6 -26
6 -25
6 -24
6 -23
6 -22
6 -21
6 -20
6 -19
6 -18
6 -17
6 -16
6 -15
6 -14
6 -13
6 -12
6 -11
6 -10
6 -9
6 -8
6 -7
6 -6
6 -5
6 -4
6 -3
6 -2
6 -1
6 0
6 1
6 2
6 3
6 4
6 5
6 6
6 7
6 8
6 9
6 10
6 11
6 12
6 13
6 14
6 15
6 16
6 17
6 18
6 19
6 20
6 21
6 22
6 23
6 24
6 25
6 26
6 27
6 28
6 29
6 30
6 31
6 32
6 33
6 34
6 35
6 36
6 37
6 38
6 39
6 40
6 41
6 42
6 43
6 44
6 45
6 46
6 47
6 48
6 49
7 -50
7 -49
7 -48
7 -47
7 -46
7 -45
7 -44
7 -43
7 -42
7 -41
7 -40
7 -39
7 -38
7 -37
7 -36
7 -35
7 -34
7 -33
7 -32
7 -31
7 -30
7 -29
7 -28
7 -27
7 -26
7 -25
7 -24
7 -23
7 -22
7 -21
7 -20
7 -19
7 -18
7 -17
7 -16
7 -15
7 -14
7 -13
7 -12
7 -11
7 -10
7 -9
7 -8
7 -7
7 -6
7 -5
7 -4
7 -3
7 -2
7 -1
7 0
7 1
7 2
7 3
7 4
7 5
7 6
7 7
7 8
7 9
7 10
7 11
7 12
7 13
7 14
7 15
7 16
7 17
7 18
7 19
7 20
7 21
7 22
7 23
7 24
7 25
7 26
7 27
7 28
7 29
7 30
7 31
7 32
7 33
7 34
7 35
7 36
7 37
7 38
7 39
7 40
7 41
7 42
7 43
7 44
7 45
7 46
7 47
7 48
7 49
8 -50
8 -49
8 -48
8 -47
8 -46
8 -45
8 -44
8 -43
8 -42
8 -41
8 -40
8 -39
8 -38
8 -37
8 -36
8 -35
8 -34
8 -33
8 -32
8 -31
8 -30
8 -29
8 -28
8 -27
8 -26
8 -25
8 -24
8 -23
8 -22
8 -21
8 -20
8 -19
8 -18
8 -17
8 -16
8 -15
8 -14
8 -13
8 -12
8 -11
8 -10
8 -9
8 -8
8 -7
8 -6
8 -5
8 -4
8 -3
8 -2
8 -1
8 0
8 1
8 2
8 3
8 4
8 5
8 6
8 7
8 8
8 9
8 10
8 11
8 12
8 13
8 14
8 15
8 16
8 17
8 18
8 19
8 20
8 21
8 22
8 23
8 24
8 25
8 26
8 27
8 28
8 29
8 30
8 31
8 32
8 33
8 34
8 35
8 36
8 37
8 38
8 39
8 40
8 41
8 42
8 43
8 44
8 45
8 46
8 47
8 48
8 49
9 -50
9 -49
9 -48
9 -47
9 -46
9 -45
9 -44
9 -43
9 -42
9 -41
9 -40
9 -39
9 -38
9 -37
9 -36
9 -35
9 -34
9 -33
9 -32
9 -31
9 -30
9 -29
9 -28
9 -27
9 -26
9 -25
9 -24
9 -23
9 -22
9 -21
9 -20
9 -19
9 -18
9 -17
9 -16
9 -15
9 -14
9 -13
9 -12
9 -11
9 -10
9 -9
9 -8
9 -7
9 -6
9 -5
9 -4
9 -3
9 -2
9 -1
9 0
9 1
9 2
9 3
9 4
9 5
9 6
9 7
9 8
9 9
9 10
9 11
9 12
9 13
9 14
9 15
9 16
9 17
9 18
9 19
9 20
9 21
9 22
9 23
9 24
9 25
9 26
9 27
9 28
9 29
9 30
9 31
9 32
9 33
9 34
9 35
9 36
9 37
9 38
9 39
9 40
9 41
9 42
9 43
9 44
9 45
9 46
9 47
9 48
9 49
100
-90 -90
-90 -90
-90 -90
-90 -90
-90 -90
-90 -90
-90 -90
-90 -90
-90 -90
-90 -90
-90 -90
-90 -90
-90 -90
-90 -90
-90 -90
-90 -90
-90 -90
-90 -90
-90 -90
-90 -90
-90 -90
-90 -90
-90 -90
-90 -90
-90 -90
-90 -90
-90 -90
-90 -90
-90 -90
-90 -90
-90 -90
-90 -90
-90 -90
-90 -90
-90 -90
-90 -90
-90 -90
-90 -90
-90 -90
-90 -90
-90 -90
-90 -90
-90 -90
-90 -90
-90 -90
-90 -90
-90 -90
-90 -90
-90 -90
-90 -90
-90 -90
-90 -90
-90 -90
-90 -90
-90 -90
-90 -90
-90 -90
-90 -90
-90 -90
-90 -90
-90 -90
-90 -90
-90 -90
-90 -90
-90 -90
-90 -90
-90 -90
-90 -90
-90 -90
-90 -90
-90 -90
-90 -90
-90 -90
-90 -90
-90 -90
-90 -90
-90 -90
-90 -90
-90 -90
-90 -90
-90 -90
-90 -90
-90 -90
-90 -90
-90 -90
-90 -90
-90 -90
-90 -90
-90 -90
-90 -90
-90 -90
-90 -90
-90 -90
-90 -90
-90 -90
-90 -90
-90 -90
-90 -90
-90 -90
-90 -90
4
-90 -180
-90 180
90 -180
90 180
12
0 0
1 1
2 2
3 3
4 4
5 5
6 6
7 7
8 8
9 9
10 10
11 11
12
12 12
11 11
10 10
9 9
8 8
7 7
6 6
5 5
4 4
3 3
2 2
1 1