5000 300000
4753 2797
2003 4146
3643 3097
638 4685
519 3699
3996 1457
37 4032
1609 2258
4140 4498
3242 44
333 254
4952 2941
3530 4798
1793 4074
1228 901
151 314
2769 492
1680 4211
2988 3463
989 3763
2397 3619
2709 60
1445 406
1214 788
205 3254
4904 3348
3658 2144
4975 3333
2633 753
661 4349
2677 2206
119 4928
3572 3812
62 535
1564 2177
2841 1942
886 778
3612 4062
2409 2058
4156 2195
2054 241
4455 271
4114 834
1553 3254
4444 4234
2300 4988
2910 3505
2736 466
597 1840
1050 1764
3423 322
4313 3423
4812 4018
171 368
3474 1283
327 4951
3900 2359
2907 2939
3979 4901
1615 713
3190 3096
415 375
491 1931
2718 1031
4320 4278
2985 1290
4677 1219
2346 4159
3302 1611
3880 663
1809 4796
69 4492
4446 1750
3110 2024
4895 1283
252 2519
83 2993
2559 4256
1022 699
3378 1875
2627 3322
3331 2666
416 4640
1287 3070
3306 3046
1448 3967
97 2023
1516 1323
4917 3268
4713 3516
3813 2031
907 4354
537 1940
1234 3227
3222 2912
2514 1280
2890 1972
971 4998
54 4960
1834 1781
3087 2652
4203 894
1219 659
157 4514
4486 1750
3504 1429
326 3770
1012 2653
4184 2186
185 1895
4386 573
3016 678
3369 3079
1776 1798
535 1029
2503 1986
278 2759
4889 443
2000 3135
276 4621
1077 3832
4181 4062
3427 4364
540 1643
2837 4363
1248 291
1353 198
2200 1030
1643 2263
3844 4296
3960 833
3227 1040
3370 3423
1119 478
1129 770
710 4595
1507 3165
82 4893
2211 3791
4198 802
3351 1595
2844 2234
3035 1467
2353 1633
440 494
13 1607
2668 4768
3220 3014
1344 3889
2767 1487
4867 2077
1113 2652
3937 745
4454 991
4271 3424
4538 2251
1589 2828
657 3724
1679 3072
3475 3298
1301 3368
304 3816
4378 3709
2574 4829
4169 3802
202 3022
4589 1174
2442 1416
2495 948
4688 2358
4719 1085
1692 388
4093 2925
4717 1284
4741 2021
1686 1898
1775 2930
2081 4582
1755 3332
993 3415
581 3575
3889 1039
1524 888
3334 4534
2270 3497
3285 3461
3872 1611
4563 1807
1223 466
2209 883
1165 4296
4570 1115
3576 3919
1797 3432
3205 1101
4120 4623
1940 2046
4574 3461
987 263
3648 2254
4648 3632
4646 3816
1425 4703
2884 1561
422 1876
309 2912
1452 3575
1512 1127
3291 3358
624 1544
3312 3332
1575 735
3732 4761
4028 3041
1267 666
2532 2437
2132 2761
3887 658
2694 2650
4535 2777
1066 2941
4334 1986
59 4027
4993 173
4279 480
1974 1162
675 1561
1321 4911
1421 3338
3262 854
2142 3644
4661 3230
1075 3393
1899 2980
4285 3715
1157 729
3254 1231
4502 2457
4930 1098
3154 2787
1303 3975
1491 4220
1561 1046
3951 1616
2274 2046
950 528
3061 4551
1256 3666
4768 2797
849 2185
1070 1129
4176 3886
434 1035
2858 4976
1007 2872
876 1115
3826 746
1600 2332
4172 661
1282 2417
4280 2081
3972 4365
4566 2815
541 4843
2834 1924
1938 3916
4123 1963
1017 3444
2862 2164
4480 1333
4146 2916
3543 4544
1430 2818
2093 1290
2206 4757
1987 3311
3774 3802
215 253
2092 4795
2522 2867
4325 3204
3379 3375
63 1869
4490 77
2551 4312
4201 2044
4874 2994
731 3890
2688 3227
3143 4323
4984 1729
786 2270
1552 3201
601 1151
4557 3940
2617 352
509 4109
1744 149
2786 1347
3186 2483
1789 4350
2387 2378
2524 1696
1340 1330
1003 987
258 3041
3495 3541
4360 3205
4727 3316
595 1530
2100 4028
1697 3737
1134 2100
4806 1598
1144 4524
3267 231
4459 4565
2599 1993
44 302
881 2811
2747 2062
3363 3524
53 4795
3903 3448
2899 3641
2596 326
1912 3330
4388 730
4841 4533
2082 4441
4262 83
1658 1425
3172 4118
4493 1874
784 1130
1818 3998
3554 3793
1291 3284
1294 2379
2424 54
1087 2925
2563 1541
4492 3927
469 2114
2198 204
2921 3327
4893 2655
1485 4244
3795 3900
4488 3510
3214 3559
4751 2146
3954 3842
4050 3867
817 4656
3194 1588
4187 3013
1549 4784
2735 170
2716 3453
4012 1443
1530 198
236 1630
4632 1720
2193 791
117 4946
1245 3311
1101 1682
3263 1911
2676 1821
3912 2441
2912 934
344 4316
65 2691
1647 222
3118 2771
2415 4839
4214 1657
1289 2745
288 4583
4130 4225
2244 4194
2562 3830
3923 2267
3462 1356
2591 1669
2539 2797
767 2401
2604 1290
3282 304
3871 4215
4164 2936
2873 2707
2164 4873
370 987
2927 4262
305 4582
2316 1140
3276 2652
951 4844
1414 1364
529 3212
4651 80
3828 4388
3812 1231
4367 3043
3202 1478
4888 4724
683 149
3350 2944
2414 2217
4669 2779
2623 2894
4129 1979
381 3399
3251 2161
4944 1700
4598 2912
3441 1585
2149 4381
2165 3408
3820 4762
3179 801
1593 2626
1598 101
1909 1981
1799 693
2632 1222
287 988
3278 4144
4925 2659
1479 661
2861 4570
1925 4218
4976 1856
492 2652
2069 3887
926 466
3760 2448
447 2150
3881 154
4241 2903
2327 1861
1220 1051
4412 3316
4599 317
2179 1046
4625 4729
1859 3996
3913 4356
2846 791
4695 3850
1397 3469
3279 974
1014 3891
3443 730
3467 2866
2880 693
3552 2757
1090 765
2850 2428
225 647
614 1135
3528 2590
4544 4646
4785 3810
1546 3567
2667 554
2091 4695
3181 648
2775 632
2547 1534
189 371
3568 2176
1996 3517
3697 3883
4000 4039
931 3666
1671 2191
1875 3624
2192 3305
4137 2365
187 4580
4700 3496
3077 1891
1407 4267
2936 4516
2127 837
3483 2054
1085 2661
1121 2525
742 1657
261 3190
1198 1418
1290 2999
200 2778
937 507
4341 593
3030 3911
349 3417
2205 4891
1770 1645
4736 3358
1831 3770
4851 1602
3411 1374
48 420
3943 4955
2213 3350
4666 2385
173 605
3634 577
2341 2008
2649 4882
898 162
152 4787
1006 2141
4228 2507
1440 4562
4242 3548
369 4313
780 1196
2448 1993
756 4568
4077 1992
2384 251
4534 2858
3129 3026
841 3525
3809 2600
2496 683
3888 2227
4958 3047
1252 3608
4221 4339
4461 2471
3804 862
4954 195
244 3741
1579 3446
3089 1284
985 4887
1432 1986
2949 4987
2536 919
4963 4074
1385 1146
865 2137
972 700
2900 828
2188 4550
4095 4712
501 4987
4540 2049
3712 2670
1384 2010
2941 2185
161 705
4864 2201
3988 4728
3226 3874
1715 3180
4926 2167
921 2046
2370 161
2713 3551
1179 2089
1146 322
2597 4994
1614 2286
3939 4561
212 797
85 4621
3409 773
4852 922
3075 3228
2097 3602
3033 3573
1160 327
4836 3609
3010 3036
3493 3053
330 2012
3789 2406
804 4548
2601 625
3749 1040
1966 1857
357 1856
3111 2974
3551 1075
470 3741
2982 1523
3150 3925
943 2912
1567 1099
609 167
4258 2160
1867 3392
3478 3791
837 3495
1790 3369
2431 4343
1588 1729
3548 3293
4478 1135
2796 195
1774 3643
4225 1856
1334 335
4786 269
3770 1375
2511 3277
2360 4724
1404 1364
3238 925
4322 4178
2015 449
2214 492
4641 2919
2759 4699
1502 535
1628 3747
3464 3900
3994 3284
4947 1352
1757 2093
4968 3288
2748 1073
1049 983
1811 3419
2965 3733
4420 2906
4413 56
1706 1547
1474 2740
2904 120
3875 2838
3557 1595
4109 1130
1037 1220
321 2120
1298 3747
427 3960
1874 473
741 4539
3388 4392
2892 1920
51 1048
3843 3340
1389 1112
284 3946
4545 3983
1681 2974
1215 3827
2129 841
283 4651
4731 1087
4349 101
390 3967
4385 3646
4144 302
2566 4001
1347 4916
1584 4785
2580 4550
1266 1954
2027 1577
877 3682
3524 3598
1206 804
3703 791
1306 3261
1330 1003
4900 4811
4772 170
894 3453
3365 974
598 3645
105 141
936 371
296 3544
3491 2051
3832 4013
1383 2743
1197 80
4770 2501
1583 3284
2456 2663
927 2938
1305 2179
353 1341
100 4829
4670 1434
3031 1896
2419 3816
1508 2661
4041 3428
2028 2573
3961 2481
3119 888
1863 180
4031 3495
3625 1068
2079 1730
7 4920
3347 2878
2404 4785
1217 3322
3472 1535
2753 4239
856 1378
928 4169
1419 1493
2600 656
2967 4287
2814 3138
1304 373
3439 3472
3485 2135
4101 3599
241 4422
2589 4728
291 1103
2871 590
4939 1681
1019 2476
2778 1374
2386 643
2711 4551
3019 2300
2336 1796
2996 3099
28 4888
3800 4906
4353 3794
646 2567
3044 1353
4595 1720
1372 1801
4387 1004
1984 3802
3446 4470
3618 529
128 1745
3542 2314
72 4525
3052 1051
729 2387
4771 3187
1390 3302
3161 768
4865 1598
4088 695
2952 2245
4725 4839
1945 3760
4107 2851
1195 391
1704 3147
1323 2944
1001 3091
3605 4110
2751 684
708 2275
4283 2239
546 4283
2610 2577
2278 1630
125 1393
4584 2058
2935 742
4327 1460
636 211
3195 4891
270 2914
1882 4309
4794 26
4217 3138
4423 1985
3699 2201
43 446
1737 3806
769 2867
99 820
1585 2660
3410 4934
3112 1446
1095 2368
1120 4002
3304 2497
3239 4443
4723 4904
4177 643
880 3291
2746 4124
77 4801
4481 1429
12 235
3442 3119
3842 4039
3984 3756
3342 4484
2615 3850
2568 59
1738 3702
4747 1071
374 2069
932 2876
4408 2535
2207 4728
2210 202
2625 805
4098 2778
2367 4012
2063 1683
3494 1450
1597 1586
36 745
118 3320
3953 4914
1736 4275
868 3201
3299 957
2405 922
530 849
3260 4652
2889 2929
417 110
2013 4442
4400 5
2808 2179
3359 3277
67 1095
1903 2396
3907 4983
793 4252
279 4728
2459 325
3400 4431
2875 2301
3057 492
1759 4269
9 206
1105 3072
451 554
2180 412
4631 2287
2356 3109
718 3030
1280 3945
982 3020
71 876
758 3124
3280 2389
1046 774
475 77
2444 4926
748 2567
861 63
4691 1947
3978 9
2543 1805
3657 1036
802 1969
2106 4815
3337 3692
4282 3760
2651 2771
3911 1607
3968 3482
2011 4084
218 3490
558 2511
587 4915
1194 735
1806 3301
360 4363
2230 3331
4402 2815
1952 4729
1302 439
1180 3001
2843 3066
3864 2620
4348 2190
4451 2305
4724 251
2803 3552
1431 1281
2774 2702
1078 505
227 739
3737 1740
3479 1770
1685 3567
4498 2776
2605 3553
4823 9
1574 1364
2220 1934
311 1834
2292 4503
2289 2483
457 4548
4218 4904
363 2995
3322 4794
1057 321
3702 618
2783 1823
4621 1993
158 2855
2125 4262
2301 1298
3683 1279
190 2312
1801 4339
3024 1031
2593 791
4457 3483
1074 3676
1172 3769
3395 1036
2379 178
625 4889
175 3566
479 4493
3146 2238
3815 2342
1322 3070
2987 1046
3905 2419
2371 2450
4605 1594
3428 2185
2325 4048
2494 4324
563 3244
453 699
1963 593
532 4768
3014 3864
4024 2846
489 2724
1710 1927
2454 4085
1604 1772
4251 4656
1594 46
408 2294
4781 3277
3051 2344
2621 2255
500 412
2030 4349
2163 1982
4718 643
514 2963
1607 1517
1125 4993
3253 969
4362 2090
3005 572
4628 4557
903 4197
2553 374
4649 1432
4192 4668
2105 4530
4835 3276
4484 149
2337 401
2733 2088
4010 2177
2578 2020
3212 3326
3750 618
3517 2725
1189 1152
4546 3066
1262 3418
3583 2856
2333 2280
986 4193
4115 1231
4440 322
4824 2931
4036 2675
3796 4039
4817 1441
3869 656
2765 2688
3247 3697
831 650
3484 4981
4830 4022
3838 2671
3728 4980
2810 1251
4548 1115
3293 3138
968 4493
3200 2740
1700 2021
3338 4642
4553 4467
4820 1958
242 359
2317 3705
4182 1331
419 2946
2669 83
1130 3450
4838 2627
4382 540
3647 3020
822 3832
1434 3778
4998 2796
775 2819
4213 1196
1551 3393
4857 2291
162 370
1950 1218
3575 2150
815 741
610 1861
159 556
177 83
2280 3197
4808 2926
2926 980
1879 2833
875 4829
4173 1938
2486 1211
332 457
1335 1684
3403 3447
735 4283
3662 4785
4359 1624
55 1115
3444 3453
4371 813
818 2924
2239 2796
4445 1898
949 177
1446 1444
3455 2814
2324 3248
3006 677
3198 2128
957 4119
2095 3705
3846 1017
1375 1038
1082 1185
545 4621
2932 4220
3671 175
6 2874
1423 2057
400 4923
3729 202
4336 2769
4008 843
734 1197
4087 3292
2075 3403
2513 2038
1922 4583
3046 1397
4319 1133
858 2593
4689 186
195 1657
1535 4269
1780 2557
923 1959
920 4110
776 4829
1255 784
3644 1962
2046 3760
4790 4131
2273 1822
1910 1932
934 371
3603 663
4471 1724
1249 2497
280 4115
1310 656
4389 2362
3426 804
2184 4168
4211 2905
1813 4390
629 300
2962 4648
1480 4169
2585 3527
2929 2219
2728 210
2348 2311
1193 3359
1042 2345
4987 2378
2790 4053
2252 3107
961 383
1487 4570
4680 1001
3992 4204
3264 575
1257 3610
1560 1118
4740 1463
3317 2574
135 690
124 2116
3669 4054
553 263
2662 1401
3823 4565
1072 3325
4016 1069
4643 3735
1510 2990
2836 2288
3415 2059
1478 4914
3067 2550
3520 1599
3126 2835
757 643
1641 856
3865 4018
1732 469
891 4081
1803 3277
4441 3510
108 4682
3783 3967
3496 4235
2917 4428
3269 250
853 4074
1364 1039
1663 557
4940 1868
3310 807
1365 2519
468 4834
4202 1526
4810 663
1731 4626
656 4669
1141 3084
2969 4251
138 2573
3332 1835
1453 3687
4844 2946
3204 1197
3964 322
365 1768
2540 334
4737 2160
3931 2436
4054 1284
4175 104
3591 3217
586 5
3897 2018
4178 2781
1136 4540
2582 2005
914 2294
4051 3984
405 3621
531 3004
1765 528
569 1626
3862 2179
4692 3505
2117 1798
2137 4595
1443 202
4683 2659
3776 1925
4783 1226
4891 4301
2438 3052
1657 2448
4091 4540
4911 1298
2549 2245
543 2796
4097 2652
3148 1750
3189 4966
3901 4273
2807 2065
2158 5000
1795 386
1531 4845
4800 2564
3275 1528
2971 4960
2469 304
4918 3329
2512 804
3525 4626
1177 1229
1970 2778
4317 3215
259 321
4439 3395
4742 2263
4955 4383
1971 2293
649 1523
1954 1963
1694 4299
2373 4801
2287 3883
4522 1467
1991 1840
87 1169
3323 3674
76 4960
3928 4485
2369 183
140 3756
3402 494
3093 4318
917 587
40 3408
4308 4060
2642 3040
1106 3474
1339 4061
1927 2005
3002 4859
1812 4130
3768 1443
3117 1496
4294 3363
424 1958
3284 2519
4474 4703
482 3862
4099 4348
2930 4127
3816 3053
2942 4410
2406 3310
2147 3769
503 684
2235 3759
2491 1086
590 4110
1500 970
2186 2637
4910 757
194 2255
3710 4907
1131 998
666 4498
319 4626
4397 1213
1743 3463
4104 2835
2196 3009
1683 1856
4437 2157
266 993
3142 3296
4296 4869
3929 2005
1965 4997
1088 2936
4805 3350
4997 1920
4363 3423
4572 394
2010 3449
725 1654
956 2497
56 2024
1931 1150
4162 3999
2517 3315
872 4283
3733 2652
2544 2715
2060 240
3308 3800
406 3749
474 3404
4870 4125
4597 2179
2107 1294
2528 420
1505 284
4568 4048
2763 3823
219 921
4920 4534
1200 480
3519 1925
2924 573
1117 112
4404 1470
3286 4112
1469 3666
2083 2822
2088 117
2006 2827
2901 4434
3731 1104
2399 1036
10 1869
4257 4411
715 188
4610 3523
1420 3485
1807 1973
3667 4806
637 4699
1606 3223
459 2089
4626 2652
2290 4475
1784 3229
1677 2867
2944 33
2883 3461
626 4859
1846 865
3015 1945
3585 4762
2893 1180
2101 4234
1601 4816
3321 3490
3956 3412
2021 371
192 4538
752 1211
167 4283
1038 2858
2939 1904
1295 2776
4210 2740
4111 4806
1205 1909
4854 1928
2131 3970
1926 1655
960 3739
377 4704
3679 3019
3124 3449
4186 4798
2434 3448
1562 3463
4885 80
1851 3880
3025 1511
3366 3417
647 1730
4337 1882
1956 45
3421 4606
4953 912
1752 367
613 4309
2784 3375
851 3185
394 3082
2855 2460
2584 2596
4608 2887
695 4652
145 1038
1654 2084
1199 2740
2378 3998
1020 1706
2281 3770
4875 2808
4565 1437
2421 3368
3827 1294
918 1166
3743 1112
1501 1443
2229 2179
4047 4711
1470 1496
730 3138
1660 2952
3614 1577
4274 4377
2687 3613
2065 4269
3316 1497
1616 4915
1771 3404
3038 837
592 4960
684 2483
4419 3526
4798 3953
2671 4068
3156 1662
61 3009
1486 2062
3076 613
2666 2134
201 3022
1981 3984
3613 1180
1978 2877
2464 3825
263 2448
973 1467
760 4048
4622 136
2946 3638
4168 1393
4204 2988
3437 226
4879 1410
3207 202
1924 1534
4980 660
2023 1147
3481 1186
442 1293
2481 1851
885 787
2457 2268
4699 1165
2298 4873
4287 1730
1213 2509
191 356
2714 3763
568 1279
712 3340
3314 1685
210 123
2154 1488
4449 4528
3873 2228
4696 4485
608 3750
409 1996
4912 1454
4014 2622
3682 2390
3829 3519
1559 3892
4988 77
4887 2006
1944 3152
3468 3097
4778 3258
2267 4256
557 3927
389 2969
3835 2574
1536 3867
3753 952
24 489
4938 1927
2110 4679
3140 3252
984 4625
826 3165
1309 1022
3431 3471
2731 3373
1787 2016
2994 2640
3232 2164
4660 367
163 3622
1331 3393
4409 2906
1222 788
1148 1035
183 2666
358 519
2122 4462
302 2725
1972 775
1698 3527
3601 1667
1275 2960
4712 4018
2059 1229
991 1889
864 3795
3208 1030
3849 3161
1865 2916
4764 4798
4396 4321
2362 2824
3018 3052
1656 4373
1413 63
2480 4899
3620 2858
1439 658
2451 1675
2689 2275
1603 2056
2576 2765
4969 219
1207 1838
2429 2963
641 3726
4863 2525
3070 4747
4990 3193
2153 3133
2490 240
454 1993
68 4542
3877 2082
4171 2424
4716 4522
4868 1218
539 1657
3695 3321
3977 4910
1827 3316
1412 3127
1904 4988
1521 1129
3713 2570
4463 3340
1320 2445
2937 2441
905 4951
1733 4088
3589 4474
2233 982
2433 1927
2556 2385
3420 1502
4732 3525
1532 1991
4769 2999
2004 1500
2411 706
3803 2973
4179 2590
576 3426
2234 2512
3830 1576
1714 974
797 4105
1260 3744
1233 1962
4637 2244
3680 3516
4957 1178
1747 1189
783 3784
2826 602
3855 3217
4458 3568
3663 4558
4073 4434
3377 2133
685 1335
3562 128
496 3038
948 1386
2744 1003
515 436
1426 3068
1885 2488
1951 2405
3069 3013
704 245
1354 19
965 1831
4613 3022
4647 1683
277 2787
2647 175
88 4463
1359 337
17 4516
751 4274
4428 4416
768 4217
2933 3035
1760 4000
2827 888
3027 3097
4624 545
3690 4234
4232 584
1676 3707
2868 2018
60 770
3096 2116
4267 3079
1822 3086
4189 4609
1758 606
3841 331
4227 109
1648 2919
645 675
2885 1589
2637 4364
41 352
2338 3021
93 3510
1254 1375
2318 3455
2948 4676
869 3571
134 3015
4475 265
1499 1320
4681 1822
2320 3362
2558 3919
2959 4621
1934 747
612 1588
3100 2414
2366 4131
4268 4954
1735 211
243 3156
1514 2038
2831 2382
346 2490
652 3538
1544 4309
4222 3911
16 2365
4849 3069
848 3644
2269 3161
1230 85
743 902
3445 4915
3938 3266
1212 3302
436 4375
844 436
4243 2489
1537 1007
821 274
122 2042
3130 2259
499 4000
2955 3670
3744 2434
1526 943
2526 3614
1110 4905
1920 4445
4970 1804
4766 2397
3497 2150
3661 1522
791 1933
1992 4904
544 4108
4905 4010
3619 524
3004 3189
274 33
1877 1538
3123 2633
410 4640
634 3517
2781 512
4668 3692
1204 4114
198 4796
3904 1339
520 1909
3723 4983
787 1073
4630 2488
4876 623
1582 4214
18 4728
1346 3490
104 2038
2156 4130
310 3661
207 3095
2976 1720
3221 4122
673 4228
3313 3631
975 2258
4306 2006
909 954
3053 2652
4802 4001
764 3924
1900 3896
3506 2155
4366 3288
2780 972
4821 412
2199 4565
4775 120
4159 4524
935 1478
1081 549
4638 3427
282 1212
1093 745
170 1036
4303 826
2772 3808
3784 4815
2089 1469
289 700
2830 58
1998 4950
3839 3129
372 1212
2706 3227
4150 2525
2940 3293
2002 2653
4310 1180
4501 1071
2478 4679
2034 4012
4468 1118
2859 4541
21 658
1109 970
4244 894
4607 2586
2128 149
4883 4435
551 2137
618 4815
3615 2137
2640 1323
4996 837
1994 4234
1288 2682
3256 99
257 291
4264 648
2999 4225
2025 3864
2471 1490
4154 4097
1511 2884
1869 663
4281 2137
4964 1217
1300 1682
527 4965
4089 251
1999 4893
3696 3321
3422 3039
3579 2224
4816 3613
3621 545
1845 2066
4898 182
3769 64
3185 3565
1376 333
1034 726
4377 2965
2534 2374
3616 3165
1943 2266
952 2716
1392 281
4733 4821
1246 2501
1687 3074
2507 3784
3447 3517
4013 4039
3914 2193
3184 4494
3834 3488
4040 256
1208 4567
4506 3674
2920 4915
1449 715
1881 4456
4448 4125
1767 516
2112 4154
3034 2596
2240 3969
217 1652
2225 3431
3545 1744
4272 4209
593 4335
749 4357
1063 1044
1633 4704
4536 663
1941 2787
3654 2586
254 3999
2519 2111
11 2190
538 383
2326 4666
799 4323
1782 468
4133 226
2262 2948
3193 1972
3604 1761
810 920
4261 4049
4907 644
800 1545
109 3503
584 214
1586 3760
1835 1151
4611 582
2679 1284
4263 1656
3678 1124
2742 3703
196 3175
3459 2374
1013 199
4033 401
1901 1743
3650 522
3353 1730
1338 3624
3831 3016
4500 4227
862 2502
2382 970
298 2217
1872 3851
3507 357
1482 2555
66 2740
1355 3969
4530 1809
338 2116
3257 4921
2394 3657
1455 3578
3058 3350
3384 4394
38 3640
308 3395
2126 4439
2222 1036
854 4431
3540 2231
1358 3797
3032 3053
4110 3880
2842 4794
3233 4848
4627 1284
2771 2712
1127 1213
507 1913
3957 74
2288 1379
1928 3046
3071 2083
366 3683
4307 3391
2443 557
2665 1056
3868 4117
4219 2623
3538 3960
919 1017
2660 689
840 4938
2349 1818
3974 1247
805 3221
3653 2761
761 2974
4134 774
2588 3856
3303 4343
1722 3856
2974 4915
3450 977
271 3064
1483 60
437 1467
2276 478
1201 2140
1558 754
4059 3401
3453 3086
3883 3014
2307 739
855 2760
1343 4632
1734 364
4792 1817
4843 4952
3105 1122
4009 3291
4995 2540
3000 3282
3617 2884
4105 104
26 3967
2564 4447
1545 3798
1388 2535
3646 406
231 747
1366 1075
717 2791
759 1194
4710 2098
1825 3309
4915 4728
3721 4479
3526 1416
49 4812
1921 3528
974 360
3020 650
3527 2061
2492 231
4928 1164
1819 1696
3108 3865
4549 4011
549 2796
3539 652
4594 2829
713 2476
1850 4900
4748 3287
4564 4349
106 1913
2468 1494
2430 4696
3258 1562
2380 2999
2696 1561
4286 171
2344 4105
1497 352
3918 3754
1800 3519
1427 1361
998 3794
3726 4225
3590 3682
2894 3405
3523 4000
4316 4834
4822 1456
2629 4119
4090 3863
2400 3544
1498 1066
2854 5
2227 972
1791 4250
2741 3022
4185 2976
1047 4173
1581 1729
925 1146
4037 358
223 250
114 4190
1506 4791
4237 618
3360 2892
2138 546
1590 509
3824 4132
2922 289
667 2243
842 4505
4049 3048
4460 875
4697 2709
3281 1807
1705 4266
1107 276
1089 2874
3157 4873
2134 2146
4924 3029
2181 2775
1853 572
833 2174
4491 2033
4190 2735
32 4963
1841 2549
1202 3992
2485 4264
1237 1924
3248 4204
4539 863
2047 3524
1286 66
2473 2614
2989 367
1023 1461
2913 2424
2077 412
2049 371
472 2919
4122 4632
2342 4873
1138 4097
4914 4998
1162 648
4516 1869
2715 2448
4811 2590
428 2429
4513 4118
2167 3109
2062 4204
110 4904
1627 596
1725 2239
1409 3086
3230 3632
1097 2371
2216 4742
1218 3684
2061 897
3043 705
2045 1046
4056 2085
3164 953
4240 3641
1721 480
1196 1500
3761 2743
4901 470
1276 4131
2039 3565
1748 2356
4082 3757
628 3895
2452 2133
2607 4609
3237 1585
3638 3984
2800 4463
3659 4918
1281 3083
2902 3194
4236 3240
3109 42
1919 3648
2953 4197
1041 2773
4678 2711
570 1017
3592 4907
2068 1615
2961 386
3153 3352
1142 1811
3685 2784
577 4034
1729 202
654 2950
3652 644
3066 3675
2646 472
4623 1331
3165 1467
3782 4972
3229 1056
1496 1108
3541 1774
204 3887
565 286
81 4484
1890 470
1949 3573
2618 3277
2682 2813
3969 1231
2958 727
1802 2364
4577 2812
630 1185
2878 2989
3176 2181
4956 3268
1828 3206
2168 4914
4224 1015
2073 1638
4640 1307
1814 3733
4155 2454
2493 3098
2805 4264
464 3632
3375 2511
1605 787
2525 3969
4758 1810
621 2801
3734 1059
1068 2416
4763 1263
567 1869
3430 2168
1102 3033
35 4159
1273 3933
1871 2926
3564 876
4639 1682
3113 4171
3532 2385
4335 2202
721 1921
4839 1502
1830 2862
3716 4785
2793 4946
2792 2784
3853 4831
2365 2259
3041 4669
2108 3782
2321 4647
2115 1227
3628 2604
4145 3585
148 4235
4759 4234
3042 2987
4074 402
3037 2874
765 331
2684 375
2757 1231
1639 96
4034 4741
2285 796
4165 2135
1826 3890
887 1725
4555 679
2272 4479
953 3437
1709 4487
4384 4967
4094 2719
2076 4889
3224 3730
980 177
2389 3091
4318 1612
3505 3260
3582 3569
2806 1916
1520 2849
3544 4922
1817 4821
4927 3365
4674 1826
3217 1720
4038 1017
650 876
1270 648
967 963
4139 2185
3175 220
4158 2116
1108 1724
1069 2838
2483 2046
2392 4470
4092 4762
3599 4154
3898 314
879 3541
3095 82
999 1774
4489 7
402 357
679 2577
1441 3196
4421 1526
144 998
3380 4435
4662 1492
1382 3509
3064 878
2408 4333
3011 3159
4174 552
1336 536
4694 4262
1591 2539
3609 676
3945 1226
3909 3486
2343 435
579 2055
3534 3165
4065 817
2498 4961
2960 361
1466 2365
2447 4495
2863 1111
578 4781
352 1046
2938 4005
1958 4977
3963 1994
1461 4669
4708 2111
1580 1461
2042 1661
1408 413
2396 4434
303 3338
172 2210
354 3974
4431 4153
234 4906
2248 1602
1555 1679
3751 1500
1888 201
4032 4348
1637 2366
368 4153
1696 360
902 1898
29 2706
533 3214
2295 1052
2725 3013
2197 497
350 3232
3967 2428
3007 943
3259 1468
3595 2991
371 1046
4496 3554
994 2595
4358 1944
2051 1113
2150 371
1472 4912
3134 3861
1422 1319
1816 3227
160 1365
2296 3135
1860 3744
2997 595
2975 2032
659 3510
4086 2151
4027 2120
4194 2879
4756 4648
912 2248
1848 3954
2550 3270
1893 3124
518 210
3705 1662
4750 1990
906 4993
1989 2462
2345 2711
4470 3513
174 2932
606 2797
4590 3988
651 4039
521 3887
1964 4346
3715 2862
179 2058
681 1582
1566 1888
4046 3982
165 2240
3676 4914
3149 2069
4878 4566
4645 3863
2895 3069
1418 3439
3201 3115
1634 3036
3856 2476
1983 1638
2722 1073
3567 1744
1236 3035
2500 4967
4809 4859
1503 3824
2172 795
1111 2490
2520 2429
1577 4750
3187 1295
4167 4402
963 1801
3707 2773
2070 2465
893 2140
364 375
2113 4239
1438 1013
75 4108
4872 2710
1284 274
552 4364
265 1730
4675 3454
3136 117
2355 4116
2636 4669
1702 1722
2572 3858
4398 3469
1779 1236
3635 3547
4949 4085
2253 1877
4908 282
1610 3097
939 626
2620 2661
4728 867
3508 849
2026 4830
1027 1874
1187 195
281 546
4650 2227
4761 3412
1905 1083
4022 449
1283 1000
2228 2577
3720 4754
2530 727
3480 1208
1080 344
705 2133
1701 2905
95 4920
1852 3538
213 1934
1258 3505
3767 206
1325 3990
4411 1386
1152 2862
940 4445
671 2447
2331 161
4679 2776
1766 4695
1156 3283
2755 1743
4834 4416
2487 2963
2915 475
5000 4313
2672 4635
2957 861
4945 885
4547 3097
395 3346
924 1434
1128 2921
2009 1006
362 1904
3182 3327
3847 2949
3013 663
2057 430
3138 1165
3692 2595
4275 3757
393 2057
3398 3850
2391 4043
4698 233
4983 2879
4517 1184
3083 579
1386 1383
3473 4972
3191 3616
3762 2140
3082 1720
3486 602
2144 3890
337 4934
323 347
382 1235
3773 2448
3717 3411
859 477
2835 1190
356 669
3270 352
1960 3143
224 2817
2919 2999
3584 2759
3642 560
4942 4608
4585 4578
2973 1029
4096 321
762 2379
1933 1856
3048 4292
4644 903
2016 2301
4381 862
4376 3882
2256 2380
1154 2419
3765 1877
2314 2133
1122 1730
3537 2403
1226 361
3449 201
2698 3461
4407 2028
1543 677
4562 3508
3008 1194
2839 4641
4560 2051
4332 2837
318 1027
1762 1921
4776 2294
2157 4234
1265 783
1699 2884
2508 3513
4007 3101
669 625
418 3542
528 1059
255 4252
4330 821
2361 2128
3553 4181
4452 4207
838 4263
4354 4292
644 3729
1730 4613
1061 4516
2350 4062
3440 3598
2141 1535
4392 2796
2801 1000
4842 2742
3933 2440
314 4291
3966 3723
1602 368
2690 1674
4277 3982
2993 167
4124 2123
3049 2988
4752 1709
874 221
4026 3747
1405 2931
137 419
2876 2922
2085 4432
1373 648
2683 3099
1360 1330
2436 4361
3817 3899
2546 3456
4200 4496
1977 2389
4212 712
4417 2779
286 3841
2823 1444
4729 2419
3607 1838
516 3482
4053 448
1028 4149
3976 3086
317 2185
2286 3423
600 3605
4873 4869
413 4889
2038 3022
4344 1748
2410 2339
2818 1200
4347 3376
1468 929
2169 3058
2518 2756
1563 4968
4226 2780
267 763
3211 141
2724 897
4784 2513
3917 2027
4765 2033
4142 2261
4591 1349
4720 1744
4339 4085
728 2965
4401 3174
1401 1496
33 3022
771 1927
178 4798
431 976
4828 1779
3798 4125
4372 3074
1381 3230
811 2846
235 694
2571 4958
361 1467
3536 1819
2825 4274
4511 4741
4425 368
2352 3969
465 306
763 1923
2305 134
1451 4976
1092 3878
1395 3504
1247 501
4433 3916
1913 1675
1617 1985
2851 3012
2291 516
658 3440
294 2077
3574 3817
798 2555
2656 4390
4946 368
4514 1056
4019 1066
232 2897
4869 2385
4011 857
3287 1801
1556 4081
4495 1115
2923 4669
3934 4178
2799 2749
737 3114
850 2604
1554 3235
2465 4141
3608 4798
52 1470
4972 648
1626 3411
1437 1236
2284 2776
820 3456
2323 1342
1622 3915
2954 3461
3852 4238
450 3248
3780 1155
2737 2947
3102 3105
3328 4304
4702 4119
3487 3248
2624 3863
4234 1374
733 962
3319 4237
3580 4682
3778 1842
3209 3919
2432 1548
3206 1931
3700 2025
672 449
689 4720
4333 1055
4601 4929
4620 2190
3777 2061
262 474
1967 2174
2515 1099
2984 1578
4298 2484
300 2140
452 4256
3425 546
4365 872
1071 3196
4479 2567
2864 2293
2675 4832
1533 1375
4977 2796
1682 1290
4701 4667
1073 1383
3858 4000
136 56
585 1826
2453 3708
199 2059
4902 2234
2001 2600
3137 1001
677 1945
4364 4012
4537 4275
2334 735
3094 3491
701 2090
2538 2994
328 2430
4067 472
444 2692
339 1891
981 2274
3666 4801
3656 3173
1059 412
3492 4061
4066 160
2173 3133
2521 331
209 835
556 3006
1186 1225
977 4062
2279 3973
3859 1877
1031 4141
1804 3175
1518 2060
1568 1146
2450 494
3183 4685
3107 1108
4395 958
3797 3982
435 4089
4078 4666
696 1894
4655 4085
2268 3287
1839 1602
247 3696
3854 2275
342 2852
1242 4143
2592 2261
2802 677
3432 702
1184 220
293 172
4427 4471
4135 3010
1341 962
1043 3738
3170 4355
2215 3392
3997 1386
126 256
583 602
4143 87
3383 2919
4962 4362
4473 2356
1065 2562
845 1006
1435 3564
2036 3883
3741 4929
3775 2292
1990 3463
2918 1078
3837 3350
1150 371
3171 1497
2594 2926
4880 4834
3691 2412
2720 3864
1592 1664
2449 3211
1279 1963
2648 3002
4183 1474
1221 2445
1457 2537
2891 1073
8 3943
4519 2337
2247 2536
1170 2112
2943 2816
4760 1098
4919 4000
2055 274
3429 4959
946 2929
4596 2008
1004 3605
2170 4920
703 1057
3746 1932
4663 3133
2249 1347
4709 4827
1317 4298
3277 368
74 4657
3452 2873
4289 4320
3921 4517
3566 1283
1659 4583
1778 3862
4058 4284
70 510
4866 2351
2630 2120
5 3235
3333 4349
620 2621
2066 3837
4055 4801
1866 4795
770 388
4832 2941
4973 1385
1509 4797
4664 4009
3878 195
3393 2414
635 3793
2412 3890
4614 932
1183 4341
4023 4476
1739 4336
3255 2160
2187 2480
2738 1528
1798 865
4048 2150
206 4301
2470 1894
738 2086
3986 1099
4370 263
1261 4797
2166 1007
1332 2058
2067 1285
4615 3070
2482 398
1808 1003
699 2403
2874 4967
1173 4372
1378 396
4858 3754
4447 1229
4726 1610
3265 1872
486 4299
1416 4834
3694 437
4465 1323
4916 2055
4739 3457
2686 887
3373 3778
1655 689
3125 4548
3059 2385
3482 1870
788 3763
146 2508
2087 607
2554 149
94 3969
1997 3493
3735 2240
686 669
2297 4843
2155 2817
3950 1971
1504 727
3866 881
4191 700
460 4186
732 4125
2548 1989
1595 992
1009 2004
1587 2368
129 3658
4749 2754
2008 108
3240 2485
4405 1353
3946 478
4247 1196
4375 3558
1232 4535
3320 747
2727 2369
4804 4797
3748 734
554 719
4057 4450
1565 3816
495 452
3501 265
4943 1735
4592 1386
4043 2947
1356 3302
1856 454
4861 4625
1548 2802
4581 2393
237 2554
1229 443
3324 1347
391 4315
1829 1633
396 1752
2692 3235
331 3760
2354 647
4499 157
2159 492
2024 3086
2359 1501
301 2757
3763 4112
3300 3849
4831 780
727 4952
2238 1115
3672 3858
1781 3684
1854 3271
1192 2528
1786 4238
2612 2046
245 234
4896 1276
2191 3468
3026 3726
1393 4724
335 2818
1030 3967
4061 449
4690 725
4380 1694
3949 4310
933 1731
3973 765
3054 132
1635 66
828 2164
723 1749
3983 26
3345 962
4068 2590
2425 360
2832 933
2177 2539
2643 4682
3354 2173
3244 572
3499 198
380 2581
3550 752
4619 2275
4847 840
834 1889
1718 77
2705 1836
1726 1801
2044 3976
3215 2468
3466 3448
2981 2994
2123 791
1493 651
1471 256
4909 1263
2693 2779
4992 1335
2182 1467
443 3229
534 3286
3573 141
3833 3749
2242 3487
275 1152
2357 2100
3822 305
2135 4647
1008 2202
3766 790
3266 206
1670 2395
3639 2734
3273 1474
430 390
4504 4983
4527 3852
1783 279
2882 86
3555 1554
429 4517
1155 3114
3023 484
2734 1763
4062 1086
238 86
664 651
3362 1707
2271 4728
477 3497
2670 644
2847 4803
1688 607
2124 10
2740 4873
3558 1554
1630 821
2241 1299
1361 3702
4507 501
691 3955
3330 4783
1450 322
4293 1742
883 821
2816 4416
1976 2884
2022 2974
4406 2731
3959 302
3372 3043
1415 33
3587 1571
411 4262
4634 336
801 250
462 4843
1272 4938
698 1752
4414 2633
4391 2753
4886 3878
397 4381
513 4269
1711 1013
979 4739
251 2872
3630 4859
2928 721
616 2758
3860 4558
4466 360
983 74
4871 912
4161 3859
3133 402
4497 2987
653 3227
3509 1086
2428 1341
4658 2066
3549 2450
2332 1908
3688 940
446 226
3416 3493
322 454
2489 4793
1 4393
316 1967
2048 947
1369 1720
1576 4417
4345 2746
3785 845
4587 2191
4350 1159
3940 3959
4076 3437
814 394
3132 3224
1571 2867
4882 1474
456 1497
3916 44
2390 1993
2531 3467
412 4536
2822 4583
4291 480
2575 4523
3651 1959
2970 4744
3896 4097
4229 4598
966 2624
3935 4194
3029 3296
3290 3886
3936 4506
1673 4124
2956 1835
4754 4634
976 1443
90 478
347 4809
4934 251
1632 46
3706 383
785 3548
997 1583
1064 2337
643 1124
1895 4277
3942 3692
4892 2164
4515 2018
1026 3424
1638 3729
506 850
1557 3616
3305 3619
1672 2884
2446 4720
1754 3878
2294 220
3742 936
111 4191
2634 108
3216 2375
3857 2044
1884 279
808 1294
4617 4974
575 4704
1962 1192
2351 1171
478 3856
2502 3449
4314 4204
1898 3850
4030 2838
3811 4029
166 4778
4209 2022
1436 3528
3730 1516
2848 648
3040 3508
2707 3111
220 1547
22 9
4576 2554
720 1523
4231 976
916 2369
3296 2991
4373 777
3821 2108
4153 2652
2014 2517
1158 2585
3336 1793
2905 784
662 2740
3752 1751
2654 377
1539 3245
348 3123
1268 1019
2311 546
1137 874
3906 1216
3477 4373
4149 203
102 3730
1250 521
3488 3547
2417 1861
4312 2329
3385 1925
1345 4627
4559 3838
2398 3865
2445 1115
1104 2294
299 461
1465 879
2264 1100
2897 4649
3845 1342
2776 1993
1103 463
4966 3461
3413 3586
3725 3140
3863 3927
4616 1971
248 2853
3757 1432
226 1277
3836 524
2139 849
1695 4011
969 2044
4369 571
112 2486
908 168
1352 646
3063 2824
3141 2954
297 4634
4791 2876
1263 3658
1534 3093
3419 378
964 1753
1777 2576
668 1725
895 2577
2375 1182
1297 4065
498 3159
2005 4666
4903 1121
1823 2675
2798 321
3456 1706
3097 357
3343 2881
1649 2120
3357 4097
3114 2725
766 3382
714 3708
4722 1000
4687 41
3990 4498
3512 815
20 392
2094 1222
4853 999
3401 3816
890 2794
3556 3416
1132 3072
3099 3208
3791 2539
2570 1375
1805 3450
4526 4599
830 925
1529 3828
1794 793
4659 2188
945 1216
3178 274
3515 4309
2535 2892
1277 4583
3981 449
4673 1359
4482 2
120 1517
4818 4591
1456 670
2223 4680
3390 2373
2569 4916
4554 3282
4430 1341
3272 3160
3503 4914
2785 4179
4180 1122
1143 948
3406 225
3535 480
2339 2671
264 1553
4131 2574
512 804
2315 4002
1886 2378
2977 3900
3045 535
2635 1683
901 2622
4163 4737
3003 1722
2655 480
1707 2483
25 2146
1538 4013
4890 4712
4846 2244
716 2202
3790 980
46 2385
2777 1893
2388 797
1166 988
3649 1354
4020 3812
2710 1602
4300 1922
2146 454
345 989
2050 921
4676 2941
439 2766
432 3047
3145 2653
441 2210
4064 1754
3593 2137
3892 1614
1646 4490
3228 357
1915 2912
1002 4520
4994 775
3533 3729
1054 641
3307 1570
3818 73
3127 821
1084 4490
1039 274
3180 45
3623 4260
96 1349
1429 4444
3292 3969
747 1607
2260 2960
3081 2149
970 1990
2119 1478
812 1423
4166 4275
4829 4536
2074 831
4356 3657
4937 3599
4071 1586
884 2399
4813 1381
4685 3835
4288 2006
857 650
2766 2934
3017 894
1740 1577
1723 1591
1684 2133
4220 4768
4442 2652
2703 120
3758 2815
4948 4914
1624 1213
426 3327
852 1108
3090 4659
3547 2329
1887 4724
3356 3598
2849 2146
3098 1143
4797 3021
3465 4795
4152 1278
2887 3341
3686 2061
4780 1116
4826 1120
1135 4952
3664 757
4787 2768
4793 3573
3870 4038
2701 489
42 3086
2506 2452
3325 4580
674 3820
4667 1184
3714 3474
1398 4627
3807 882
1327 3405
1542 2228
4855 3883
3489 3542
4837 1124
4974 3261
2358 1146
3840 2634
193 4906
4357 4582
4305 2385
4435 2738
3709 2083
490 3454
378 3288
4 1894
2699 4642
2052 3323
1547 902
4757 1108
3874 4811
1868 350
3919 2164
2795 1056
4083 3212
1216 4830
1880 4613
4331 468
4686 3043
1161 395
1569 4124
2031 2689
3213 4987
1494 4492
1153 2049
2099 1731
665 4068
4583 4225
2104 655
3560 3059
4259 593
4951 656
4929 2740
2925 1307
4205 543
1000 371
1720 3760
2114 1454
3271 188
639 4664
4782 897
2427 4162
2219 1086
955 1497
3894 3817
1930 4859
3985 4000
4265 3929
4525 864
2283 618
3755 2004
2224 774
4819 2066
777 3375
2385 1993
2931 1307
2175 2844
471 4662
3086 46
911 4972
779 4514
3068 358
3891 589
4467 4570
3374 4278
1239 4497
4002 867
2243 4793
1883 1918
4657 4315
1477 848
1238 2524
3779 347
589 2914
4113 2150
4485 3026
2440 3014
517 3197
819 4987
4505 690
2335 472
4612 2753
1379 3228
1269 2268
4270 1116
2035 2493
697 2944
2322 1272
663 4613
3739 2266
2462 1501
2787 1283
1476 2448
497 1439
2474 2097
1550 2335
1481 2245
1350 473
3513 2675
573 4514
485 1454
2587 588
4315 791
3055 4728
488 2528
3241 3837
1114 4546
3930 2620
2567 948
3079 3186
1337 4632
4777 1805
1969 4776
3115 546
1241 1522
3675 2675
2833 3277
1159 4877
746 371
4965 1621
2691 650
3764 2186
4292 804
2019 1124
448 1330
2853 352
2313 793
1936 3170
1955 2178
1849 609
2282 4439
379 2061
1231 1720
4656 1986
2555 705
726 4949
4906 41
4197 1190
80 2176
4833 4132
3624 1143
690 1951
3392 1798
2697 3151
4512 2028
832 613
1986 1007
116 845
1932 2912
2499 168
1489 4313
1870 4411
571 392
1838 1468
522 1513
4550 402
1618 1551
1768 4929
753 120
4508 3703
2090 4309
1316 1206
4125 3899
4025 3219
2870 3217
2516 3821
2903 2965
221 1993
4215 599
2968 4577
4476 2024
4542 2980
3036 3186
4039 2846
2258 3454
1051 1614
2616 10
3073 745
34 4582
1716 240
4121 3173
3231 4444
4684 4784
4103 2519
560 4966
4374 3721
3581 2173
168 3661
1076 2483
2306 2303
3955 2678
1140 2012
2631 1244
2374 100
3948 1713
1527 3047
256 4074
181 3201
30 1836
4273 4891
1387 4613
147 2120
525 2637
3327 4097
4245 1942
2302 3018
825 768
484 108
599 1299
1067 2661
4216 892
1957 2759
1675 4225
2194 3653
3152 4976
1935 4207
3687 3284
233 3568
2202 4292
3235 774
343 1592
2743 3013
2964 1635
1982 2497
269 1349
4921 4225
1442 2390
2838 788
3435 2305
3088 4800
2845 3933
3315 357
3361 3174
3371 2368
3001 1724
398 2292
922 2860
3882 1982
1292 1375
4075 2654
1495 195
2764 2272
3368 3893
4487 4408
4450 375
3297 2179
3521 765
4015 1031
4324 3692
4342 3342
4721 1465
1911 394
3381 3039
2641 4962
3407 3808
1619 3758
2542 1003
1083 2365
4801 402
2638 852
806 86
2426 544
2613 2848
4573 2123
3382 352
2685 3589
2886 3166
2595 105
4311 3131
58 3395
1961 382
2573 1354
2118 1435
3147 3392
4981 1653
1873 2901
1572 2452
548 2817
4127 2906
3022 1115
889 2062
150 303
4745 2411
2 4008
1005 251
4235 1993
2189 3013
1653 872
2877 4593
1164 1530
1240 1932
1973 2916
1363 4351
3274 1462
3958 2630
4711 1526
4618 2369
384 3792
15 3472
2466 430
2463 929
4328 4869
3908 4328
3740 1456
4986 85
1689 4555
4393 4960
4840 3983
913 1211
1210 3461
722 444
631 4126
4788 1066
1264 3708
101 33
1096 1228
794 953
1315 704
336 3135
511 3350
2174 1721
4029 3812
4714 3571
3139 2876
2609 3621
1145 699
3399 554
1691 2157
2523 1460
1522 4390
3261 4018
1348 4681
3387 3427
1169 1612
4045 337
4922 2652
588 3423
2598 2301
1464 762
2745 2237
2422 375
2236 3233
2103 2883
1055 2210
2033 2761
1417 4978
4579 1520
1032 1570
3168 3334
4297 4223
3787 4451
2319 1494
523 2319
4052 2655
4881 4217
4567 1862
4807 4706
4005 1501
4523 4110
3819 1230
131 2946
1362 2912
2208 4072
1099 3350
572 4085
1243 3673
2947 4929
4950 1632
706 301
3367 2982
4323 570
1025 4753
385 4132
2980 4085
2950 4978
1171 1612
4935 1988
3404 2655
2439 439
1742 1076
4141 3567
4746 984
3598 4181
4199 1631
4795 1056
3120 4159
4042 2185
2293 4048
1371 2614
1891 3315
4551 3565
3174 4115
92 657
4346 4948
4604 4607
2064 780
2761 3315
3982 4635
249 454
1773 972
3578 1078
3884 412
4633 4214
1048 735
2992 4887
3203 2535
3899 3461
1837 4142
4238 3481
958 1330
1929 2348
324 1819
4136 226
1253 2022
2986 1640
2794 4770
3674 2530
401 388
1864 1434
4106 336
2275 449
1937 4651
2819 2743
1357 4206
3159 3983
142 4534
3915 3411
2441 454
2869 3209
3028 4734
3218 114
1149 1087
1528 3616
711 4330
3072 2702
792 2940
367 4679
1454 4159
2628 611
253 1855
3629 4795
2768 4656
1029 4039
3577 4176
1402 2038
3626 2257
3021 357
1756 2176
425 3138
31 2818
2721 2841
847 3619
3756 2717
1139 1376
4248 109
2663 3445
4340 2872
312 1922
1942 4845
4072 4420
420 2140
1815 41
4814 4327
1021 2492
594 4528
1086 1000
387 2837
888 4239
2458 2299
1147 492
1889 3022
4571 3796
3355 626
4899 3616
1116 648
4859 4642
1467 2385
1307 4966
176 1112
1151 1467
1333 3946
4705 4036
2752 377
3805 3610
1098 195
4170 1091
4529 4034
2695 3889
1299 3899
2972 4391
4494 1292
1724 1993
1182 2133
1312 1862
4464 3823
3461 663
2545 3749
1318 2945
4999 3816
334 1682
3808 647
4157 3010
2178 1429
2866 3426
421 532
4796 2743
155 1655
208 3678
2872 3760
2402 3484
1118 4142
2991 747
2029 4440
4116 2593
3144 3485
860 676
938 1731
1763 3283
3289 1183
2109 4893
3922 4776
2852 996
694 2668
50 3841
383 1855
559 3146
2811 2795
4848 1950
678 3524
4148 4315
803 1502
4338 942
2017 280
3364 3250
3121 244
2732 3422
388 4223
3727 480
4593 378
2053 4893
3600 3863
4532 893
1642 3452
1227 2023
306 2445
2102 1303
1168 4877
4329 99
4979 4421
4309 3564
1896 5
1629 2714
1712 1185
4390 3773
1024 1825
615 3206
702 3173
197 4815
2040 3759
2416 2554
1578 3026
2754 972
4521 2869
355 4551
4260 4262
1792 4637
892 1724
2304 814
508 2077
2537 2550
1821 4929
2255 493
2299 454
3886 2870
687 2622
2185 3461
1847 1516
4418 4451
3655 1942
2226 1963
1517 2960
3167 3758
4321 1877
611 178
2116 4445
866 4918
504 4364
4762 3405
1342 1322
4249 4868
3424 1615
3633 2689
3944 670
2527 644
3101 4965
782 4801
2056 2189
1462 4005
2246 1845
995 4332
3825 3229
325 1046
2376 2782
3062 1444
1540 1081
900 69
3245 2145
4933 1723
340 3449
4671 2095
438 3513
2237 3186
2603 86
403 4351
2963 4954
473 4312
4415 3869
2393 457
2259 3283
3074 2980
2263 4919
3879 1488
467 3032
3166 1686
3602 4442
4004 4433
2541 739
2071 4960
4006 3850
4456 4223
904 3347
2505 2901
3993 4056
4528 1332
3681 4131
423 4384
2475 2539
4462 3341
4629 3395
796 3230
3850 663
2760 4983
2673 4820
959 4336
2080 4818
2533 1897
4424 112
203 1231
3518 760
1367 531
954 390
2730 1321
3252 777
3668 4162
1209 2595
1914 2567
561 100
962 3461
829 3493
3788 3019
483 1884
2043 3353
4936 4790
1400 4363
4112 4492
3318 1176
1391 1597
3329 1475
2160 546
536 1515
1124 3850
2012 971
186 1729
57 222
4118 42
2257 4225
214 2342
2136 1868
1044 3919
2857 1448
3980 3340
4233 3863
2084 2593
216 2785
2916 1547
493 3254
2888 1388
3309 3919
3106 1017
4250 486
2756 1323
750 4434
2908 4642
1878 3375
3131 2886
2437 2812
4715 4077
4582 4832
739 4203
2828 4548
2579 4031
3163 2431
642 4790
2510 2055
3962 4662
4603 3004
1406 1823
1011 4681
3448 1801
1661 1298
149 2385
132 3678
2472 4221
1428 2858
4070 4375
1285 4343
4084 752
1623 1669
3947 4207
169 1752
3895 3568
4941 4302
4108 3888
3670 3810
1668 155
2484 572
2218 3779
3311 3666
1380 670
1188 1739
3344 3794
1190 4514
1892 2789
809 1634
915 550
250 1861
3169 4593
2183 93
2212 1233
2395 1610
86 1046
461 94
4693 4103
707 2217
4302 2214
4707 1911
1713 2715
84 312
64 4570
1988 2171
839 4339
3927 2960
3673 553
2758 13
1492 263
3091 77
4255 1549
4295 69
4410 1225
4304 2934
4894 144
1640 2000
2266 1728
1746 466
580 940
2086 4903
2303 2577
2401 3186
3561 4750
2773 2849
836 869
4989 2710
2602 2852
4278 2023
4434 3998
1410 850
3104 1729
627 2293
1612 322
4361 2802
2680 3427
4541 3235
27 3268
2983 1140
359 2074
2072 2038
123 63
2626 1173
2840 3517
1176 4471
4003 573
2998 2709
3622 2205
2423 3559
4301 1856
3335 1713
3476 2596
3490 1086
1625 1612
3438 1937
680 4464
2020 3996
2565 4513
897 1086
3989 2559
4438 2540
3570 2222
2018 826
1750 4283
882 3041
1058 4409
2717 3423
1995 2319
700 3277
1857 4544
823 4504
4815 1724
4913 4013
1411 2206
619 4284
2497 279
4299 3707
1313 233
3151 2540
4653 1911
789 3872
1897 3123
1979 2891
2372 3692
180 1364
4971 3498
3 1271
3433 4181
2674 2613
1351 429
4276 3288
184 597
494 2743
1296 64
1749 2637
3861 4538
1251 2926
2363 4962
1036 41
4290 1807
1133 1729
1573 3688
3469 2185
113 3549
3162 3976
3394 3013
2310 1434
2906 4002
617 1556
2804 1127
1225 1654
990 2973
795 1007
1399 2314
4575 3816
1645 472
2152 3658
3565 943
3588 2116
1861 4801
4368 545
376 458
2824 2567
2661 42
2829 1446
2217 2776
835 3431
320 1020
2477 1903
1314 4585
3586 117
670 1029
2934 1046
1525 1973
4343 3254
3470 4463
1788 404
1062 3535
574 2374
3971 1992
2435 4420
3738 1729
740 2085
3056 1180
4117 2429
2789 643
1424 2994
1185 2155
1515 198
755 3195
736 1853
3952 3862
3397 484
2865 4751
2945 3984
98 1056
978 45
2221 914
2639 1607
1907 2753
3925 651
3243 1185
2231 234
867 4550
3078 3967
3039 1588
2096 954
4672 3904
3288 4960
2990 4635
813 357
4556 4785
458 4235
4789 1607
3932 3919
3970 46
790 4446
449 1809
240 1231
329 1038
3799 2448
604 2230
3060 987
1843 27
2171 1457
2898 4576
4779 1109
4509 2260
596 1749
2032 4271
1463 2740
1631 4205
1444 3192
688 4053
2560 4315
2726 3900
386 195
4239 4626
1174 2884
2143 4290
2250 2024
1349 4873
1523 1124
1484 2849
3500 1741
4206 2567
4001 4235
1836 3569
3920 3342
3711 1500
211 4952
2700 4458
2879 1683
2058 371
154 3314
1123 2987
404 4022
164 2623
2809 2769
505 3461
4531 2048
487 4519
4845 3445
3009 3067
476 4649
4254 2753
230 4038
2265 396
3610 2819
2420 3737
2951 4511
3924 4479
4017 2900
1045 1535
873 2459
1674 4888
2329 3515
1923 4393
2413 2682
622 627
2966 3298
2815 4052
188 361
2407 142
3349 2884
778 714
1079 1211
466 4062
564 4557
3640 2113
4429 2482
2151 3812
2820 3753
4743 2261
3802 3330
3597 1516
3867 956
870 255
2896 4006
1761 28
3885 96
4703 4006
4223 1730
2681 4736
4704 676
1394 2478
2723 1234
2750 2157
1975 4447
4128 1310
3510 1200
3606 4235
4773 2760
3718 3906
2504 2077
3745 4839
3340 4180
719 3086
692 1617
3408 456
1980 3097
2652 3773
2606 3074
1708 3539
2860 4039
3414 3698
1018 3449
3128 1840
3458 1372
3135 2164
2232 3064
1473 145
3210 2303
1785 2339
1016 4437
3283 1369
73 3079
878 2065
944 1465
2145 3370
455 424
655 4421
992 1856
3893 1865
1751 2176
39 1580
1842 1922
2821 4844
4985 3675
3851 1000
2779 2010
4151 3354
4453 4028
3965 933
2418 3447
602 1657
4422 4085
290 1939
3454 894
2708 1483
2098 737
562 1780
1693 1969
2577 1490
1094 4813
773 2392
4978 3087
4326 3275
2614 3395
3463 2846
3103 2090
2364 3495
3219 3286
480 3013
3801 2965
3704 3209
2678 1774
4472 582
4443 3895
1939 1076
3451 1587
4246 4123
14 218
2277 3547
871 4912
896 4157
4588 4666
2509 2502
4932 2914
3995 2936
502 671
1636 1515
3814 742
1458 1258
2995 515
3781 2083
1644 439
3890 4067
3522 2534
4469 2778
1091 1945
1855 2846
4352 1429
45 3832
2251 1654
3786 561
2586 3869
4884 4862
1056 1467
1902 4891
1810 4216
3460 4264
3684 655
1946 4882
2111 2164
3436 2801
3326 4456
3160 610
555 2883
3793 352
4580 2150
4503 2577
1112 3232
1833 2668
4483 508
2583 2019
3627 2614
3645 2005
807 643
3197 1957
2140 4946
2245 3015
2909 3375
1703 853
375 478
1840 28
1652 465
1669 3564
843 1752
941 989
1832 853
143 4126
591 279
632 1443
1953 906
3689 1033
4982 2059
1769 1967
3926 3013
1621 4349
19 4921
3080 1924
1203 1323
1948 2896
2078 383
524 141
260 4461
4959 1397
3708 651
1719 2480
4256 3382
1178 3382
1613 4022
4416 1115
547 438
103 2784
1100 3856
1475 536
107 134
4877 449
246 4926
3991 4217
3611 3354
2340 1837
130 4110
2608 1501
2133 420
3225 126
295 2475
3902 3223
2455 3911
2479 714
4085 1115
3412 3395
4730 4495
2979 1200
605 322
4967 4074
79 4606
4266 221
3641 1046
463 1185
1570 605
942 4237
4207 2590
1278 1607
1596 913
1764 2358
1433 4943
3346 3294
4069 1961
2739 2808
4799 3133
2204 1464
3396 3445
2622 2173
4682 3976
4081 697
4126 44
1753 3511
4426 666
4060 1484
3389 2912
3418 4234
1894 3026
2702 791
3631 1374
2659 3678
3092 3757
1844 2287
4897 521
3794 493
1662 4269
660 4332
3693 4310
2461 2812
774 1720
899 3599
1191 3627
827 4886
1015 222
2488 1840
3511 3745
929 770
4931 3138
4160 3844
1959 2116
307 3564
709 2486
2650 2938
1651 3575
2704 3472
744 1653
1918 2716
3719 672
2529 2860
3772 4407
1666 1374
2581 2047
930 2070
816 2952
4744 605
4543 166
4208 1914
3546 717
4269 4666
4394 300
863 1401
1876 4351
2557 2581
1293 801
2476 1146
772 60
996 1248
3158 1303
4856 687
4561 1231
846 3135
3405 770
1665 4929
4195 1177
4586 863
1916 2798
4079 3981
2381 3210
3529 582
2162 4109
1611 386
407 4118
481 2622
1224 2209
988 480
1368 2405
4578 4119
4102 335
2120 977
1040 368
3348 3884
947 3055
3012 3263
1244 2472
1519 1547
229 3665
2121 3699
3747 195
3848 2320
4774 383
3514 2110
392 2896
3498 4550
285 4308
2347 3896
2501 3072
4477 2090
824 2098
2797 369
268 4236
3563 1401
3722 240
1329 3674
3677 3791
3698 1570
4803 633
1490 934
1664 4741
640 4516
115 858
4230 2926
3177 60
550 3568
3975 3021
3116 5000
4642 361
2664 3309
1741 1432
1908 4584
1319 824
2645 865
1620 1865
4035 274
3569 4669
4510 4432
4960 2912
2653 3423
4533 4731
3234 1383
1678 2386
4379 1970
1917 3585
4860 3865
1235 3228
3417 861
2788 3566
1308 855
3298 3982
3724 5
2817 4301
566 1707
3806 1322
3376 4889
4399 2806
2309 3348
1324 2451
1447 1957
1052 477
3457 3553
4850 483
1396 3266
2037 3491
3246 4701
4569 3508
2978 1343
4252 2476
1513 3327
1403 4795
3386 4256
4552 641
2161 4742
4636 2754
3471 179
1460 1225
3223 1290
3596 2063
341 2198
3660 4256
4063 768
1717 3090
1690 3379
1211 2717
133 2091
1010 4669
2762 3532
3122 1012
141 2185
4635 4796
3047 1990
1271 4626
3188 2989
4654 691
2403 1059
3196 4239
2308 3992
4991 2559
182 3874
1033 4015
4432 4822
2611 1165
222 994
2729 1056
4825 1209
3084 741
2881 351
4738 2964
1163 2412
603 3239
3594 1041
3199 4888
4923 727
4735 2113
1311 66
153 847
1181 2399
414 4480
399 555
3910 2408
582 4695
4284 2471
2195 2703
2190 4283
4734 46
272 1180
2130 3541
3701 2768
3391 996
2813 2251
1167 3647
4021 2661
3249 2228
4253 1713
1374 902
4520 3468
3999 1335
3295 2306
2770 3714
1370 4177
3636 222
1274 3001
1650 2531
3339 4680
4665 3865
2041 4787
623 2878
4652 4223
3050 4015
2914 1492
4706 1933
4080 1432
1060 4114
2749 1169
2254 2862
2658 3482
3502 546
693 1075
633 4897
2644 4252
1608 1684
3173 3072
1728 2511
510 201
1772 4269
4609 2238
1175 998
3987 1188
3792 4808
3085 2006
3352 2554
1541 2574
1326 1188
3358 4210
91 2753
239 1279
315 2879
1862 2736
3516 2913
4119 3277
2719 2440
1968 1452
2590 4682
1985 2304
3998 1945
4147 214
4383 54
2619 2595
2148 4010
3665 4621
445 2728
2911 3851
1947 4808
526 195
4355 1993
1667 2088
2867 2846
2312 3632
3771 253
3876 3463
781 431
2812 2796
1727 3069
3301 914
3341 220
433 1460
1126 1909
139 492
3531 4576
2328 4158
745 2338
3637 746
4518 3838
2561 207
89 2150
1906 2852
4018 4097
2657 2636
3250 4217
1459 2996
4524 528
2782 4720
4602 4018
2261 910
2712 4013
607 3453
1328 2574
4558 2991
4193 737
4132 876
3754 3229
1259 613
4827 2294
4600 1225
4767 875
351 595
4403 545
3736 913
1796 177
4755 3783
4351 796
313 4943
4138 976
3810 575
1858 2958
127 887
2383 4334
273 499
3632 3133
1745 3638
156 4153
2368 3765
3268 4829
2552 28
1035 4393
542 1114
682 2963
754 321
2467 4934
3434 4280
2460 852
3559 2960
4436 677
4100 66
228 4038
648 3773
4606 625
4044 187
2203 2275
3294 3015
3155 3485
1599 1503
4862 4579
3192 3575
676 201
1053 4588
1820 4798
3759 2005
724 3512
292 390
3065 3655
47 1617
3941 2383
2856 780
78 4703
1993 3022
2791 60
2377 3967
4961 4119
3571 524
2176 4363
3236 3408
4196 1058
1824 2999
121 1330
1488 4757
373 2481
2330 2340
23 1933
1377 4740
2201 2837
910 683
4188 1082
2007 659
228710 743097 261722 388573 858624 588802 307780 125843 977559 326585 396467 349116 41693 473776 740393 265166 57923 835616 979563 720546 559745 510118 780354 222648 792658 985985 375867 780336 283317 175958 638951 21265 107374 355116 911900 885829 227522 788336 640946 898971 150975 100274 904710 420037 565233 605415 549818 925271 940782 964453 823155 635214 982540 260649 30938 454919 674021 768084 157724 138243 869914 168938 243434 188522 518861 194322 467770 327940 830309 495577 592516 324161 657550 477359 283909 971955 469622 831591 618431 340111 309778 463484 920759 288560 128471 505927 232310 441236 179393 466378 812745 761181 521103 943208 277825 164624 424132 831210 170868 996185 779624 980219 303866 529670 999750 326829 89328 984584 22252 248435 632761 950389 326445 762852 256056 199496 758178 603071 962263 232927 982436 253985 236099 730876 964884 448336 792301 273605 183060 300980 198218 869637 22412 500824 488788 989672 611941 5422 763272 542019 637905 679560 665958 428297 99009 221664 354164 254615 581677 836433 526139 736489 662672 309851 201928 112802 491818 997795 928300 668745 235580 376496 29181 777094 702159 731695 596115 135849 286318 261489 40652 879972 22823 980520 878344 138700 829453 113901 847277 660956 884793 977853 56612 921521 559493 210615 431066 809743 124496 707167 337536 85914 616573 487839 935244 156190 606259 144449 116918 824392 141790 513206 964092 415659 782124 714002 850718 922621 227730 658893 294434 951959 311237 78595 707601 963255 678593 305525 47224 450433 186566 214471 227881 453114 82645 974784 545463 356236 109431 867916 104893 524038 505783 772925 893912 629145 762467 429062 988200 588763 567822 762175 11539 424072 874769 442916 270210 251516 585798 662678 254627 44154 797260 88024 265829 472808 498566 961427 711743 994257 974107 641426 294441 775970 455223 857607 165856 755181 77897 814660 729447 316393 837571 411971 47553 401967 542 417631 248056 26943 983699 375384 834009 680249 460898 871827 101110 944229 392335 971160 339042 474923 100000 541522 384632 978395 247201 811219 327637 553831 767328 435149 396890 849764 157617 376730 825387 574285 857194 115892 325042 737472 33768 511166 304092 442366 349449 299193 702171 25775 361712 415952 640738 474652 74693 237453 38316 708148 643250 818465 607542 486151 827879 301856 113601 57422 470230 561410 110609 709985 171639 554660 228720 317183 89030 901957 377387 165898 884544 176969 742484 779144 987050 269241 802558 852003 102474 480705 164101 175466 10220 909297 279811 361486 935390 26621 857244 171558 895220 982397 720499 870763 175429 217326 523122 675964 434219 314542 932551 359708 246983 209092 26657 373423 955708 11094 39351 227521 212143 111472 104193 628351 483405 786756 644285 122299 218117 783845 659435 601836 688266 632074 920658 801964 450258 772754 295993 466936 797017 248250 346862 212980 507615 878056 763267 813604 710118 719524 47052 476084 697269 513113 661858 177713 261271 753305 782243 657742 979997 904918 886255 971040 999896 272874 925229 820322 816032 94160 706948 470898 20048 999784 974882 43346 456775 510007 399161 86376 892520 209125 117373 752766 774747 998461 674983 307715 770954 470512 276789 904072 887653 81810 505767 487619 682526 986652 11396 109519 425774 680680 929235 720747 542158 403000 679906 230839 289535 816560 861955 825594 995395 508119 610250 281886 541601 758362 755920 375858 801828 701769 714163 52647 345373 19800 655380 110164 402461 780000 863191 544499 147388 66715 373222 85281 455381 989099 375663 701089 497799 350355 845473 2586 617077 130556 123699 801301 761991 698738 348894 55168 958631 998693 462045 447021 423237 278185 808884 108691 350804 536694 706471 148172 225546 503144 756222 129238 245860 789824 560135 539346 482656 605601 961236 462792 754816 419412 626233 283681 219214 862724 948559 809452 633106 796483 112948 508825 874334 323332 449417 166081 287683 902366 725618 77276 222553 429327 880346 825161 624251 915703 887596 373194 524488 746265 792219 389509 987108 882205 984475 738180 681973 826833 837477 846518 263654 659811 615159 959148 901351 357160 785746 7516 92010 869337 649274 945506 294504 119249 536058 836986 334427 590544 153181 764743 710529 887483 976566 880720 489759 317401 135769 284349 815100 153431 825951 530398 379873 140998 549863 60004 275040 765400 636815 302950 490506 46630 356159 587550 863031 838701 216990 425770 238402 176076 802267 165067 186699 614919 918565 821033 570867 170119 832499 797773 209251 844824 80126 879077 690821 99178 592258 679299 453065 74513 482945 168095 114146 318085 435583 291601 936775 95843 988423 440919 958770 105577 879588 253589 9508 984062 313257 624784 95071 343336 948266 140018 737259 644435 826753 16522 389201 37201 140938 104009 401379 878677 899623 784389 519154 104503 949308 419961 677142 221555 171764 742467 36907 406953 639098 693541 609870 200735 602881 110342 932643 524026 154045 189998 848210 838793 674984 794125 952390 871162 230142 926260 534189 706083 404609 243162 704443 963834 765493 779864 301734 136541 640933 320750 642795 236044 621916 305084 25224 804394 209517 203017 895168 276095 68332 305216 118042 397176 542579 890094 575074 340966 91358 816326 976231 232763 675023 883101 606203 392720 776427 88046 138679 289058 812186 426326 267892 593936 427339 155673 834194 136671 835118 952796 995893 663606 192568 705768 792643 776354 877218 652334 388327 379155 34859 985534 631185 343133 943697 262862 519604 471609 650524 585849 303495 994113 663124 145917 573253 484407 624517 141372 245293 452158 948674 612732 606850 369312 988383 387111 28747 516102 809270 654092 151892 238979 958499 644444 741036 855242 306888 528877 306149 560691 271882 899387 713240 378682 238674 113890 407070 717120 236236 724581 61911 1224 308075 976618 328743 811195 362275 823228 107252 64037 637486 959624 213610 931765 81096 135584 722807 560833 249075 937211 556111 778752 691252 105395 672361 821390 270164 211525 547584 609579 592671 938517 788371 395324 356264 16487 740261 608905 44676 144167 956221 121725 329674 317346 942439 57514 299546 787211 539186 456898 122067 634295 251761 973727 464730 817953 473914 268476 277850 407335 984617 839993 97279 280971 867166 538523 100858 791986 577659 992265 772800 93736 928039 537680 141579 198939 209165 370720 83735 38556 205086 914574 979494 513697 856523 670032 126013 383173 683211 13124 121829 753415 828763 426601 116010 955591 208185 919907 858207 62668 70761 560059 704793 395776 773552 225181 890992 322290 620443 520345 994817 749459 619257 792099 806510 410170 308381 625811 326492 154656 517213 522854 737331 998821 127190 288571 188834 299913 531557 766934 195673 96883 289199 36064 927630 948654 691482 768037 863865 398247 389970 771669 937495 552176 390789 651395 160426 598656 620455 652201 272055 242161 458351 856354 118663 606401 813016 877423 445350 127121 534369 382771 136680 57129 110413 105847 966623 151346 642212 854950 314982 809978 182064 267922 21465 990004 952833 173613 392922 444213 876778 457425 296206 462392 462529 180793 925662 476891 561315 800965 781239 871968 880877 647546 740490 423597 900804 963968 132556 707468 105230 728866 59255 77612 340599 875474 797960 45214 850094 733090 139391 188249 802533 375435 765730 57334 28820 853738 619322 126900 725878 709246 780179 247733 749450 189420 216257 152960 798931 742587 673430 543165 25305 515736 254509 524988 669542 377299 627874 401006 887626 996897 244056 726890 42328 202520 49009 544170 792806 915253 846425 78091 291345 439769 323324 683729 868087 543048 626508 393888 819451 23209 511676 346756 428484 31625 504199 728938 528318 368600 364329 93157 728407 468842 443173 245930 742659 349111 938238 277588 533625 401499 610237 14688 83829 737175 536433 12978 638196 860046 260459 998479 395962 323593 426622 998049 192143 506675 526725 463414 647805 236318 153437 933121 498004 992893 489126 692248 336487 837544 675654 811124 643597 524763 428582 362164 738784 980406 271283 884506 737089 288894 886750 175116 701650 364827 990301 956692 434426 991896 764456 20321 900645 445223 240572 363396 198146 206554 826139 355572 964931 325419 153930 877514 379552 659253 698386 988486 722516 713656 405057 826120 745311 571929 96422 772951 592450 349407 709719 716702 100294 347511 755950 871146 21493 567474 862152 37037 303903 168002 656453 533758 591255 133696 496779 888343 405748 377705 944771 953814 17552 912156 34522 603900 446924 445726 684098 95921 597898 339030 965422 519870 25906 236817 145305 237585 641710 578943 769408 53629 76397 96308 1379 462455 770468 496616 896456 519194 664584 238199 641080 106532 99605 684514 455873 959927 295690 913037 595762 446873 118443 295871 188833 971444 36094 41252 795113 667286 838606 186254 407396 709426 905835 34032 858102 987870 279848 494050 159298 113555 229596 193504 820850 288432 891682 793419 837235 800760 564057 76198 906486 163023 648356 238938 606577 363072 459882 76082 755228 362938 522775 616416 758709 305806 762522 141430 558204 974771 769573 948782 522743 172227 888944 907043 207919 157691 56247 92822 523570 302783 217527 8745 12879 779859 199605 516647 929629 263267 10871 676858 602676 802940 775368 543540 43761 808400 975672 706951 762935 883895 408986 674061 772969 852969 552389 917568 830385 101700 727892 449347 94524 546316 902502 689687 580476 288422 746206 77031 329317 800156 748772 711805 445872 2716 774818 465546 333210 106297 495687 760994 627878 149608 227144 602173 223063 429573 799706 46136 546679 636876 157753 456850 765076 132767 603941 877487 33277 618759 295840 533465 91017 390251 242289 804985 107728 165722 426083 212450 610352 963528 587079 225095 403017 819976 242541 613952 450049 406167 121391 590730 296642 651665 771239 715203 418167 929081 915316 429682 526738 260086 364153 744573 8201 336400 673694 641840 674388 493623 738509 867197 572657 270781 559606 812919 642337 740951 567243 982549 200552 455007 796869 516918 854160 27797 99677 333271 839079 317273 960660 693406 925500 671347 147243 494995 71590 198796 256236 292833 189757 545330 288799 85210 687071 578840 659798 592368 441389 553811 193826 761661 162507 14238 105243 579196 179107 530647 742299 217933 876514 324608 143235 724149 156986 744959 283190 760092 860831 372446 135001 305421 463498 895883 900698 881657 167289 684825 263077 861748 611821 647678 512432 483831 808170 878163 545904 191708 971002 586903 496866 327653 352299 469676 289412 978486 196620 247704 311384 275990 109940 478662 975336 301938 931835 352067 292348 887962 956159 831105 622246 293058 477665 552535 2359 989955 462917 469950 893255 449111 219926 51222 827953 394528 486463 164831 512788 356705 582579 740352 376531 8387 829477 917316 609174 363538 178321 6488 660231 627646 509106 518095 519830 85915 173577 594270 686070 368737 261725 4000 779805 392492 271605 598546 196552 160509 351456 569752 270196 739127 557421 656055 947238 921187 43379 517593 419748 36652 235531 582028 333626 218852 713489 415939 495671 62782 952550 257747 626541 909905 351537 443447 70836 252059 637593 609357 208423 162492 747980 903255 462629 102007 836988 577339 446738 395636 974173 143428 149075 653889 463593 450462 958614 264844 123164 436957 758536 11627 776119 292599 280796 938068 154689 861509 243787 644901 67841 153799 422414 78877 54406 868573 269414 139361 540447 742798 619221 885112 520163 683909 5282 445711 892075 979279 683673 745271 847123 64990 710793 932450 984956 980553 775428 586665 95693 807562 447714 727049 731629 776062 501182 59169 959563 869417 50167 386357 77783 923759 424945 457582 989894 870684 714770 373144 156433 553053 331077 12643 267894 584645 623610 490659 946998 631689 711268 619600 652694 544388 759353 645767 110878 508852 858358 871558 127773 629499 919705 445940 722082 615775 371109 770711 763332 172618 118113 620059 94428 76298 585241 554770 796998 95442 846428 414895 337572 783608 53180 797002 890394 865397 973073 109663 309523 174312 582710 5582 677499 382995 876555 698909 864642 11420 885681 168305 852191 690830 224593 405017 596683 413269 629846 586179 502338 481413 960878 990597 412038 274900 932364 558165 990235 460700 640233 810641 906636 662490 634175 247993 674981 907378 674957 986416 317750 380520 38742 619966 871191 101800 997217 144144 158174 865215 663994 641527 538602 128543 189232 739941 628700 544799 501077 357363 752985 446713 15553 772574 749641 318539 541456 296837 937947 416790 749663 247149 698623 213954 858387 590973 207914 139096 802450 746434 997910 187014 982215 411308 898367 284447 545954 16271 87719 741720 709334 419684 743570 664077 869530 699973 721547 747193 245417 105652 793630 158721 609217 328276 66716 596778 847976 274287 487770 253983 926114 811694 154545 903660 581628 108708 112000 143429 915973 751812 960165 343232 769551 321126 20232 882966 666483 137926 203985 874919 214730 701253 524717 781363 763124 78502 229644 540769 888725 200786 993254 664507 539283 213461 566257 679152 37850 602398 444397 571794 901272 241219 55001 70358 608193 172731 468474 42710 243788 468130 323547 457682 254195 170552 507976 25642 626551 166498 257554 599078 44571 599720 524110 826991 264228 42037 346838 668435 447071 196699 232390 8900 690715 985036 26688 986266 818986 520610 499881 262861 52581 514456 361641 84795 431269 760462 574319 679656 707147 287433 758315 23033 499832 142512 361106 913016 894037 605840 423070 369747 556493 575257 547211 877277 908622 186016 519003 95756 495180 18651 33427 425977 199870 317544 829436 749731 106207 778822 331427 459820 899822 147673 192921 991066 945646 940714 571827 235992 545255 983973 374667 750002 222563 480346 814397 668060 940466 753725 178795 609836 59046 386470 65850 271452 195544 742738 464787 599433 445281 140320 914275 967286 988770 487316 737755 969226 477821 881239 697072 123341 324313 581557 905372 258287 567010 47390 697691 451586 522566 962021 185135 402171 260409 47044 935069 31093 707250 55702 725230 885741 153836 521948 440943 599815 528934 636601 952625 834888 700771 868982 367113 925018 588907 581822 199441 664011 414600 290019 151973 343054 392074 872087 882471 374136 540420 583092 870460 941380 408268 883381 782541 460176 57663 47227 466439 669342 902010 279176 345947 201812 847202 333447 508991 550780 790557 433282 427818 320196 862103 76843 262236 250303 672958 211348 143892 858083 911495 876278 926104 629641 407335 441326 952689 591793 739930 827003 282092 769339 213663 11266 568794 327150 272505 435914 582544 496053 995248 860928 261032 172252 129742 67637 588479 883224 216291 809115 744629 517053 930626 439883 173680 553029 257665 399297 496153 376464 825853 150366 656221 338782 847571 948134 688109 663063 314792 671808 803070 110083 522275 89017 924234 472402 81710 669633 400270 559446 464568 719788 307274 372164 161269 560754 774020 485559 253596 647983 406021 738349 178344 158628 940058 611080 972568 215476 985556 424077 431920 856040 72008 651752 303734 587883 2448 710823 27573 82447 593353 805947 79229 212871 906963 12410 18209 465707 419412 506335 867511 330103 653941 224904 11676 852235 619299 185527 89198 707564 434447 516179 353488 783682 613295 51428 601001 369624 49595 992026 927973 495904 926576 217542 364082 739756 172625 307230 904389 274358 249121 128830 295891 642969 308010 600162 870424 238741 319161 253613 581779 819791 813407 675878 122120 703886 863474 155893 936317 868479 573002 89322 203133 459635 651652 196791 683992 140444 758978 301105 572321 770323 999338 34579 34927 609941 837027 982138 931868 953985 129371 467562 640841 718236 546179 125447 505112 365517 536337 842461 769073 289313 528573 365722 117821 512328 971524 455118 87278 94166 646761 777970 230581 11267 205935 232798 287883 814827 711840 957776 622825 216207 966985 818732 532687 677011 223483 449207 224449 73406 389324 846235 510149 780348 522004 798055 761254 251103 962480 394956 512436 627930 294403 948961 809474 387333 137712 48607 57255 914460 946017 465829 966590 678912 674435 685429 322853 972340 646536 72629 758913 829729 691619 100784 634361 789138 656975 414035 751607 915449 259081 645936 327787 560040 188049 457726 835847 120473 991662 967446 242051 641831 390631 161208 585498 601683 931594 303108 372620 628095 800040 458946 123355 359542 96151 595354 697166 167138 972783 482652 928688 852181 585806 248442 994065 769 715860 196617 865028 793728 337639 905796 488416 754828 674864 338057 844160 388232 608349 454425 321731 382773 303517 11036 83724 922750 661671 237211 230402 359789 219635 457925 177425 769203 220543 458922 868456 453476 962699 254083 259898 34552 424349 352680 747517 117772 755327 357144 569517 432159 454844 259381 330378 371989 429990 499717 364629 734840 39955 509874 139223 228593 681627 465995 618587 946323 490780 407041 219823 181713 619510 307691 521959 462147 293840 189250 899994 286886 788881 47654 715363 680216 391015 638807 666721 826336 133764 761916 441207 846628 270939 370528 404365 719920 735336 27440 682061 552054 884454 646846 959847 471497 402518 186177 586957 247457 14974 369683 955704 75674 651240 623153 4769 42292 610143 46207 339336 186516 1333 907137 973233 973570 776064 807779 733218 427817 856792 111347 65895 80603 478363 231969 315470 416842 814442 194309 644523 85712 459881 972441 773909 377192 943746 632251 372775 843954 772643 284269 981440 401267 636923 504213 720708 148563 745217 31037 788120 554781 603245 318228 925033 26818 439101 7147 879974 856598 482546 289592 977922 151634 978320 883542 396979 646288 826786 451780 621046 430290 504819 327330 602312 148092 549973 556087 723438 951573 150558 227245 896110 449354 370727 969555 4500 91499 519628 144410 49006 69740 562478 442585 169040 162982 461748 102346 160273 477587 739333 141706 941708 144853 356239 271068 735905 680047 954372 137703 546417 832651 261528 163572 82981 428594 484164 287921 802919 863447 1094 711984 957799 938765 811935 67752 945623 786508 412499 880691 495088 959280 949868 136911 415595 412218 950584 415006 353033 913293 789127 410597 834892 628786 605869 203408 462715 56020 551878 512173 811298 914437 196909 21356 35791 282104 964163 643430 280663 190084 458991 534995 826575 177831 450456 384594 898579 840257 940653 793381 166786 435029 749277 898290 534527 408203 603231 556419 979954 425073 44268 210759 691909 531317 850432 44879 525800 20269 836700 593426 985102 965199 805511 79081 537838 317625 398920 491923 474882 534378 899950 540146 967499 878279 780169 12685 766411 820951 206254 254348 605193 915783 920566 273535 141585 803496 304127 521304 111537 772652 380202 778539 880126 507692 623707 940533 538061 911141 458557 346899 416314 394038 246971 367046 384036 624483 400712 996150 208367 819861 826136 670572 14209 994392 313125 124246 685253 25244 937451 380870 36459 305781 308459 894708 274406 50971 630828 969016 420460 258539 774965 104848 502010 456931 8725 303712 856270 992682 718940 775725 393131 363782 260959 362337 753304 743459 675831 934155 12833 730003 469570 110108 771477 455177 948257 770282 251846 361949 735737 356336 907084 413451 43122 484620 17858 323955 130363 52417 852231 697435 140612 983603 633791 37672 951426 456749 102352 500329 12142 935390 780261 987084 351942 114263 687790 323815 539595 121935 108638 61104 816130 30495 392108 100997 224947 112455 713747 506150 722157 866471 450129 848886 22272 785735 483116 599805 994689 112783 995752 581096 245321 538447 9426 186568 471351 363833 352249 252431 233705 424034 988911 970902 908679 283397 351180 980954 216057 498239 122923 688122 404587 79124 174892 944955 424784 753769 465136 211396 505692 451400 134880 57378 547337 577759 924263 842309 890387 732161 796723 932097 507132 190563 689016 755791 764425 615648 695981 502729 767042 49590 690252 166001 487158 410247 250774 47531 857397 454489 23053 761982 465108 533718 266809 107926 935661 48973 600484 543109 482332 92719 460830 699198 675907 744018 94585 272985 839942 656626 17677 694930 377168 536683 313398 534026 862733 960576 117585 860548 766894 636568 220483 774377 596840 550779 682098 896261 506421 440025 841481 118215 487633 780035 23545 121989 742654 723888 370162 265654 790081 880826 69166 73142 913442 5854 758311 905413 380208 556992 330652 875848 326587 134820 966736 951495 414936 514486 944267 845869 799521 251715 279191 538444 436018 891070 554372 307798 248813 366972 496740 600229 625015 782456 502608 399540 778553 732624 842657 423203 194719 993030 490359 70647 913244 172799 790966 444183 547109 696775 488452 878736 810353 4108 920205 192403 859392 962847 179071 285874 970065 597814 295502 437926 812521 823085 792945 953164 8659 44672 737827 838499 226203 820178 864739 78991 482770 380521 654132 554073 106317 650351 21086 244910 165414 852467 613867 303771 505913 112678 200491 830743 897384 129759 902320 819962 788056 374935 37715 763134 270322 738990 391917 842437 199523 417380 563679 957010 372188 416992 678218 774862 722322 257773 715096 908805 892863 853304 815473 522727 186079 498707 799367 16455 23092 14389 405771 683039 573187 895096 898293 979786 610389 309530 745856 916681 614455 444284 355371 608895 252154 262182 161913 951029 560627 109569 232114 34391 134396 676059 855392 635188 919410 354919 596435 835842 684405 792634 2077 255063 839659 231311 541143 49585 395004 586564 154010 219376 292119 384731 235719 106134 701996 444346 821248 124878 351281 840555 771500 598050 132126 932189 555703 96324 263984 448929 38031 369414 216297 948462 434152 35937 230734 685853 357241 948338 341608 344557 466749 345016 493508 221440 630515 881816 968755 548701 546015 300441 186379 674220 29511 666921 933347 954621 492214 825686 951323 905409 152060 739541 876626 332239 919595 447422 586798 880033 625948 68493 614360 271316 912041 235619 189 216300 896688 861124 997710 615757 871702 690455 92993 943043 137601 513321 679629 932987 767133 107946 853810 683976 160537 98094 917423 117983 144103 685485 147722 110427 156799 580803 808076 513209 979036 653361 295490 774173 751037 620186 62973 849356 471910 762375 188051 705776 120029 951012 663836 13015 759661 315520 135733 787956 293478 625937 539968 929629 410907 662510 864354 845771 212642 843283 610244 827933 455704 930592 657811 991125 867611 163930 697537 581209 698062 964457 412801 559731 376664 144664 644814 527506 677221 516953 134821 77575 665827 807806 361670 926729 412743 894721 762423 707697 705414 367293 722305 908287 642588 538226 236209 432723 663816 372165 998808 342196 489870 657917 357516 344333 843123 714440 486373 229291 73989 113652 118080 110720 668177 882550 849856 895267 215019 764326 873032 96078 149609 360065 851458 416351 392808 253798 337563 352471 315846 648986 238724 310366 76582 634180 560179 512125 869167 210545 871904 136482 596365 851729 609352 155104 299567 415096 748078 948396 188935 824990 687957 353761 47181 950047 45255 967229 444413 311804 756689 691554 318228 184857 723268 412182 342934 928445 417078 922947 408779 814741 122623 304823 246974 120688 222781 714213 780029 308932 719120 783139 483228 160104 676446 661418 427698 792472 778768 45018 336665 27637 496531 566771 726194 910978 171289 226780 845599 750248 440917 320927 989576 905522 494147 456235 29271 630738 884765 35921 44539 175962 955303 312968 53033 433348 546660 484394 394390 68139 67742 404596 651774 940432 604578 333322 717217 194390 702081 850416 924608 70469 899537 657810 980900 527947 903722 65981 116184 681142 959786 305508 909546 659067 272241 114012 31150 954995 395238 278432 558715 217432 170416 662541 535980 215181 497853 929319 634783 757267 861566 495763 465274 143317 230057 171611 452129 452509 246 741805 365889 587740 955811 464348 395913 247974 114352 354333 436587 24819 401380 163468 178208 782688 337798 56677 681633 334828 270180 81995 421486 981563 154384 759428 324811 464087 664989 800570 700798 576810 80615 920636 137811 135684 488968 526651 902936 259035 734884 691277 740065 799046 44574 523758 37061 747010 294048 515706 598879 13805 196056 70260 90702 22158 628789 65219 779061 13771 981678 216879 90044 435568 517115 852520 969933 359599 444826 158208 402455 709019 432715 291372 892495 963436 879445 955526 389738 154814 119935 524366 655653 252625 526487 731940 437053 179658 943023 294160 301751 821617 453082 968379 891929 436018 807348 19955 288815 363548 416664 270507 452103 718052 543271 865976 247861 78947 471367 915541 909712 70420 665442 218272 127923 828247 733603 163675 613693 272817 672829 762028 102225 763722 551907 51293 762391 889197 961425 824732 902905 28683 425858 728316 638823 315640 985783 684083 561748 803693 823414 578138 953014 185988 201545 989808 718025 439680 598459 342423 392013 873026 725727 987669 299908 254036 427785 180373 564085 766627 133842 359908 103020 891133 325080 595508 501111 97751 331835 637916 556458 241353 365154 649685 345820 175311 938420 169663 481576 817738 556512 407322 310637 399357 94549 61006 38863 521682 221322 107107 871667 112210 176567 361033 689927 287408 898906 545938 881912 428415 120948 459827 785977 711991 545865 218119 290243 654772 221348 887243 16015 616119 160912 339107 139230 887331 190560 338452 370290 664449 702056 112072 661074 567229 497857 456845 988938 729126 601929 78934 679848 225266 795553 457720 12352 481079 437613 930286 322921 987891 887768 689174 913534 836358 374797 670258 375007 834547 907071 294376 341485 787810 491874 909443 331345 794465 701231 57455 749045 252126 226340 479040 368009 475951 57154 117676 624640 565386 681485 571980 405200 24461 853648 719648 783734 655479 928982 965448 288496 654253 955314 546699 160833 617526 690744 585364 428976 580416 909633 962800 663817 630041 712939 328977 130906 900342 700439 169166 778487 633391 765610 967905 108280 608001 659276 401959 988662 176395 752556 430820 651729 209297 575033 672892 447916 920764 560746 860219 218991 672344 75000 925774 993541 748629 433375 489480 899420 917703 551009 693982 402151 405734 333890 909611 967391 672655 572173 500269 907006 771712 678477 24070 290306 577376 256085 845116 312624 957557 182137 701945 243023 625964 425747 94411 625129 121556 932991 128805 265933 890851 843998 942045 76432 217584 938007 566892 982535 496119 747538 952433 656910 312472 35323 751662 562180 605465 30597 681673 915341 488607 233124 843213 154767 388345 498962 162086 112309 705621 79883 747497 900271 604745 557008 279177 267632 636555 353256 526051 652335 406073 917851 962099 301862 389011 682677 305309 164246 387836 713 851813 969217 645180 358699 864823 724079 694465 351477 330976 841514 162009 585923 779986 663041 31929 940023 186916 915145 535737 683573 899472 122135 353046 120296 778356 986823 252079 884988 11281 444857 659337 338785 728207 695566 765515 303055 849591 931695 960194 921852 94647 774599 931166 4519 37410 79876 518771 178129 796974 890970 953530 772735 235444 477503 979725 748858 971827 763888 638510 218894 744268 834923 336449 237902 382215 794995 954637 724430 604430 41488 887679 75176 946989 939788 972390 906872 858456 752246 712440 311904 800421 819363 635532 22533 377933 436072 120542 934223 730864 889185 326991 935277 435790 989422 786850 489295 397518 901233 241088 274346 517563 272017 383541 995384 270401 685817 753200 514101 554549 735577 940999 242915 231563 261732 677297 86087 9181 185553 971850 195562 691627 832923 255698 738136 718549 641281 232174 271332 736931 862342 222246 181154 796350 903858 582694 756460 327220 764687 429821 604382 946039 647852 591136 273498 472863 875934 676136 506757 297508 765498 238864 631304 909220 490397 48120 560336 961251 806308 735461 603598 684486 169332 331774 709111 238615 205683 446224 926341 533252 507789 385420 76916 651360 967344 485892 956230 822113 631888 464497 170304 208224 477028 298352 26794 844188 156583 226048 540691 784503 672152 404933 581899 64887 277178 257993 918440 888519 866645 493238 183425 582387 948851 549276 876406 386416 35236 783665 172710 615953 504762 984397 305911 756243 748429 35498 785809 116946 833273 410730 278819 793425 24667 743952 507293 477943 628760 232197 625973 997004 957526 308117 497314 531392 259713 119024 633060 293925 799367 129385 182010 514544 347804 13690 618794 455292 131575 382078 353020 743686 457811 183222 398911 685362 560431 814597 488707 777285 337999 454132 691230 390441 514425 390575 218920 524204 444984 73669 501182 278273 184476 452652 444930 43517 139895 584250 190361 731675 772322 637165 961516 477497 792182 408869 540200 788633 310356 295652 652734 690145 707486 289301 231587 400731 348603 282690 49617 856246 308951 225629 381124 453059 24672 798968 917119 422776 64842 71116 706565 763952 960908 17526 926815 9194 986657 269045 960924 354246 791048 784494 622924 878027 899397 458408 905989 423076 725917 547409 839007 598237 614366 114359 72695 385323 945493 644431 240943 881506 257749 252913 196908 912060 53111 545305 480279 595673 30740 550184 40221 232953 884301 497314 709103 586820 132804 498670 1667 913858 207008 991321 317649 881956 645901 284947 219734 676665 588346 920816 942484 849849 433177 305256 106384 93246 630562 119703 491027 174854 843216 149118 841898 71219 139746 367296 74599 60107 778140 48998 757661 946040 838147 388636 771111 695432 978469 315313 446561 298094 111951 907099 775086 467775 264276 274481 578993 843574 172109 122543 815892 112625 692756 505909 731780 784562 21959 920968 232882 392992 262155 117456 991315 532099 578119 537688 397217 216779 580069 606226 637081 266889 213076 808528 694523 81715 153992 755852 466253 215141 169208 762209 406680 735835 23584 522127 55337 17913 817533 597819 244754 31299 552467 364076 325670 307493 939818 594832 864640 276459 400845 22773 232381 49226 378570 514960 139517 86 863604 239225 832550 3850 159780 855341 493857 699011 266548 117003 112411 560645 76419 357528 11270 983156 274868 791099 561429 173916 835566 143169 135875 706475 561821 261594 81933 10865 548336 84186 621555 468647 160985 358585 709499 984293 332176 430035 378990 907434 208912 251689 903001 635927 7577 110303 609230 287860 701036 28540 514272 536746 833362 45 663338 384584 77526 630657 141513 532159 490694 179950 297373 221926 889654 212875 248269 253366 803708 747476 227968 680142 528053 225770 809636 575408 398655 288656 455658 131714 563645 984239 814728 38927 447831 288530 401078 175300 850487 343595 470578 418547 57548 875596 448444 695379 148171 552495 990490 326461 236841 506415 445397 839281 919714 82125 411322 367823 140469 242668 575515 926431 140198 323284 471243 90761 338555 50675 925222 994206 812288 236439 713478 443853 388355 477429 98383 737966 62488 447654 559588 95739 339542 310820 175471 613458 797975 298642 737629 144565 252284 645489 954912 876105 981863 485676 359979 185370 150272 900941 390522 368726 560305 681349 968391 818702 233066 106536 882902 975608 920029 608430 392682 218671 577218 250228 706701 795249 944789 573689 674444 595104 912595 704609 176441 964610 405889 279222 238632 108929 222245 642210 270194 13868 412875 936117 364277 605364 612353 295589 10001 180976 581147 607113 336172 489241 249904 767326 849456 319503 365979 263298 210952 706706 131771 149308 49766 290889 904499 582386 972224 893247 650666 911344 161550 175905 585421 485800 665422 548673 871048 278317 973505 148374 755025 699831 108139 654778 795997 334050 627542 226986 397033 906990 487247 477322 173298 850112 992424 26399 765373 841440 745525 257682 365264 480378 737423 583988 303543 459997 243604 964852 126400 551230 516004 766443 670399 673398 616934 101969 796555 278976 882689 922756 939327 219324 21219 106056 354874 266863 252222 523458 488415 88129 417286 662588 763798 91197 914292 315109 94601 126164 974982 514126 959016 203290 825852 550253 620581 636616 967325 550366 888569 83192 220656 973533 633693 734317 842051 315597 368786 317960 336104 144244 398746 547539 20275 187004 113340 983291 418365 977012 145476 281294 293028 409485 793344 830273 44233 416926 332356 177196 804688 511457 487143 625739 333219 980723 263300 154367 719472 507608 954938 775243 753830 16500 803820 867737 407100 20243 116994 632690 749995 266594 400294 775561 37359 88819 114632 632753 885321 733885 966875 553378 880256 73178 439125 570104 357595 800968 629747 231476 496232 802665 807539 966969 547705 892866 866072 407312 687586 588991 967657 735589 505084 240302 794482 677447 667813 337791 869889 10540 239102 447499 687146 100266 130539 656074 322500 944575 485655 771803 215210 295051 440685 291776 273723 712081 847136 291935 286043 571002 648036 172610 4976 191953 588914 920600 836325 220167 745672 309490 117866 859633 952679 231815 586418 358405 661012 538160 681587 357729 363543 574444 897770 402628 189182 680733 557332 428243 222235 392650 999286 89749 573570 140571 575639 232184 21389 727904 62465 189002 832920 546827 870915 967680 239236 881585 771825 810290 865720 641804 749602 739933 436507 368828 489841 729376 335068 128321 475454 376191 699371 817987 446186 96675 539325 747019 856222 721048 513355 804551 654916 187278 817043 42377 453004 406681 298198 219465 655273 61745 819160 934495 288658 435123 678308 550794 992513 917405 396293 893419 304823 213782 701454 307530 500150 218404 202451 665296 837190 337140 745454 766668 735409 96597 480507 384111 802182 384317 371164 206927 936601 230531 534197 558887 516034 715747 961265 828822 398746 659518 948923 782748 938305 481879 625350 919200 917083 812182 511366 336492 218638 987529 821109 217263 428037 438942 566287 724602 700144 475499 682390 825860 471298 579239 351566 825382 614386 806765 12610 16672 75770 401152 541182 697106 620955 183618 641106 306628 215127 666747 107285 332958 190198 465945 608416 117488 100802 146602 611343 853868 127882 307427 978180 368743 966434 386972 96932 535644 660386 42834 852311 102632 467811 440292 44044 633487 86021 267927 710259 610806 756524 45586 139457 900711 203454 192098 905520 456144 836454 324599 332476 979460 857749 952294 923239 75960 107643 869477 730037 580359 296466 161425 228145 946415 803540 113259 890343 812882 376896 468055 64743 24694 798745 7196 462601 395845 333799 573159 589027 230478 167348 826759 69332 30978 166863 40626 436349 259320 449293 763967 798851 816745 913603 163306 869519 612788 319693 672788 973837 352603 504395 334336 807536 93061 246174 730839 230317 240250 498479 263973 706491 133034 52969 10650 144665 526054 935482 501513 552072 801061 183702 765420 403533 210049 914868 340894 653041 934903 737231 406047 596737 822379 659174 654676 673677 485921 960892 904581 936493 551877 438232 236574 309239 187684 972551 993710 786443 232625 400597 351274 847816 360513 897752 146475 648211 79055 623973 823916 957207 780153 187864 23757 633152 843393 85713 998355 675839 968588 2930 20709 1225 458215 189858 173968 230424 771389
