1000 90000
685 93
840 362
756 421
362 398
377 250
55 708
26 456
770 303
82 919
970 323
321 616
173 130
778 268
943 111
894 723
674 113
297 267
380 416
809 207
250 197
571 917
88 604
286 65
510 830
843 744
619 367
444 782
573 566
238 281
744 336
359 865
474 376
315 349
760 948
780 815
554 65
811 766
519 278
797 912
633 9
787 489
94 864
876 739
842 605
282 897
454 943
439 19
39 247
902 715
570 301
267 91
893 487
452 987
64 230
318 380
549 961
162 535
606 709
296 45
866 783
470 812
482 760
975 662
851 664
361 512
426 20
248 944
512 992
611 165
221 392
183 135
858 447
241 949
963 259
565 206
996 269
578 882
660 553
856 534
496 761
381 276
657 850
385 444
316 418
883 818
270 366
457 414
346 125
601 309
654 867
342 835
363 138
755 944
833 80
707 510
740 146
558 476
640 350
623 357
562 96
295 88
219 301
123 898
408 451
576 828
855 67
913 770
807 777
23 158
415 789
637 766
49 318
675 1
605 117
580 83
441 529
461 227
719 848
821 17
234 192
113 249
12 403
669 945
650 500
36 901
972 246
948 35
212 166
907 555
272 704
231 803
153 505
872 940
841 733
121 170
498 826
52 976
547 99
340 799
626 981
808 281
434 692
896 305
371 634
486 357
440 707
862 989
529 143
348 814
192 542
214 748
850 408
849 775
237 209
525 12
269 659
819 162
634 17
177 734
41 751
563 738
60 920
817 910
743 148
962 213
427 89
958 507
465 473
627 39
616 58
223 255
541 313
488 83
561 865
909 127
96 239
620 6
293 178
598 463
388 267
303 933
956 606
667 86
249 993
92 295
761 854
154 280
472 423
758 164
865 932
655 189
448 612
791 467
139 543
30 519
105 539
835 82
617 731
158 448
792 157
107 723
417 550
942 985
160 712
411 139
197 370
18 593
225 443
458 851
383 410
447 642
302 360
621 663
74 96
298 934
38 496
553 285
209 493
6 853
918 817
749 595
392 494
129 388
10 148
670 967
53 620
313 392
117 770
244 265
34 49
977 433
713 502
389 110
860 943
615 801
950 64
247 714
180 905
424 861
172 173
420 968
442 285
506 5
870 131
227 356
93 396
936 571
176 140
945 667
211 69
188 269
326 519
648 457
406 474
766 444
281 157
710 187
595 387
217 19
721 211
698 103
555 203
98 864
159 243
199 41
140 341
485 461
222 226
283 377
459 108
275 581
279 258
518 398
235 709
9 420
205 832
838 862
402 56
971 497
583 291
644 531
709 668
604 900
594 9
551 923
131 688
548 635
569 951
731 46
652 232
567 25
266 666
927 205
625 115
436 353
773 49
255 29
659 324
587 105
404 414
449 77
410 338
805 749
500 812
978 193
875 402
90 593
815 538
516 935
989 611
102 974
751 294
351 34
63 204
35 344
240 877
753 14
696 940
67 95
629 973
393 991
584 353
242 961
126 604
677 113
200 870
203 728
463 806
966 855
593 254
827 435
691 811
422 511
982 825
763 164
450 152
992 676
198 537
932 831
473 703
311 633
959 307
171 857
8 909
290 666
729 872
491 216
70 916
682 486
900 883
423 617
718 310
847 787
579 563
857 687
603 161
480 788
994 129
722 677
723 769
930 463
889 537
114 966
672 256
708 805
725 518
560 102
673 114
783 137
681 81
120 998
17 786
206 474
51 810
775 140
892 321
922 737
358 755
75 516
145 280
813 845
484 171
14 373
5 625
430 988
276 458
322 541
747 647
812 710
702 324
614 700
926 873
742 185
651 891
635 511
4 376
220 399
428 480
261 449
254 257
532 962
216 506
794 904
386 543
401 564
830 829
923 514
405 489
711 286
577 98
110 890
882 469
166 468
97 851
871 374
754 432
680 564
776 893
462 672
895 843
953 167
704 661
697 787
232 33
661 644
148 504
376 562
534 178
308 930
820 828
991 126
588 557
703 484
58 588
961 695
810 721
986 998
733 347
628 750
944 429
941 930
686 806
828 62
539 434
194 318
475 243
736 237
138 41
836 651
265 665
649 962
76 716
391 638
127 24
687 240
169 838
527 42
987 816
859 790
641 550
799 760
777 172
921 158
397 491
312 737
47 200
387 185
848 431
752 701
745 596
846 938
291 465
334 68
499 922
309 732
466 400
21 738
613 757
618 529
195 369
979 758
885 37
471 175
400 118
179 54
906 822
568 121
533 847
495 590
688 260
184 650
233 764
431 765
285 956
543 522
531 960
545 734
325 76
694 495
382 920
814 718
187 409
72 10
395 574
378 55
68 188
155 969
490 506
125 513
210 273
608 926
779 291
832 253
750 373
175 454
294 834
319 340
844 513
782 582
501 669
136 496
717 568
665 393
748 8
967 569
80 436
320 747
143 684
624 493
372 189
215 208
891 816
353 32
257 100
951 15
438 473
771 875
133 327
492 587
375 785
99 982
147 533
390 471
228 997
765 441
7 292
81 11
20 219
949 977
690 67
268 55
273 246
3 584
887 139
339 779
31 990
256 166
287 602
451 262
684 317
925 682
663 950
544 484
116 832
167 59
464 242
574 336
489 153
596 557
413 368
732 51
727 609
724 758
365 78
647 328
144 800
831 848
699 501
946 1000
507 23
528 54
530 60
772 18
2 858
122 109
83 200
969 394
66 600
384 679
622 914
40 491
515 380
71 795
880 309
182 191
911 197
774 740
784 125
861 236
178 546
824 534
357 895
13 866
884 168
589 326
355 972
864 150
213 861
243 133
582 210
33 89
310 290
520 371
354 345
115 856
920 334
798 276
734 284
790 813
550 632
280 48
149 321
642 971
57 541
236 218
196 981
44 892
546 400
514 839
997 773
32 701
924 438
513 412
128 600
207 953
678 162
746 283
262 630
419 316
716 277
800 339
504 527
330 434
877 577
630 927
307 391
888 215
399 478
933 79
890 975
190 419
517 359
433 560
111 509
335 460
818 319
974 979
204 620
263 935
823 970
511 520
693 671
343 654
48 346
259 648
739 43
638 419
453 464
973 774
137 768
345 151
300 109
995 364
769 445
150 501
917 231
479 739
671 691
714 759
592 306
56 61
984 497
612 155
24 331
998 619
284 725
141 42
735 6
981 838
373 368
124 890
95 449
185 793
118 746
526 634
881 53
483 591
429 36
980 289
260 894
43 57
990 383
45 645
497 986
224 720
157 946
493 430
289 450
668 858
609 453
937 528
226 384
425 988
954 714
566 224
181 79
935 621
46 114
435 476
15 626
985 192
764 286
597 245
931 768
328 122
414 594
585 222
505 516
632 801
394 233
938 186
418 352
374 798
16 977
988 459
398 335
646 898
730 70
369 156
879 928
564 462
112 310
11 957
109 983
396 71
700 954
802 601
25 908
706 857
135 722
523 917
837 138
193 887
201 568
801 997
502 339
552 672
803 899
662 871
785 629
695 910
29 248
503 577
897 423
919 707
908 640
868 223
332 124
957 693
132 430
521 840
676 791
964 363
277 359
278 106
456 217
983 471
683 300
42 589
912 485
762 682
324 912
540 446
822 945
538 827
898 483
968 980
106 343
796 740
914 880
89 994
350 876
134 535
306 728
903 74
59 259
108 66
168 548
741 640
119 517
79 609
874 15
103 292
37 207
786 587
161 499
666 147
886 959
705 284
845 846
955 453
789 354
253 624
639 585
508 361
522 928
542 10
878 592
101 401
78 332
251 749
274 504
28 689
100 892
288 399
928 268
165 375
445 849
586 397
130 258
481 968
469 963
536 790
455 260
151 81
478 757
208 287
331 315
271 585
581 959
960 733
940 978
939 104
829 651
590 570
341 573
19 717
965 575
599 929
344 524
934 536
905 283
757 31
336 729
86 159
556 795
416 183
230 282
904 901
460 245
245 271
337 233
1 82
600 694
218 320
839 925
239 255
692 103
152 808
636 66
869 781
793 916
477 495
264 870
142 771
607 612
22 163
653 638
631 298
327 649
370 967
304 933
795 586
788 952
664 145
366 576
929 641
87 358
901 329
557 407
156 406
229 123
947 803
164 443
494 177
246 680
781 834
656 753
437 375
91 949
737 229
409 875
854 914
559 964
804 73
338 825
356 657
329 364
1000 923
726 907
314 141
69 627
467 472
104 220
645 649
368 372
317 788
349 442
575 432
701 936
379 729
720 661
61 308
54 685
367 12
299 810
825 559
852 374
976 990
535 579
602 195
50 691
689 18
305 26
446 408
421 84
301 965
873 657
189 161
537 3
759 28
443 842
524 24
867 823
910 650
85 964
952 675
163 188
468 580
916 144
27 142
728 881
347 198
191 580
658 993
170 628
432 789
84 73
899 741
252 315
202 606
292 915
610 785
509 234
62 929
352 780
715 159
767 747
591 389
993 807
738 136
333 108
768 366
65 726
146 896
572 566
476 678
834 265
915 421
323 76
806 275
403 179
679 652
643 814
487 614
816 884
712 888
863 450
853 934
186 530
77 507
258 939
407 783
412 712
826 435
999 856
174 102
360 690
73 643
48482 394626 296819 216578 283923 974367 744534 473970 437055 829211 496830 433361 910424 838458 348711 334524 508741 270803 528452 384164 54816 227282 825591 536144 43833 172600 74907 824858 411984 979350 963451 90862 227038 250198 175511 528654 59469 53170 460646 674192 555132 123195 908687 801118 100092 160403 185519 729973 605781 512947 904918 53863 339138 8742 813641 704857 559792 249100 345602 339397 11139 392344 402795 438009 415890 346579 808231 154967 203174 854 886474 958931 378943 990356 254875 9272 167375 618254 592793 314339 328060 186140 458611 311302 222050 998251 462671 46567 291087 553786 438724 668510 66438 105180 715615 953498 286589 258360 180386 910493 325918 294348 511296 464891 518602 634086 643875 351328 272913 170474 419431 22727 691451 89871 487132 78339 899586 754849 335239 62522 115862 467073 318433 855332 651288 643168 832279 969425 573855 7176 399816 491488 262006 740115 857418 921225 145947 366385 44710 399892 897922 557223 469783 104416 303057 510923 714383 919517 11361 365001 888563 495570 793667 345313 561754 442200 218361 939942 962065 449884 412728 851136 350746 828193 354349 816043 852072 866364 265589 615286 810596 707798 658659 602949 753516 860270 273022 388112 631503 727124 542592 991138 476242 668527 906520 215194 73902 383928 437865 804141 21711 622589 736393 61666 115286 26975 386627 627604 456600 827796 254293 241972 464990 383909 784370 791237 476195 979825 843458 799326 180953 963369 471581 467500 773540 225618 360660 955501 473821 497350 984616 644981 391760 736179 784337 103405 50558 637530 674232 252111 391004 493969 630461 344108 479762 59394 471538 804198 281662 664042 620189 796470 329134 128731 105146 375079 315369 117818 138103 770073 227559 946689 93815 362111 189076 352574 507664 857057 660945 564691 283660 561691 88179 732916 525740 580444 36034 72684 565152 842792 660667 385560 544464 736471 715407 389482 522006 257235 876258 608679 348034 993694 363213 864106 116821 30986 469212 373407 65030 68415 864336 650440 808640 88824 257310 710972 600674 163270 383918 460963 424381 191436 523037 686779 398938 665089 418555 748950 905842 775025 164750 219866 910195 520124 111373 734207 489858 772246 370086 591636 842228 110597 741049 364283 418131 262246 643867 805801 528927 568361 825172 545831 891466 858256 664609 773459 739195 355956 575474 972128 509964 56768 991405 89233 286348 26036 659882 372738 526206 845667 191028 869663 857496 9909 343822 349803 93445 564838 814828 694779 144228 922629 393270 692728 547462 792182 855561 872289 621556 402033 916341 212806 544358 220608 535296 377358 483597 51525 81505 434034 93322 390706 491526 282368 619956 963406 771790 674137 379159 94583 314256 980787 38448 477659 646547 370583 618098 263549 889299 172004 831683 551735 329731 570570 160831 772146 930053 454608 50228 259119 628083 135567 397157 663873 187226 900021 560136 287121 338234 908803 846792 205913 637255 754575 748739 846057 897515 961283 2956 46118 578 533596 806250 952070 773660 178924 828632 550549 794750 768280 197635 698290 745697 959258 115151 117330 346866 835584 830482 716541 571665 867755 918616 554124 864274 330898 133789 598321 812158 909948 211670 958831 770963 373513 761064 748766 230784 278442 840879 362217 233258 316901 350137 936015 697002 406354 248713 217829 285901 35104 826516 707858 750802 499088 286407 505425 451056 929465 329279 431411 636877 713667 423055 667226 751048 81516 227006 817984 463408 750918 748102 111278 727626 996086 760598 978501 140239 668407 29265 892920 763371 607125 251725 927184 729920 746803 611541 641959 182881 161669 930280 903917 762327 187223 751479 442279 625183 481092 44971 256106 540778 101887 572700 561700 643740 239118 813595 581012 562446 319113 380649 795917 871821 812064 636350 461175 322520 706899 432323 169486 475941 928247 369880 793761 831772 771768 298511 62292 335259 413201 974703 282462 988912 954197 58482 918540 903266 878954 106759 111292 518825 557385 205392 903395 236913 996416 754917 850376 965148 448559 763600 928710 77053 618766 66127 22094 456605 629542 360982 60323 748601 965011 397386 796892 927810 879625 41158 532133 945180 15756 789402 992958 526943 944118 864455 726971 2713 234229 890500 591810 318155 823114 935932 498000 362663 727179 125710 111860 4377 380449 92556 870739 162747 640715 463868 308066 513630 179674 335386 350895 389832 324531 696660 622105 56305 217360 713292 301267 837445 974079 408666 721573 652133 81121 426888 28587 657957 973292 231636 862292 770192 768874 255921 416292 283040 139128 645958 133298 680326 868104 926381 323307 297960 88927 564789 210637 732637 447127 251425 476461 276531 28446 225447 90866 698090 791670 987442 770455 659575 958515 344161 243245 823042 795456 601862 859478 291240 512282 559591 235851 878905 81363 7872 540632 991163 927312 102270 144155 909413 376972 665990 143048 473829 671443 462060 754727 807323 293576 214012 204628 719259 934687 885557 170559 53487 63971 231369 439018 951955 249969 322271 913710 635063 535100 466065 85302 831809 506247 398958 407233 169224 341998 208249 498788 920154 378781 635880 86150 290167 509079 873446 785763 175955 321520 887441 57610 405336 676692 808444 336671 84322 720446 854959 367385 140289 866433 887650 137797 424122 488387 219014 275841 537543 126973 416828 868418 524306 431804 831323 971727 26622 84963 112558 208003 669790 805223 850100 479951 598652 298769 350111 370677 237396 864896 186325 358350 849686 168100 783730 220613 429543 953988 281604 757978 107808 667641 351182 15905 465166 534129 490501 572736 896112 810669 921814 565620 214525 213315 448926 187852 587995 532316 273328 280620 504617 257527 840531 429324 757878 154981 661249 139255 157895 225099 266602 457485 650389 906083 313263 933441 713612 352635 437927 583451 783310 953652 369693 298934 388206 59652 480015 501443 998198 792053 925361 563909 70753 601060 45736 111572 634337 803842 254416 130074 604570 224022 289143 624216 366117 31418 854047 234850 766030 514330 144768 121439 267159 974584 260611 57866 687731 126890 87496 723572 837131 190426 21153 327999 645757 242693 746389 165668 974232 260221 260830 181870 432161 547303 192555 85629 291536 664958 614175 513541 803732 669006 761040 310156 128651 504953 759753 398447 525643 144694 351368 789469 933852 33037 395520 161946 742588 120732 701017 796286 919321 415509 66987 906356 98266 798590 506759 131067 223447 682863 501486 887208 554908 226455 765207 647970 860202 699768 851629 452133 952310 757927 840271 213888 807785 734093 835727 509911 833694 632808 595380 960737 364454 226762 383543 366443 746503 436057 808969 735315 476793 108942 299596 670605 176680 711478 890774 822818 526453 255348 169393 839404 448629 983037 879005 216348 179760 430042 50381 890612 621347 968234 885734 483277 717311 908445 454275 205971 785063 616698 679347 964163 199670 453850 722489 222452 842807 755242 78092 368075 364651 502381 150805 598341 515015 589560
