165996
238320
141336
264042
219977
253119
151236
4212
107298
48744
131256
1178
111258
168237
178875
195354
103662
179028
236511
88866
214107
272798
41796
69192
61632
248616
294614
115551
87477
6822
27135
16398
270774
80262
203643
214065
60381
137970
279729
31752
113427
179397
106380
66204
236592
291762
101727
193662
18558
148689
279855
266742
89181
20574
201294
258498
171459
52281
139977
148428
119430
167517
222723
139986
108288
10170
195309
30690
271539
101853
110403
93267
79995
87642
167085
224315
117090
262332
293103
14696
57051
184644
58167
36189
218951
277344
99000
216009
208611
220176
42399
17811
251262
33876
4023
133857
202167
21609
59373
85446
68364
156879
47025
283824
272547
98883
293292
294138
184185
128907
14091
85347
226620
59382
177948
137349
187002
244233
212418
110448
217431
266733
55539
205812
103419
23507
180315
203634
43775
255717
181098
12555
287775
167660
51084
256104
219321
96228
22374
241629
131985
87894
147627
95066
92366
282654
213633
278208
19206
154494
281781
258048
94809
148761
85401
162354
33597
111627
233784
112581
156753
116361
208575
183564
144765
146358
231426
105129
185859
110187
219015
180291
97092
188325
249624
175815
251658
37089
181818
19269
183870
94014
194742
237771
180036
265410
185655
74637
252018
125982
88965
66339
32426
39546
232236
232686
181251
252450
254493
73413
290250
23820
125685
76121
68463
36692
23445
17124
269556
127422
246696
248151
117093
1098
281375
70911
75060
278586
262350
277317
231660
41823
112764
123030
194436
18945
195066
236538
202014
203157
229176
255996
208188
162567
17118
42633
182655
271863
204630
45792
153575
31197
130086
230457
287172
256488
134459
221172
119169
292545
74151
72845
182754
276759
229743
193500
134136
195687
187443
124262
159201
158022
116877
10620
57771
114648
20736
45792
133803
205443
201636
246276
58674
258156
291024
263970
130173
208764
84033
120033
209259
264069
117018
90828
168084
216183
216969
40905
80208
268515
152478
267417
152568
129141
26487
22167
104535
205452
116262
199086
58419
181368
160245
160623
287226
285861
156402
204129
114426
238626
17757
231165
94733
2493
149589
223515
102959
277713
293913
165807
113877
83601
180468
5310
134208
276075
214299
238176
171624
23121
136125
173646
240480
101133
78651
68265
109440
34269
185292
53793
265824
284436
265689
280980
262386
54486
77967
215748
50220
141651
237672
36576
168894
224550
214443
4338
203760
21087
199359
163980
229689
188037
60156
82908
226665
13671
102606
101043
122643
160596
99495
258222
167922
137178
125685
143316
166674
229386
250650
254700
220068
225603
267687
153720
31551
242505
49905
193707
18612
113541
237987
41949
101898
288360
15615
187812
6030
115407
230400
243423
186867
289854
63156
230481
141543
30039
222714
134406
294354
189045
278829
85284
85446
209889
161037
280565
225468
131274
219681
60156
268128
270657
144138
262089
53766
59688
277362
11996
9999
160389
17913
37494
14670
194507
92997
120888
65178
48906
149514
128112
99936
37737
216072
189504
151542
217215
137169
32892
241989
31850
224352
122678
19800
62108
174141
182151
203391
269847
87843
111339
227631
50121
53243
57510
55899
89469
58257
227241
259641
132120
236196
145755
70155
27171
263412
17387
186204
222777
268119
58689
14931
232902
6912
163008
258021
89892
141903
192075
226476
64620
16785
9459
205623
128475
187245
140481
23202
42057
270540
110061
13572
70596
75438
61164
249354
261603
179469
50958
104751
54369
183555
268658
215280
285672
247587
110232
50238
218583
8901
239490
241101
211815
191457
262188
227925
2052
123228
270846
71442
267137
9288
67131
237627
97614
292302
190584
239498
108018
165348
35145
264942
277064
250290
131220
187011
183852
4661
40995
85904
165393
178893
124479
217890
152145
1881
98244
136107
14696
6948
285579
208134
242334
175941
248787
220455
4068
184572
112950
84990
260478
274509
157041
287127
128817
98004
146844
11322
68544
253296
179361
22365
89856
23427
89541
274932
63558
165177
73566
214254
67968
131580
169191
293307
182394
49905
68079
282870
23301
82305
144486
272520
85977
118269
161532
234099
174654
93618
78831
211788
228320
51696
12096
254096
4050
241209
229724
87921
271569
71370
6594
8901
210771
53028
53504
39555
154827
237726
265185
8442
241068
168120
159048
256608
278586
45009
235806
21204
242340
161646
132804
279783
214505
80145
58185
143541
67614
203832
197739
69867
69363
142659
158328
99051
49725
64485
217953
191625
79443
18819
253161
12906
5949
182217
177957
229068
205290
255771
124713
6138
12240
79227
72027
149175
20763
281591
99323
85203
292572
20142
88560
191382
77291
63972
52389
31347
223605
16749
204570
167202
23769
294612
182322
174735
288489
12294
75060
234252
265248
214380
15435
104211
196848
65753
102141
195957
83088
156708
64692
31284
248649
241389
144720
275652
178467
257517
244620
89730
44091
202986
292716
121167
202545
49650
55557
224919
142290
283257
166575
169029
120348
121761
242631
83313
181557
193257
281304
59058
100251
238221
30861
81459
242856
91692
166347
293283
108486
113300
258669
115830
149955
179208
24489
61137
93365
185319
23202
41940
243108
293076
31437
77850
169731
31527
108765
153648
89064
91422
225342
114570
213381
26748
221904
187911
139896
122292
101007
67446
45315
53577
60533
98694
147825
238473
269064
141939
206028
276057
88155
241533
234252
76779
280854
152396
75354
144657
243399
83169
189522
127080
287343
1344
121221
55161
124605
155358
246708
147123
43739
158589
19503
58125
58635
174843
86634
231651
273618
76194
18072
43560
105813
112347
201672
111896
198774
142209
236349
219888
243936
82035
15786
224802
83097
95516
259800
118908
257940
230922
133029
127584
237087
94977
208998
254286
218997
38376
162810
156993
22581
18801
39249
241830
79065
270108
83700
138693
101457
239022
19674
163314
150093
213030
132912
161676
260622
35955
32976
160974
108693
219330
105885
172611
186174
142137
54585
32040
65223
120816
130383
160227
237699
272259
42057
2847
158256
3474
261018
44820
157634
192312
119421
28449
149076
96669
73773
157131
140805
198756
171666
271803
195840
72774
29907
243540
133596
123237
29079
108531
153180
116217
185787
239697
18675
106680
241299
80568
51345
223092
82224
160289
93774
193878
197472
16308
280638
90540
108468
283257
76698
222777
79740
99468
6147
185814
212085
154305
174384
8895
163044
168678
6486
161091
83052
246132
87246
119430
114651
196875
203568
217611
222933
77922
78597
288081
63198
180567
142110
110016
64869
169596
274050
189237
193203
29304
58668
215730
222210
161325
256023
212109
44622
44874
181016
244584
18612
177831
132930
170486
171738
220923
28026
12933
31725
127782
133416
76887
263196
132300
68256
217836
213048
183087
201060
31878
210798
4275
134991
262179
72315
78462
178758
113706
294164
11856
200421
208206
41418
180516
287640
267417
185154
169434
264825
77358
184221
197487
132093
194490
16983
220086
246132
34515
85869
248274
63486
126872
273681
114822
164367
277344
216876
162072
185013
126639
204975
196893
30708
41040
52983
252477
240930
270189
74781
206586
32139
141903
28971
27297
95937
242853
166131
55071
125802
212559
248409
142254
214343
113049
80622
9027
223314
65949
78164
226070
74934
221553
102420
285030
80216
174510
102258
244485
124680
186306
202914
54126
70119
85017
241617
94698
193731
266354
225027
280647
189279
77544
233523
84465
269478
71595
67599
72216
241047
170055
110691
231939
91005
221598
164520
108522
20127
7857
90747
154917
218240
170730
194589
171243
86742
227538
170718
139913
151856
161892
150471
213111
181422
282014
16416
146925
287001
231201
228258
247356
294128
99422
31581
288486
33390
97407
126882
237081
258777
267399
67419
129402
63747
230931
117207
279593
232314
153018
196983
50679
139077
268704
46800
200952
289431
151533
14766
254159
177714
83258
113967
35073
16848
101223
405
62208
144549
261978
167499
208188
172368
57474
228672
166203
235413
226944
185607
248481
214857
182286
258858
156957
176778
188793
165627
150273
258111
43767
203724
183288
294705
151353
13293
263058
75609
275049
29259
251811
224622
96120
21969
1665
169236
104418
33660
116235
275319
166257
172269
94662
184662
193815
147159
51552
138717
261405
21429
114651
274752
168948
116217
153747
253719
221832
67302
137052
104643
278199
277695
228861
221211
12795
163206
39699
215517
102357
268605
272592
167964
203823
292041
277119
144630
213507
95202
64575
46242
88542
160821
180
84096
54
22347
237528
112914
228375
269667
189801
180567
210324
167994
102249
229338
277578
31896
7308
129666
187821
97767
191199
45189
52209
22500
222777
245079
119844
188829
83610
68130
9459
98199
155352
168276
42228
44802
64272
78048
252243
171747
216855
232542
23625
154611
128262
196578
123777
100926
31698
172647
54945
12429
165258
186444
161271
168309
95787
193995
233640
71433
143819
225675
215955
85383
191376
272142
63315
158820
891
207189
227196
62043
161181
42228
112644
249651
120852
217989
111852
106002
92727
163017
135156
61578
45576
133722
243573
207000
207765
141705
138483
123876
132921
97839
162558
226530
161783
287982
273609
192204
266841
116163
234432
81738
113220
128682
134676
22824
41508
241146
64971
225000
22806
66789
122598
146690
125325
166401
159192
58590
133056
91092
155141
284373
86010
837
41127
183555
267669
255519
146079
120150
49374
158076
207729
224442
15903
273528
189360
76068
293885
66165
248679
193572
96669
292347
153783
21879
255348
121491
210483
85365
183231
192482
162162
49023
185706
103446
190869
60714
267624
67050
185814
65348
157761
243633
228294
41481
254654
111018
228888
274014
249660
230499
191223
189702
146700
215883
217764
178379
138987
278307
257490
207207
227646
153873
185400
240948
172197
132057
213786
109692
67743
57231
160701
3069
74262
136116
229860
116325
182592
12690
57984
38934
17649
239319
158139
243927
152712
245763
156141
75420
216873
179046
12789
196623
282897
125577
103320
61164
228111
255432
154233
139896
16614
118359
281025
55953
18243
41148
293733
291
185040
202554
218700
120213
149094
40212
267516
239310
242091
53163
252891
204264
192348
102942
221157
268461
218268
110430
236817
37881
93672
199989
203985
108117
20244
290169
19656
199259
61722
16893
58662
276867
204939
167517
220833
235026
163035
23157
195045
206379
99630
46386
54693
24075
211248
181953
5337
195210
50472
258894
169371
256922
246321
134478
112563
118566
132231
170037
176796
260763
129230
269001
195732
202410
37935
131517
16542
248013
20880
135701
58806
28206
147690
191475
140427
26144
271719
105606
110061
191709
238566
278808
221859
66888
131499
80190
71658
128052
258705
92628
225269
215703
292824
265824
48870
65510
216711
171216
495
171261
126414
178029
124395
30213
71082
12087
56781
259506
224631
5814
248013
30438
209448
25656
272727
143352
226593
205992
125757
240843
158291
245124
80499
186729
182097
212970
289125
7281
241914
215766
124785
164349
146124
97668
214910
95535
292023
64053
87720
35775
68247
161900
279126
221157
127269
92142
52974
129807
271863
238176
171648
118836
32058
77463
100128
149121
163917
168651
260424
21447
56501
46845
194163
239355
188865
284589
6102
254631
200616
165933
74871
288666
243207
116000
210879
241443
8730
38763
30906
112068
154989
50607
253731
161172
228447
71757
199503
225495
162918
43560
43947
249021
45873
183447
160845
260919
216066
96552
205848
95697
218985
283743
7254
34929
157959
147465
198324
11223
17991
163314
232434
28503
206001
254511
268884
29745
63737
267732
146457
96281
251073
190785
163377
93942
152946
112347
124479
241146
41667
218430
194967
239076
32094
236052
21393
208323
253152
93258
248841
187713
171756
26298
241119
259848
17730
133830
261486
123786
181377
262782
151311
179019
57987
226161
110025
287100
173259
57609
37233
44658
216918
7962
91521
272925
62127
283770
106344
120474
232137
232740
222498
100998
44361
220440
82857
154647
215073
4815
128375
105102
192519
96642
276795
154008
245484
207828
112562
232344
49797
95850
293682
273393
260829
150057
161064
227772
288945
245484
103716
115254
240623
108009
126792
113472
242343
11340
225966
93635
95913
36243
208893
77976
150741
251424
143298
143958
148257
46530
252261
70788
167895
156201
256203
202158
134820
2421
226755
281610
249975
87183
2556
94185
276948
293328
116648
144981
45117
286560
106521
15210
285192
249381
104976
294129
257067
177048
108567
124110
133299
95343
167913
91026
175617
20394
24417
137961
242676
249939
259209
170037
220058
217251
234278
106218
191853
35874
199593
262938
59211
16902
192837
5139
80778
223272
155898
267975
270134
60723
87957
217128
125136
265005
235674
139248
163395
207369
140382
240363
250884
250389
81630
71055
31527
11916
198153
52857
278559
204804
235614
92385
153876
89874
215892
1818
107640
274050
258534
251244
96111
237084
144180
103356
195702
23823
94368
209124
74214
203922
113886
226539
268308
98784
254430
15183
254034
174419
30654
277974
92970
47331
232218
290529
50904
66024
54162
91116
253413
275571
162369
53271
83430
8631
192591
200376
269613
167337
120159
146852
293409
234099
192042
256041
256356
37638
10956
180405
130149
81027
15759
93258
223128
137691
49437
187479
209367
243153
28476
211329
258417
249246
59175
220670
138213
4905
1062
188523
123903
163809
246789
241056
174132
79641
179586
46053
28989
161976
206586
7434
229536
140049
289971
137484
225063
17976
284589
145533
56151
181737
17307
153387
10227
68795
288234
267921
19125
118176
74727
190476
272970
218928
260544
42975
101727
259524
28710
51048
137430
124488
74655
264069
89640
22626
252558
17244
96921
262458
207864
84645
50283
179658
46530
150606
133875
50526
156600
151761
222078
93330
181521
181467
198981
95931
95220
136125
19152
260487
133983
283104
100719
20196
175599
96083
280196
137133
39996
76391
279405
118269
121680
72198
208557
92241
289620
288774
222065
68319
3555
271389
210852
117531
236709
284193
121401
459
126918
71793
16911
11664
152676
17055
175185
91584
37692
271332
43704
154683
231174
216495
180936
159786
180963
28125
105219
217332
182583
211356
15087
143415
20880
288693
186444
230517
8190
178956
112212
285606
289404
138528
37899
179559
184410
149733
174762
138816
221363
230499
244764
188703
77868
191526
242153
223875
98325
19818
51966
115416
193731
4149
285318
149697
252990
13014
202428
29682
1071
283374
95957
272238
74070
182619
172575
103500
181440
250848
60876
109497
254888
151551
125964
205308
158940
197955
166464
171
28653
262134
212895
84303
54054
195416
183177
108441
6894
285858
164906
144585
278235
277767
144684
18585
4509
197622
69012
154944
243405
37602
237294
98604
108909
65006
256877
22968
21150
284670
99540
210339
274374
232623
14895
274311
231930
281124
186147
188523
211698
31914
127494
172602
165096
284799
182880
25110
161928
29862
112545
263061
27531
259362
75609
53733
196371
148905
175058
197523
243297
58392
39681
249021
105747
146124
211968
98514
163350
199611
34470
116235
174474
92637
291147
153477
19350
279738
282573
55185
185175
262737
246150
209565
223317
43476
274491
69957
192999
138816
155259
252711
77184
157788
132597
248130
120033
70101
230988
2151
21735
36729
205641
60399
234486
277407
119664
274410
51312
90333
73386
19467
155475
152648
265347
218520
193140
139365
205523
94833
216873
212724
29808
154458
101700
189486
81666
192084
177237
219330
236109
283011
127899
25740
144972
42300
288639
248103
108954
280245
28800
281646
217143
271026
6543
283122
113121
71595
36630
264168
272529
223397
238659
106263
73494
16263
158427
202446
32616
212841
284904
71388
244053
206712
65412
252467
35055
230724
86345
108972
17657
63261
162054
91619
48564
130782
114615
205416
174807
287802
890
282537
141957
108360
81486
292323
118673
99054
236403
98181
278613
792
8118
136053
124047
71028
155097
65511
205919
57122
114381
111762
46854
253014
218952
85347
229482
246753
118431
208089
98469
59004
185625
206568
217584
139635
10881
211608
145242
221400
177336
220518
80667
274980
239112
185796
187704
26298
275418
140445
250398
280152
122130
65772
250056
151974
114804
90548
94608
234711
99216
137424
269451
199071
248040
195822
165888
264816
144939
42102
280440
54396
265068
176157
26846
137817
248097
140562
9390
75411
157392
120762
203562
36345
6516
222722
238482
94842
207357
82518
10854
152844
285696
281931
40914
194805
287820
262377
95832
284031
159363
109206
209217
6426
46341
13931
262935
15219
42561
67689
195606
73773
269292
92277
248031
84312
106794
97101
65673
268749
117000
183906
197676
206811
169281
192933
93099
270261
257148
270891
263637
144873
172260
1191
58878
43506
100026
225270
197325
186543
72342
182142
25785
24282
47232
288270
124011
150399
24948
235458
227664
123642
201399
75033
137259
159821
273474
158994
74076
207135
255666
233460
188334
237276
154233
43389
104157
279117
267732
269235
270684
193842
50076
256299
106461
77255
254403
204705
14100
108567
100206
152262
188088
141642
81021
173502
49050
217584
89700
26334
74295
229491
235566
14700
126342
213939
223326
118872
177444
89442
243549
47376
186363
21648
130644
210123
11952
235611
31977
74979
248373
274959
229581
99216
148004
67536
113526
159633
5013
143277
141561
83511
36711
119013
1629
216558
186435
169866
55344
258261
258588
177768
164079
198450
90078
96705
26640
111042
53883
59823
143172
279711
124614
228528
162360
180576
161000
88632
214245
156114
224712
142605
215343
176751
51759
99810
95814
113850
35139
52686
63207
49644
179952
215226
18342
34155
275058
108558
187911
173853
101520
142587
24075
167475
267912
285516
90495
58230
133182
244575
151083
138180
190224
273672
244818
4797
62415
248445
27972
13563
76230
252306
217548
113382
216324
20358
237759
193230
2241
189117
32148
171054
171521
44469
142983
118989
270909
24839
58239
131355
118107
132747
134235
228528
120996
152361
16253
3681
159102
199179
45189
75258
271080
126513
46638
37638
200061
148995
221562
282363
154638
27927
9189
22590
133200
63207
230886
72701
168795
57690
257418
61830
21888
87858
226512
107460
89121
131732
53307
167076
284832
28602
247095
16137
138807
65259
110897
147833
110997
124812
106233
55530
288234
51776
126513
90741
3186
54252
166266
114381
144162
257868
142578
248796
193005
2151
48302
192591
19080
122508
142212
46257
235089
255708
291069
290637
230619
16074
233550
32157
76437
208710
175788
4059
106281
245150
244179
567
240642
20475
269946
182376
232122
56862
200430
59313
242658
210291
252270
164232
277776
182835
216729
224748
247761
72360
276624
26127
65520
74118
90216
16083
76239
219222
271791
176931
49485
150129
74736
114345
272340
112212
125478
67617
25479
213336
180423
187374
224415
14769
163863
145035
199953
223452
63243
253803
118395
292419
156078
266904
194742
186849
94014
277524
237645
122481
88407
180720
116091
46044
68058
57114
262557
37431
53691
3381
149166
158670
274311
18
44397
45108
140805
110340
152514
7632
205272
127116
84849
107847
28980
140310
137358
154503
215457
257205
245682
31815
57030
64422
156924
64809
231605
191160
227907
241389
227988
75500
195957
61743
231660
191259
51047
193626
98379
182727
60012
35910
134208
280710
237591
37521
142479
100827
149661
219447
277776
133128
227529
208278
166779
24408
170256
190866
130554
141525
37665
137133
84429
222363
200997
238698
244161
128115
150533
205143
99477
42555
289341
71550
78732
118422
224649
158094
6399
160551
45621
181962
251568
230724
163143
175407
259191
109665
6912
261198
67248
270504
3447
169911
91323
234846
51957
268506
61299
209754
101511
266886
59328
107433
175227
25262
120069
76284
136467
103806
162738
184098
81540
284427
254907
138122
179702
194211
28431
221688
254970
260325
196659
203130
289404
47685
274572
51318
78885
172476
169776
98055
104949
123651
40734
57627
84609
250155
191970
147957
210942
246159
121332
183600
71397
32058
258435
180837
257148
83205
200844
114528
175419
25136
231348
6750
27540
215730
217746
52521
169425
119366
24119
192186
214452
257562
253934
15948
236871
67149
80739
179670
243585
219411
129275
23670
271485
257292
85311
241878
227799
103338
175653
279513
61479
129987
31365
191196
266696
87048
241668
176850
63909
130521
111093
154035
41211
118548
171936
252414
114318
124182
15048
165069
177372
100142
286254
11322
200862
170316
1065
56853
71478
73125
89379
175779
58833
116901
193992
233991
138906
106974
224805
215190
239742
79776
180099
87858
228618
188703
4923
5031
231189
37089
76107
245256
102735
112473
249507
11205
115839
13662
123795
98739
210501
253557
225953
294615
165761
265266
284381
55134
103185
278307
193086
105906
142263
283356
128007
245385
92970
212877
110616
133767
69732
158967
197703
119025
257571
38052
118683
35406
125253
177270
129213
103056
34773
168300
132138
95274
233136
117153
15111
16830
176274
161568
24912
229737
248976
25281
294146
141002
277638
83339
109440
171468
144279
105615
166113
222381
142460
100953
140877
243468
190566
18945
135372
247860
261477
78201
91817
68958
259155
246822
130932
39060
227394
54621
41256
230166
5202
211608
280476
26496
98946
134784
64152
93384
231912
230121
209979
254079
290232
82866
120906
57690
125739
223497
112923
268713
280593
96777
241578
264681
94671
196383
49500
189207
273231
107721
120438
192942
183348
126375
131307
6012
200238
259461
185004
22188
257247
148293
115722
60327
201513
207873
10851
227430
187029
148716
179928
48717
219393
190023
275517
289026
32859
245168
220680
92358
183114
28863
288459
56565
228699
85815
38511
36495
192759
202212
239868
228042
292167
213228
111888
224622
114156
257661
205353
174951
188415
184548
12114
208215
57834
176516
35244
190962
219447
230211
62118
110736
268578
263304
128826
201654
29004
258669
46395
222084
130032
150237
144090
243801
261351
40725
279747
3339
118584
161358
66735
59823
91305
278565
22464
40455
218007
22293
99639
166887
62877
135909
23742
164295
103977
224091
257292
271701
209187
76446
51867
224712
213165
143280
255339
44685
236700
278784
258147
274878
157800
290502
284481
189054
4560
230931
181611
165786
89928
135702
15390
265779
3797
94185
112968
25542
981
61524
257463
57609
67077
2817
99279
148626
200718
73638
194040
48312
142785
248291
128286
675
27296
279405
220968
132345
184527
284076
17793
172395
95922
187857
66474
94221
40503
89496
189801
204210
123687
73476
155169
87594
227645
59094
85530
245538
293715
275958
22959
229878
51587
7470
118854
59238
259929
204534
270738
196743
150198
238221
91476
90747
215703
292230
94482
290997
23751
253737
261855
177876
193896
115344
123876
152568
283689
119133
54981
29880
250917
52692
247320
122337
182619
56808
16146
1764
61326
290088
91089
246870
157905
40878
225813
98919
281697
119925
88458
167796
246797
276444
189026
161397
80874
189969
189450
190872
270324
204219
199413
48276
273267
33453
45090
290636
17973
159582
48825
116856
259239
22752
76581
81
21681
81990
96534
227367
273771
79299
184950
68481
265473
289521
273804
222138
96237
152811
230355
288333
75267
188307
268299
110079
119430
110475
216333
267687
72126
226539
3195
250731
59319
216468
179361
205227
292644
14310
116622
64257
24255
136467
78075
189468
78147
277416
81270
280098
109206
6732
272523
88443
28503
92601
158508
172080
285330
28620
234099
28746
122067
20916
107991
102123
289386
63090
204258
285102
194966
227709
256670
229968
102888
109881
199242
284793
125364
77139
208737
107694
136511
196965
194418
266814
17739
85914
209319
43623
234741
270000
13620
286290
92403
43263
149436
107082
154980
81594
103392
104193
279909
79983
45018
17712
47079
260493
242640
255978
110508
262935
221328
214685
47421
136611
21969
171980
78084
189540
22689
271332
168651
284517
207558
130824
55080
56844
61311
259263
189072
53676
271332
264393
66468
255987
42030
47916
131607
111996
49842
152019
179343
81981
126540
78690
153504
270882
223434
184743
97308
277326
232884
74736
140697
259362
141372
274905
229608
267279
219771
109962
187020
203400
70461
40530
105903
113472
70902
203562
188838
220158
199707
169263
35178
108552
79280
209430
29124
12833
234954
243396
110457
75753
146862
441
56913
234351
172797
103860
98127
142953
263637
242676
91926
17514
190233
34524
212142
42398
102267
220311
198603
108720
238977
61785
118695
179649
87111
84456
280791
102654
229860
138888
5211
48402
103941
152721
265821
101691
217161
35334
175023
184401
274095
208656
289062
15105
287946
111015
51705
285300
254196
276147
288261
38502
156654
25983
133236
279690
9963
213606
187947
248295
234108
104490
111708
216630
981
193473
83703
196065
42309
44550
237366
154863
185013
1665
131598
272682
168336
282105
28359
52397
202401
106668
142686
123093
89289
110889
224532
245703
150363
74367
62208
10278
126116
226035
22626
159336
177336
226917
153933
114839
153369
254196
209706
259992
77499
57648
4868
129591
78489
117504
103509
176103
64971
184788
184086
33471
25920
217890
95940
62127
73332
176520
67716
276183
226755
146961
68040
192852
234882
209880
87750
192717
23382
49674
164070
263024
180270
75384
146790
252273
118052
219150
91107
161577
107433
246114
97407
178146
103059
101169
188100
155763
81270
292560
221193
16749
119598
248022
135630
190926
218043
246618
233580
27018
157491
143502
24960
74736
279594
195993
57960
274977
239259
156762
247482
251297
152955
173727
9936
228141
14850
251928
204375
216153
34290
47520
96939
119520
125451
172674
260541
174915
23652
293913
202671
247319
28575
216027
159327
48159
14400
118197
271161
274287
246807
237348
91656
245466
172161
293049
196425
2025
192708
129375
290493
80289
234711
98586
6651
145106
122751
6714
35532
18666
285984
161108
48573
156132
141849
94986
196776
94032
55650
278100
286983
179360
92862
30645
174879
91566
283140
192252
194340
55656
35901
224865
149814
27540
247680
70794
114417
96336
137448
278379
85563
38403
17100
99957
267210
88035
265167
50508
209286
270540
42219
79497
48492
66852
172089
138564
16170
179676
161586
196758
278460
207585
270729
292365
222957
189801
80703
31545
142029
123534
47988
188721
3402
107982
146133
214677
27432
230298
18945
205371
121470
193482
55296
253302
235854
160758
141660
130833
166770
162369
220509
189702
281142
128925
1494
233424
213345
256602
183609
195678
253692
229590
175224
265941
119097
248724
275061
167157
120078
32814
55791
239796
5292
215946
28728
203418
202248
242775
101259
19548
145773
134703
135621
201546
182232
228042
249525
96993
266637
64926
268971
40761
171171
269928
102663
6039
25419
39564
153324
61668
8892
272601
291042
276516
80181
248661
43632
70929
38088
242163
3078
259146
209421
44289
24972
115380
109035
176058
119051
79479
86229
189117
196866
76554
58605
247409
151245
232128
52416
91638
267642
149907
189819
104643
197640
290763
123264
54882
33813
144378
276237
235404
241686
271970
171693
281033
154133
256644
41337
86436
41535
229869
112743
171171
269643
75546
227637
17523
199317
145287
87750
278802
72534
241236
126594
11133
280749
110295
59058
135153
80478
270072
122301
151704
179406
217539
288918
202770
51372
213492
106560
220113
6075
154728
49545
290466
52425
252576
252603
172908
272853
273708
166607
32553
54738
292446
20222
31743
13347
5247
254493
252738
117387
146673
109179
67650
210887
107928
80118
199386
277092
16479
284427
100719
149121
197928
42372
89109
142587
85212
150246
274095
250280
113391
176643
111455
258552
112863
219204
58743
195462
98370
44274
23445
225737
210240
32319
207342
288279
102690
96524
218484
64665
138474
112455
284112
164820
261027
89487
141354
105164
83214
84645
29016
157590
192537
152964
241965
286083
249147
39888
131976
5166
69930
90243
95277
44442
159507
129618
57537
216288
213912
152136
60192
269442
20187
160299
293904
189720
98001
41706
284157
242631
19071
72549
177948
168066
7137
278181
2979
181566
215712
125559
143613
242502
42624
22014
84051
244476
135666
196614
137214
242025
11394
208278
261918
124731
134514
260334
96192
212850
200178
192222
207162
120042
107622
278109
133830
12816
85383
292491
5624
136845
264239
87480
133488
85548
286587
206514
47925
169794
132300
176262
228050
170250
96975
79011
33975
191069
217080
97503
99288
75825
26774
96921
42159
39843
121347
128205
47034
160020
218187
83628
123786
196272
204138
274095
288792
39438
39789
273357
192510
196524
290556
159039
259254
248067
40419
20565
208668
291582
150939
94014
269226
62595
69066
49005
68552
156960
275075
81918
215352
45891
49014
276570
83853
256752
287082
1728
59385
166959
162198
294561
281169
258444
14268
87861
12465
280197
148719
141840
291240
101931
261537
229704
129654
14742
81081
194202
123363
183954
46440
155931
199286
138608
253503
169101
54639
67716
27486
208665
222336
88524
186660
194634
224514
141822
34407
53208
6687
218835
286533
109278
229212
35181
137064
42057
236412
216333
259263
235854
190989
275805
240048
219528
1764
169263
180198
91287
57384
115884
266922
211194
227547
161817
88398
45666
80721
75366
49689
292932
23580
163629
171008
31869
117729
61914
102924
100710
113157
213948
62730
24795
108441
145071
38574
289377
67977
16254
209844
225738
260883
150677
224892
62892
262233
7299
285084
67023
55530
140265
201267
12771
287298
66780
256680
165807
199197
5310
42195
238059
20789
291581
277743
149112
155088
241605
246690
234738
105912
468
280791
17757
96588
69057
153108
259677
71205
277515
162045
35811
207018
270291
187875
40392
284526
27927
260649
30195
273771
130905
280313
139041
72818
290880
68517
164709
167913
277974
47049
72288
265914
333
183942
239733
28287
210222
155826
265311
136611
3114
136902
171522
151020
251757
150633
171342
239354
294168
47592
176229
289044
261852
110574
225846
235260
200844
221292
69858
131337
114216
244350
261198
255942
41778
152649
42156
77193
176156
189855
280809
203256
131580
184905
251199
240618
18396
83205
53640
228438
80433
219483
122994
45123
73899
153261
183429
31734
158004
195192
10296
177345
52767
21213
228240
226332
3267
272664
197340
117153
11241
64509
64827
163422
283347
133830
199401
91620
241290
126711
72747
180873
223632
51048
126774
79443
274923
291483
139059
18084
151389
186651
279198
290313
248517
182316
137619
179937
205622
187440
150660
169587
202230
31554
113310
56871
226278
253800
88155
57168
264330
274815
171513
173286
233604
144216
1530
192123
245727
260841
72594
12888
22689
244623
137556
12339
119160
205248
6024
267183
232443
277767
84672
108252
203580
195201
184905
70797
170604
77697
136881
47907
168723
78822
145500
134838
62496
68814
3546
35823
104385
239337
111321
277056
55791
270612
173448
212607
114543
9930
292536
195948
109593
187065
34524
249390
207126
217332
185724
244938
179136
170568
122669
122040
183234
122211
232623
142128
104976
131742
241767
513
116451
257490
235080
39339
92268
18630
237753
138285
242163
253584
129123
116595
10467
1152
182817
171963
257229
202275
169335
176652
167175
65241
265023
190287
94086
251190
228375
124305
18225
197649
87768
33759
105084
198369
276264
150435
121293
275022
33768
68742
67122
266310
269756
32013
255906
248238
269766
192180
250767
106740
41850
200682
197523
31968
46062
15921
129960
164520
75726
157995
196830
278730
240129
230598
40896
92466
214676
134127
279279
203904
2148
135864
186750
115515
141363
92514
134541
129402
183042
183924
232104
35037
151722
209214
185499
193320
275049
99458
77166
3312
160038
172332
3159
239517
70578
243693
41985
117873
177660
251208
260397
1737
141183
29214
166158
16038
202959
6102
262116
172827
252729
168480
98133
238851
110250
242028
193887
229653
139365
204210
164376
56142
129366
243927
126684
92123
277704
168174
78969
10107
145044
25371
201168
12384
6740
175575
12834
35271
176355
217979
222183
169452
71559
19701
188145
232632
265806
191415
138015
263727
153234
240876
177894
169218
74142
7020
224676
291066
233118
246393
269928
242091
244152
12429
90624
137349
186975
264519
176634
93159
225701
141246
40665
57600
264501
53838
104085
268083
229626
97119
80676
270675
93855
267615
51489
41301
232263
128033
101907
258579
45684
278631
290574
254529
159849
31041
65313
130670
237735
133011
75213
257076
72837
221157
185859
218088
129411
144708
185220
154548
55296
146337
232101
78318
180602
195137
161280
108405
104322
241254
5445
154224
266634
212346
258984
225405
19443
47124
114264
188802
157311
60398
158481
152052
176769
165636
93816
294291
291231
18765
33549
143739
238725
83925
65250
251694
190632
81656
146115
69300
223110
128322
34947
284985
120105
142632
145782
185247
97719
174168
79071
65754
91440
178641
138942
140382
259335
125046
232911
77148
47853
139644
283245
45009
243666
97038
85272
28773
48441
132804
87213
65106
89298
13308
142614
220626
157320
17045
69051
17136
227025
83295
243735
252852
38373
177216
171576
142083
189756
102240
39162
94860
24255
233751
241371
110055
271152
225450
60057
269511
120948
111816
213246
89460
235614
267768
133173
268137
192231
225594
294336
46503
92358
182880
154908
209271
143874
188073
263850
224424
279666
247563
275805
138330
108063
174960
247230
148239
79794
66537
199827
211878
37803
224334
15606
283500
162702
231003
253728
292158
186237
125991
54963
156429
115848
144036
96606
131372
111276
195597
275832
12510
103392
269055
83987
145907
39510
279474
197676
116325
165600
249822
272438
126000
165888
233622
17883
51111
108432
274530
14094
9882
248238
108179
206298
82512
277362
80217
205299
68184
86301
36873
214965
163494
267456
22041
226944
203481
1206
126264
137061
118638
287226
77868
193284
134549
134892
50409
6351
123165
163233
32616
251226
170667
44685
119787
276570
2754
114372
252369
175140
216063
67239
286101
236241
7587
51309
99261
140805
249345
28278
31536
257211
111915
55809
180117
25083
212814
16758
27774
209736
198441
270117
171657
180018
196797
274302
255834
236457
242586
196551
184122
142641
34173
199806
190467
52200
201906
61434
61224
293787
74448
8406
164061
12645
200439
114740
154080
273006
188511
30969
76437
119385
123156
224532
31005
47568
247833
13734
168948
204048
95265
61362
136431
96858
13824
187361
29331
112707
76608
167130
205749
122013
206973
271647
250200
184995
46080
75294
39366
115101
36909
249507
254574
258894
185877
264483
277074
248454
40941
256599
249183
149922
181106
278469
222750
174303
203994
175665
229503
130329
288900
90162
93312
93762
142929
115839
163872
228789
48018
285894
23301
56508
175584
7110
177987
119664
232821
185382
249207
144999
30600
79560
149124
192144
88344
90432
114183
69129
211266
162954
185634
260034
168903
289593
21717
234990
115569
165960
221319
40932
163062
62829
145520
160056
284877
260505
199791
225261
257634
225162
24030
131868
228897
181296
258738
6471
142353
66915
219114
212742
84600
45
29601
214398
78876
192321
141297
129213
210753
14778
1413
255591
200526
49509
3483
46116
192555
49509
230679
67095
106542
179322
120483
161145
205560
228294
230724
5868
226224
40320
208647
4392
20415
275040
40770
148311
233766
257409
160047
97272
71928
287226
115317
179802
117233
152037
226683
72387
168753
35928
33921
168714
68112
285786
25362
37602
267597
34596
160065
160959
75582
285336
196263
170403
67680
248940
56133
69354
111051
206649
228267
17612
79821
281169
141954
152925
17463
129069
117669
154224
41256
144315
110070
21594
283464
45126
257643
8343
279648
151326
289356
27
163314
44622
147942
110013
127881
214920
60147
132399
220500
204191
53937
211131
172800
31815
102699
71757
152892
181638
11025
59481
80217
151776
222381
149247
156447
285066
9198
172989
253809
97560
123750
83493
225036
182709
177201
254664
249984
23796
184707
50013
39744
266778
82302
261303
141768
16569
166221
275634
37944
68372
93987
293310
113372
277740
281574
43074
123084
211320
93924
188919
54738
129618
200625
234531
143801
237042
250071
3555
40584
263673
119349
272133
78480
263619
21357
194103
220020
270593
59058
71613
219285
285264
111366
33759
116028
4401
50913
226665
177039
61737
293508
155673
284337
61461
25263
128853
245115
187479
185076
83034
138438
195506
290883
216342
109206
211437
21402
182865
198477
91791
244773
93828
211266
1089
250374
80901
210807
141030
30942
191412
164520
221697
242190
25488
217413
149400
135027
179415
117072
161325
243135
187248
150228
112518
93960
37620
51867
274347
85329
253548
15489
105060
154890
239202
265734
6704
255852
202590
78039
169803
279810
165990
79179
44352
16578
192915
160956
207387
35136
62046
85131
138399
242814
157806
124776
160488
250245
38346
268743
174240
68571
284589
51786
198117
253089
257175
191925
60804
20070
19260
135360
15255
118512
231624
62181
209934
135666
20322
274617
196803
263022
189621
32364
245997
150147
278639
258651
42642
154470
78588
89973
75186
268911
7002
245763
111162
265779
44640
241569
69471
172575
183519
63054
44334
194913
27144
107139
71592
86192
197172
275472
226602
28989
237888
284220
169119
78597
96498
10872
199746
233361
165789
172773
288792
246852
183987
93381
26820
66807
235782
223992
86265
15921
20853
278730
181548
124947
223605
60291
14706
92286
85857
28206
258093
165330
30024
133920
34965
289080
190215
167715
40185
176445
160029
142155
94599
5283
251649
122886
275112
267309
137655
96093
17307
179586
183888
167796
203994
261603
164925
210192
277110
230508
80928
134730
105282
177273
126468
201855
118332
10332
106488
188316
4563
115731
68751
65502
99009
284381
88443
125126
153881
151326
89532
256920
211086
260973
292995
147852
36216
220734
227250
108144
64584
135099
134541
164772
24471
12411
55476
76176
251589
93159
129285
269091
91269
35550
46935
157680
171312
202293
15201
38538
288141
35064
283239
73502
278793
4887
116154
194127
45135
60516
49428
42768
204759
177597
51525
130419
124515
60678
82584
82296
119673
61131
100206
164106
151020
67869
102042
191160
33315
204228
205299
243801
270630
87309
173286
239949
274005
188439
158409
134424
155286
281475
7533
155103
198270
287154
78885
191250
71928
269676
30969
103292
144801
175230
8316
69750
182103
197118
94113
85887
144099
293094
94842
89487
136448
34452
246393
123177
102807
261458
187677
238842
143757
57069
35451
143964
283014
245429
21402
64431
270477
144621
166113
169704
11889
253962
285021
34992
35370
260289
30645
204156
225423
29385
152103
251235
68256
45261
251991
122364
113724
116289
119277
40293
230004
182745
214275
150444
254502
276549
126144
204426
91746
222884
16398
164645
143126
263439
34659
256248
3942
241818
66573
170982
146511
5823
108108
77589
101142
141057
86976
194382
212832
87543
15981
103788
191124
126855
182907
168210
55701
162171
197928
33516
234432
9756
142164
118593
223497
22110
278478
192672
233640
273645
209385
53784
219068
77823
136215
244206
122787
195651
90666
148482
158796
67536
88074
257103
246555
95021
22554
43470
71973
126369
188855
6147
70110
42579
71685
209520
85338
85884
120780
40653
132849
45279
24174
67383
17379
248274
262359
99585
168345
230472
159888
236421
152643
96003
103374
180639
173403
145439
256788
64809
246276
245745
198603
134433
2556
121509
70515
173067
3402
273312
287892
144036
142218
278451
108351
279189
147960
77670
70083
24561
125496
119244
44118
267534
247950
65232
272151
291897
191115
188847
82080
78426
79263
154539
179397
283005
288099
194112
256725
187227
105003
255483
179118
109521
259983
72873
26919
19296
185157
158733
175131
252324
29322
178263
230058
198630
55899
14967
67356
271242
76776
283383
22086
77966
103680
224271
230904
169035
150858
60534
11115
282501
75024
145863
225791
280890
42128
150273
82350
239859
145674
51939
161046
278910
62541
281349
172242
133956
219882
132390
289062
241353
49869
44856
157950
204606
115074
89172
10314
247026
142050
258165
41598
47079
40878
205398
122121
264744
76716
200196
134631
270963
193680
55164
53784
42669
260172
154935
62487
30312
56214
162399
115296
177453
182358
121284
128538
157050
56376
120789
207153
234116
75672
292248
23877
101286
277191
252639
4572
110052
214533
59625
191277
180018
50958
23760
26685
219258
215019
262674
240029
286866
208224
292140
51237
202266
103884
128466
15066
76410
18114
248256
183780
289908
207999
110349
76032
33272
26577
253602
157149
13239
158958
7920
112311
181863
176544
255519
105678
157220
257127
36066
11997
270575
287208
266436
159633
290979
181377
124578
46206
251307
238095
253269
39843
131535
58095
102420
168660
168543
153606
26847
126477
23247
55728
176979
200142
48978
292338
16074
169227
237318
274176
233712
12510
85761
51762
272511
60966
271395
44442
20349
8226
232998
216954
64971
22455
213480
177183
216039
125019
95157
195744
128232
196650
41607
197982
256365
19872
291087
267474
193005
243242
102987
6435
287073
138492
278982
292734
55188
112869
118737
60021
168849
129915
15174
192573
54891
231246
252936
84303
251352
210546
138681
132822
81366
209142
117252
141732
83043
168804
90936
118719
51957
206235
134937
226242
70038
139374
69777
178965
96570
230688
250614
152631
185892
197448
33849
255384
152226
28583
114534
35775
155934
248454
182079
92184
147222
153036
151704
180063
231291
212130
253161
10206
185571
84069
271575
84045
193713
206964
4779
206388
141507
182295
52425
99378
129684
144621
282690
53451
138600
103989
105291
140472
24813
209367
255924
53631
144333
164925
193905
163809
243162
157248
255285
253557
154449
50112
8874
57348
237078
90702
188207
133659
82296
177930
236682
119703
205821
52731
18062
267021
238104
114687
89829
64881
100503
211347
243270
144450
38718
233775
145377
91224
103188
159165
17271
128205
256302
130374
169956
181269
221373
277308
282024
161811
253560
280380
188793
285624
177573
150336
118431
249282
232443
160332
80262
212769
183105
225036
174657
49590
238761
201204
55080
108144
238077
225333
196344
240669
51678
203229
250812
48582
20583
221328
95508
49491
252702
110070
31446
226755
250578
223794
134991
90611
50751
193149
236133
250659
220266
73584
228087
191250
120654
56295
119400
212715
42558
215793
122607
165276
133245
294624
189801
284220
245718
114543
175299
292635
119457
24678
34794
15111
188109
206859
61524
28956
64530
17832
274626
287397
12032
22554
139140
254322
92790
230445
92439
255801
238293
138033
158328
213669
61596
282987
72774
186138
180858
1323
35850
60075
40977
234459
26604
165045
195786
180747
39042
154710
203031
176436
60354
284391
95886
190008
85824
71298
121176
122876
170568
235683
219915
147006
223551
255069
134415
194355
132987
84249
142209
73439
223746
142668
57132
212336
277014
158751
36855
79199
61280
115947
247851
178722
195336
55593
271899
251658
98658
211743
24372
165066
107856
3159
119331
250191
90657
11286
207234
201987
161370
161262
3699
80406
253470
4140
60102
168624
24003
215667
211896
278361
269352
3087
128169
271899
249180
152235
192765
30672
60723
213156
63287
51129
100682
146331
215882
12699
269421
236276
282870
36927
96261
157320
81432
213954
81777
140435
89649
166041
127512
112896
189261
122220
67059
54045
215469
260622
234027
93347
248426
87498
2529
55358
56547
212472
198081
221112
51705
31869
237447
62064
216747
167463
23526
255051
249393
223587
107865
15327
38073
119943
120405
69885
174546
281727
185328
64314
144099
97092
14562
135297
91581
245313
102078
160614
265005
48348
6579
225765
201024
167715
209547
242586
11754
29700
176418
194670
233856
6138
288513
124704
240012
93105
272844
158634
225954
100863
28097
271794
285480
175887
192645
91980
112167
179805
94977
213795
212346
285084
164988
11106
205929
132813
253134
204723
113148
91917
50931
158769
203706
195840
138140
227250
292896
855
117639
8775
254190
250659
31329
177087
273843
154242
43110
219735
257733
9054
159210
47295
159498
26994
279863
165240
50862
82107
288135
112617
228869
85103
175278
182493
180189
99729
203391
229062
236421
200889
219969
282141
22536
75015
188685
18108
185904
131894
167886
37611
33567
293598
30402
230832
219924
432
105327
244053
162651
23076
87030
277992
214392
182691
45440
153513
37161
57087
293664
183735
257796
18711
112572
18522
31527
245088
51480
180153
245613
60993
136683
96831
271944
266661
181440
6891
64707
194445
132642
245835
230841
110700
159579
275058
72539
115635
189620
106965
90855
259701
70761
292221
101853
106938
65649
174666
44415
104670
203184
16425
234720
41142
256527
211347
183159
193833
53028
240057
102285
155718
115884
21383
92403
57519
278271
120573
248625
57339
103842
225441
215127
162107
228798
18396
250704
85977
201888
85311
266850
30000
195111
207126
82368
24588
97137
47655
9723
193185
118062
172980
3690
168219
251451
158823
26703
18486
68121
273600
155646
33705
21339
249174
136350
251073
134729
152991
154278
18612
201582
117333
167184
249687
20916
105462
160074
110961
260433
9531
141588
235329
112167
80316
177408
73548
293409
214047
165618
1089
186345
161000
238869
218115
27963
65826
23391
275961
187767
159786
294678
115083
187443
195288
245943
255096
116612
96723
102087
252422
21240
58401
231426
143478
213318
89379
294453
155655
143241
185274
198774
160281
257955
241902
206265
46674
62064
5463
192366
133722
49734
239808
121788
143244
134697
96291
266409
275013
181017
123957
279909
253782
276362
8190
79335
183123
157131
180027
173412
256212
144864
218349
257949
208620
55470
238050
208170
282573
209448
250677
222264
163574
119898
151695
117828
18495
166032
39759
139293
95625
60273
277521
32886
67167
5751
115227
222813
177444
121590
184635
75222
69282
199701
16524
32814
6165
88617
18702
247455
66996
113679
246762
134379
262440
60042
96534
27522
98451
256680
97716
217683
240594
42975
205533
27441
87137
106182
193473
166986
97065
137223
83031
113337
26280
61911
20465
244989
150201
129888
190395
179568
163143
155367
176328
97497
179811
269397
127818
38115
3545
234414
194706
117396
201285
270234
293310
192726
265950
147465
204327
154341
60047
87111
2538
253791
116379
222732
228492
289143
205830
99207
32526
7371
7083
272925
74502
132915
107415
114912
151686
189323
91493
74466
107766
191483
206343
145917
188910
15534
113355
141606
256653
280026
37080
1773
217908
20223
181053
141327
196452
2259
180630
63981
151668
176103
67203
257283
123870
114516
89604
290673
221715
78579
277629
194409
56466
55827
42102
106038
277695
14823
171405
248175
16956
196605
146172
59190
266577
263394
209412
14094
217557
253521
229455
239043
122094
98838
74403
46782
64683
63585
23346
163656
244008
40491
34911
274653
112707
63440
232146
144234
207720
267219
244817
184437
183887
294078
63081
289908
128430
212022
43029
184977
142596
290091
64917
101979
255510
220815
202089
22167
79506
148896
247851
133038
272142
262260
163368
142884
201033
125091
267849
106794
69426
112044
285813
109836
129099
225108
200744
282050
225639
127053
260847
260487
264798
96444
136827
162531
126180
250011
181296
121815
203469
96849
70200
155610
212211
193824
135978
69273
98594
4032
82977
282195
100664
215730
99117
36513
256320
84699
234954
66204
243153
121950
114543
289602
140040
99369
157860
193194
45729
41832
185373
136629
29376
76212
124569
40716
117801
22374
163008
176511
24822
200790
53685
221832
97029
212517
226728
124065
232020
115407
283725
115218
13347
162729
183111
173862
61497
283320
282870
113895
178335
189000
240240
4977
182139
108306
12942
40077
189900
82575
12294
144927
51696
183726
113697
214200
1431
178998
178479
89595
165159
117378
22788
164709
105885
67959
13167
257097
174896
190377
224460
286938
245790
252018
224379
107595
254547
66978
74577
257919
187245
266706
188994
97191
103770
158481
49293
105534
199242
44334
201483
92706
17055
38115
160056
97767
58242
98559
183591
145917
183645
99873
137583
42435
117324
233775
163689
87948
281787
268433
206361
61272
15876
24687
166059
8522
253044
183213
89250
184410
43596
180099
100467
145494
191511
267597
76320
239823
145170
73089
241101
184191
233415
143792
29718
37611
104571
284579
231543
31832
151443
291672
157815
144171
24291
133542
153798
1665
129150
168660
19779
2133
214767
220455
122535
112572
60120
163602
184545
179037
199053
252477
174726
273438
27558
11610
55790
192381
76743
112446
159021
172575
193680
157959
120609
168498
118602
43191
214929
51804
98973
172992
69588
142173
65898
242018
72423
6048
26631
116091
160524
240858
199728
160353
120978
167697
6798
130122
223353
279261
50625
162594
119384
6147
1161
36036
139248
238581
57465
235736
264789
281601
87128
106902
24966
155835
277254
173997
197235
280389
52491
72621
122256
13437
274491
57717
68937
63369
169335
188946
97452
218151
190296
142983
138642
60741
198882
242235
110502
16227
41907
161109
71244
76572
165591
28647
114588
36819
201969
92952
6804
62919
246537
128250
40395
117126
108260
57960
155115
9423
71070
24957
275436
76464
217584
203967
95229
127269
84699
60489
78777
195543
125496
6561
139464
149130
258858
143775
124758
221103
225378
222948
43125
103122
275292
230544
33018
140085
123291
127113
73629
202248
5219
212562
27504
69039
1728
53505
15012
144099
283581
101952
235872
143505
214344
106668
237312
179613
144009
215577
284148
112545
290520
50787
110970
118080
247581
179649
70776
112842
4464
83781
255915
101079
117513
293733
245880
263268
149220
136845
71496
197064
93354
240498
36315
259271
67113
58824
280098
290727
40617
154746
84150
147177
192870
95445
162504
267363
124839
218052
271674
213399
173988
188847
101214
197136
111285
252963
200781
284184
234513
161936
290475
224478
139032
202518
261747
204777
179721
197703
35757
162773
20565
19548
48338
23760
170298
138564
2466
268173
15921
145854
16604
177309
21897
260883
40932
244494
132282
222147
194598
199152
274182
279174
255555
17352
13347
156789
71775
84195
15930
120681
9378
213390
8442
15525
257976
178281
18351
109422
172872
280053
177147
205641
13437
182673
265296
265899
64143
144657
178749
185714
87363
223046
137547
196467
287540
103842
46341
124614
248004
149346
71648
162396
263766
122859
76221
200889
56943
14643
269811
84510
183546
20187
127556
197451
232731
259920
294219
22482
12435
241569
101541
275598
181440
128367
136188
64179
264960
274824
125712
274752
245046
209475
105588
215154
124425
13878
148482
191411
116298
263817
130410
287928
281586
237960
123483
68895
202872
292140
235938
86436
169758
141723
193824
181368
42066
129912
139365
180099
213660
173772
286587
38718
254637
221427
23814
23742
243963
156591
2304
45342
74892
34623
132903
206469
271755
60723
273789
209889
189288
14955
70326
276345
82890
189027
11484
34857
266436
198
163791
104733
12141
181413
121734
175077
26190
289449
174797
70380
242793
83871
152046
263160
13950
58086
72837
64188
106218
237852
244944
273222
15192
196209
219564
263313
35694
284994
142644
115452
124794
248940
78705
135861
276129
236136
256116
115326
46539
75438
169794
99792
183699
65844
79875
18324
162135
32922
188091
232569
179529
191600
145836
58869
241011
276552
73638
160794
164718
183663
143208
260139
214452
58878
195704
128943
294300
128844
282510
28232
65016
273465
62316
4311
276921
225216
5265
106299
10827
100233
274194
51048
149013
81558
232767
104382
100092
139086
54864
229734
164096
81450
11430
158472
100539
234612
89190
86823
92529
92817
236034
230049
273474
250491
53415
118584
290340
242307
207
290331
83628
253773
274104
185949
114273
214740
24804
209769
152910
109242
142983
288684
170388
27288
187956
237267
85446
253719
70713
159822
139131
213876
4374
4761
126432
110817
196650
39987
139275
239787
284138
186246
166827
44720
278259
271545
27513
160818
73116
27774
222570
70101
170394
8757
172566
217683
81243
186039
29205
36117
9540
56007
165078
135468
212490
258444
110610
106110
103221
103185
181422
192906
44388
147132
194183
56628
229662
89559
283293
226863
191772
243234
279804
52173
116973
93219
12330
111672
131913
136674
234216
239121
217260
220518
48924
238356
158247
275121
270351
45738
121608
200448
37206
224343
90144
83691
246945
135756
218718
158931
243969
277449
47172
213912
147690
233448
109989
213228
268488
200637
43344
73704
265608
192725
268278
66447
111402
165978
171684
76104
207675
181404
157904
76626
64305
14418
198594
54117
258813
275661
188391
261378
9234
29826
43083
34857
91791
54657
129276
187299
192834
238590
256176
128961
130860
259308
179243
39042
231021
4158
140481
125082
261810
27521
265743
213831
178065
275643
294201
264033
16164
27693
229149
31131
121059
233325
140976
243459
230193
283572
7224
276375
69336
127080
178839
286902
279828
63846
114354
141201
138768
281088
99783
148410
34749
130770
56259
61965
146349
98523
154089
181782
42552
270243
283914
134603
89268
15318
154812
50040
238590
66006
18603
4104
34506
209934
251991
89586
130140
263592
90270
228321
8028
197837
232167
20007
160662
5526
172860
103158
179406
195561
292598
13032
124272
259695
148266
206091
161010
125163
45936
286911
235044
169758
290709
221211
77409
93780
178983
111375
131769
188640
271179
8382
159660
282654
277875
56103
241554
198450
226764
82214
45099
247077
191961
110826
195066
284634
60090
27243
140976
280110
218142
164376
190269
35496
213534
156510
39627
122463
105543
189171
292086
201285
83943
221544
177219
31494
124569
130518
26856
223938
271485
186390
248571
80829
71541
90980
41255
191223
109791
117036
276282
49824
43011
219852
222243
136224
209286
70848
205155
197496
29943
12537
176247
221481
282555
280857
86571
267471
102294
264555
3257
38835
213246
160461
262782
261945
3474
11708
186453
268146
240336
257184
76752
36234
219248
253446
6738
207432
257832
77697
120627
72936
97901
8283
86643
21699
293922
41760
61128
191673
98766
37161
215153
42228
105507
191655
3087
28284
207090
78624
122004
66572
247245
81927
84402
103995
118458
212778
251604
132288
191529
143163
70074
240066
12825
160884
178254
111708
282159
96948
126792
37368
149085
59499
264537
191052
149301
24795
122093
239877
164592
54972
76572
170073
73539
257660
103977
265185
144369
192852
42831
236187
285147
85725
190005
158139
215298
12348
163575
263970
263997
6921
162039
185310
140949
205398
195695
294543
103364
141981
240210
134640
95517
146394
131472
129924
104511
123786
87660
89523
258408
141273
88218
107268
76149
166320
174537
23445
113796
137088
197658
103527
108675
69489
192798
278946
109476
201276
200511
14607
168669
288090
125280
277650
71766
116154
220356
234657
283167
51759
135099
179010
274524
153063
63513
71016
134199
203526
160163
179910
148932
77043
287964
287577
127782
140031
97524
109178
237276
215892
28377
45342
103851
60417
282447
201762
17928
169893
129573
35652
110097
265662
198495
103256
154152
175818
86769
10485
291662
163350
135990
234117
24075
111636
294462
146268
190637
221525
197010
204237
264552
270522
165995
48627
109962
88641
184761
177120
5994
70830
87777
116343
118116
252288
82575
169371
6120
9684
128709
251109
233532
159258
238491
235035
179919
77850
224685
41859
18990
169326
74907
60084
79008
239130
67949
128706
240552
264950
42372
31500
255429
24684
176202
28020
102735
235656
34437
241902
86760
192014
12393
86148
87033
157284
161820
84131
24876
255051
233568
189206
71892
281223
51957
204885
10701
142917
220938
242415
106839
39311
213003
35055
248391
89586
33696
59271
6930
292482
153711
38127
210033
228105
3393
135936
126918
270855
42489
125352
294471
185301
33660
65934
71145
117738
6660
134757
242181
150714
79497
199071
57303
188739
22167
15552
204354
176229
36369
56310
216045
56898
97731
12450
42399
65475
219798
283563
185661
171168
164475
260136
102258
147978
74898
181728
180972
271584
259830
82863
218790
283797
130311
250353
292950
163188
122454
243144
195309
47907
117999
12807
83222
195363
261072
176973
282627
94098
42354
264636
243009
266535
74457
242559
183789
274968
69795
14193
123084
8352
100106
135054
123114
121125
122823
205704
277542
149790
134298
250650
145809
205155
64845
69867
288765
47241
6012
101448
7308
261539
179091
257148
131354
228060
56403
269019
242424
255834
173295
73071
61668
215649
143280
229713
285201
273834
248913
21852
212094
188343
120474
13395
127836
116325
105687
221151
185757
278928
22086
92841
210078
73071
10701
291582
125486
169236
246825
93573
128982
222447
97992
130863
13428
159102
267768
157761
2907
25950
257949
97956
150174
171080
291225
243792
65952
281952
26721
17973
159585
229770
261468
15849
262512
66042
245094
251109
57798
56061
44964
207567
136656
159272
293724
107496
142514
136476
204543
152451
196092
283536
46845
95925
292815
137826
119520
32391
32148
170424
56664
43800
153234
271269
233970
177426
273474
40599
263088
166167
202986
2034
177141
70100
116238
198222
178173
70362
170757
3213
127107
4698
162620
35703
249768
120024
103752
275715
110493
91746
245880
282249
276714
144873
257103
37683
186732
147311
204381
239247
182826
214767
98540
268047
42606
172548
66027
28845
201180
234297
262278
57087
61263
242748
232559
188451
173817
127044
78921
34695
31995
102078
189333
85788
30834
19908
119268
195435
219330
232569
164060
167193
269729
132534
19260
82872
72746
268884
131733
77913
75348
76896
138869
153522
180426
67617
293589
25911
158229
221219
271890
191781
94311
186129
81954
81575
284949
104943
125064
83853
284076
2834
113994
66933
52155
97443
92375
2312
256677
260730
16703
34992
250478
107873
259641
540
215568
7506
85896
159192
99918
64494
293832
196893
65349
24219
290655
32922
88110
98757
217503
74466
185588
60101
162981
33507
90486
140022
2880
139896
141048
196947
161621
31968
144279
99756
51423
43299
45261
148311
87003
167139
43218
55980
198393
237231
155259
33930
150156
145377
111324
142434
192069
96408
171035
269001
272457
14481
207909
143334
172917
166653
9819
273969
269829
53316
206613
267372
268245
284769
285138
133407
37134
71198
179964
152496
186552
57621
131949
190493
27378
182277
288378
229662
286659
226305
45117
51768
256356
104958
80136
137943
287460
196101
294453
245835
192123
230913
150048
88335
42033
285408
223884
48645
118871
40068
259569
163395
16926
140202
205623
26808
141749
54342
110627
206613
1875
98397
55017
157806
76104
252423
120159
6885
178860
194301
99198
14121
221697
254313
129546
72324
126801
48060
182313
127314
72486
95067
178947
45468
185508
229779
144251
107901
270414
114603
101727
67029
165456
84177
5373
9378
135468
257139
3680
75597
121878
274635
150462
217530
209367
255402
152541
286776
244332
18099
38898
160290
80487
110043
277353
197883
155988
218619
158013
261522
42948
273828
47916
246888
277983
112842
143325
60936
100953
66564
143739
227187
243864
108252
142407
167778
153396
218619
79080
61794
263871
198282
114489
86022
178119
106290
156762
282525
129447
146529
14760
168057
121176
351
177873
150002
282438
260955
273609
29688
81405
70704
216000
197244
229671
103518
211464
208709
199548
275949
211599
54594
202122
149175
287532
285174
252953
252675
156465
108729
159450
200655
219672
245094
134793
89631
277920
212472
269253
162780
53514
75195
38250
217134
43632
163746
206610
226467
51822
241884
51147
116838
115191
185103
223254
168552
289026
106299
45297
275484
173313
223182
152073
125889
245679
172917
155745
10005
281817
133002
181413
189849
172494
209511
80343
11061
187089
157220
154566
738
94896
21294
148842
168114
92250
225818
49050
111852
292338
225063
32598
48627
251739
140238
160893
109377
8154
74223
108576
262053
270791
52694
109341
271296
287847
2394
169101
284835
174654
60795
200781
277047
34830
38295
196002
119358
2835
96696
138576
276839
28539
284894
250020
183231
288549
111645
92016
190872
159696
219159
65268
19179
178596
260163
290916
188799
204273
55728
118422
248742
271827
199836
30222
284247
8124
46926
43425
102429
149319
159974
213642
224082
260757
76770
290307
258237
33237
241650
293949
262638
25776
140589
245367
76832
86427
11844
226773
166452
168966
234243
184752
145269
6885
162540
65060
283149
3879
243603
279225
101799
96840
40752
143478
251297
130239
128808
188631
45
267417
192132
82962
69588
259029
108657
130959
198342
222966
186030
154782
280853
281484
255033
181926
69462
235179
274338
285183
92349
158550
87453
164394
249354
147789
101286
239688
213957
105219
231957
127530
167256
150705
67374
102441
93741
184950
246051
236429
294363
79605
39159
165375
166248
199125
277677
71397
263826
190053
123390
228024
267687
166329
69840
287010
234657
162192
261522
76680
114965
211635
29673
142236
191334
169821
119034
258516
79992
161226
233100
43956
128178
179928
154691
201519
194157
21564
19359
256923
233568
137043
35145
168345
37908
163656
239688
202995
189558
147555
293940
260895
104589
33048
197559
120339
241083
74214
156555
14913
215495
103212
192456
67977
200331
15327
83979
58761
293724
290799
229464
110079
221184
194229
187566
233415
253755
139707
203598
205524
98604
258813
118476
71784
185805
185184
84222
97002
42885
55674
136647
162489
245142
73674
99426
85482
274085
109359
115551
269874
246636
221733
35343
34695
26802
37296
21393
108243
143952
230895
10530
145413
93594
208539
97443
115929
213894
251613
70416
254817
60402
158571
163593
164976
61164
282852
76635
21060
260178
248427
95616
40572
276975
61488
186372
287073
187839
79299
9486
214974
264375
131391
151812
20898
159048
151677
150768
262497
191898
258246
94419
39105
20070
279792
194193
223434
293157
203706
99333
241596
216774
71271
17865
198567
166428
204624
104811
91305
209493
290862
182394
238524
138639
272628
86598
272717
131886
95715
50931
233316
270030
83556
242118
222255
90630
168786
37791
96489
243567
46485
290169
81855
54564
248976
23391
244449
139059
13491
245169
293544
39354
200178
128241
11331
27693
53820
11277
14346
291564
195606
12780
192555
156321
48338
156945
249621
293381
17334
241020
280052
247068
168867
34668
203613
126666
125469
105848
121193
271485
177570
29655
117909
67410
72810
172536
103014
44991
201321
269730
276228
180090
163889
103689
156906
1071
31131
219648
8865
207324
164736
23400
237936
195921
191286
45216
236547
48924
76869
111510
214191
197937
59247
207684
115713
241182
26838
198306
51038
156555
114335
173646
171927
76851
155580
243666
290529
102096
57762
73683
124923
148635
212940
226458
171098
129933
176517
2187
252594
174357
36963
33969
171444
289935
53055
201528
100818
65943
32886
236070
130212
180942
224340
66888
142029
113727
178119
205098
20304
19899
6804
99768
190602
286056
206370
69693
133155
236241
39897
28260
176409
118809
86928
14382
83385
181707
111204
170757
34659
79038
209043
168921
172863
84186
225441
145866
184932
275202
91539
202869
100224
52281
198990
236304
241011
51183
41841
99783
30204
259695
139113
98640
79857
235332
160578
46385
187995
244809
38412
127422
26100
80685
230984
27387
158859
274662
254151
164646
151344
103293
198225
9513
252072
54648
217881
274176
163836
202500
58635
126009
210708
92574
94572
41193
182511
139815
44172
271152
280692
113454
81801
231087
36549
18396
216873
284346
215487
128547
4617
24723
39555
172377
63342
134712
50175
29898
89496
151758
289134
171540
153675
105210
285876
69555
263997
125964
261378
185265
261306
92466
9585
159165
46080
198954
174879
282132
137250
85608
27663
54243
203139
69939
290223
24426
284175
56061
101088
128367
282024
249759
209652
127050
76365
141675
14328
82899
267777
180774
241047
282420
8469
241284
54909
16182
178416
190566
107577
229680
110223
198963
17595
17748
249057
201867
16875
233802
130923
283308
274026
58005
231579
211713
255474
90378
18558
192150
186993
172377
168678
180855
193491
194580
104120
121464
64746
56034
283482
218016
238419
250946
106425
65133
165204
132552
278793
174510
249975
47610
200916
294066
290817
264078
111555
123390
19313
230265
24570
65960
267597
230310
177039
248868
43263
127341
39717
169029
129510
207864
18567
145938
233901
293589
243921
157014
7845
69759
281412
184284
103047
40140
59259
8226
20682
159624
242775
218061
126198
273105
286218
14874
162198
1458
60624
65178
157284
138879
43893
82728
192185
253368
73170
281358
202890
157671
198432
210204
115254
237735
98504
280143
16770
48393
8352
83016
70155
189918
208800
286659
168849
92772
258030
143136
219276
262872
29709
47349
165168
139950
197865
3681
48321
121698
104541
193968
106776
85680
88056
107784
24876
12663
14103
68706
284301
56799
203165
143451
13575
62901
35505
267534
182412
5481
131823
112608
50121
169551
147087
170622
138915
188685
140481
220473
230679
184383
212355
190835
54486
172737
178299
175212
11457
97911
164646
188730
166614
197253
61362
256959
162558
223839
191277
246528
54576
180009
246852
27558
3123
203634
33165
262773
3123
195840
247869
284391
239868
75645
53874
136575
7353
71421
292326
630
202311
164511
244323
246825
251847
159336
32751
48528
91404
85779
112122
162000
115335
47799
205082
139701
279333
109926
45627
4131
124632
219558
158877
189099
18882
167022
23670
43248
74277
171729
105873
204369
282357
31032
94707
291933
95877
74961
124875
175347
111843
93933
266364
99783
252495
72639
50922
258381
47574
75645
99810
107193
133110
170580
249633
75717
247977
92754
73917
70407
216657
126369
31914
79731
83961
253332
294687
225576
286803
223416
197721
262521
92997
251289
90081
293121
206157
275733
271017
45467
98730
140517
258552
252297
100548
107091
158994
232821
280287
224343
9342
230247
248445
30321
41103
247023
176831
60138
96036
96687
85626
146826
258804
82512
51624
118260
51579
238086
158967
236049
25074
195093
191421
196821
142191
267210
246411
234696
263079
211716
206262
196047
77121
92385
131049
126090
251487
294417
98433
7299
77661
101745
80405
124506
168147
145026
151875
287577
176778
167892
146040
269856
94625
74187
231768
284382
108450
127134
52845
21771
200736
6051
263781
84438
81909
258786
268254
213822
43893
252450
123489
208269
81135
289647
122031
288450
228150
222570
115523
24840
49212
168372
55053
250938
229194
81908
273330
486
72666
249750
34266
263763
53190
51885
248373
113661
270846
4248
31608
241092
126189
4185
84384
39258
95508
266994
208710
33210
3933
235089
106794
217665
284643
177957
216111
200688
30717
175101
222243
269640
97614
20385
262647
134109
49095
47907
102996
65340
153738
225621
119880
8028
174114
169974
255888
203553
257310
82782
191241
80568
92817
249948
142305
131642
171693
282393
221931
287829
133380
163089
132075
99396
98622
151578
72705
133353
269685
135333
213012
163545
272600
197712
199485
52047
10827
43029
175464
77346
260676
228294
68004
119997
59922
187101
91377
64611
31202
125163
107634
238755
139167
2655
203823
119331
138468
28746
126270
24759
58896
12852
226476
190008
137294
227520
84411
173256
196776
243819
117864
69030
242118
162684
279540
283410
207630
113985
265590
166851
36576
87003
55848
222255
92420
92961
196119
221724
132486
69480
52974
13959
87714
116496
233817
73836
289806
179721
30969
24363
260199
65475
210372
144612
190701
82386
234318
260406
101073
245385
239274
146349
213696
106290
101681
259623
184986
95967
15183
151407
143478
249012
219707
159138
290025
145035
177993
186588
239976
66366
148023
290196
171792
128366
137934
122633
242928
36342
78084
182826
42660
58878
29151
153450
146115
268839
132858
224730
166266
115821
9396
95580
86733
100215
256158
76095
157092
239565
149526
162486
234882
47043
102078
33624
49554
20709
27882
264078
92943
220959
104004
35136
187290
64206
94284
191025
154692
218106
184473
138858
228078
109440
84897
93978
25101
188127
234279
117918
212571
98838
91287
78138
79272
133794
1974
234402
159048
67896
154899
92547
172170
95391
162909
244161
247620
33948
156456
114471
117858
39909
144216
170793
119871
180981
351
38925
168738
45630
78624
195327
242720
158976
93753
157599
20259
191337
104061
250317
28539
153000
56484
163871
174762
150957
253062
204495
83628
182853
84951
221661
61533
262431
47223
46998
33435
287253
251670
265041
285588
237780
156105
71585
181341
118584
99870
182601
157473
231723
222276
176400
218445
11655
7371
1755
237195
141708
225288
48096
292626
283419
191313
73035
159129
86841
76080
231054
13128
237699
7722
74799
290934
2511
96354
247266
109638
118917
200124
82224
148212
119601
23130
255113
257076
116757
134909
161982
53685
264060
77814
54279
