33 6 20 5 34 11 23 47 46 45 40 12 35 7 30 18 0 39 43 36 16 1 44 29 22 8 19 14 42 27 32 15 26 9 37 28 41 31 13 10 17 4 3 24 2 21 38 25 
137 91 152 52 161 33 34 130 59 67 78 66 42 89 169 55 156 49 154 63 150 142 22 125 53 120 95 5 113 162 10 144 105 167 165 57 23 128 109 18 38 111 0 3 107 148 101 172 69 80 25 170 73 83 35 31 39 44 93 32 163 99 108 14 48 166 65 129 50 16 27 84 143 58 75 155 151 164 26 43 40 45 64 20 141 74 123 100 92 103 28 76 153 81 62 90 85 2 24 96 79 132 56 17 118 41 168 88 87 8 140 4 37 135 133 112 116 98 72 145 1 147 13 110 158 115 86 21 70 61 7 36 131 51 119 157 149 114 29 159 139 15 11 54 138 77 68 9 12 47 121 60 6 171 126 134 97 124 136 82 146 46 102 71 117 19 104 30 160 94 173 122 106 127 
29 14 19 114 83 82 105 84 46 2 102 75 18 95 81 23 56 38 21 104 32 108 69 63 43 106 33 42 5 68 101 62 55 30 6 86 47 54 53 98 40 67 16 66 111 65 74 57 79 58 71 9 39 78 80 37 51 11 28 44 64 8 27 103 0 10 100 20 90 87 15 45 96 17 92 93 73 110 85 1 60 107 61 77 48 76 88 89 50 72 97 113 25 4 24 31 34 22 26 7 49 59 70 13 36 109 94 99 35 91 12 52 3 112 41 
3 91 38 72 124 78 92 45 139 51 137 113 7 133 49 123 2 37 131 79 65 56 126 132 112 17 1 88 122 75 150 57 66 8 94 20 50 104 35 27 74 97 93 145 59 109 149 53 114 0 15 16 63 140 96 128 10 90 100 26 41 68 36 99 102 54 77 67 111 98 129 34 110 121 62 138 105 141 39 44 46 60 24 64 101 52 83 31 11 143 147 125 55 144 76 119 5 14 73 151 69 86 87 118 13 29 22 115 130 70 18 42 23 30 32 28 6 108 40 12 89 95 135 120 85 81 43 84 80 103 21 146 117 19 134 107 25 33 106 136 61 71 4 48 116 148 9 127 82 142 58 47 
25 3 4 20 34 18 62 65 41 68 47 2 64 69 31 44 73 7 33 71 21 58 72 48 51 15 37 30 17 49 19 10 53 50 29 46 57 45 22 23 13 67 14 52 55 9 74 35 5 1 60 43 61 40 70 42 12 32 36 59 24 66 16 63 6 28 27 39 8 56 54 38 0 26 11 
21 46 24 30 29 57 33 25 48 61 34 18 22 56 15 43 68 55 19 14 7 36 9 69 2 51 42 5 70 27 12 65 31 53 38 60 45 58 47 67 40 1 59 32 52 28 37 54 44 0 13 20 50 64 11 16 62 41 17 6 10 8 39 63 26 35 66 3 23 4 49 
31 69 9 82 15 57 64 87 13 47 21 50 70 51 43 27 62 86 42 101 102 55 46 100 73 2 67 34 30 26 52 94 76 81 92 80 41 19 104 6 99 36 40 37 22 17 18 49 93 20 39 95 84 53 68 8 66 88 59 23 45 75 91 63 77 71 83 61 16 44 54 65 1 10 35 89 7 85 4 3 0 14 74 48 5 79 96 28 25 29 32 98 33 58 103 60 38 56 90 11 24 12 78 72 97 
29 37 2 23 19 26 22 31 39 4 20 11 8 25 12 18 3 0 14 40 34 7 33 38 32 36 30 17 15 21 41 6 24 35 10 1 28 27 9 13 5 16 
94 110 69 82 7 77 44 80 22 120 144 34 103 21 3 90 55 29 57 105 83 124 2 128 18 134 109 59 25 108 64 28 79 71 95 12 84 111 66 93 139 119 133 60 17 0 96 91 42 13 63 36 74 137 50 138 4 140 16 106 89 32 52 62 37 78 135 125 45 40 114 14 15 10 85 46 68 58 142 51 39 122 24 102 61 113 41 6 141 56 47 98 20 88 26 53 43 70 31 145 131 35 136 76 81 19 75 126 49 118 127 30 129 1 73 54 86 33 11 9 100 130 97 72 5 38 87 112 92 123 117 48 8 27 132 116 99 143 67 65 23 121 101 107 115 104 
0 1 4 5 3 2 
128 148 81 139 113 43 48 24 154 18 87 49 2 47 9 53 82 114 67 29 115 42 71 120 91 130 132 144 3 127 99 79 17 50 57 20 52 25 158 138 6 142 143 46 151 45 72 107 32 83 101 55 14 1 90 84 97 73 95 11 26 63 111 76 4 93 74 157 160 149 122 156 110 8 106 150 13 41 33 61 123 134 141 65 155 80 10 94 78 96 121 19 88 51 16 40 58 129 86 23 137 135 118 152 102 108 119 22 21 100 140 62 75 131 117 28 145 133 7 5 68 147 116 59 12 31 0 69 64 126 15 77 136 124 153 39 27 70 98 89 44 34 37 66 146 54 159 30 85 60 109 103 105 162 125 161 92 104 56 36 35 112 38 
90 12 84 81 82 18 44 89 38 42 123 35 66 31 10 5 86 72 19 121 75 78 21 26 22 112 103 64 95 80 113 47 120 102 32 107 108 46 6 24 83 11 57 37 27 36 65 33 98 54 92 56 34 79 118 1 110 9 8 0 105 73 59 68 94 48 93 69 30 25 3 52 45 17 61 41 40 58 101 91 124 109 13 85 115 97 77 106 117 119 96 76 74 2 15 114 55 14 88 100 29 104 23 7 70 39 63 60 111 50 28 67 16 20 53 49 116 122 51 99 71 4 62 43 87 
2 8 4 22 6 19 11 3 18 9 7 14 20 16 0 5 13 17 21 12 15 10 1 
0 4 2 1 3 
117 162 138 104 80 42 67 57 13 181 166 147 5 70 105 94 41 76 171 90 74 121 153 46 49 51 116 65 150 29 66 174 143 128 30 126 44 16 61 151 78 89 84 43 24 8 14 168 133 159 60 98 3 77 58 55 34 52 139 141 175 111 33 144 56 54 11 163 118 64 6 19 83 4 103 45 142 165 148 79 160 178 145 132 99 157 35 164 137 32 122 173 7 124 97 85 101 161 107 73 108 100 17 27 146 129 167 176 134 31 48 158 136 87 93 120 68 170 140 20 28 154 156 50 106 36 119 47 71 115 102 177 179 18 39 10 21 88 12 131 130 53 1 155 96 169 109 149 63 22 125 26 112 23 81 9 127 82 62 123 37 152 180 15 86 135 72 38 110 92 69 114 25 95 91 59 113 0 172 75 40 2 
75 53 2 31 89 57 27 94 56 11 51 66 37 76 64 20 32 50 18 13 82 15 34 28 0 74 69 70 63 90 35 86 36 17 12 43 10 55 59 85 46 39 49 16 47 62 95 77 44 80 93 1 72 54 33 23 61 68 41 78 7 88 92 58 22 60 83 38 81 6 52 3 71 21 4 25 79 84 5 67 73 91 65 29 19 26 9 87 8 40 45 14 42 24 30 48 
53 40 34 15 47 87 88 21 51 10 20 37 26 8 36 27 64 12 95 44 55 23 18 63 31 83 94 4 38 89 68 1 72 74 29 78 39 85 59 6 75 97 66 33 41 22 86 67 82 0 84 62 77 49 90 56 73 48 80 28 50 19 54 61 81 79 65 69 5 46 71 14 52 58 9 35 13 3 17 92 96 16 57 7 60 93 98 24 25 99 76 42 30 70 91 43 11 2 45 32 
61 33 58 55 38 15 10 53 8 39 29 21 32 31 23 12 28 64 43 1 27 18 13 57 66 50 60 3 49 30 37 48 62 54 16 11 17 40 36 47 35 25 26 59 20 7 14 6 44 0 42 51 63 65 46 34 67 68 22 24 56 2 19 45 52 41 9 5 4 
6 74 53 38 30 47 42 63 54 7 58 79 62 22 71 51 36 0 86 20 19 40 80 83 1 23 29 48 34 27 5 87 17 85 16 43 11 41 56 66 24 2 26 77 21 3 50 59 84 73 35 67 64 8 75 72 4 37 15 70 65 25 45 14 9 33 81 18 78 32 52 68 31 76 61 60 57 49 28 69 82 12 55 39 10 46 44 13 
14 22 40 58 31 80 45 108 89 110 133 126 122 141 27 91 81 100 107 6 18 78 23 130 144 24 98 96 117 146 139 52 121 67 97 17 124 39 101 66 57 25 76 140 112 135 113 50 152 32 132 71 136 68 105 94 16 102 64 20 10 123 137 38 74 29 73 127 11 116 0 120 15 56 125 147 103 21 115 54 2 61 118 77 83 28 131 143 63 8 12 53 34 145 90 55 5 75 111 9 153 33 48 109 35 37 36 47 104 142 138 7 114 41 43 134 86 128 19 62 93 82 13 156 155 119 44 148 42 154 150 149 1 129 72 4 69 87 51 3 49 79 46 99 60 85 59 88 95 106 26 70 30 84 92 151 65