56 78 22 2 8 16 8 5 25 2 23 27 57 67 39 23 31 26 19 37 50 17 11 21 5 13 14 25 24 46 10 57 49 16 1 78 26 56 11 20 32 23 7 14 34 2 17 20 36 56 53 33 8 8 4 27 3 19 12 5 11 23 29 12 68 25 2 14 71 31 16 16 4 16 75 66 46 13 8 46 4 83 15 32 57 20 4 3 21 30 12 1 16 5 9 11 36 19 7 41 17 12 13 33 18 33 12 14 8 29 5 42 2 32 11 13 2 67 13 75 3 2 17 7 16 3 19 31 19 84 5 3 13 22 42 44 45 24 78 17 3 25 40 9 3 25 13 11 15 19 81 39 34 17 1 37 60 22 5 60 6 1 71 18 53 20 46 21 85 40 24 60 2 41 4 57 5 31 6 60 7 18 29 10 47 64 27 18 2 2 3 33 41 66 30 28 81 7 77 15 40 16 15 43 32 36 75 20 65 22 3 25 1 11 1 29 16 24 81 55 24 9 24 30 55 2 24 20 42 11 5 18 10 28 14 32 2 1 21 21 3 1 43 9 43 48 51 18 47 44 23 1 2 16 9 47 31 26 31 5 7 36 4 6 71 23 16 30 27 36 1 29 58 50 71 15 41 30 14 4 22 20 25 7 33 30 7 4 29 8 5 11 18 11 11 75 13 9 78 21 29 83 37 1 76 51 7 6 13 41 85 12 83 80 1 16 15 61 42 21 59 11 11 24 3 40 83 6 57 11 2 34 23 72 25 42 45 20 17 9 23 9 29 17 18 27
10 24 22 3 37 17 7 1 38 3 31 31 19 2 11 6 6 13 10 9 6 30 36 11 10 12 13 13 12 25 4 13 12 7 12 13 13 39 16 18 39 22 14 14 25 27 39 6 11 28 15 1 4 32 1 28 16 13 27 23 2 21 13 20 19 3 10 2 20 14 20 13 27 9 25 2 28 28 24 31 9 11 8 30 15 29 4 4 2 13 7 30 20 14 25 11 7 12 31 8 7 10 13 2 18 22 14 8 35 10 14
7 34 43 41 21 15 5 29 13 13 16 5 66 12 9 15 40 45 24 30 67 20 5 27 28 9 28 17 4 1 35 8 9 6 41 4 59 63 6 26 3 3 19 1 34 16 7 48 38 24 9 2 52 19 15 29 20 46 8 18 25 11 17 6 43 2 1 7 18 62 3 5 1 18 7 22 27 14 6 17 20 15 15 61 19 10 12 73 41 2 1 65 14 17 34 38 1 40 2 27 28 9 14 9 58 7 47 37 45 47 45 2 9 12 25 13 11
63 18 11 5 2 44 19 32 8 68 91 26 90 2 14 16 8 6 54 29 22 4 15 28 15 8 67 3 2 29 31 65 81 1 56 12 8 29 9 2 29 3 82 44 57 7 3 49 6 8 26 57 9 12 54 34 6 37 37 2 70 52 135 50 4 3 28 42 29 33 10 26 8 11 77 32 3 164 56 64 6 21 101 34 109 8 54 1 15 17 59 8 58 3 57 60 6 66 122 9 13 48 22 7 8 3 33 14 32 70 21 42 18 5 6 78 96 1 11 17 7 27 17 42 36 24 12 25 10 1 206 3 4 83 5 1 10 20 84 26 3 48 23 4 51 59 10 20 5 24 6 72 33 1 35 82 1 78 13 21 36 21 20 23 47 6 3 67 14 13 102 16 10 14 2 2 8 34 5 43 63 117 31 10 50 4 9 100 25 74 7 19 131 49 11 5 35 14 3 2 63 66 97 152 6 55 53 11 25 19 7 10 26 27 49 45 11 8 15 8 13 86 15 59 52 5 11 28 10 30 94 14 20 3 23 44 89 28 20 22 17 30 32 10 21 46 10 25 43 17 33 99 16 12 5 29 85 51 32 11 10 4 3 4 26 45 16 56 10 3 51 34 108 12 169 68 81 51 8 45 7 4
13 9 8 12 24 26 2 4 2 8 8 18 10 26 34 36 21 2 9 27 4 15 8 5 39 16 33 35 25 26 21 30 9 31 12 9 6 11 10 8 2 11 39 11 9 22 13 24 26 35 2 14 22 19 25 25 11 17 37 28 2 1 9 37 26 17 8 25 24 10 15 15 32 8 26 18 4 1 33 3 21 10 14 9 8 36 13 18 32 1 19 33 3 21 27 22 9 33 24 1 17 3 2 16 31 1 35 36 21 10 16 6 11 31 18 4 14 5 12 7 29 34 1 9 31 7 28 11 21 18 28 2 2 10 18 26 8 30 18 33 22 23 1 13 33 18 5 33 17 3 6 10 18 8 28 31 14 32 7 16 3 4 15 3 5 10 4 19 30 11 3 35 27 29 31 28 5 33 39 25 16 25 17 18 27 18 5 22 16 3 10 27 9 24 5 17 12 4
42 10 23 3 154 23 40 41 8 20 38 38 7 74 107 95 2 70 5 17 31 51 2 122 6 55 131 1 102 12 69 75 13 46 18 87 32 5 19 11 132 14 75 59 1 55 51 3 12 16 42 51 34 109 30 67 84 31 11 15 55 71 49 6 3 3 59 34 1 62 34 23 22 19 78 17 211 31 41 16 41 14 5 2 50 48 9 140 5 65 25 73 25 11 5 4 12 10 22 65 31 85 17 4 73 51 15 65 7 116 18 14 18 4 117 17 23 20 3 26 60 7 59 4 11 95 27 70 36 61 80 20 26 49 2 12 18 24 63 28 8 3 61 72 95 33 20 30 2 30 16 32 13 11 17 53 1 17 21 69 55 2 34 88 14 46 84 12 89 34 14 5 46 9 4 38 23 7 8 12 73 7 90 42 11
1 10 3 9 7 17 13 16 1 3 4 1 4 18 10 16 3 7 19 6 16 12 15 15 8 13 10 10 16 21 9 7 1 20 15 2 8 5 3 8 10 8 6 16 8 11 5 17 5 7 4 11 8 2 14 15 5 6 12 3 16 2 2 20 4 16 17 15 9 5 13 4 20 6 17 5 3 14 13 19 6 18 20 10 14 19 2 3 8 9 14 12 21 12 15 17 13 1 19 9 16 4 6 3 3 6 12 8 3 8 5 17 12 12 15 2 2 3 21 8 4 14 18 21 21 4 7 5 13 14 18 8 6 19 2 10 10 11 18 3 9 19 7 4 18 5 5 2 8 13 4 8 16 21 12 14 8 12 1 8 2 6 9 10 1 12 17 8 19 10 17 17 7 3 8 14 20 19 10 7 10 9 2 1 16 18 3 15 9 18 3 11 2 18 19 1 1 21 5 21 7 1 5 9 6 13 17 5 14 14 7 20 7 14 7 3 16 3 4 12 19 2 3 18 18 11 20 2 17 6 18 15 10 15 6 9 17 11 15 15 15 13 2 1 16 15 3 2 3 9 16 21 20 14 1 20 6 8 13 17 7 20 15 19 2 20 5 9 8 7 16 15 7 18 16 19 5 16 11 15 6 10 1 16 3 19 11 18 1 10 17 3 21 15 4 14 20 15 1
32 9 24 30 3 5 14 69 159 28 4 10 4 16 20 17 9 51 71 11 74 46 12 26 38 11 18 5 14 77 27 3 19 3 6 57 22 39 165 94 17 3 71 42 57 8 81 17 7 56 36 42 43 33 44 3 12 10 6 7 2 18 2 41 67 72 50 21 21 29 58 23 5 22 85 23 17 6 2 68 29 13 2 30 6 50 139 10 15 38 3 20 11 15 54 100 5 1 34 19 26 20 72 57 54 9 155 41 8 1 5 24 4 48 104 8 119 40 53 62 26 68 1 10 3 35 18 63 53 2 81 6 154 5 7 6 79 9 4 19 25 17 65 11 64 31 11 19 47 53
107 71 55 2 32 144 59 30 3 45 51 76 24 22 7 12 44 18 15 3 12 13 17 26 17 28 14 23 26 43 31 17 24 8 21 15 22 3 7 122 17 2 65 18 20 77 27 4 162 32 120 19 55 32 58 111 1 80 3 15 1 27 36 5 80 3 31 14 13 28 5 50 1 19 13 110 15 7 19 161 50 67 96 56 28 3 12 26 9 61 19 9 3 44 55 17 8 119 12 132 64 34 7 30 46 176 2 222 56 2 6 23 13 10 6 20 53 66 44 27 5 71 57 9 100 3 17 38 8 66 15 19 22 47 94 16 15 38 5 27 47 38 2 90 67 50 14 20 6 13 30 6 15 12 39 12 3 28 7 10 17 35 23 6 18 10 5 5 55 2 14 3 2 2 53 33 5 41 4 23 1 21 27 1 31 9 68 10 45 21 10 29 68 25 1 2 8 102 18 53 14 42 14 48 43 5 6 19 25 49 94 7 12 5 12 38 12 37 50 20 22 48 45 11 49 18 17 43 20 92 22 26 45 63 96 23 6 43 101 28 8 21 12 34 127 12 102 8 19 90 41 17 39 10 9 2 13 15 27 119 7 23 62 65 14 3 29 23 13 46 7 11 7 25 171 2 3 31 13 196 47 11 17 11 15 26 13 27 12 7 20 79 15 12 2 3 65 14 11 24 8 15 8 31 74 13 57 83 67 23 5 87 13 4 29 56 44 31 73 1 19 27 15 45 5 2 90 37 188 1 3 29 47 33 124 26 67 47 13 70 24 7 57 12 13 7 13 140 88 25 21 17 38 2 9 19 16 21 105 88 32 64 19
2 1 5 3 3 3 3 4 4 2 3 1 5 4 2 1 5 5 3 4 4 5 3 5 2 2 4 2 2 5 5 1 5 5 4 3 1 2 2 2 3 5 3 3 4 1 3 5 5 1 4 1 1 4 1 5 4 3 4 4 4 2 1 5 4 3 2 2 3 3 2 3 1 2 2 1 3 1 3 3 4 5 5 5 3 5 1 5 3 1 5 2 5 2 5
