621393937
453440078
418377780
834011106
182258480
227043906
671311825
330907874
909483204
188581374
757781365
845057570
902539330
146835219
538481548
573361540
616531687
401512121
301760556
767085298
583553734
454204628
483530891
273421883
468391074
278203495
780759233
9166672
260842481
625497444
934932655
201969655
796854255
28872328
391119748
417657941
28894152
796428961
654914003
324461047
18866561
639887950
672093370
242012255
175525798
50917741
129368579
770556002
851044979
789986395
841715500
3726186
382127252
205560368
139563229
700757725
868410847
368626789
42410583
410077021
170447509
236485752
242933110
20788103
706639560
346842778
772006120
261160126
155762603
68882115
157955977
911650284
150552737
556945855
290343007
918679061
881373723
485818014
974672383
668011324
408010036
730936975
477235834
991701701
687373166
626002651
174243074
484571445
358212178
605048666
468332076
756809348
666208408
849833799
565464452
609622245
683445082
843839779
255711081
194051116
