30
18467 41 2 0
19169 26500 2 0
29358 11478 2 4008
5705 24464 2 0
16827 23281 2 0
2995 491 2 0
5436 4827 2 3432
3902 14604 2 153
12382 292 2 252
19718 18716 2 1180
21726 5447 2 3879
1869 11538 2 0
25667 26299 17035 9894
28703 23811 31322 30333
17673 4664 15141 7711
28253 6868 25547 27644
32662 32757 20037 12859
8723 9741 27529 778
3035 12316 2 0
288 1842 2 2479
8942 9040 2 1186
27446 22648 2 1158
6729 15890 2 0
15006 15350 2 403
3548 24393 2 19629
24084 12623 2 19954
11840 18756 2 4966
13931 7376 2 0
32439 16944 2 0
5537 11323 2 0
