40
121331680 10001362 3 0
121332382 10027821 3 0
121342571 10012799 3 0
121318918 10025785 3 0
121330040 10024602 3 0
121316208 10001812 3 0
121318649 10006148 3 0
121317115 10015925 3 0
121325595 10001613 3 0
121332931 10020037 3 0
121334939 10006768 3 0
121315082 10012859 3 0
121339512 10026988 3 0
121341916 10011215 3 0
121343546 10032643 3 0
4664 15141 7711 28253
6868 25547 27644 32662
32757 20037 12859 8723
9741 27529 778 12316
3035 22190 1842 288
30106 9040 8942 19264
22648 27446 23805 15890
6729 24370 15350 15006
31101 24393 3548 19629
12623 24084 19954 18756
100006186 100011840 3 0
100027528 100013931 3 0
100025846 100032439 3 0
100022758 100005537 3 0
100024149 100002082 3 0
100032335 100004833 3 0
100023924 100029658 3 0
100003526 100013977 3 0
100006241 100022386 3 0
100020292 100026924 3 0
100027997 100005829 3 0
100017732 100005097 3 0
100010381 100013290 3 0
100025987 100022355 3 0
100005251 100015574 3 0
