30
41 1000000000 2 0
6334 1000000000 2 26500
19169 1000000000 2 0
11478 1000000000 2 29358
26962 1000000000 2 24464
5705 1000000000 2 0
23281 1000000000 2 0
9961 1000000000 2 0
2995 1000000000 2 0
4827 1000000000 2 0
32391 1000000000 2 0
3902 1000000000 2 153
292 12382 17421 18716
19718 19895 5447 21726
14771 11538 1869 19912
25667 26299 17035 9894
28703 23811 31322 30333
17673 4664 15141 7711
28253 1000000000 2 0
25547 1000000000 2 0
32662 1000000000 2 32757
20037 1000000000 2 0
8723 1000000000 2 0
27529 1000000000 2 0
12316 1000000000 2 3035
22190 1000000000 2 1842
288 1000000000 2 30106
9040 1000000000 2 8942
19264 1000000000 2 22648
27446 1000000000 2 23805
