5
17 96269
2871214 4163927 8636774 5138407 3301518 1030500 8719372 8514242 2073041 485638 7739488 568441 3177601 5390153 5149464 5457881 8123130 
8725152 6385466 2225023 655669 1784031 3721282 1039099 1809331 4154932 9470936 1189279 4690100 3905255 6685548 7561315 8069182 7838674 
5216074 3887052 1385527 6451799 2401295 3458568 9453789 2657135 4027009 2631390 563640 1692825 605623 8686771 2934330 6991090 3428146 
3589999 1291473 9665780 4629098 3100804 3820712 4100035 6806436 1027165 8005290 6008336 8588480 8590824 3847010 3804554 4994228 7748889 
2772705 7395523 1207457 2226494 2569010 5234467 7374236 3132651 9443644 7979860 4335774 2377974 7487302 7763920 5967973 8778775 7429700 
597072 4395932 3766764 7213459 1202368 4793929 7735101 9727056 3382409 6325925 3574066 9703316 1320153 1322956 4992373 1232029 5046765 
7218868 3801039 2797584 4593104 9450042 2241229 2572964 3785816 4619203 2576618 4066088 3103529 1355394 1495788 6216953 5751326 5262553 
3430412 9470046 2572834 1165513 9197102 8471596 7790 5287520 8174912 1327943 9126828 5683637 5076324 4173594 2902505 1393716 9487530 
7495610 843758 1728759 2584926 7145927 8864315 7677897 1212015 1967844 9033291 2707804 8184797 7300969 486709 4131561 6771015 5575895 
5297074 8484469 4047491 5304864 3771989 4738755 9149159 5415170 422393 6741836 2105116 3324898 8135552 1592646 3336860 8979310 5837758 
8438139 6125237 4702073 6116036 9853605 9186269 7665679 2561409 9887418 4966648 5564470 6535331 4254015 1140365 1832405 5254836 5187857 
9653621 1543177 2442964 1319132 6958347 2865357 8060968 9063463 6190256 6196520 3172462 2043468 7692183 9010220 481607 6333772 6228645 
9113995 6187377 5414914 6779674 1265138 7818684 1746322 9345960 4354015 8516689 486326 8702772 3771525 8190535 872745 5314703 633499 
2191877 2273050 6015209 2769198 3852866 2205465 8965718 7025328 6765285 9174253 8551900 7246893 5508026 4780545 6360888 1695403 2711811 
5656915 5476894 530495 7403237 4822854 7400862 8436279 7825532 6103634 2207804 8532419 6976379 38859 1682271 1684608 4828262 7697480 
4453806 8681128 9902945 5935877 8222808 6668230 5110130 9291060 6431475 3134508 4071605 5308716 7346264 6783416 965631 2823158 9830263 
885220 7646012 9747477 9321499 7987897 8367463 4045656 6520316 7860194 4084515 8202587 9544802 1429129 5900067 6514961 2626609 8319364 
41 65770
7503947 77320 2656829 6451774 5728181 6728434 1760490 3074445 6028202 2726121 8413955 8374817 3611342 8576319 638646 5449193 6564216 9006109 2011201 5600885 6866303 8612069 3803472 8927458 41198 9703540 7958771 2667808 539256 2925961 6033577 8043203 5519633 8690407 4494978 1247814 7935193 8771820 6838611 6479748 1497942 
5252566 7370917 7625636 6345238 8009564 5591181 5425806 7015673 7602383 1026691 6398329 8730804 4830164 7842139 8772002 7050056 5800910 1439810 7589312 8726871 9989740 8148868 4246504 1196499 5160198 8010671 1648044 3932018 4849282 8127792 7946312 2618201 5498710 8088300 8963439 6024626 6195834 4389245 5556651 6314569 5415937 
1954980 5045373 2762453 9797119 3817375 9812509 5598029 7773538 9918173 6841252 279630 583393 1087757 1476129 5743591 9098428 3124173 2191962 6464062 3768318 2654626 9082263 9267028 3259279 562054 7808006 9455113 7467652 3364657 5769682 2883589 5319638 815055 8162394 7633109 7148782 491255 5747491 7438672 409428 2588743 
7718302 3509174 6192852 9194431 9252765 7807632 4834957 3961079 4271695 8603275 6615706 5870310 386655 9874985 6432365 8194661 1846450 3900017 1559318 132484 9299958 6878956 947539 7462352 7028418 612673 469959 2775909 8051346 3395739 7881004 8286000 6904913 4073857 7480432 6157679 4397841 4831741 2635110 8669536 3435016 
1767168 4539847 3821671 4158505 3488564 2016332 6004955 7388581 3575650 6137439 9204891 2970959 9601330 9183595 9999377 214004 9653554 5291638 781702 3049293 3172642 9067702 9954207 9762851 9064486 8628238 4160693 3896227 3779700 5346581 7331243 5546869 2402780 3669266 9705374 5891344 5685598 5710330 5796277 1777601 4364121 
5001168 7264912 3965452 6701115 7264289 6695808 6354669 5072279 9993862 1920315 761273 9061564 4390874 524125 642403 5535464 4684818 4538630 9315164 31399 4386226 4862033 2434180 571844 4567408 841876 6257443 2794090 6638154 551396 7158211 4155674 7816308 1123663 856790 7596949 335823 9727811 2669228 329685 4164478 
3430501 1907602 8555352 6470978 2550005 6607168 3672148 9604987 5922333 6219900 3991213 784366 1170432 4563058 7868126 2012308 3336853 662216 1166814 6404601 336780 5322489 4220909 3976795 8695631 4334210 4312619 939794 9519790 7158656 7620625 5466643 9066258 8692329 1937622 1616263 5299498 5609770 1221251 1221831 4346022 
7728816 4522549 5516454 4808226 2390676 7528763 661431 5569244 8695577 7066032 5906024 6534418 3803293 2399172 7746401 653855 6711791 8686196 173645 3870447 8823173 8156641 5453058 7515502 94263 7069321 2815000 8220385 806924 6553183 5082760 8535741 1075733 599214 3343967 3466409 8127977 6521751 1552005 9339907 3587783 
7458030 5874325 9907429 2373554 6137079 561284 9085345 7339627 3251282 5472144 6162800 1407923 925202 3678302 4018538 510876 9009655 4755275 1317800 5562838 9838035 9853541 9154923 437250 5713861 5137684 1081579 4751964 6689690 421486 8339747 6664072 8812164 763528 9037626 4949243 1324813 639323 2288870 4576095 8627819 
8451670 5984018 2069374 4646324 2556 2580250 6172331 4757831 6414402 4251522 4595867 6267944 3406445 7549469 4498157 8544130 8631048 9250121 7750172 9052535 106220 6930596 381051 869749 8484574 5330294 4710914 9123897 135516 9287009 268068 8587186 7787379 2337442 5749862 7789935 7434044 1922194 5064118 3848447 6173716 
2176337 2632743 2096513 9725806 9647252 3156995 8356855 1413725 907167 7409390 1519945 354115 306793 4906046 8838689 5637087 9616960 478938 5772603 8903969 747007 6876141 6691348 5600801 5142355 6997635 3034846 7064549 2061754 9399645 5754617 6754443 4548740 7851131 6480250 4195992 3524478 4837105 5609717 6947998 4762847 
9646014 7302113 5069640 7068413 6140803 3223079 6685373 6619741 1512034 8105695 9883100 8388175 7313395 5483902 6046882 4311031 1035100 3111432 8889137 434745 1382401 5643580 7499837 1749884 4640182 1695829 5274363 1993639 9821898 2222361 6756486 1984264 9524474 4342478 9052677 8181629 7565557 5738051 4801371 9077591 6360098 
7200823 9982118 3673493 2684725 6029001 500876 6236177 1656785 1906365 6670922 5555538 66298 6687111 7305423 4706480 8382940 5096138 6700120 721190 7318499 5972958 2705455 9359325 315437 1758132 7540955 397346 12535 4858678 1991290 6372633 2059501 4489760 2562479 7260579 3035113 3063355 3496756 4691898 4969721 2684031 
2763789 7552371 9371142 2585564 2258851 270435 7681702 1475323 991625 7516553 7448282 6213432 9392230 280071 487917 6933185 677417 500452 4308215 5185059 9389438 8884069 9674820 4468269 8661000 2709933 7531624 2157756 9918184 5017697 7358139 2681973 2570068 6729282 5267537 7345272 9516069 5465591 8820595 507694 2982144 
8785229 9237479 2374374 9065300 9725396 1823912 2259070 2742200 8648479 7444129 2131638 48900 7118949 6599907 8709900 9828883 6647884 867657 9747067 4181933 8225796 4945392 9268354 7471430 2729281 6613626 6987499 8194872 7950573 11546 3693368 6735803 9249025 8584094 5801103 8974421 2924358 8060173 1716621 1572838 8020655 
6364612 1621738 5139604 5480871 331639 7484839 2128755 3715648 9748258 8827041 4457796 4693650 8095395 4445579 7422931 4709021 1433078 8134155 2659594 3960976 4343875 1911749 3210001 2927970 7712853 4700774 5852328 8289378 6417396 9941518 6310033 2782008 4079609 3965990 8262879 6927600 1450829 2907987 3159600 1199088 1735028 
7617396 5892738 9830423 4579327 5832022 7055796 8528758 6482529 2231742 2489734 826405 4143492 5699736 6270727 1856345 400510 4639407 2662075 9334258 7097278 8972109 4632618 1176887 5454451 5411850 620839 6905280 8319837 3780439 8104368 2571217 3914187 6513459 2401640 8493515 4861833 1973788 7022273 1344362 4205530 9512007 
4687119 8349022 7728095 3474198 2721719 644958 8113606 5383795 9979216 7727236 6872256 4611835 8904123 2326707 23685 2041314 9231987 859874 5821753 9852708 3431091 9735940 6366167 8349083 745807 1228000 322871 284432 5088714 4528401 2312792 2292186 5393776 40887 5766384 8115495 3202197 6396342 6015642 3181414 4123578 
5404250 309601 5544053 247309 2849638 101719 9479297 6225864 5923472 1848357 9656955 8175765 730876 522390 1437924 4475228 845261 1722357 9563942 7890014 4035149 4372480 5800142 4076036 138865 6431990 7278234 9051559 2447632 2976000 5691490 7851883 5801953 3751895 8099192 1167943 3853615 94841 7393807 2293439 4459550 
9567114 469204 5190426 89504 1907129 9665654 3451117 6145838 1745949 3857483 180987 6118429 9657626 6773375 8773646 6089616 6567961 7825206 1053600 2060313 6033048 1421835 7862266 2301295 9521028 9030209 8671262 2132221 8940368 964702 6591772 8507482 3950258 4298550 8596986 8373739 3964205 2048103 4519577 5710154 5905587 
4700564 4344935 8079565 3990292 3118582 4169181 558253 3460140 5222781 2618567 9493188 6644617 2997185 4310835 8681997 2027395 2982098 3330570 3484115 3946800 2438694 1991598 413410 6737245 3104936 8787150 3217802 5153040 3306727 8927956 3574979 523644 3272891 4170896 4513936 8907825 8340077 7588541 2367965 6079210 207108 
4377505 5240179 3204294 8688341 6438528 7748041 4186791 9769099 1232156 649943 2207793 5740106 1063353 1461390 8845043 9850503 4679192 6514435 5673583 6123500 89414 8713579 1912744 4260310 5743867 3336921 5116739 3332408 5704887 3712301 3539517 2598744 8952481 9260163 3803437 5391009 7008204 7990228 5160108 756712 8640171 
9884254 6496819 9703525 3861996 5341862 2070380 1057541 1856297 7743963 9697393 4462063 6457542 1610137 1238725 2201409 4947059 6355464 8050170 3168298 67765 1589687 5767042 1536598 3366202 9570480 6927608 2890758 77060 4604068 3647470 8717232 7004674 2660641 937109 3383023 518855 3007489 4440564 4891504 751453 4137957 
9353567 9725347 8264447 592292 4443109 5727858 9464108 2493279 1412508 2048226 6599318 9695902 6101176 9965520 1782734 3028784 5372630 1859795 149205 9020100 3093379 9670231 4197094 4030488 3053254 4715949 7037977 10170 9607454 305782 6664480 1477373 31130 7445279 4586018 4474239 5689489 6566478 6967518 7101997 1131056 
6083188 6797899 7232233 6048708 1096986 2777369 1421338 2956781 5442926 2957790 8566512 5113158 9671236 2597000 682764 6903538 2151329 692935 9027344 2457112 9873767 504717 2488242 7319046 7607087 9478833 3008535 4173566 8962703 2626884 5304622 5045891 1941135 5053207 3610951 3038121 7830577 5032289 8511254 3273503 506431 
7077766 8386661 177668 9674766 1585778 9597558 4342448 4795065 8624902 6799560 4668832 9129619 1804154 1987878 9253059 1282987 7512765 3426625 2762042 139649 1247599 7807933 2080784 6300807 3935236 7635258 6647736 1483877 6146512 9921239 1990308 3224279 824253 4684328 5415397 2410031 4281886 9757845 7205096 5423140 9073757 
4390280 7069112 877911 8894510 6322171 4677250 6407275 9748796 7439292 9063276 3512747 7763577 3660412 9813554 1698813 1295670 6461290 5699042 9958535 8898882 7689351 3182814 9723135 4890031 1114563 4649518 1688270 3388761 4370966 7111410 2462518 8761246 4180522 3340430 7655756 502693 8017680 6579383 2767841 7973325 5642659 
6280589 8253254 1819423 8610495 9952068 5631446 7588138 5651110 5589981 9003372 5856813 1289147 8726507 3263197 2403710 5892377 7467819 5792471 263343 4579229 8254990 1540941 1276104 4111772 1713049 4295149 4645804 8292432 9579343 2619129 6451443 8376284 872384 8270866 6986779 3340804 3902312 7091269 1508266 2008645 6094641 
9881432 3297792 7337500 5660981 5701503 5746229 3128800 4010326 8525924 224381 4781668 66865 4016837 1409792 1779914 8311987 6055597 2588698 7891330 1191078 9040141 8783966 4579814 9827360 5770745 7920618 6246024 5378367 1945237 8254670 3989360 4343021 1552462 3843213 4002 9770317 9589442 5649154 6296996 8115367 5873535 
1078664 698584 9890373 2488457 2478499 718712 1060406 7583549 1126394 2251484 6623691 9910360 6831299 8967403 8197457 7268269 7729779 3575824 1729858 5984449 81537 8589231 53264 3924750 8593233 9823581 3514192 4242387 6120577 4145911 2632275 9715594 4844496 2522648 4720403 7322995 5757712 8297161 4906544 6884106 548645 
4046587 6794466 9896296 5530342 4991923 7164566 3260122 1084100 1410776 1760923 1165637 8 1814187 5090387 1109593 1637769 1120931 7868333 274698 5266843 500608 2506644 111339 5539608 9743399 9950686 1297320 8040560 7373582 8181426 8589206 3936522 7492244 1001854 9466864 5000519 8166420 5243338 6084619 2093549 7004262 
9766608 2093557 8818449 4856995 3203150 2972570 8494279 1071483 5763621 3761122 4088443 8270265 6388813 9628051 530017 6339499 3441723 8570577 3713081 4139501 9676135 7649603 1631745 677990 9632820 6632265 1360762 4876158 5233236 3454311 4396772 4999845 5547868 3215222 2373192 1267371 8704144 3383823 4855206 4467765 7144945 
8943650 5254383 6050110 1088053 5784400 2389609 4529777 6871329 8619043 8669278 6547465 8784998 2817376 7225455 8417818 1965993 8586217 5810329 9715581 2040529 207101 4715426 104749 5938675 9604971 3888472 7159172 2988794 8743679 4143289 2650092 203681 9397672 8700202 3808086 7698424 3606164 8337863 4569754 2225207 9523494 
3633571 3526557 4857222 859026 4460728 9339567 1961595 271057 9055148 4002124 2994510 6286927 6623226 1449538 5891898 3028050 8608710 1397044 1771729 2751999 6563488 4491762 4666024 7780043 8299849 4880800 1386207 9154064 1966906 6127766 1193910 5600477 2170675 6051132 6459503 6631403 5390699 937451 9418812 4445848 4939575 
4929675 3249127 4079153 6379213 9141025 7107204 7504275 3054421 1395285 2772626 2134262 8403400 9955002 9914305 6703249 4835803 3816864 8373665 6802709 2460982 9567576 4919539 4631657 8135060 3895394 1263061 6042112 4832845 3198225 487960 2288773 8127900 3737087 6367926 7023465 5394464 5991482 7044092 965237 7386768 9816719 
3099499 8306520 2288073 3013804 5009769 7123876 9347020 5899786 6442938 1808002 7983714 1362477 8956012 6118775 5257871 2735425 2160887 90717 5933650 5165199 2379490 4061551 1418638 1263768 1085016 9329454 7255251 645461 294691 7158371 462180 5910543 5464891 5266605 1440699 2991012 2390482 787720 1407150 1349772 5112074 
9390865 5228601 4068086 5509640 3002824 6803511 186879 3093541 2737162 5352078 7989383 9315065 6770716 1769504 2916433 6100170 1541107 3561894 8911213 1215830 6540426 4821756 6680721 1807032 6262456 2188085 6713866 9566528 3595235 8063638 4678602 2986100 5808591 8746689 1012092 8811415 8066552 1198971 4421309 803714 9067401 
2410692 2635131 5838117 6696548 5551565 4454639 8237655 9113459 5882205 9453485 8170238 703961 8650558 9977270 9482769 3354995 6691136 9049297 9466583 7271126 6244252 4969035 3079717 4990941 5981128 1891132 3057493 9696451 6312441 6377560 8763853 1239486 1529043 7118322 7936034 7080608 4089314 8690042 8710420 9971519 659879 
6880658 3191832 1826790 6857928 5190954 5181785 6065416 4240251 7164720 3336542 484503 2133756 6416259 7991796 631236 8307391 3565642 327687 7136185 2459554 1607892 8375671 3988597 1242567 8828057 3585558 5331881 34451 2295978 7819752 694331 1692988 3527936 5037473 1067268 8718890 2735610 7132684 5475494 9900331 2985578 
8476349 2034087 9401837 6468146 2665323 225580 2550140 5509362 7361765 5009694 7117255 8253788 1514643 876174 7081846 5100201 6208055 7116297 9912531 6544159 326980 4121871 72095 5364453 5189139 8790986 8100064 4838175 4266480 8000395 7823753 2742829 2550834 7225590 1727327 7732509 9967523 4277467 3241871 7329288 1803513 
2875478 8099429 5834509 3751652 5181275 934710 2476059 4813924 3363594 9020218 5140905 7485465 1608666 3021710 2674605 399652 1121774 7512780 7182484 1638521 7852886 2441665 4189355 5078476 4168993 1921864 7562351 962812 7680088 7407992 5282678 3071918 5507421 1117187 9339923 688696 2051897 1815982 8018972 7931843 3352553 
28 17310
7477571 8697940 608266 393575 9819714 637398 7576059 3974588 8490284 2534076 8163943 6085113 6703069 2602160 3647464 182234 2798600 1055456 5464912 5870518 6562877 6582099 5210441 9767925 1150348 9542776 303250 9082192 
5411681 5979479 4499501 2889252 4677419 5107767 3282827 4497134 5745165 3375238 988074 6751802 5909314 1668369 2836915 2612384 4270529 6484379 5310970 9585481 56188 775882 7972352 6619065 9874333 3182793 8903343 1024681 
5241921 9206593 106873 653602 5186072 7122726 3542854 9863492 4746845 9342033 6876978 3008363 2717271 7865052 9760165 8626586 2049773 2597080 3755322 8836655 1597811 9066292 8422136 1653999 2358526 6394488 789417 2232859 
2093634 2209112 3257540 7335555 3932057 5880766 505510 9118129 5519844 4048364 1497973 266690 5906750 891303 5791405 8624021 1272707 5551570 7250607 3322481 665002 3522281 2159136 4779165 2588573 3097624 8949517 4947099 
9492113 9738934 9696310 1585747 4464398 5470203 1437654 8396455 1350969 1943164 30936 6870813 8507881 4045262 9653855 4414631 4936565 7961612 5555004 8725625 6029534 2805612 2048106 6694536 6327893 6723594 3990054 1432819 
9821218 2939571 8896270 9313331 5194857 8592581 3415430 9659255 4062784 7369437 8055710 7930105 9312601 602998 7317270 336834 4648260 6971126 7267817 9584826 4932738 2822822 8310451 962273 5628434 2874909 173161 4472679 
9598503 6679567 8421850 9419721 9619138 7318121 1249405 4813995 8427054 7181187 6989602 2489838 4550624 7561664 2936295 6379578 8164663 253565 9232764 2812923 7224691 6500582 4914101 4673782 9323404 5740904 8152407 7468190 
8615813 841920 4457221 730668 7521488 2879072 2666742 7140626 2713545 3916147 4470974 1140599 3613686 1460576 6146789 680663 9022241 9083084 9576593 9703256 9336649 8809357 2516179 9077693 5309939 9946633 6267827 7149695 
5687537 4420234 7134237 4303351 7778506 1591459 5034019 5299994 4470531 7700761 4956973 7184076 4133260 9427947 841027 7746947 3404875 6987816 943962 4943468 6070900 520555 4646724 7923901 9329912 7162904 7001594 7156204 
7109537 3269421 6822251 5313426 206007 3956489 9616777 7984514 5547948 7167149 3284508 2534831 4867910 8241481 2235259 1517523 185780 3076286 1780822 3590656 64102 2724784 8534124 8651354 3245339 5697201 6575255 5091603 
5376457 3576850 4764159 5002346 9362623 1586411 315772 9568631 5542900 9932550 7553145 3607200 7099699 3354005 6142031 4483961 4111839 8377290 8517836 6813971 1453576 298658 2920979 1517678 5539794 1455104 2685384 1301485 
9668657 9260639 6393089 5045114 2837489 3673600 47460 2200113 5260011 363232 4285096 3319263 295782 4354593 6926463 9911833 7708598 3068494 6912147 4336789 1445784 5429983 1150761 5415712 8244994 4071740 9449742 3784788 
8043196 2135126 7602626 7711853 1395766 3995715 2756967 6749607 7669315 5320779 8949720 5445679 5684012 5751168 8764942 8496146 105761 5691406 8407980 7814360 1276252 7836479 4667501 5238389 5782814 5818262 654101 6544160 
2406355 103844 2845301 2965903 2238970 447927 677757 6151088 6959994 5951076 2900696 7145661 1271856 4366768 2591340 6955868 117937 3872635 7968366 223698 2080393 8892698 8038058 3356645 6729177 5221912 8595034 5028344 
1040174 1765488 1572504 5962881 1869332 4417805 8928785 6624654 7382084 2122894 2775743 4342078 8073970 5676439 1487740 1862178 2559559 4079080 1334398 2677496 7951715 9302765 2901195 32108 8195463 3455605 5905106 4924641 
8677517 4500140 2469337 2234044 8781980 4041841 8196925 651312 975999 9642062 9792319 8358083 1764956 5084414 2700162 9838927 3277205 6704254 4217457 5836764 783334 5551856 8514261 1251402 4854621 1415456 3799862 3050084 
4871061 9704968 491077 6064931 6721461 2960414 8298975 5503441 9518608 9012252 8671106 3010959 8654315 979777 1369042 419271 6064191 6585556 2774550 9341396 5806162 6992008 5178160 6589497 2543864 6208773 357251 9914837 
7624229 4157113 2964921 5011643 6378434 5972351 1076574 5616247 1449117 9375549 3636040 967725 8387801 4823498 6495036 7042116 5803275 380431 9977740 1867466 6965987 2752290 3725214 2772150 9744298 1419727 1877999 4804514 
7628500 4751602 4719351 7769082 1425067 200625 2780725 319853 6172976 3857299 5936100 7622093 5749200 2088493 1106171 6653353 6911991 7601207 6211822 2715267 7981638 6189562 7099085 7463978 1458204 3340652 2752480 1202503 
4760379 7146831 8523369 4905231 1898433 3242721 2674313 5839852 5959698 7971390 6159706 2132674 4345041 2095806 2271119 94241 4184299 5893642 9263947 3612643 6011202 5475769 8844262 6509192 1665331 5943347 3973170 3123535 
9283999 9242002 6842390 6560730 8905185 7882112 1465962 803618 1124833 6656627 6643471 9600883 4628018 5319529 4249909 8973059 9931687 9037380 1583653 4115987 4931023 847600 244982 942225 6323369 9089244 7451417 505052 
7548943 3940940 6144939 9349295 5699294 2987330 5910025 4604480 869442 9892339 7924450 4510627 9065319 7084273 6627862 3693337 2403802 877771 5182748 2335490 9915151 6766401 8967829 4846174 130353 9212811 8304751 6453722 
8302055 8272521 9475126 5850998 4729813 5620066 5200293 429107 1123748 3626671 5033587 4509542 6035362 5474390 1536521 5100681 2558663 8164383 8794018 4962466 9042154 6493119 7297956 8957305 3259520 6265785 6319832 3389874 
7994948 7140935 2359948 8813355 7929808 4351427 7180705 2659621 9971493 4897351 5605081 1095241 8524022 3155020 8121135 4559384 8629410 9657656 9660066 1188074 7822039 970436 6150540 6864193 7463555 5964848 8337850 3239428 
4746985 4657682 9145654 2741933 4314970 4021954 1555288 2244778 8373381 8735993 7420752 8344874 3633344 3025833 1956467 4673718 8697205 77602 1749455 7326616 9735258 3925873 1031042 7557297 4896309 7181582 6937842 4876217 
5662782 5275693 631997 409767 2449727 9777651 3151700 6764697 6315957 7223340 1525828 4689339 8475685 8946580 5550565 4625382 4488765 23385 1815452 3185970 100987 3564907 3028938 2352598 7490780 4059980 2426247 4903442 
3757914 9364090 2296011 9420696 7156135 2928008 9830463 9605862 5222011 5498515 8886912 1537968 5238207 412740 8743659 6230245 1875672 4294225 3371979 6364437 4317610 5187431 2066759 6934949 1268691 5095698 1803899 8759471 
9155678 4230147 6179265 5429945 6110589 8475276 4850641 3266724 3919636 7197457 5388938 9141647 5212324 4275850 3195968 2966884 7204942 4455979 9197129 9080614 8750204 5085460 7961403 5584166 272891 28163 5035468 1541582 
12 39368
2817406 6795891 3585866 8996671 2225836 2212807 9988300 9592830 5479531 6424288 9306639 3384822 
5565936 7035315 177024 1278256 2199 7381967 5734235 1715680 8978933 7000792 6801140 6940337 
5101310 7074032 6968500 2653130 1131966 4608713 2008850 3949372 3920956 5594716 5462396 8663145 
7807524 7967048 772327 5803407 4391336 78966 1704581 2473624 7114281 1881606 3751880 9632833 
9263573 2002468 1348513 8242506 1519612 8149654 5182843 6620922 7740038 4667695 9274053 1388356 
1792760 1282903 5337729 5713717 9393971 3316477 4376862 9717847 1283525 5149189 8037607 5674861 
7744507 9742188 8148486 7375140 1623794 4416718 7007973 3403719 8935538 8356487 4162578 455150 
9022493 9345421 7076073 9278883 6529469 8866478 667239 8322229 2665733 8521320 4035946 2059704 
1837797 929160 4293904 5637674 8594701 4847863 3828888 6339208 4590051 4493726 6230701 8730198 
8910444 3238674 2133917 362335 4111513 8812847 817485 3134006 8158269 7893558 4929241 7204090 
9276388 5596481 5526319 1942121 6634153 2078618 6518178 988303 5524130 812082 9142329 4118832 
5659945 2971217 2974392 2766348 7464943 9205093 1496546 8891740 2443768 6146816 9254075 6555281 
14 71561
2205640 5634284 481471 7134881 2838374 9757859 5247714 881046 1699981 4398220 5476016 734511 7902875 1000146 
1546593 7045204 5118978 9722890 16422 609723 2489238 9997717 2331168 6502137 8889457 4774936 5165305 659884 
3846570 2641320 3247797 8568562 8275605 3729268 8219795 3630331 6003479 5983862 7027729 219812 382082 2503745 
954323 8284957 3503892 5017268 5330161 1139222 4740158 7862935 4265297 9745749 7860653 6596466 6247886 9266462 
1371402 3929543 9926347 7734324 6570863 3174144 8819238 4846468 9419764 7039034 993152 5423243 3022896 537233 
5643056 5921330 3040979 9113731 6722639 9061223 4131000 4569152 200445 1387510 2432088 4465743 1133259 2809093 
3578561 9897497 2075555 7466315 3827040 2001902 5200640 397904 7692398 4019878 7760724 7112162 3575264 1270228 
2535406 9114512 1807462 694814 5035842 4848441 2324897 4274833 3909664 6455897 8843986 6626461 7843408 3792426 
3608556 1493019 6601519 7187117 1390517 1193426 4653433 5217557 3195329 2370425 8131813 3404079 8906655 5892538 
516242 2481920 7162766 5568000 1596432 8970228 8779166 9148627 6335021 1104063 3423460 2761037 76313 4783798 
1903851 7919721 1092576 5512407 9412740 210447 5215877 3319609 1403874 2385662 8537167 7115555 4756087 6668980 
519634 3662742 5077870 3552228 8661014 4756989 9120228 2773799 6243569 415746 1922426 5094943 1519810 7862238 
7855980 1596123 5162389 9759831 2032196 6254965 7788591 3961288 8981765 5520820 7280898 385639 7906482 8334417 
7501194 2662569 7519749 8020828 8841663 2597620 4089409 19030 9870961 3209637 2792829 6114530 6141736 7231607