-1
565565858291548194
553839311384992841
356685259145316932
687961111168417243
183717917663393178
553915381219386852
48211111222169535
659111111433895126
568742991297968885
326111111299828664
928811111168128826
281111111268746997
211111111339422189
678111111468979326
273547111113335383
231111111261221558
394378945222992578
351111111195181969
237736528356216364
397811111284417363
211111111348269632
587614571138415295
331111111188734276
221163711418151957
611111111357781533
213429611349447783
439416472455299897
336451161362225292
284416557896547295
314936159646482583
22111111355668868
447335811564728193
731111111357868456
245311111286153648
74679111163398727
221121179643822748
319111481142962632
52111111156361691
391111111222969119
32837638738692855
321111111149164818
391829487311144247
133687359594346897
-1
68965593737696282
4958876422497615
463748621297238294
119827211288711842
758431111529924967
256396411329685823
354252474429573259
311468711434243742
147721632319367739
185626739255254762
267495736159641166
132654367732711357
555111111212944252
92498661194826496
211111111116329828
398111111381559224
273813582175434322
179452192679348454
44613389678478249
31111111176585782
439169776226969861
382111111221834198
66728614646674281
774549679982617514
153784755243552251
73111111425352997
444428117197258665
311111111162984214
56421111429152468
44927369148672641
391872369779374918
-1
