10
34
55737 30748 85661 49910 53955 35938 14697 92611 88626 51546 48975 73691 72717 93272 95756 35263 76628 42397 3348 10368 82415 21868 38151 96329 42403 74617 78328 13159 31298 36589 65560 91540 76751 73286
67
53952 40907 73162 36633 45261 13176 69598 97636 4175 86387 95225 28351 92019 31075 94586 18203 39389 3918 70457 79374 33030 71836 86761 81955 75968 28461 57050 92044 36411 80500 64006 97346 6498 54489 82533 96865 65391 63995 60717 16701 73405 90211 69075 54485 35981 72703 66021 40034 36431 93380 74312 79443 73881 91549 90939 64788 99696 67483 28555 2331 95317 13114 82402 75106 34576 21860 28001
13
85199 53273 51335 71956 22474 89144 71855 69791 15912 48149 87218 6213 25842
50
13781 93163 37384 75246 26808 25237 74448 5195 4144 33185 12997 75050 63558 19058 90301 65741 49807 52772 16978 36763 71986 30742 70532 12880 24828 53603 33976 23483 89224 84900 39507 56086 29039 23147 72450 3742 69609 28299 38902 8017 34134 18486 33168 1948 61299 81791 4882 80804 52530 73315
2
14596 28691
72
70689 8840 42291 60263 45336 18018 26752 59710 77942 53937 96193 18069 36125 62164 34783 62359 18688 15588 74306 83969 89062 95072 90704 6807 4187 46035 47640 91243 29412 33531 48224 12944 41964 50148 29979 19823 61424 2639 40137 63006 8523 99507 3900 79941 74006 82657 60632 2592 2169 74324 27322 66323 27561 15753 58873 79769 6892 36175 60450 5476 17675 1252 39009 39913 68617 63720 80420 40297 93375 78510 83502 8825
30
14191 69473 73159 22025 57401 35551 11830 59380 28291 95454 20827 80400 68181 80285 36397 70029 9221 71734 78231 72683 81947 97589 52107 36648 7650 70225 43515 89646 25299 180
87
73169 76820 974 18216 73712 20479 37593 85510 92156 49467 48964 47101 16858 19397 12940 85199 97336 34859 23230 78848 21456 88615 59337 68340 29212 2630 76454 87808 83295 30655 99564 32378 39130 18613 5748 11378 79373 9915 37961 2291 95247 82946 87993 83575 2886 5583 43138 59652 5098 36583 50081 27643 64276 2421 87385 10225 59598 19040 17819 95833 96482 52654 89462 4529 92024 17033 99829 49352 81815 51060 95776 18826 73057 83932 271 39739 11198 93183 67831 73716 8618 82850 603 37559 97871 55072 95884
17
29519 26288 84495 98410 81155 88462 45346 90257 56224 88895 31578 65635 12053 225 92830 95856 15776
29
73198 57604 88550 69184 84652 69180 26432 2780 93656 83809 63986 65419 62114 25477 69633 52517 68004 94176 31146 16377 67881 28261 16003 11269 85348 31633 13939 34925 55358
