18036
57741
10451
53477
98513
49480
11714
76385
15668
80283
17491
81533
99195
9305
86014
98981
75853
99083
36700
55361
67724
7515
98583
42008
73999
68993
25558
83568
55342
41588
19500
7698
80742
45487
37386
40865
15012
64256
2891
53286
31936
64998
39559
36131
28505
14574
61832
52068
43883
88156
34847
68611
89980
22161
18567
86547
45619
89894
40564
85929
81976
38217
88411
2888
49168
18029
98783
44168
65559
3742
74930
14134
45681
79308
84394
3659
95606
83054
14145
43613
48000
65672
66475
24023
3369
60008
84496
64581
6957
42241
22159
40325
88625
47649
2569
50110
53345
23117
78848
2951