200
1000 100
42 468 6335 91 1 43
1000 100
170 501 15725 91 1 43
1000 100
359 479 26963 91 1 43
1000 100
465 706 28146 91 1 43
1000 100
282 828 9962 91 1 43
1000 100
492 996 11943 91 1 43
1000 100
437 828 32392 91 1 43
1000 100
605 903 154 91 1 43
1000 100
293 383 17422 91 1 43
1000 100
717 719 19896 91 1 43
1000 100
448 727 14772 91 1 43
1000 100
539 870 19913 91 1 43
1000 100
300 668 17036 91 1 43
1000 100
704 895 23812 91 1 43
1000 100
323 334 17674 91 1 43
1000 100
142 665 7712 91 1 43
1000 100
254 869 25548 91 1 43
1000 100
645 663 32758 91 1 43
1000 100
38 860 8724 91 1 43
1000 100
530 742 779 91 1 43
1000 100
36 317 22191 91 1 43
1000 100
289 843 30107 91 1 43
1000 100
41 943 19265 91 1 43
1000 100
447 649 23806 91 1 43
1000 100
730 891 24371 91 1 43
1000 100
7 351 31102 91 1 43
1000 100
394 549 19630 91 1 43
1000 100
85 624 19955 91 1 43
1000 100
757 841 4967 91 1 43
1000 100
377 932 26309 91 1 43
1000 100
440 945 24627 91 1 43
1000 100
324 538 21539 91 1 43
1000 100
83 119 22930 91 1 43
1000 100
542 834 31116 91 1 43
1000 100
640 659 22705 91 1 43
1000 100
931 978 2307 91 1 43
1000 100
387 674 5022 91 1 43
1000 100
746 925 19073 91 1 43
1000 100
271 830 26778 91 1 43
1000 100
98 574 16513 91 1 43
1000 100
291 987 9162 91 1 43
1000 100
356 637 24768 91 1 43
1000 100
575 656 4032 91 1 43
1000 100
53 351 1151 91 1 43
1000 100
725 942 13967 91 1 43
1000 100
108 431 30192 91 1 43
1000 100
8 338 15458 91 1 43
1000 100
288 754 10384 91 1 43
1000 100
910 946 32210 91 1 43
1000 100
222 759 18589 91 1 43
1000 100
423 947 27507 91 1 43
1000 100
31 414 29169 91 1 43
1000 100
592 901 18763 91 1 43
1000 100
411 656 6360 91 1 43
1000 100
538 625 21549 91 1 43
1000 100
484 596 4042 91 1 43
1000 100
351 603 10292 91 1 43
1000 100
375 837 11021 91 1 43
1000 100
22 597 27349 91 1 43
1000 100
200 669 24485 91 1 43
1000 100
282 735 54 91 1 43
1000 100
419 1000 27939 91 1 43
1000 100
789 901 18128 91 1 43
1000 100
468 729 14894 91 1 43
1000 100
484 649 17808 91 1 43
1000 100
311 422 6618 91 1 43
1000 100
515 814 14310 91 1 43
1000 100
617 936 17452 91 1 43
1000 100
250 601 16520 91 1 43
1000 100
557 799 30304 91 1 43
1000 100
9 225 5845 91 1 43
1000 100
610 990 32703 91 1 43
1000 100
196 486 3094 91 1 43
1000 100
344 524 1588 91 1 43
1000 100
315 504 7449 91 1 43
1000 100
201 459 6619 91 1 43
1000 100
581 797 14799 91 1 43
1000 100
282 590 20799 91 1 43
1000 100
10 158 20473 91 1 43
1000 100
539 623 12293 91 1 43
1000 100
39 180 18191 91 1 43
1000 100
658 959 6192 91 1 43
1000 100
816 889 19157 91 1 43
1000 100
203 512 2635 91 1 43
1000 100
56 273 20329 91 1 43
1000 100
363 647 4887 91 1 43
1000 100
434 876 29870 91 1 43
1000 100
143 845 1417 91 1 43
1000 100
882 999 10323 91 1 43
1000 100
22 652 5700 91 1 43
1000 100
477 558 27893 91 1 43
1000 100
76 390 10713 91 1 43
1000 100
511 601 21004 91 1 43
1000 100
862 870 14689 91 1 43
1000 100
402 790 15256 91 1 43
1000 100
3 424 10586 91 1 43
1000 100
183 286 27089 91 1 43
1000 100
427 618 23758 91 1 43
1000 100
833 933 4170 91 1 43
1000 100
155 722 17190 91 1 43
1000 100
330 977 2369 91 1 43
1000 100
426 693 10556 91 1 43
1000 100
435 550 7442 91 1 43
1000 100
146 513 18061 91 1 43
1000 100
719 754 16140 91 1 43
1000 100
280 424 25997 91 1 43
1000 100
530 688 22550 91 1 43
1000 100
438 867 12950 91 1 43
1000 100
194 196 3298 91 1 43
1000 100
287 417 16106 91 1 43
1000 100
283 489 12456 91 1 43
1000 100
115 735 11702 91 1 43
1000 100
317 672 5787 91 1 43
1000 100
264 314 24356 91 1 43
1000 100
54 186 913 91 1 43
1000 100
809 833 20946 91 1 43
1000 100
314 757 28322 91 1 43
1000 100
559 647 27983 91 1 43
1000 100
145 482 23197 91 1 43
1000 100
130 223 2162 91 1 43
1000 100
451 536 11174 91 1 43
1000 100
45 467 21660 91 1 43
1000 100
293 440 17254 91 1 43
1000 100
25 155 29511 91 1 43
1000 100
650 746 13187 91 1 43
1000 100
314 475 28023 91 1 43
1000 100
19 169 18788 91 1 43
1000 100
906 959 7392 91 1 43
1000 100
203 626 26478 91 1 43
1000 100
315 415 25825 91 1 43
1000 100
335 875 24373 91 1 43
1000 100
160 834 28071 91 1 43
1000 100
298 488 7519 91 1 43
1000 100
178 774 32271 91 1 43
1000 100
669 764 17193 91 1 43
1000 100
103 986 8481 91 1 43
1000 100
214 628 4803 91 1 43
1000 100
100 528 2626 91 1 43
1000 100
544 925 11024 91 1 43
1000 100
62 973 14182 91 1 43
1000 100
4 433 17506 91 1 43
1000 100
594 726 13032 91 1 43
1000 100
143 493 17223 91 1 43
1000 100
65 287 7901 91 1 43
1000 100
188 361 22414 91 1 43
1000 100
271 975 29171 91 1 43
1000 100
236 834 19712 91 1 43
1000 100
761 897 4668 91 1 43
1000 100
286 551 141 91 1 43
1000 100
695 696 21625 91 1 43
1000 100
20 126 26577 91 1 43
1000 100
659 695 26303 91 1 43
1000 100
372 467 4679 91 1 43
1000 100
594 852 25485 91 1 43
1000 100
19 465 21120 91 1 43
1000 100
153 801 18088 91 1 43
1000 100
61 927 9011 91 1 43
1000 100
171 758 20316 91 1 43
1000 100
228 577 12044 91 1 43
1000 100
165 759 5110 91 1 43
1000 100
87 883 29566 91 1 43
1000 100
488 578 14475 91 1 43
1000 100
626 628 5630 91 1 43
1000 100
424 929 28521 91 1 43
1000 100
903 963 124 91 1 43
1000 100
597 738 13262 91 1 43
1000 100
196 526 1265 91 1 43
1000 100
203 261 8117 91 1 43
1000 100
31 327 29012 91 1 43
1000 100
412 772 25548 91 1 43
1000 100
154 521 29791 91 1 43
1000 100
189 925 21764 91 1 43
1000 100
852 941 18663 91 1 43
1000 100
830 901 17714 91 1 43
1000 100
579 959 8366 91 1 43
1000 100
8 478 1201 91 1 43
1000 100
59 440 2304 91 1 43
1000 100
358 761 2325 91 1 43
1000 100
109 478 21114 91 1 43
1000 100
802 888 22851 91 1 43
1000 100
429 461 12994 91 1 43
1000 100
385 406 6541 91 1 43
1000 100
112 705 12836 91 1 43
1000 100
73 357 29351 91 1 43
1000 100
486 824 20557 91 1 43
1000 100
217 627 9358 91 1 43
1000 100
358 527 29338 91 1 43
1000 100
272 870 29362 91 1 43
1000 100
23 897 29618 91 1 43
1000 100
113 718 18697 91 1 43
1000 100
42 586 24424 91 1 43
1000 100
130 230 4566 91 1 43
1000 100
560 933 22297 91 1 43
1000 100
54 856 16963 91 1 43
1000 100
585 735 6655 91 1 43
1000 100
458 973 14370 91 1 43
1000 100
533 964 2608 91 1 43
1000 100
484 912 11636 91 1 43
1000 100
68 849 4676 91 1 43
1000 100
224 939 22143 91 1 43