295
1048576 1048576 5
1048576 1048576 4
1048576 1048576 3
1048576 1048576 2
1048576 1048576 1
524288 349525 5
524288 349525 4
524288 349525 3
524288 349525 2
524288 349525 1
262144 116508 5
262144 116508 4
262144 116508 3
262144 116508 2
262144 116508 1
131072 38836 5
131072 38836 4
131072 38836 3
131072 38836 2
131072 38836 1
65536 12945 5
65536 12945 4
65536 12945 3
65536 12945 2
65536 12945 1
32768 4315 5
32768 4315 4
32768 4315 3
32768 4315 2
32768 4315 1
16384 1438 5
16384 1438 4
16384 1438 3
16384 1438 2
16384 1438 1
8192 479 5
8192 479 4
8192 479 3
8192 479 2
8192 479 1
4096 159 5
4096 159 4
4096 159 3
4096 159 2
4096 159 1
2048 53 5
2048 53 4
2048 53 3
2048 53 2
2048 53 1
1024 17 5
1024 17 4
1024 17 3
1024 17 2
1024 17 1
512 5 5
512 5 4
512 5 3
512 5 2
512 5 1
1572864 1572864 5
1572864 1572864 4
1572864 1572864 3
1572864 1572864 2
1572864 1572864 1
786432 524288 5
786432 524288 4
786432 524288 3
786432 524288 2
786432 524288 1
393216 174762 5
393216 174762 4
393216 174762 3
393216 174762 2
393216 174762 1
196608 58254 5
196608 58254 4
196608 58254 3
196608 58254 2
196608 58254 1
98304 19418 5
98304 19418 4
98304 19418 3
98304 19418 2
98304 19418 1
49152 6472 5
49152 6472 4
49152 6472 3
49152 6472 2
49152 6472 1
24576 2157 5
24576 2157 4
24576 2157 3
24576 2157 2
24576 2157 1
12288 719 5
12288 719 4
12288 719 3
12288 719 2
12288 719 1
6144 239 5
6144 239 4
6144 239 3
6144 239 2
6144 239 1
3072 79 5
3072 79 4
3072 79 3
3072 79 2
3072 79 1
1536 26 5
1536 26 4
1536 26 3
1536 26 2
1536 26 1
768 8 5
768 8 4
768 8 3
768 8 2
768 8 1
1594323 1594323 5
1594323 1594323 4
1594323 1594323 3
1594323 1594323 2
1594323 1594323 1
531441 398580 5
531441 398580 4
531441 398580 3
531441 398580 2
531441 398580 1
177147 99645 5
177147 99645 4
177147 99645 3
177147 99645 2
177147 99645 1
59049 24911 5
59049 24911 4
59049 24911 3
59049 24911 2
59049 24911 1
19683 6227 5
19683 6227 4
19683 6227 3
19683 6227 2
19683 6227 1
6561 1556 5
6561 1556 4
6561 1556 3
6561 1556 2
6561 1556 1
2187 389 5
2187 389 4
2187 389 3
2187 389 2
2187 389 1
729 97 5
729 97 4
729 97 3
729 97 2
729 97 1
243 24 5
243 24 4
243 24 3
243 24 2
243 24 1
81 6 5
81 6 4
81 6 3
81 6 2
81 6 1
2125764 2125764 5
2125764 2125764 4
2125764 2125764 3
2125764 2125764 2
2125764 2125764 1
236196 212576 5
236196 212576 4
236196 212576 3
236196 212576 2
236196 212576 1
26244 21257 5
26244 21257 4
26244 21257 3
26244 21257 2
26244 21257 1
2916 2125 5
2916 2125 4
2916 2125 3
2916 2125 2
2916 2125 1
324 212 5
324 212 4
324 212 3
324 212 2
324 212 1
36 21 5
36 21 4
36 21 3
36 21 2
36 21 1
1085773 1085773 5
1085773 1085773 4
1085773 1085773 3
1085773 1085773 2
1085773 1085773 1
63869 60320 5
63869 60320 4
63869 60320 3
63869 60320 2
63869 60320 1
3757 3351 5
3757 3351 4
3757 3351 3
3757 3351 2
3757 3351 1
221 186 5
221 186 4
221 186 3
221 186 2
221 186 1
4194304 4194304 5
4194304 4194304 4
4194304 4194304 3
4194304 4194304 2
4194304 4194304 1
524288 466033 5
524288 466033 4
524288 466033 3
524288 466033 2
524288 466033 1
65536 51781 5
65536 51781 4
65536 51781 3
65536 51781 2
65536 51781 1
8192 5753 5
8192 5753 4
8192 5753 3
8192 5753 2
8192 5753 1
1024 639 5
1024 639 4
1024 639 3
1024 639 2
1024 639 1
128 71 5
128 71 4
128 71 3
128 71 2
128 71 1
7091568 7091568 5
7091568 7091568 4
7091568 7091568 3
7091568 7091568 2
7091568 7091568 1
322344 308329 5
322344 308329 4
322344 308329 3
322344 308329 2
322344 308329 1
14652 13405 5
14652 13405 4
14652 13405 3
14652 13405 2
14652 13405 1
666 582 5
666 582 4
666 582 3
666 582 2
666 582 1
30 25 5
30 25 4
30 25 3
30 25 2
30 25 1
4084101 4084101 5
4084101 4084101 4
4084101 4084101 3
4084101 4084101 2
4084101 4084101 1
194481 185640 5
194481 185640 4
194481 185640 3
194481 185640 2
194481 185640 1
9261 8438 5
9261 8438 4
9261 8438 3
9261 8438 2
9261 8438 1
441 383 5
441 383 4
441 383 3
441 383 2
441 383 1
