100
7 13 426
97 81
29 90
6 58
3 34
56 62
14 32
27 43
15 3 353
65 71
1 92
46 91
18 82
69 70
98 65
31 42
96 90
56 46
4 30
22 58
40 63
51 30
58 24
86 43
3 2 820
30 48
77 37
17 89
8 10 81
94 57
27 4
33 33
43 64
55 72
88 66
96 15
52 55
5 7 84
34 68
25 79
88 41
90 51
79 90
11 6 567
74 37
27 10
19 64
78 89
52 76
51 68
47 37
46 82
22 95
56 88
10 32
1 6 74
97 90
1 15 77
30 19
2 6 580
78 10
31 58
15 16 151
44 62
22 66
63 43
45 46
38 59
44 96
48 22
96 14
3 36
49 89
30 53
86 51
23 96
80 86
47 41
12 6 119
6 28
22 70
31 5
10 79
87 91
22 48
92 9
39 38
61 69
16 57
56 39
29 93
9 5 659
51 43
10 14
89 74
62 80
2 34
23 35
16 92
64 27
77 25
13 9 85
59 62
29 79
6 38
71 35
28 78
60 3
38 97
18 27
46 21
52 32
73 2
52 14
26 88
4 16 584
71 18
38 18
49 31
86 75
13 3 170
75 64
62 80
89 7
88 67
43 76
23 20
30 6
49 51
8 8
56 7
88 83
76 4
16 47
7 4 22
7 86
3 58
10 84
53 86
88 35
15 30
60 95
5 9 197
3 46
97 69
15 63
50 75
22 12
5 8 936
25 49
67 21
87 88
92 63
48 70
6 1 976
48 39
6 31
62 87
15 34
31 14
96 92
14 16 3
18 12
32 48
95 96
69 34
52 28
33 29
45 25
43 53
4 28
20 48
18 76
20 31
17 33
99 47
7 3 617
26 52
14 81
5 1
32 57
19 61
23 87
82 6
5 12 890
89 51
2 16
88 14
94 43
64 24
11 5 724
47 87
14 80
66 91
52 39
89 58
35 5
96 49
82 79
81 44
55 21
81 7
13 15 738
36 38
66 28
13 53
90 82
73 50
21 7
75 37
57 57
80 93
26 37
5 39
84 61
63 23
7 15 660
71 56
22 56
18 77
24 65
20 70
71 13
95 7
10 9 17
92 80
36 24
91 56
46 48
42 71
72 13
52 25
45 100
60 45
58 7
3 13 716
76 13
9 100
80 74
3 12 400
97 57
59 20
32 88
6 11 583
92 35
73 73
94 19
68 48
36 67
66 86
16 2 75
11 22
54 39
88 40
31 78
34 27
85 41
34 10
24 23
46 45
9 69
57 58
0 56
12 43
11 40
74 98
19 45
12 3 898
78 23
7 26
10 23
7 85
14 46
92 86
1 72
83 45
27 10
35 38
89 20
80 14
7 16 664
32 47
85 88
84 11
58 34
10 91
20 55
19 1
8 14 787
40 34
40 35
98 20
66 88
97 62
60 26
63 81
32 48
14 2 471
52 52
65 5
62 82
11 11
38 0
35 83
77 56
16 51
24 42
69 59
28 63
92 69
92 9
33 31
9 13 92
44 22
71 65
9 90
56 6
44 33
48 46
52 18
1 12
74 53
12 12 928
10 5
26 86
48 97
25 19
63 73
86 89
18 11
93 50
92 49
9 30
73 99
40 70
10 9 758
3 4
92 82
37 36
62 44
17 17
85 2
34 45
88 100
8 2
34 6
12 4 400
20 81
80 41
59 11
22 81
14 53
76 15
10 6
47 84
21 19
9 60
5 78
34 5
5 16 202
99 74
0 48
44 5
77 53
90 58
12 11 967
24 13
66 44
75 92
2 24
93 13
27 37
79 25
9 29
33 51
80 49
57 87
6 90
9 1 999
91 59
44 72
17 83
23 58
15 89
83 53
91 41
20 5
12 66
1 16 865
87 43
14 3 288
83 57
42 26
91 10
51 11
73 94
94 75
14 13
12 86
13 30
53 91
52 63
62 80
3 51
70 6
4 13 347
40 47
57 20
67 71
95 38
5 12 304
23 83
10 37
15 55
44 20
50 12
13 5 618
25 89
2 29
91 18
6 29
24 44
4 56
65 91
7 35
23 72
39 88
66 85
30 40
73 54
3 2 701
2 29
50 4
26 36
3 10 808
96 71
9 36
32 46
16 6 448
93 49
89 25
12 80
79 86
29 0
15 27
37 34
1 44
51 76
33 32
95 21
19 75
59 22
94 50
88 46
72 71
2 5 473
68 67
4 5
8 11 612
86 72
85 97
64 62
9 86
30 4
16 9
4 58
98 97
2 13 180
57 63
36 80
12 8 30
82 97
65 78
22 44
85 88
86 19
80 34
22 0
75 98
76 72
17 19
23 99
42 12
5 13 634
97 43
79 96
71 32
56 9
36 14
9 5 607
65 77
21 36
16 40
46 80
78 23
84 70
93 57
12 75
94 72
16 12 874
93 28
95 12
15 61
47 20
55 9
0 34
27 78
30 27
34 17
7 55
4 5
53 44
79 12
14 39
64 53
83 33
13 6 57
8 40
26 13
80 73
91 67
100 41
58 99
37 24
82 3
83 4
67 92
34 70
46 26
13 51
1 7 804
64 69
6 10 1000
100 35
40 93
57 55
42 97
77 44
24 59
4 7 858
79 32
51 56
61 100
18 19
7 2 992
78 68
72 54
23 9
46 48
60 35
13 82
40 85
13 4 505
10 98
34 82
79 69
18 42
44 39
8 9
50 87
76 58
92 88
15 77
14 35
63 91
74 64
8 4 456
17 64
91 29
64 28
83 48
31 82
94 3
36 19
7 13
13 6 664
12 65
74 38
81 6
4 64
82 72
77 12
78 48
80 54
16 46
36 28
12 61
90 73
8 3
6 12 351
35 64
90 41
87 46
29 47
26 16
70 65
2 8 320
55 26
6 1
8 1 526
83 98
62 84
10 48
8 45
88 21
33 87
69 57
18 52
10 2 699
68 99
97 20
97 36
7 11
27 5
78 97
80 54
62 37
99 68
23 24
16 14 699
94 93
12 14
17 84
61 19
65 29
57 23
56 86
61 30
18 73
98 6
76 88
89 38
5 20
40 74
91 3
66 21
8 4 723
15 44
81 27
8 35
14 43
22 55
30 1
39 27
85 91
13 14 97
86 4
69 80
25 36
14 61
78 5
32 21
63 96
14 96
9 49
70 22
50 61
8 47
76 35
15 14 929
67 9
86 26
72 77
6 19
64 53
95 35
60 29
59 69
50 95
86 5
53 29
84 15
38 89
33 87
18 18
12 12 218
40 47
16 71
2 50
94 50
76 31
17 70
19 70
34 24
35 10
97 1
76 83
7 89
6 2 66
43 70
77 14
93 38
40 19
7 93
25 20
1 3 790
14 22
10 3 477
65 94
95 46
60 57
60 9
64 13
19 7
63 51
49 13
71 67
68 85
5 3 735
9 63
0 94
12 86
13 8
20 7
11 12 54
34 93
59 69
71 9
26 8
50 18
79 74
31 90
72 57
55 5
38 96
15 78
14 9 744
17 35
65 43
83 1
31 28
72 78
20 18
63 0
30 79
29 3
52 0
69 26
52 33
31 66
3 92
14 2 455
0 11
74 7
45 26
79 90
11 73
2 82
28 26
30 57
65 14
13 38
91 33
29 56
41 80
80 84
14 12 503
19 36
60 94
63 30
33 2
69 44
93 17
15 46
13 82
56 69
44 39
83 40
61 83
52 47
37 94
9 15 68
41 25
1 55
75 52
60 61
74 45
86 49
61 65
96 15
91 8
6 15 18
3 99
15 33
0 75
100 17
14 75
41 34
2 1 228
62 77
88 27
6 14 720
19 97
83 99
0 46
45 91
4 75
96 17
1 1 844
73 67
15 10 741
37 11
66 17
20 42
69 50
17 77
19 17
11 90
52 82
34 7
80 78
73 39
70 60
5 47
78 59
81 40
16 10 605
29 4
71 68
13 38
56 98
5 61
27 18
81 72
35 41
35 72
38 65
62 54
91 51
1 47
15 59
48 1
94 63
15 2 692
67 65
68 92
92 75
37 20
72 72
61 53
86 33
40 77
97 88
35 87
33 71
12 7
37 27
48 60
60 93
15 12 543
50 18
61 38
20 34
65 40
90 57
4 25
59 67
64 96
20 76
75 42
95 13
15 36
82 10
86 25
79 93
12 7 342
36 9
25 75
32 78
21 56
24 78
42 5
11 42
28 43
44 27
100 46
12 23
91 46
14 7 865
34 3
54 84
17 45
32 67
43 71
54 58
43 76
29 74
99 27
41 87
35 78
84 78
69 14
87 11
6 8 78
98 42
87 23
30 98
39 88
90 84
78 91
4 9 514
66 29
87 45
38 90
54 27
9 1 733
22 91
79 35
36 67
31 35
3 80
7 61
16 68
85 49
60 47
5 16 126
42 100
65 5
72 42
48 28
94 22
5 8 399
82 52
68 8
77 37
13 95
64 84
2 12 399
33 15
10 72
3 12 345
62 79
73 19
88 16
4 1 978
76 99
45 53
73 49
90 67
