45
7 10 504
984 50
376 2
963 88
75 54
944 65
583 50
984 99
11 12 203
430 43
305 86
168 11
77 15
310 99
636 55
616 44
410 17
288 50
830 40
893 61
15 15 603
503 16
465 26
513 66
713 50
603 66
540 52
415 91
985 89
14 95
801 95
38 26
45 28
840 30
268 22
682 36
6 15 765
392 52
980 97
852 19
299 37
226 70
727 45
3 2 27
532 79
659 6
482 42
12 13 586
149 2
383 1
756 11
859 84
75 58
571 60
281 58
666 9
339 52
782 43
748 90
65 29
9 12 568
587 43
389 42
975 73
527 83
62 65
767 44
305 2
146 54
148 66
12 15 369
835 23
671 85
112 96
609 9
294 12
284 18
359 58
59 27
71 92
886 79
308 29
85 39
1 11 27
739 11
16 1 972
597 17
227 71
868 44
310 21
536 27
169 98
365 22
872 55
643 43
845 17
368 32
540 83
279 50
61 96
445 38
309 82
3 12 205
324 21
959 44
216 57
14 15 398
334 98
725 98
811 75
799 15
489 4
914 28
997 85
667 62
127 99
190 21
595 97
994 35
919 58
115 61
15 2 433
613 15
982 45
90 81
249 89
244 10
475 90
587 88
979 76
357 67
56 40
590 80
622 26
94 70
395 48
56 61
13 5 614
642 57
788 61
339 49
334 65
969 10
479 48
520 50
155 80
163 2
622 28
973 30
557 31
574 83
7 10 401
458 61
403 33
595 1
375 13
666 50
368 83
778 25
6 14 837
13 79
662 50
755 48
58 64
860 92
263 36
3 15 276
149 21
964 93
773 22
13 8 164
776 11
380 40
725 96
804 87
35 23
998 59
412 58
429 93
474 35
249 95
450 75
220 57
533 74
12 2 353
100 91
306 44
881 57
972 51
103 35
613 24
42 76
804 27
251 85
727 70
657 77
504 6
12 2 650
663 98
35 77
122 84
247 92
178 40
570 87
233 80
634 15
157 54
610 61
430 0
77 86
9 1 187
497 32
525 92
478 94
468 6
591 30
2 78
215 70
718 17
701 95
15 14 63
580 55
88 99
346 80
661 79
881 67
790 53
816 63
284 8
655 8
454 87
465 37
547 28
284 49
799 96
459 37
2 5 21
36 4
420 53
9 4 449
744 26
835 22
806 95
168 27
750 34
332 67
344 49
769 66
524 60
5 4 182
321 84
248 6
342 34
314 58
706 94
16 13 102
223 17
773 22
608 69
771 92
694 47
125 48
84 89
802 44
4 9
16 55
918 59
275 82
422 90
871 95
823 97
592 96
6 8 131
711 14
673 46
159 97
573 77
204 84
674 61
8 12 915
631 74
821 48
15 4
857 64
225 86
829 68
957 4
143 75
8 16 188
518 67
982 18
141 79
367 65
558 51
496 3
444 98
323 75
8 14 28
283 57
821 70
955 10
352 58
943 28
101 19
542 24
225 73
8 7 800
922 13
972 74
931 39
304 23
225 50
489 64
818 88
751 2
7 14 91
459 44
891 1
212 47
33 29
274 43
975 37
320 62
12 5 739
732 96
49 35
581 66
126 27
845 75
539 52
936 75
665 63
639 67
130 87
316 63
66 81
10 7 217
487 96
963 45
856 36
348 33
463 5
533 4
898 88
405 41
358 72
784 51
10 7 636
279 42
220 50
521 46
74 30
647 34
392 85
882 67
655 7
158 49
28 29
7 14 567
297 86
602 83
639 91
539 18
11 77
114 83
299 9
15 6 919
411 32
999 18
636 83
791 94
686 13
152 98
402 74
253 72
504 54
163 97
839 87
525 70
81 96
358 93
370 21
12 7 791
204 93
320 57
692 100
895 17
587 1
186 42
463 74
676 90
618 48
368 66
124 73
576 99
1 5 557
73 60
2 10 852
516 81
559 75
12 8 208
97 32
937 63
398 23
415 12
513 44
598 92
953 2
177 77
486 28
460 51
51 48
385 82
4 16 422
795 32
548 70
425 1
23 12
12 10 689
818 12
74 66
654 87
359 34
295 60
855 51
396 81
66 56
746 18
327 28
567 18
432 10
3 16 116
297 76
832 29
704 73
11 10 587
261 92
101 95
933 88
184 33
163 91
804 33
146 83
852 42
215 100
578 33
585 59
