-53774671
-32698031
-53774671
-32698031
-53774671
-53774671
-2009078
-18863478
-63283151
-53774671
-17586414
-2009078
-32698031
-137957778
-18863478
-63283151
-8531177
-43966599
6668975
-43966599
8159662
-113665340
-46157720
-151768964
-37596578
-47063289
-35593240
-127737014
-2009078
-120732341
-63283151
-2009078
-18863478
-32698031
-53774671
-63283151
-18863478
-1638710
-53774671
-43966599
-63283151
-35277226
-53774671
-37596578
-63283151
-43966599
-2009078
-68884269
-63283151
-2009078
-1638710
-1456864
-8531177
6668975
-43699836
-77068220
-53774671
-98144724
-35593240
-53774671
-63283151
-73902335
-29567989
-63283151
-43699836
-47841038
-18863478
-63283151
-63283151
-63283151
-43699836
-53774671
-63283151
-17586414
-28371132
-18863478
-2009078
-2009078
-2009078
-2939697
-17586414
8159662
-53774671
-21156500
-53774671
-32698031
-5736019
-83365410
-9724568
-1638710
-193622325
-53774671
6668975
-63283151
-37596578
-63283151
-17586414
-63283151
-32698031
-28371132
-73902335
-63283151
-148322798
-43966599
-53774671
-63283151
-2009078
-113665340
-53774671
-63283151
-37596578
-63283151
-32698031
-100699872
-63283151
-17586414
-43699836
-215162147
-17586414
-1638710
-53774671
-83365410
-63283151
-63283151
-31767117
-29567989
-77068220
-43966599
-37596578
-63283151
-32698031
-2009078
-103690205
-2009078
-63283151
-2009078
-34260807
-53774671
-63283151
-8531177
-53774671
-63283151
-37596578
-53774671
-63283151
-53774671
-68130354
-17586414
-53774671
-53774671
-63283151
-1456864
-53774671
-53774671
-17586414
-43966599
-4203892
-63283151
-84539342
-17586414
-60239224
-2009078
-63283151
-2939697
-63283151
-63283151
-63283151
-37596578
-53774671
-63283151
6668975
-2009078
-47841038
-63283151
-56853825
6668975
-2009078
-63283151
-63283151
-68884269
-35277226
-63283151
-43966599
-18863478
-63283151
-43966599
-63283151
-63283151
-63283151
-2009078
-18863478
-53774671
-32698031
-43966599
-53774671
-53774671
-5736019
-43966599
-17586414
-47063289
-63283151
-63283151
-32698031
-21156500
6668975
-17586414
-53774671
-53774671
-68884269
-43966599
-37596578
-18863478
-37596578
-29567989
-43966599
-17586414
-63283151
-53774671
-43966599
-43966599
-63283151
-3133049
-43966599
-84539342
-46283961
-1638710
-63283151
-2009078
-37596578
-2009078
-47841038
-25890182
-84539342
-63283151
-63283151
-53774671
-63283151
-43699836
-31767117
-63283151
-29567989
-43966599
-63283151
-2009078
-68884269
-46157720
-43699836
-148322798
-103690205
-63283151
-63283151
-63283151
-90780989
-63283151
-18863478
-53774671
-43966599
-53774671
-84539342
-63283151
-32698031
-117389389
8159662
-63283151
-43966599
-63283151
-63283151
-17586414
-43966599
8159662
-37596578
-63283151
-94981035
-5736019
-53774671
-53774671
-240994412
-63283151
-17586414
-18863478
-53774671
-43966599
-60239224
-32698031
-2009078
-17586414
-31767117
-47063289
-28371132
-53774671
8159662
6668975
-43966599
-83365410
-21156500
-2939697
-63283151
-18863478
-2009078
-53774671
-63283151
-63283151
-28371132
-63283151
6668975
-12200133
-5736019
-2009078
-53774671
-17880474
-83365410
-83365410
-68884269
-113665340
6668975
-2009078
-28371132
-43966599
-63283151
-63283151
6668975
6668975
-63283151
-2009078
-63283151
-63283151
-43966599
6668975
-32698031
-53774671
-73902335
-43966599
-77068220
-73902335
-2009078
-32698031
-53774671
-5736019
-11345902
-63283151
-78925636
-63283151
-63283151
-53774671
-53774671
-136139291
-17586414
450892
-1638710
-18863478
-53774671
-43699836
-2009078
-77068220
-38541320
-37596578
-77068220
-2009078
-100699872
-47841038
-1638710
-2009078
-63283151
-32698031
-2009078
-68884269
-53774671
-311018754
-63283151
-35277226
-63283151
-239518186
-68884269
-113665340
-2009078
-53774671
-43966599
-32698031
-43966599
-43966599
-1638710
-53774671
-32698031
-35277226
-17586414
-43966599
-63283151
-68884269
-18863478
-32698031
-53774671
-63283151
-17586414
-47063289
-47841038
-53774671
-2009078
-63283151
-63283151
6668975
-48734253
-63283151
6668975
-17586414
-53774671
-77068220
-53774671
-63283151
-29567989
-117389389
6668975
-63283151
-37596578
-37596578
6668975
-18863478
-2009078
-53774671
-43699836
-63283151
-43966599
-18863478
-53774671
-29567989
-2009078
-53774671
-53774671
-43966599
-103690205
-17586414
-53774671
-53774671
-53774671
-63283151
-63283151
-63283151
-28371132
-37596578
-17880474
-63283151
-17586414
-37596578
-63283151
-53774671
-63283151
-25890182
-43966599
-18863478
-17586414
-43966599
-77068220
-63283151
-63283151
-3070173
-53774671
-2939697
-53774671
-84539342
-43966599
-2009078
-2939697
-68884269
-32698031
-63283151
-63283151
-113665340
-17586414
-31767117
-63283151
-17586414
-53774671
-53774671
-43966599
-61645660
-63283151
-53774671
-17586414
-43966599
-37596578
-53774671
-63283151
-43699836
-18863478
-43966599
-73902335
-5736019
-113665340
6668975
-17586414
-17586414
-113665340
8159662
450892
-37596578
-43966599
-2009078
-18863478
-2009078
-77068220
-43966599
-18863478
-31767117
-53774671
-63283151
-63283151
6668975
-18863478
-2009078
-18863478
-21156500
-53774671
6668975
-17586414
-53774671
-37596578
-1456864
-63283151
-2009078
-63283151
-63283151
-1638710
-63283151
-53774671
-17586414
-29567989
-53774671
-53774671
-17586414
-17586414
-151768964
-63283151
-63283151
-63283151
-29567989
-2009078
-4203892
-43699836
-47063289
-53774671
-63283151
-17586414
-29567989
6668975
-162795153
-35277226
-85125304
6668975
-2009078
-1638710
-63283151
-63283151
-48206713
-2009078
-37596578
-17586414
-63283151
-63283151
-68884269
-32698031
-63283151
-63283151
-63283151
-43966599
-43966599
-37596578
-2009078
-46283961
-53774671
-63283151
-43966599
-69694876
-37596578
-43966599
-32698031
-2009078
-53774671
-18863478
-137119659
-1638710
-63283151
-32698031
-84539342
-63283151
-73902335
-63283151
-63283151
3188722
-53774671
-83365410
-37596578
-2009078
-53774671
-32698031
-43699836
-53774671
-63283151
-63283151
-43966599
-2939697
-2009078
-9724568
-2009078
-43966599
-43966599
-63283151
-37596578
-63283151
-47841038
-53774671
-63283151
-43699836
-53774671
-29567989
-151768964
-5736019
6668975
-63283151
-17586414
-63283151
-43966599
-43966599
-43966599
-405967603
-63283151
-53774671
6668975
-63283151
-32698031
-5736019
-2009078
-9724568
-17586414
-43966599
-88969267
-17586414
-17586414
-37596578
-5736019
-2009078
-83365410
-63283151
-43966599
-18863478
-32698031
-53774671
-47063289
-63283151
-63283151
-5736019
6668975
-113665340
-17586414
-2009078
-53774671
-53774671
-53774671
-18863478
-77068220
-43699836
-43966599
-9724568
-53774671
-2939697
-53774671
-32698031
-63283151
-2009078
-53774671
-53774671
-63283151
-63283151
6668975
-43966599
-37596578
-68884269
-63283151
-2009078
-37596578
-53774671
-37596578
-35593240
-4203892
-100699872
-2009078
-43966599
-63283151
-148322798
-53774671
-32698031
-2939697
-2939697
-63283151
-37596578
-63283151
-103690205
-17586414
-63283151
-37596578
-17586414
-63283151
-63283151
-53774671
-73902335
-43966599
-63283151
-43966599
-2009078
-2009078
-63283151
-32698031
-2009078
-2009078
-68130354
6668975
-43699836
-43699836
-56785137
-63283151
-37596578
-43966599
-18863478
-93882796
-17586414
-84539342
-53774671
-17586414
-63283151
-53774671
-63283151
-32698031
-68884269
-53774671
-63283151
-43966599
-8531177
-32698031
-43966599
-63283151
-48734253
-35277226
6668975
-53774671
-35277226
-18863478
-63283151
-63283151
-63283151
-17586414
-43966599
-53774671
-29567989
-17586414
-43699836
-17586414
-53774671
-2009078
-77068220
-53774671
-2009078
-2009078
-2009078
-32698031
-151768964
-2009078
-43966599
-252019482
-53774671
-43699836
-9724568
-2009078
-53774671
-35593240
-63283151
-43966599
-53774671
-151768964
-63283151
-53774671
-63283151
-35277226
-53774671
-53774671
-18863478
-29567989
-17586414
-31767117
-43966599
-35277226
-53774671
-118981302
-37596578
-63283151
-32698031
-53774671
-43966599
-188477
-17586414
-2009078
-37596578
-12200133
-68884269
-73902335
-109737778
-32698031
-73902335
-32698031
-137119659
-117389389
-2009078
-32698031
-63283151
-53774671
-2009078
-43966599
-63283151
-199033885
-43699836
-63283151
-103690205
-2009078
-32698031
-32698031
8159662
-32698031
-6019114
-63283151
-34260807
-63283151
-43966599
-28371132
-32698031
-95331595
-53774671
-2009078
-43966599
-1638710
-18863478
-83365410
-84539342
-53774671
-60239224
-77068220
-63283151
-17880474
-63283151
-2009078
-48734253
-43966599
-6019114
-118981302
-63283151
-17586414
-53774671
-43966599
-2009078
-9724568
-9724568
-53774671
-73902335
-43966599
-63283151
-63283151
-63283151
-239518186
-53774671
-68884269
-53774671
-9724568
-32698031
-5736019
-32698031
-53774671
-52203787
-2009078
-17586414
-53774671
-21156500
-37596578
-63283151
-53774671
-32698031
-32698031
6668975
-43966599
-17586414
-53774671
-63283151
-63283151
-53774671
-2939697
3188722
8159662
-63283151
-63283151
-63283151
-2009078
-63283151
-11345902
-53774671
-35277226
-37585177
-32698031
6668975
-68884269
-73902335
-103690205
-63283151
-43966599
-38541320
-43966599
-53774671
-53774671
6668975
-53774671
-53774671
-32698031
-151500181
-17586414
-2009078
-18863478
-43699836
-32698031
8159662
-1638710
8159662
-2009078
-37596578
-37596578
-37596578
-63283151
-53774671
-95331595
-43966599
-148322798
-1638710
-18863478
-53774671
-43966599
-2009078
-17586414
-32698031
-32698031
-137957778
-43966599
6668975
-63283151
-43966599
-63283151
-2009078
-5736019
-32698031
-37596578
6668975
-53774671
-37596578
-43966599
-73902335
-63283151
-63283151
-56853825
-43966599
-53774671
-18863478
-28371132
-37596578
8159662
6668975
-18863478
-63283151
-53774671
-2009078
-63283151
-34260807
-63283151
6668975
-83365410
-53774671
-17586414
-32698031
-32698031
-2009078
-2009078
-37596578
-18863478
-2009078
-32698031
-32698031
-117389389
-2939697
-2009078
-43966599
-17586414
-18863478
-2009078
-37596578
-43966599
-103690205
-17586414
-34260807
-63283151
