826134559
546068234
522569653
665788920
629523515
548712114
445109707
522569653
572940893
1017213647
347799061
398594539
238264877
288209828
425461593
964980289
616568597
554171184
461885173
352443733
554818625
631668137
538358390
522569653
522569653
494059189
339937519
886036296
1239461673
592190601
568387001
522569653
1005320340
1033416533
410485542
602833872
710985957
720420665
1347767621
395018929
1003741659
701562940
1106836934
404964223
904745331
897626293
540276695
410485542
1394381508
494515757
493087015
925427455
522569653
1197266372
549287121
522569653
939524764
418580302
531859897
734342184
592190601
568445438
1021808235
427103322
522569653
540276695
592190601
723835044
558985730
427103322
977404904
526532809
318702951
373737138
231764006
473059781
532509138
801599682
304105936
473291938
606794634
1051123575
667740815
325025889
556580260
764355597
546463930
522569653
186610086
540276695
504082671
570360957
418311996
888791700
593746093
592190601
497063093
796522636
543738743
672462474
522569653
1048154002
612962875
1145573979
1069832610
558985730
561062434
635991919
911354860
522569653
1033416533
607640582
589578988
522569653
522569653
465351688
548712114
451814962
619907624
1051123575
531596077
560022350
645520498
1203776046
716185389
522569653
868329254
1069832610
593746093
504082671
618642884
559967503
1443741020
522569653
1069832610
840779929
441707355
732589410
427103322
816830390
684903379
504082671
406954309
540276695
692420769
1306107525
540276695
239269022
558985730
169280474
592190601
318704169
427103322
815676769
868329254
374113582
597312782
763896306
604704612
403536494
592190601
447488424
505226838
651866027
610993943
785147445
1069953521
884932382
576087061
592190601
445109707
447314795
570726119
1065653606
504082671
540276695
531859897
1033416533
692420769
1051123575
540276695
1051123575
515122619
1051123575
211335715
543738743
655091604
274377141
1472625269
566419156
640071176
227416521
868329254
888219461
603755718
558985730
737079211
427103322
374113582
697504822
548712114
1051123575
890948519
294109668
522569653
547168591
551866692
1121376275
427710064
868329254
427103322
358520287
1029146037
523754357
1074374394
1285829384
1051123575
1171968641
395018929
1106836934
1033416533
1051123575
1083787773
239475327
626121022
996154267
868329254
653313750
654294507
523754357
1033416533
1233960338
1136536848
904745331
276203828
886036296
365410424
592399150
548712114
551866692
415894294
410485542
540276695
867197503
1318628897
427103322
604740805
522569653
522569653
692420769
557065578
1074374394
183589106
913833110
576629830
1161211068
366295083
592190601
558938064
886036296
680204006
568873997
728614793
745530397
713035667
646090359
569788988
521242513
522569653
540276695
543738743
592190601
711581371
593746093
1002671717
677714851
558985730
522569653
710996028
729877131
592190601
352443733
785147445
558985730
459315076
217900065
540276695
427103322
250447443
374113582
1247295663
522569653
179163295
1033416533
367061194
592190601
484742819
211335715
660415563
592190601
1441915223
948815714
262795643
388267169
522569653
328294868
886036296
856892753
320991936
868329254
427103322
1156368840
909012431
1051123575
522569653
647253552
558985730
592190601
1140247783
409210362
548712114
1051123575
207878600
335494318
491046646
800607884
707787310
504082671
622483751
1226502994
794689837
886036296
592774284
522569653
558985730
558985730
478530596
461522383
427103322
709975891
213707730
705129730
823633854
792032323
373737138
746421732
427103322
447713861
429785273
352443733
877740721
541062000
1121376275
531859897
613841935
287096361
712105768
504745711
427103322
214897116
676901224
1342856524
869132295
1366624453
366346015
537601591
281931961
1106507756
1139070021
1033416533
868329254
522569653
922650729
441707355
373737138
1051123575
1232657915
540276695
337438435
713035667
272635056
560384257
558985730
355639072
1161567852
540276695
632195600
1051123575
308137166
522569653
626993385
1128634449
125313791
1282776174
287944736
522569653
485515498
667145570
292310300
741081855
571755115
189055083
367061194
1475179499
522569653
1033416533
403206254
588353712
1151144302
993811942
1033416533
592190601
460022111
374113582
1355581581
551866692
592190601
886036296
795175000
1033416533
1043060020
454923304
559240443
592190601
1051123575
522569653
346535097
401118906
345215913
570360957
358847021
427103322
1048560507
558985730
1068728234
868329254
1161211068
1033416533
427103322
1210600238
625650999
886036296
232893184
748162788
980466238
592190601
1017450352
1033416533
540276695
349188165
939524764
504082671
1136536848
545683944
558985730
318704169
528894401
555655209
382455262
550969176
548712114
868329254
678090276
522569653
685438910
1250544065
984964675
551866692
592190601
1002671717
407547321
523754357
1051123575
592190601
1051123575
886036296
530761624
651199218
580233043
522569653
868329254
540276695
253748621
282417498
892633379
579240727
574287551
402137967
403206254
319560926
711214252
333727216
522569653
341437507
176400444
570817518
1045315591
427710064
454245193
1033416533
666118192
540276695
540276695
827204764
1047946564
232893184
1002671717
606481906
1013815660
551866692
410485542
683708307
450365987
513099043
730666279
410485542
1048448471
531859897
1121376275
605121320
1069832610
522569653
1201537174
367061194
562226658
446432594
366365941
711574346
946765212
499904717
318704169
642409178
375769404
852092846
590500543
215803238
692301938
713227501
77914764
203185593
592190601
730343320
700054332
712775381
290542889
554038355
558985730
183015670
886036296
1051123575
383426337
232893184
540276695
432229105
886036296
721189577
1319415263
1081207837
427103322
635437549
990792871
522569653
558985730
509940266
648232936
690176078
548712114
1053975192
564782039
551866692
1135256208
1104612043
973085829
908395260
504082671
504082671
522569653
410485542
1051123575
1033416533
429286487
1033416533
1051123575
680204006
414335952
993967368
374113582
303760761
239962294
374113582
427103322
410485542
540276695
911709789
593746093
646826767
427103322
1313273242
441417053
373737138
1154261599
847022827
434842270
1171968641
439708607
631396884
508393686
964980289
592190601
1154261599
868329254
737411387
805402128
556278261
1397140430
532724587
593746093
880743393
427103322
941676629
333727216
618872570
681984170
468192464
551866692
1303169108
504082671
888219461
593746093
441707355
522569653
179163295
531859897
344569921
504082671
606794634
566419156
270010832
374113582
886036296
427103322
558985730
587599852
1051123575
886036296
504082671
1416233350
554038355
532724587
610257536
592190601
1231112568
323320532
284914746
231601385
1104612043
214299782
1135053169
623100448
694754376
1177671092
522569653
556601451
592190601
592190601
504082671
427103322
592190601
886036296
374113582
592190601
252665450
745136191
626010333
782084191
389617543
542704505
660435644
587050648
494059189
373737138
551866692
445109707
731836599
868329254
1122324812
589578988
296776740
465575089
870512419
1032001552
1107869730
195835430
1065499128
410485542
617787569
329856995
402137967
214299782
558342776
713035667
465734173
1447730976
886036296
522627760
840738362
1272129411
538358390
760112330
1003452590
1128725197
158423932
593746093
336088656
522569653
1165125729
522569653
1065665505
522569653
973085829
170915827
633990173
292631789
822116243
1051123575
504082671
627852009
427103322
543738743
592190601
1071692982
1107935444
603755718
868329254
904745331
713021395
903704795
267960959
628533410
1051123575
445109707
183015670
417335146
868329254
1033416533
119950710
193553826
558985730
522569653
540276695
593746093
1033416533
540276695
555433552
1021380752
900578226
158423932
1025352978
410485542
303296135
305254272
522569653
841651848
556582120
632660386
693372301
554818625
318704169
859480840
809618504
949979620
427103322
733673404
558985730
522569653
504082671
1010484145
317575397
333727216
880743393
823737592
625312352
1078852098
1051712354
522569653
554818625
964980289
522569653
868329254
531859897
450079457
427600044
999756619
868329254
567624769
968988279
868329254
656967591
321503170
271201672
1176815177
589578988
711817962
656596157
1141962904
531859897
463925529
522569653
531859897
82524306
909298961
1330931987
1033416533
430666949
307468146
541546599
1084362641
504082671
1065665505
637734209
301639101
964980289
589578988
651449406
558419535
592190601
500413324
294711649
150400083
456094293
522569653
522569653
677822277
522569653
183589106
1190677676
868329254
554171184
504745711
968168498
702278094
985875540
750384458
308892821
313651889
1069832610
592190601
507378390
450079457
612299643
654513072
574287551
410485542
427103322
592190601
529012368
635980472
592190601
1343960774
522569653
408702323
1056502950
522569653
1117827813
286173031
452233372
596194713
1051123575
250236468
607402481
374113582
1047946564
243421680
540276695
487608575
591212032
531859897
868329254
1196285790
554171184
1013210336
522569653
1033416533
188683173
333727216
374169664
907270708
1046694840
540276695
728614793
1210443873
566613669
404173911
870512419
540276695
169280474
445109707
366346015
1051123575
460462732
1051123575
651435429
400343065
593746093
181170551
868329254
221007957
1516167220
592190601
1017045066
1271123218
540435806
402137967
1051123575
1187986393
504082671
868329254
364770411
560337238
427103322
771740290
554038355
1069832610
540276695
735744820
1033416533
990792871
522569653
326348965
522569653
978351690
586302974
553047755
1073174461
531859897
886036296
592190601
540276695
912004849
204519259
1085623700
659821291
1009501906
868329254
558985730
592190601
868329254
886036296
518385634
522569653
1522172884
1401238663
674024129
352443733
886036296
593765163
606794634
957904408
978866548
253412910
349043474
1065665505
522569653
732564251
540276695
745517026
427103322
1220432878
663589473
540276695
872857206
592774284
158423932
886036296
537601591
727639700
182540653
1028706136
787267328
540276695
969949383
773652654
551866692
943269984
632248160
1188594291
694398726
474970089
522569653
923554361
906885854
1103434779
1150673314
671605016
556580260
964980289
868329254
558985730
574287551
558985730
543046703
751947547
231764006
374113582
891591919
1033416533
352443733
886036296
427710064
528503322
514502753
1033416533
1047946564
1051123575
592190601
342283108
886036296
1065653606
522569653
540276695
1051123575
1188856261
1002671717
647720506
1033416533
1210775047
567747135
928548712
592190601
162300476
592190601
504082671
1051123575
540276695
510658590
540276695
1391590273
558985730
414868943
1069832610
1065653606
1142794140
504082671
427103322
566419156
494059189
400343065
547328620
196175544
923840891
1324932399
592190601
333727216
871193825
540276695
1050505077
566106428
734312631
395527536
540276695
1033416533
551866692
467901467
578947310
716264572
757914206
606794634
1087476710
543046703
586627055
592190601
414764042
435584606
1033416533
642409178
504082671
522569653
1056502950
1002671717
463925529
357989356
1033416533
778985343
427103322
670357001
671139017
1134075558
592190601
504082671
1045216182
913833110
553047755
522569653
606720632
540276695
403206254
451255115
606359409
1063928773
504082671
1158530278
912004849
352443733
686580584
685438910
427103322
368488954
1443363068
540276695
576830691
886036296
602619866
642769368
827204764
1051123575
558985730
1033416533
460022111
640572881
648091544
571662055
899930785
707227393
1003452590
373737138
469427332
402717122
1051123575
335954212
554818625
276930842
332380890
427103322
522569653
641138805
1033416533
1042600625
427103322
1051123575
1221881613
515559728
522569653
590704708
106310779
868329254
554038355
427103322
522569653
522569653
1078920389
768254544
134531534
880743393
748546655
588330436
522569653
1033416533
626532029
702278094
576482801
616385333
1051123575
504082671
1078920389
1058773252
559995196
213959336
239904317
1698240153
429286487
1097670166
972448346
492848359
427103322
199428345
243677447
297690141
540276695
433482929
868329254
579575825
504082671
449926658
858874303
1051123575
868329254
522569653
522569653
522569653
783790891
692420769
585044764
868329254
455202726
169113736
592190601
268102455
558985730
372675038
588673414
473059781
554038355
1051123575
374113582
809739365
562226658
613965331
558985730
450266728
625887761
1069832610
504082671
459041043
579240727
540276695
950460832
291671012
571849401
374113582
410485542
647642197
318704169
700776626
1031462801
540276695
1039374939
540276695
579240727
543738743
809739365
459480317
158423932
990792871
1247841740
918700494
540276695
1041410068
713035667
641387164
606720632
296776740
523754357
868329254
796435597
1128634449
1033416533
562047288
445411652
990792871
427103322
361031189
592190601
592190601
606794634
540276695
393829695
1261253579
427103322
427103322
260000369
374113582
792032323
1072102151
833016384
231234145
990792871
1074374394
451977445
374113582
605704343
585297179
449183325
427103322
868329254
427103322
1351079941
296776740
522569653
584810408
1195188491
540435806
1033416533
592190601
973085829
685438910
1426475604
558985730
1033416533
984964675
325092667
614789971
522569653
346158171
540276695
533718432
374113582
718009290
551866692
592190601
538428758
592190601
352443733
1226110955
942786923
1077243603
522569653
699472054
990792871
662050939
456925302
973085829
868329254
427103322
554818625
1016566206
1051123575
522569653
1033416533
1002671717
566419156
745508297
546463930
540276695
308137166
1084362641
627389660
904745331
652277573
809739365
427103322
1161157380
1401238663
427103322
428014030
1447730976
395018929
925000328
278116613
694197074
738761939
402137967
540276695
492848359
525307006
540276695
270996492
350806391
474813710
522569653
975944916
639023678
891591919
868329254
522569653
684903379
540276695
541402169
427103322
801957654
563353337
644009982
373737138
350806391
211335715
654029643
1002671717
553047755
427103322
1102546246
734724016
540276695
947643057
419417005
1501677766
540276695
560408765
572792900
292631789
868329254
185863843
886036296
1097035614
522569653
1152702911
868329254
952234689
1152995756
322248056
605121320
990792871
323266003
554818625
335576075
241345625
616824741
841400910
904745331
553047755
254089947
938533885
904745331
427103322
526765418
809318133
414335952
318704169
579240727
558985730
593746093
1033416533
1341312513
1366624453
684903379
699552268
839246016
403206254
199077326
574287551
243677447
451298054
443642986
543738743
692420769
418831326
600521544
1121376275
504082671
855011831
540276695
1045311869
522569653
593765163
523215120
504082671
540276695
409699905
662557131
592190601
592190601
286173031
374113582
323064359
1051123575
806882199
570360957
627792951
522569653
417335146
774667784
645413125
1134833778
759765559
563657123
584127046
1161947290
323087179
990792871
457179359
1034888632
441707355
1204307447
558985730
354440612
653632933
1041635749
211335715
504082671
525234833
579240727
617718129
324550623
346535097
592190601
296776740
1033416533
115949095
697510060
504082671
647086326
522569653
352443733
713035667
522569653
1075294038
352938666
540276695
324275350
324550623
592190601
1033416533
518385634
592190601
990792871
554818625
462712304
1069832610
540276695
574287551
360332770
1302330461
847908009
1147876910
795310317
592190601
427710064
592190601
892633379
686320717
522569653
1037804626
886036296
1432418204
221007957
543738743
463444359
619907624
1374537528
593765163
62072572
522569653
569773162
258739848
410485542
548712114
1215991689
469904825
424799517
279153874
868329254
629826913
842689743
325025889
569435976
717175248
685438910
1601382956
903384333
427103322
868329254
427103322
572940893
984964675
925317971
522569653
513532537
522569653
593746093
504082671
659400547
586771522
531859897
1065665505
990792871
265674640
1117827813
686580584
592190601
947643057
145999912
169280474
376407434
324550623
558985730
611236859
886036296
1033416533
939524764
592190601
493098670
409699905
828448400
646621690
685438910
540276695
759826766
649643656
1039024852
592190601
352443733
243677447
333727216
677747411
523754357
391360431
1048429703
215757837
1186734229
1016433377
522569653
1161211068
427103322
558985730
468408056
116689521
785562404
593765163
236839288
531859897
540276695
1100120771
522569653
512452559
1241397603
234895943
566613669
1033416533
609989657
680904225
558985730
1051123575
173469301
548712114
875607792
522569653
1176065736
531859897
617046035
203011935
504727205
531859897
408784634
600204476
868329254
317722090
427103322
886036296
872205736
170137135
886036296
556343237
1033693534
443862585
841660677
973085829
522569653
553047755
540276695
875085736
1139083317
658961838
522569653
364770411
1418945705
1025352978
138684263
592190601
540276695
504082671
592190601
694154864
630876219
374450837
522569653
595403052
737658406
868329254
984964675
402137967
352443733
427103322
127304267
522569653
427103322
427103322
427710064
481049710
1051123575
592190601
660239042
504727205
183015670
483441470
427103322
427103322
983376217
397970862
1146355662
592190601
1647965632
240424156
492848359
1065018064
169280474
444376453
441389572
522569653
868329254
799232197
410485542
731581115
1005320340
592190601
522569653
246065645
710943280
617791003
982687331
672325454
700538089
1009501906
402787204
1135554359
868329254
522569653
540276695
694521858
497485450
792032323
937013591
900578226
566613669
522569653
317722090
899797956
668617691
352443733
540276695
839377300
522569653
325092667
673360736
344569921
592190601
540276695
504082671
531859897
1115465350
540276695
215803238
262795643
1299391623
522569653
540276695
343864315
492026979
605121320
658894839
824486942
533987671
886036296
868329254
547117243
217863009
753150859
540276695
522569653
685439983
710255821
553175024
773275365
897626293
984964675
410485542
554038355
478530596
482967011
836920741
538657578
442955062
1255051535
1040080703
868329254
1078594015
700054332
427103322
195163774
342047131
423327737
522569653
903744562
554171184
540276695
395018929
548712114
538358390
562226658
888219461
592190601
353708815
165669036
679106452
592190601
868329254
592190601
668020231
1239461673
441707355
937465186
579858198
1039956675
352443733
526942566
765578580
771745639
553047755
302009852
333727216
592190601
275838280
427103322
248099792
78490770
592190601
179118086
1239461673
143843367
1005320340
478530596
1352505823
897626293
522569653
403206254
445109707
1033416533
504727205
522569653
801730282
181586385
1033416533
531859897
1066886022
904745331
605339988
1051123575
540276695
719418037
540276695
445411652
1005320340
904745331
1033416533
211335715
1009501906
592190601
232893184
513532537
886036296
668380215
592190601
692513395
522569653
522569653
543738743
450205719
541933122
617690976
410485542
397970862
628377291
990792871
592190601
708872356
546463930
427103322
1259404596
1051123575
1080195536
782587113
973085829
632032867
1056821680
166909163
410485542
990792871
1142794140
540276695
842236632
403206254
1033416533
540276695
592190601
522569653
308137166
450434978
427103322
1017129845
551866692
611104265
408025771
1161211068
543738743
630169337
138865073
592190601
548399386
1033416533
318704169
286173031
603298445
592190601
504082671
410485542
526766085
374113582
914633598
973085829
1155327891
41618418
624384444
504727205
540276695
657989041
585128191
1010999094
555707362
623338561
592190601
195228282
492848359
211335715
582912883
694638588
1201687030
404254137
522569653
927637569
522569653
1087476710
619252182
392181334
1079044735
886036296
1171968641
669620512
522569653
233656925
814515385
1033416533
548712114
285744402
606794634
1011784454
548712114
441707355
522569653
558985730
532441840
718890381
318704169
406406540
904745331
540276695
593746093
990792871
1165542567
472264631
611670385
868329254
698795445
832418794
318558537
504727205
977338454
891591919
592190601
607640582
361518532
658894839
427103322
498280480
1060599991
1426465454
522569653
540276695
791374196
592190601
593746093
870512419
628377291
78477005
510869929
1033416533
540276695
352443733
427103322
592190601
221407439
1033416533
592190601
522569653
666643798
1002671717
973950519
990792871
427103322
329544612
904745331
592190601
540276695
578676538
540276695
410485542
592190601
274435341
323683520
702174158
326696438
540276695
1251885180
639046759
592190601
102377820
1182680342
1051123575
1115540516
514687063
1104767490
597680460
522569653
655059389
540276695
628221614
527102231
593746093
1033416533
1324369454
592190601
522569653
547228065
816830390
1512859984
592190601
644009982
365410424
504082671
584127046
636970915
944027006
326348965
522569653
1033416533
1051123575
642031267
526762908
891591919
553154339
1015951559
504082671
427103322
592190601
539448456
625239411
1033416533
410485542
385957305
631387917
540276695
1047946564
886036296
1033416533
522569653
262281563
886036296
1427947500
553047755
973950519
1406880182
317722090
1317130856
1033416533
374113582
589556443
1009501906
566419156
682814523
1100900521
427103322
279382395
1135786689
517844331
883722090
374113582
350806391
904745331
645449181
522569653
558302813
402137967
540276695
658355255
791891941
548712114
454828995
318704169
1051123575
456572639
834446447
904745331
96092688
1031462801
618421345
1184316274
554171184
684903379
441707355
522569653
228819018
1033416533
522569653
504727205
504082671
374113582
868329254
821622751
531859897
1033416533
868329254
669737598
868329254
540276695
318704169
522569653
592190601
902761391
1143504026
701932600
540276695
1051123575
558985730
661038329
566419156
558985730
414335952
320045367
904745331
569139094
959511491
376477381
973085829
540276695
501407567
1126208466
1172972103
540276695
791034447
569435976
702610421
1021380752
450582152
409615949
886036296
662738502
427103322
494325533
589578988
897626293
540276695
1051123575
450079457
886036296
465259398
410485542
522569653
921568105
213392421
280675044
1074374394
592190601
592190601
592190601
1023507012
973702274
886036296
441707355
247416913
345209201
228819018
523754357
427103322
522569653
558985730
1062713572
646243682
374113582
592190601
540276695
374282618
665990066
540276695
258739848
742693509
1122849340
1051123575
900578226
868329254
540276695
484742819
692301938
1033416533
592190601
174423018
182807410
487322780
868329254
427103322
540276695
985875540
601965112
438465324
522569653
1128725197
945971643
361585946
606720632
592190601
427103322
592190601
658894839
655908222
1211729994
370294155
445109707
728614793
868329254
592190601
437124574
352443733
538657578
674024129
540276695
1368062104
522569653
433205878
281253778
648207767
638719054
347244250
318704169
390516264
658894839
142754625
1009501906
1183724271
592190601
1051123575
186610086
886036296
1051123575
522569653
936255187
522569653
246065645
553127895
806943310
309820150
522569653
522569653
540286041
529276474
891305389
540276695
465860414
269245165
194984508
968988279
1056498023
592190601
405301138
186610086
989403102
522569653
298063650
886036296
558985730
373737138
192965774
158423932
1150206063
785147445
592190601
574287551
318704169
522569653
1230759550
432754207
606794634
540596378
1074932127
910340421
1010366596
258739848
1225505510
1149304522
531859897
659993376
415894294
522569653
582140042
973085829
868329254
663266556
601313496
504082671
1028706136
427103322
350806391
554038355
1051123575
427103322
451735115
528591147
540276695
107044466
447702969
427103322
374113582
517844331
973085829
549312539
554818625
1082673539
496318311
592190601
653445756
1033416533
904745331
427103322
548712114
724842994
374113582
323909179
760236958
522569653
596957987
1051123575
531859897
1241778373
677694960
579240727
540276695
604753533
642409178
204375982
246065645
522569653
832815537
432599990
323073084
1051123575
540276695
868329254
593746093
592190601
697966204
558985730
669815709
1188912127
436368778
543738743
551866692
465860414
374113582
417001172
548712114
886036296
648232936
582023074
775564687
540276695
333165865
1123511944
540276695
1218762855
1243160881
558985730
592190601
427103322
548394331
774667784
1051123575
846092500
335954319
253189183
1186839678
639884497
1076405980
427710064
322248056
540276695
522569653
427103322
681314809
216707151
522569653
868329254
373737138
592190601
1043248066
868329254
593746093
540276695
522569653
658003050
409348770
1033416533
548712114
504082671
522569653
429132441
522569653
868329254
216064635
243677447
1033416533
1516167220
431030384
375011470
886036296
322248056
476041744
1063219340
433442082
540276695
1051123575
1062713572
558985730
688213290
504082671
898664552
1033416533
1005320340
519595612
228243120
768137079
740252076
592190601
209885275
1087135439
886036296
782084191
411067919
522569653
1033416533
318704169
698599746
888219461
522569653
402137967
587945846
648540312
374113582
671028987
158423932
252164753
558985730
259051203
410485542
1408169795
574287551
427103322
1094684170
89258892
1018589685
721319456
886036296
1257764450
341176192
322248056
427103322
997071361
601210089
592190601
571184137
643685712
891305389
523754357
1051123575
558985730
884584063
379419068
1051123575
569681637
574287551
1051615500
365410424
250447443
397970862
442779459
685438910
372672132
563170256
403206254
427103322
540276695
522569653
504082671
322551717
788228998
755796231
837536179
522569653
730532158
484742819
1162062339
452630850
616116086
332380890
211335715
522569653
522569653
1141842738
968688655
256922544
1142794140
504727205
522569653
960664900
374861149
912004849
841766800
447283872
1002671717
593765163
504082671
592190601
1033416533
374113582
592190601
625932123
183589106
373737138
120672772
1033416533
346535097
834967940
532238587
1035968047
1033416533
374506895
609536540
566419156
286149814
592190601
309820150
585128191
660603125
646621690
592190601
181586385
350806391
886036296
608348808
886036296
592649539
611118461
427103322
551866692
441707355
183015670
1033416533
1002671717
410485542
459480317
579633670
352443733
540276695
540276695
465060394
694197074
540276695
504082671
540276695
489492974
886036296
558985730
540276695
938533885
352443733
304105936
912004849
222383696
656174105
492848359
623338561
367710352
1083678132
307016113
540276695
427103322
142720521
536182440
1117827813
1288607684
886036296
427103322
1087476710
551866692
522569653
1414788174
623980923
690053754
522569653
1002671717
522569653
457119904
592111855
540276695
991657561
554818625
744309548
540276695
350905450
868329254
612137497
984964675
321705921
676546128
592190601
249510683
598500831
517160448
673718413
661829871
947643057
333727216
540276695
522569653
530761624
180486484
592190601
580961086
1290545425
540276695
366379460
963637918
558985730
809739365
504082671
318704169
540276695
374450837
429286487
522569653
720079602
592190601
427103322
548712114
684194206
654436480
913833110
522569653
1130027857
1212968448
646826767
390274949
674024129
570360957
785785736
427103322
402137967
522569653
1172091179
559552597
522569653
574287551
577739273
1299375592
641474455
353451412
615888806
522569653
103752865
554818625
1062713572
832550497
239269022
139172647
297862607
604144715
427103322
663718518
915618574
586627055
522569653
522569653
540276695
1484321955
427103322
592774284
467256795
576009855
395018929
558985730
592190601
211335715
868329254
662050939
194671657
709351360
557073468
771528684
522569653
548712114
957589780
592190601
592190601
434782949
523754357
522569653
522569653
1139083317
441707355
520247129
540276695
592190601
1467034413
522569653
592190601
1362521025
684903379
592190601
395018929
674024129
558985730
511942268
723834810
320045367
616788272
886036296
374450837
1051123575
484742819
642379614
1033416533
522569653
1033416533
304105936
735153359
296776740
301430800
773219832
554818625
868329254
322468589
622853750
447918319
410485542
169280474
610196986
543046703
623228678
1065665505
427103322
374113582
685438910
373737138
738761939
592190601
984964675
593746093
647086326
531565373
1142067341
169280474
614061002
403206254
964980289
1062713572
558985730
540276695
538142398
834978288
886036296
414216699
638430631
592190601
410485542
924630191
445109707
584810408
504082671
299512258
540276695
522569653
410485542
1033416533
186477061
623428452
973085829
1043290460
1160501182
406103855
592190601
571525856
809739365
497861389
1309308753
732011920
888219461
427103322
973435727
606794634
1065665505
886036296
685438910
606794634
1245003210
427103322
504082671
592190601
1273372249
340989625
450079457
900578226
424201766
300941472
1132212719
544845418
232893184
540276695
592190601
1331003227
522569653
860412708
1090087607
1351079941
877517250
404424186
904745331
503665490
403206254
317722090
1186734229
429286487
619553095
1001396366
441579987
260000369
501362402
396818441
169280474
648232936
654966258
540276695
693562569
1033416533
427103322
441707355
374113582
868329254
566419156
1051123575
551866692
1033416533
522569653
522569653
938533885
319950230
549385118
1033416533
552040447
540276695
504082671
427103322
397970862
522569653
685438910
504082671
302830704
692420769
522569653
418831326
1083787773
624186233
592190601
922389431
662454981
592190601
541546599
649692714
568516951
606794634
1115900846
868329254
919772754
374113582
374113582
833113894
716956448
504082671
504082671
712002193
868329254
1157673647
318704169
315101394
809618504
566419156
402137967
374113582
531859897
319842402
633638422
578009153
1312502789
567747135
755108010
510788738
331797267
322248056
600388855
425455294
690080268
641138805
787652864
158423932
701830338
522569653
1078920389
325025889
713035667
427103322
211170283
603618632
558985730
680204006
1062442594
379392630
318704169
223789180
1065018064
1051123575
522569653
637946683
504082671
427103322
522569653
868329254
606794634
492848359
704571204
1047946564
975751009
522569653
765782537
886036296
558985730
243813268
285866134
522569653
145645593
373737138
573201547
504727205
973085829
730666279
540276695
220039352
886036296
250911819
1033416533
562226658
1210399148
395527536
1047946564
427103322
424849923
374450837
690552087
125378594
332663944
522569653
522569653
790557637
1031198511
698108212
592987593
410485542
847022827
543738743
1021159632
427103322
427103322
397909651
566419156
506357515
540276695
529726450
1033416533
880743393
522569653
755157086
1002671717
509111327
914756572
169280474
620390025
1166944406
1033416533
274377141
821439831
891591919
543046703
1033416533
802966722
1053252148
1065665505
658003050
631431174
1215354845
540276695
317722090
521695360
592190601
427103322
588330436
522912617
1064970269
515810239
320045367
606794634
728614793
528766927
487054236
1069832610
522569653
399598162
558985730
592190601
522413932
493098670
886036296
1114242140
456685491
710175535
1124263699
672836857
661829871
1046941156
704208097
919383187
1464386735
522569653
592190601
432628850
658894839
522569653
1033416533
1353827238
532724587
868329254
592190601
211335715
522569653
522569653
305425153
302751614
1030468531
504082671
679805677
973085829
707788161
522569653
522569653
774667784
570783722
558985730
522569653
540276695
1051123575
423481686
522569653
794689837
540276695
701118615
641226128
522569653
333727216
374113582
73917730
545791921
540276695
886036296
964185308
531859897
1366144900
413783054
592190601
606286219
427103322
407654333
891591919
777917086
522569653
606794634
1033416533
1103621164
1078922133
316544022
1051123575
454433833
469509865
1003452590
645416523
961648407
592190601
1034904860
297805033
589578988
233044407
1033416533
536290113
540276695
1065665505
642409178
766601949
522569653
522569653
950931857
728614793
522569653
904745331
841862146
636570330
809318133
1069832610
522569653
645667895
558985730
1033416533
833113894
1009501906
182732682
593746093
280885905
1084637632
504082671
101982927
624952334
1181913990
962711742
592190601
545804843
350806391
1228686159
442942375
684903379
886036296
716185389
563353337
1352060655
540276695
592190601
592190601
580310912
857324712
503998808
437124574
374450837
1107804867
1031462801
868329254
397970862
410485542
215392665
591294881
427103322
870512419
1025963607
410485542
410485542
861291706
592190601
540276695
551866692
484642850
427103322
540276695
540276695
436606492
645644342
211335715
522569653
1078920389
886036296
554038355
427103322
620754409
907610929
517844331
543738743
427103322
755157086
374113582
523754357
592190601
647130688
522569653
1033416533
405344397
388539544
330730316
1341966006
1004554531
1033416533
522569653
606794634
1080969872
720199273
886036296
752559257
444478836
1033416533
744309548
403206254
840729291
1178873495
592190601
592190601
555867644
540276695
608422065
1051123575
274291867
352443733
322248056
844546584
868329254
540276695
365673583
558985730
553047755
1031754590
543738743
317722090
1069832610
554818625
1039956675
701568208
1132212719
522569653
592190601
504727205
504082671
772689837
1253329236
961648407
675879766
1051123575
250631583
504727205
769535717
333727216
520588817
677747411
1317790190
463219317
573102872
815739782
870512419
340743698
593746093
886036296
593765163
949135727
410485542
425024468
522569653
522569653
957235881
364770411
427103322
1245570896
504082671
592190601
592190601
658894839
876593016
514502753
913833110
522569653
966536833
774667784
374113582
542260461
886036296
1182350509
427103322
677747411
592190601
793273985
365410424
523754357
886036296
476308926
521242513
368814268
629931921
65779251
1133269732
298063650
592190601
554818625
586627055
277305957
211335715
528591147
522569653
886036296
592190601
374113582
589578988
355400656
427103322
522569653
886036296
522569653
606794634
278545941
984964675
973085829
614115526
984964675
1033416533
851143828
844549369
504082671
586627055
609229513
374113582
493098670
699430927
569047803
1188594291
625556152
592671016
531859897
1065665505
427103322
540276695
522569653
892633379
335819072
782084191
387840694
540276695
409699905
886036296
528251372
592190601
522569653
181586385
305288641
540276695
946816402
522569653
429286487
504082671
1188594291
504082671
293653020
727862558
536914954
886036296
565195185
954688763
1180240238
522569653
1033416533
1051123575
1213140635
663981997
390516264
1033416533
570360957
886036296
649448784
492848359
522569653
540276695
350806391
504082671
450365987
630637821
540276695
1051123575
1025352978
411373450
973085829
173407499
592774284
1351235727
456832184
592190601
1176624606
499272850
494059189
888219461
592190601
1021380752
472524000
402137967
1021159632
1213529609
211335715
829755714
374113582
290542889
150838246
374113582
299177851
281219212
504082671
540276695
603397640
775238590
880743393
504082671
1033416533
427103322
1010041937
543738743
522569653
1201073688
629660190
342283108
427103322
540276695
1516167220
1638671699
258739848
1249239986
1033416533
453176773
478803243
1051123575
534571662
589578988
992173580
562226658
160686974
927412170
296776740
522569653
540276695
592190601
429286487
685438910
427103322
1043674878
870512419
904745331
179118086
543738743
566419156
558985730
350806391
1081207837
1065665505
646621690
1014261714
868329254
603340648
297862607
522569653
648207767
1211036576
999576671
522569653
216707151
562226658
861581435
1051123575
809739365
628427667
540276695
250447443
1033416533
1244232427
522569653
540276695
393365917
592190601
558985730
703889872
1033416533
592190601
671258397
1025352978
522569653
558985730
558985730
454905832
1033416533
540276695
134305320
498962596
522569653
667104435
645413125
896010274
592190601
558985730
171354272
888219461
886036296
891591919
522569653
186610086
605121320
868329254
497211757
576009855
427744345
523754357
291072311
1034756022
493713049
522569653
522569653
522569653
1033416533
597571205
492848359
554038355
194984508
522569653
1033416533
395018929
410485542
977088599
1031198511
950931857
427103322
513136475
792097946
565941052
427103322
904745331
755949032
546151202
592190601
551866692
868329254
1001396366
504082671
238581340
523754357
1159054647
211335715
982687331
1032755979
272635056
1033416533
406200103
410485542
516970354
367600800
427103322
243677447
427103322
791374196
345012813
599104140
413783054
579240727
680150343
413513194
592190601
558985730
986891208
1033416533
695068339
125625980
909012431
1029146037
522569653
677768303
332380890
1504562635
494272424
266905990
658894839
593765163
232893184
522569653
592190601
1314752490
522569653
423004744
429286487
545791921
680150343
785147445
745508297
158423932
410485542
364770411
390274949
395018929
897571670
930393863
543738743
1133351478
700367281
984964675
576942228
1001396366
351821714
1179130969
484742819
828466993
868329254
1033416533
1033416533
585128191
592190601
243677447
585128191
352443733
885792183
522569653
427103322
786810220
531859897
915604554
477421139
203185593
246065645
996150533
522569653
522569653
728718015
540418311
569851694
794925102
886036296
432317826
616480837
557065578
434820624
434782949
441986465
540276695
522569653
693562569
1033416533
421800635
163742586
427103322
504082671
739898612
592190601
827329628
427103322
531859897
904745331
308668288
435584606
522569653
455193128
1033416533
346214846
592190601
1005320340
772430732
305266704
1358029210
318308523
886036296
343973710
868329254
642095713
891566572
416794030
1069832610
543738743
647086326
592190601
531859897
574287551
592190601
734312631
373737138
1033416533
730666279
870512419
718890381
566419156
592190601
868329254
1029254379
179118086
427103322
441707355
1547320670
522569653
531859897
555183645
540276695
347993981
934212791
504082671
686745395
566419156
427103322
892633379
522569653
540276695
427103322
705122147
263089426
1051123575
900578226
740293233
221778324
318704169
545791921
666019443
1065665505
592190601
504082671
286173031
733503352
1516167220
522569653
886036296
475839869
904745331
553905040
1051123575
870512419
522569653
1033416533
540276695
868444323
1233600758
554038355
427103322
540276695
584127046
445418078
1137896760
842980358
353486389
427103322
211335715
690888578
1416233350
522569653
432229105
1028829192
1056332586
522569653
592690234
1108840900
531303554
592774284
631718350
427103322
316000376
1172801065
811328031
1047151916
183015670
1033416533
292711612
528623444
983819760
868329254
1021159632
643613628
523754357
410485542
1087847622
427103322
667069975
1127849546
522627760
1196285790
211335715
187315564
504727205
427103322
522569653
1063885564
265175535
283947770
212267595
1077460549
535635016
784632939
1051123575
592190601
575182970
1506497739
1119684121
522569653
592190601
681391152
504082671
558985730
685438910
329000552
450711559
434782949
540276695
402137967
540276695
554818625
646243682
532629483
352443733
249938193
1033416533
592190601
226422856
528047287
540276695
592190601
243421680
355645925
427103322
973085829
298063650
1033416533
522569653
868329254
1033416533
522569653
540276695
566419156
868329254
306473272
579387937
548453786
1051123575
397970862
1051123575
655239360
904745331
540276695
531303554
1438007425
214843382
1033416533
925000328
548712114
1051123575
504082671
540276695
731216809
435591935
1196285790
1005320340
522569653
1234060789
522569653
427725383
592190601
1033416533
830715259
318704169
1216834893
186610086
596665430
273406222
522627760
633768943
504082671
1154261599
122365095
374113582
1051123575
436552353
860412708
185596182
374113582
980123927
592190601
1009501906
314030451
342283108
939524764
1664228695
540276695
1069832610
905242053
410485542
706518446
369392210
296776740
617787569
424860353
593765163
990792871
504082671
1033416533
593746093
392295143
1014403695
610196986
560613515
1001396366
1132369743
434146837
240424156
529726450
799263201
410485542
1051123575
1006127083
522569653
904745331
617927671
236369193
868329254
370294155
1055925549
886036296
592190601
513532537
522569653
747666472
603930938
489423212
374113582
1033416533
504082671
1137499607
868329254
540276695
235704739
526747900
165043468
540276695
592190601
551286474
349856218
1516167220
531859897
646236576
701568208
427103322
410485542
148512823
843252879
904745331
522569653
540276695
680529485
904745331
779338617
296776740
540276695
152775743
679520852
593746093
305416287
592190601
886036296
586627055
592190601
589578988
602682983
618172702
1027036352
868329254
554118970
1069832610
522569653
434034868
983193085
1034756022
1063345615
426855440
941116352
374113582
679510492
827057705
299310069
1212441993
1051123575
522569653
1064885235
548712114
528894401
633515249
504082671
605121320
826711769
1117827813
492848359
447314795
1126643302
445109707
705101840
904351052
1269234162
820186801
1035700151
834976680
1092165433
350869897
504082671
532087462
408077774
642409178
427103322
402137967
522569653
482514660
427103322
366414330
517032971
487608575
592190601
576020766
390516264
1104600869
868329254
328153018
224306431
538358390
522569653
592190601
504082671
627916002
465060394
374113582
886644010
1044142700
815533500
536182440
522569653
179163295
540276695
618021051
1290511113
331858708
427103322
1051123575
427103322
1255196031
504082671
1383997786
395527536
427103322
964980289
540276695
170809641
1003452590
83611564
1033416533
408077774
249510683
599904311
451407447
689750657
427103322
868329254
1084362641
694754376
1104612043
982687331
450365987
904745331
723417535
522569653
504082671
373737138
745270312
596225527
701568208
194671657
592190601
522569653
579140452
1040996556
558985730
1033416533
877740721
187021496
1331259569
177321164
1199127851
680087740
441986465
393935005
158423932
543046703
492848359
1092857821
522819586
1069832610
780677608
888219461
540276695
1051123575
173469301
718932610
558985730
522569653
1034234625
973085829
579240727
537591133
570360957
540276695
984964675
490089540
1033416533
222073440
658122669
1098573913
1051123575
298063650
543738743
1088519013
374113582
990792871
553047755
558985730
844549369
548712114
585403311
445109707
318704169
530761624
427103322
551866692
366346015
792032323
593746093
686304134
427103322
585128191
425024136
394598288
713035667
886036296
592190601
963678685
610670249
345470050
427103322
589578988
467573107
554818625
910340421
959829685
414335952
680150343
504082671
868329254
402137967
562226658
427103322
888155071
566106428
826245846
1073357592
540276695
490079216
619553095
492848359
522569653
504727205
543738743
820995501
646621690
602387958
432599990
318704169
1128634449
1279924882
361874605
886036296
1065665505
394555333
427103322
592190601
558985730
1188547802
444319808
522569653
558342776
1101342152
547278501
1004228181
540276695
531859897
904539969
522569653
318704169
812617739
434842270
580689525
435255702
262256603
848472577
1033416533
540276695
427103322
522569653
540276695
790557637
427103322
618021051
938517115
592190601
1158820766
337330939
427103322
592190601
863157761
886036296
1183948116
419309904
855777573
1118230176
304105936
721189577
1184362112
1051123575
442930171
554818625
345470050
677747411
939524764
436607225
509678756
562753848
464080977
554818625
1047151916
428605397
868329254
1033416533
1033416533
886036296
1293402658
1033416533
522569653
364359079
429286487
1379778104
522627760
540276695
791374196
593279844
558985730
553603809
842939565
548712114
886036296
558985730
618021051
623228678
644357716
904745331
610196986
904745331
571849401
522569653
419323401
554818625
704051038
427103322
530716639
318704169
1202052903
778453531
1143724107
904745331
543738743
654196960
1025509858
558985730
1093355645
270187731
1005320340
554818625
410485542
847772636
625962902
886036296
629186835
326627272
1033416533
606794634
1005320340
384674496
1065665505
592190601
728614793
427103322
580961086
1005320340
658003050
540276695
809739365
1062713572
504082671
540276695
498302907
1164313771
397970862
522019234
573101249
522569653
586627055
427103322
554818625
886036296
427103322
1385520157
402137967
868329254
592190601
145817894
1051123575
179163295
1033416533
558985730
1398055540
522569653
868329254
522569653
477749288
1021525178
1033416533
548712114
441707355
558985730
540276695
214884111
609010113
403206254
543738743
350806391
427103322
571242976
122471845
1040080703
646621690
585128191
968688655
522569653
606794634
397970862
308036603
902213352
441417053
138865073
602803309
407421198
1051123575
463688863
540276695
350806391
1154261599
522569653
592190601
728614793
462352464
1033416533
373737138
979122620
569982690
759339219
1069832610
504082671
792032323
984964675
352443733
296776740
1003452590
543738743
718992319
868329254
924115654
235704739
540276695
522569653
522569653
777882053
423481686
522569653
332380890
522569653
523754357
427103322
592190601
1069832610
755157086
1100120771
522569653
1331259569
661305571
483441470
1037370872
728614793
1069832610
1033416533
623228678
567587683
427103322
558985730
1134075558
495406059
326348965
324550623
1065665505
311056697
723179078
608120721
359660953
1104612043
592190601
986891208
886036296
793819743
504082671
318704169
1064645469
558985730
324550623
809739365
242438766
522569653
540276695
463219317
240720531
304105936
1188594291
540276695
523277578
748221023
637946683
494747943
619960446
774667784
593746093
548712114
228636186
332380890
1208917362
540276695
592190601
1002671717
291072311
716468881
606481906
1019625444
530670749
522569653
870512419
432636685
1060675136
592190601
609873934
292631789
610670249
352443733
1242326965
427103322
346535097
432229105
540276695
427103322
559995196
592190601
953131624
739125518
692301938
410485542
558985730
922197194
592190601
414216699
522569653
540276695
554038355
745837501
523215120
522569653
592190601
333727216
574125769
493363949
646826767
399526768
374113582
275838280
531859897
734373399
1270323361
410485542
463219317
592190601
374113582
599984976
642054032
694148947
374113582
699854579
175412794
691654741
1404209176
977188454
839823627
522569653
721319456
305266704
1065771869
407756389
344259736
738127072
868329254
540276695
522569653
687882057
973085829
551866692
429286487
350806391
373737138
461617164
592190601
1051123575
522569653
1065665505
648264279
522569653
1104612043
540276695
323683520
973085829
592190601
181635547
427103322
463925529
554818625
566030645
593746093
429286487
1093355645
917285457
504082671
886036296
427103322
562226658
522569653
1167816104
720284479
625116937
1033416533
538358390
424799517
522569653
410485542
620390025
868329254
522569653
795310317
531859897
441707355
1278960621
566419156
1154261599
413293469
812249555
556171351
997437987
847393226
663266556
522569653
546467665
592190601
1051123575
398963444
904745331
868329254
792032323
1002671717
363749994
526415007
558985730
367061194
1135023093
593746093
1075742104
522569653
759640359
427103322
183589106
735303651
592190601
573752419
427103322
672919163
490500858
1204951090
658894839
407549807
868329254
522569653
427103322
579240727
522569653
469895123
946386004
677171993
973085829
522569653
318704169
868329254
465004060
640572881
504082671
1239461673
522569653
984964675
540276695
809739365
452633222
710038379
211335715
891305389
999514328
342283108
376814864
311938978
522569653
504082671
410485542
973320943
145609708
522569653
540276695
522569653
531859897
1279826170
1033416533
868329254
828683591
1196285790
421058410
540276695
577592584
572826941
504082671
324550623
1033416533
504727205
543738743
454433833
1144512283
1159313230
541758537
592190601
354440612
460245246
391360431
566101373
1033416533
410485542
540276695
332380890
522569653
492848359
371218859
592774284
800213837
1235291536
522569653
203011935
824319684
880743393
606794634
482109774
302009852
660862403
692301938
684786352
427710064
1058014204
280675044
585297179
531859897
1062365425
592190601
386638314
364770411
1318743182
880743393
680204006
541402169
964980289
1160558752
358402857
1437654740
868329254
1051123575
394810575
592190601
540276695
929371108
880743393
540276695
522569653
642379614
559796993
592190601
243677447
427103322
522569653
540276695
690053754
433048557
540276695
592190601
1104612043
427103322
1177841416
543206569
276696818
504082671
592774284
790495178
414216699
1201055129
1219851930
566419156
888219461
1136607710
646611102
292858185
1037703050
688789555
458858136
524164151
594373098
904745331
592190601
853289978
854632573
441707355
522569653
342155891
912373270
732534978
1391590273
332380890
404173911
399556578
679121900
745087304
1143504026
886036296
1429165349
522569653
312233921
592190601
1036599751
1157673647
868329254
352443733
186574094
592190601
1117699643
379085248
1033416533
445418078
1035905026
365515395
742335658
592190601
1532282448
504082671
451668728
592774284
593746093
385852338
645675338
616116086
1033416533
1051123575
982687331
522569653
504611550
932516188
364770411
868329254
287594584
632195600
324550623
570360957
738021568
322248056
558985730
721319456
792032323
504727205
258739848
322248056
373737138
540276695
522569653
1107804867
880733609
584127046
522569653
322248056
1051123575
350886925
388643613
540276695
437799071
1182893544
155354284
682692395
602803309
680204006
704479086
1021159632
522569653
628427667
231617938
576629830
909298961
886036296
522569653
543738743
1404621790
224060148
1251146071
631278201
504082671
504745711
875109956
374113582
654605394
960664900
781603348
190877799
592190601
522569653
390274949
574287551
558985730
896194439
592190601
596957987
1196541368
523215120
592190601
686157002
685438910
1033416533
540276695
1088589747
580689525
410535510
595266307
809739365
592190601
665529414
1484798306
906607300
827511043
501785379
410485542
397239854
1157411321
658894839
654217413
577777584
886036296
625591087
352443733
232681846
323626887
677768303
1051123575
543882592
522569653
540276695
410485542
522569653
427103322
699552268
592190601
293034730
592190601
410485542
1069832610
522569653
366346015
711581371
673820690
592190601
1025227571
1051123575
566419156
885515333
304529231
187036705
721877754
476138849
592190601
882941835
863929359
390516264
333727216
626360169
220039352
452396676
654579623
355400656
318704169
854411257
1111627814
602833872
393365917
478530596
522569653
1134075558
522885347
522569653
680204006
886036296
308224470
566737152
441707355
427103322
254877829
558985730
606481906
676266131
775650458
557065578
1033416533
414319909
1033416533
880373789
646743148
267451399
410485542
1069832610
592190601
264916995
879217153
574287551
540276695
179118086
483404259
923060621
374113582
522569653
837713277
523215120
447283872
1033416533
969014938
429286487
522569653
1100415074
366050027
791951406
566419156
1153625247
468052554
540276695
592190601
522569653
1155205571
886036296
413250922
904745331
504727205
642076577
684903379
603755718
1051123575
925000328
510763509
792553591
1422851729
522569653
569773162
373737138
592190601
897626293
693590601
920357643
543738743
902037862
454433833
1100669872
427103322
249609711
553047755
434842133
517977160
781819576
454433833
424799517
427710064
214393729
868329254
647086326
569773162
490752761
417773407
531859897
234895943
629926423
1134306170
592190601
556580260
1190644158
459480317
436368778
315471126
594718890
523754357
1285006540
728614793
318704169
973085829
1078111651
1033416533
1201687030
1204381467
1069832610
578009153
522569653
495737044
570360957
350806391
577615979
280675044
883854025
1051123575
427103322
211335715
962478005
868329254
925000328
558985730
427103322
194671657
886036296
319327316
522569653
303105752
868329254
540276695
268523207
605925984
868329254
592190601
264542227
543738743
707916791
522569653
1164643467
642409178
637946683
612137497
592190601
625932123
374113582
833383811
478530596
388643613
448212191
1069832610
748162788
592190601
540276695
427103322
1117827813
522569653
441707355
427103322
612371151
301613018
522569653
402577714
152146253
1317083913
641138805
1220432878
848472577
662612372
427103322
1065606840
733053598
1185853169
909246971
1121376275
748221023
1062713572
521497231
522569653
700841409
540276695
540276695
565502092
886036296
886036296
746906872
427103322
535089600
868329254
492848359
611849249
1005320340
1087476710
522569653
569773162
522569653
754213713
522569653
427103322
379098835
912004849
1051123575
591070832
1051123575
344259736
427103322
522569653
379583806
592190601
973085829
504082671
450878959
1553803532
868329254
548712114
1174091710
218998317
350806391
1033416533
663266556
594259672
319560926
504082671
1033416533
1009501906
573214896
201942319
592190601
1124039585
592190601
333727216
1033416533
1063673779
787211851
424236848
531859897
574287551
505505040
405978429
592190601
592190601
984964675
677036590
414335952
690840150
169771118
551866692
532724587
280675044
680204006
374113582
504082671
868329254
203199174
73323139
870512419
1032517879
614061002
522569653
563353337
886036296
592190601
531859897
216077601
1024915220
441707355
536182440
436368778
150748668
410485542
543592645
543738743
244353202
971996255
365410424
1351079941
646101436
594718890
592190601
540276695
311056697
527067523
427103322
548712114
106310779
429286487
623338561
1152440184
685346909
430267200
985875540
892633379
868329254
427103322
1033416533
304105936
374113582
621280547
522569653
540276695
704504525
886036296
685140312
849335391
592190601
182807410
454433833
530144835
1033416533
279382395
252882540
565278682
880421419
395018929
569435976
527431278
540276695
352443733
507131788
1033416533
594769722
838772460
558985730
540276695
375957962
203011935
809739365
427103322
777917086
427103322
504082671
522569653
592190601
183015670
886036296
592190601
290542889
751729960
374113582
326852762
1272140030
135171541
1033416533
174423018
700841409
543738743
1051123575
599984976
1254920624
522569653
558985730
397970862
1043060020
553047755
374113582
333727216
904745331
624804711
868329254
886036296
526804181
522569653
522569653
179941538
572792900
1023166440
560227983
1117056113
973085829
410485542
291689300
1450380704
1083635110
1143504026
551866692
797593604
905502793
427103322
1191580906
574287551
1673272267
566419156
504082671
1446794819
1068504547
868329254
904745331
605121320
289518239
540276695
592190601
868329254
592190601
702610421
541197147
1080073091
808063887
570861381
592190601
522569653
1391701432
592190601
540276695
374113582
542418555
899134105
540276695
913833110
860287961
627462458
719574593
586437673
504727205
1069832610
548399386
522569653
416029016
339941449
432599990
370282765
421800635
558985730
624380908
743872801
964980289
1516167220
390274949
787053061
904745331
1033416533
592190601
1051123575
540276695
1033416533
701568208
522569653
630453696
1051123575
330879713
522569653
333679180
900578226
218435982
468108937
522569653
317722090
450878959
79287174
523754357
561232481
1139083317
206367540
592190601
741951798
329000552
592190601
698156728
365673583
868329254
870512419
158423932
503512134
868329254
540276695
594554896
276203828
775680282
540276695
593746093
543738743
209236244
556930619
592190601
322248056
540276695
521453700
328715242
540276695
402137967
492848359
164832315
606720632
743643913
702278094
540276695
531859897
592190601
700841409
982687331
427103322
504082671
552675270
1069832610
1103980479
477255064
492848359
886644010
427103322
605121320
548712114
1136802350
504082671
467749334
1051123575
658894839
868329254
427710064
687571050
759291713
460022111
540276695
1089233341
272815657
427103322
522569653
504082671
391137591
753397327
522569653
567747135
1157092622
286173031
322248056
694174624
467217110
566032869
865123546
747718727
694398726
868329254
1090087607
1003452590
1002671717
731256086
323367625
592190601
522569653
558342776
522569653
522569653
176341249
522569653
350806391
318965618
1053824965
170664604
406406540
572455640
1361807989
792032323
233432004
988823716
181586385
245939071
1051123575
522569653
886036296
873177599
566419156
592190601
427103322
1051123575
328294868
766601949
755734351
1033416533
1297669656
1081207837
705842957
593746093
878094085
362779316
522569653
558985730
531859897
592190601
861291706
638199693
979210811
592190601
492848359
623228678
911067418
904745331
1009501906
427103322
471140734
522569653
556580260
886036296
504082671
441707355
789945330
649130274
991657561
606481906
996917853
990792871
162942289
152775743
451407447
398761014
504727205
188576482
1081599922
120889400
1033416533
540276695
513532537
690888578
301080863
1063170402
530761624
636065670
262927605
886036296
441235442
429286487
759339219
1331259569
592190601
522627760
642977411
486073326
374113582
809318133
399985361
1009161096
1016914502
1160326753
748050362
809739365
823557955
834280197
391530320
1033381676
211335715
410393355
880516169
915689901
522569653
558985730
982687331
1082372736
1146377443
643959673
1086211589
868329254
504727205
429286487
504082671
886036296
716205189
214299782
350806391
410485542
780804721
680759974
540276695
531859897
531859897
554818625
441707355
319560926
210501629
890919686
537591133
1051123575
1251244855
540276695
868329254
540276695
993681556
333727216
1171892211
286173031
1188739959
142609355
610857290
748501270
684903379
430096156
352443733
904745331
522569653
1051123575
868329254
574287551
1033416533
491433148
875767787
777917086
1224515479
1239461673
1062713572
427103322
526942566
427103322
429286487
427103322
947439075
915628724
1065665505
402137967
1032749629
407654333
1069832610
362747651
585297179
909298961
342547356
897626293
686628750
868329254
571004573
592190601
501869439
522569653
683452858
1112099546
1069832610
333727216
1051123575
773100879
1122617084
441525479
787035353
606794634
523754357
868329254
635008394
390516264
427103322
780620023
374450837
522569653
1201432702
1091352998
606794634
522569653
284914746
501146738
322551717
558985730
592190601
374113582
772522880
504082671
899797956
580768359
1036707183
427103322
572940893
504745711
308036603
508929963
897626293
868329254
990792871
1309832225
431030384
1432661717
566032869
701568208
522569653
627939054
1057601950
576629830
558985730
350806391
459480317
570076768
1051123575
540276695
543738743
993937611
540276695
1366624453
1069832610
427103322
885923261
470976758
450928060
374113582
888219461
522569653
556316539
782084191
833383811
983894505
540276695
892691348
554818625
540276695
1139083317
427103322
678090276
1033416533
540276695
427103322
195356159
542260461
500335375
1472659900
553603809
384674496
1051123575
332499696
522569653
523754357
522569653
410485542
1051123575
522569653
540276695
455210637
522569653
868329254
551866692
427103322
306340235
409615949
451407447
427103322
340271479
318704169
522569653
1056160185
390274949
540276695
522639953
481466513
610043944
606794634
859193465
900578226
183726972
1021159632
504082671
1033416533
938533885
1057972764
424236848
531859897
538358390
427103322
169280474
1286136574
365410424
427103322
592774284
266711604
174781449
441707355
389853225
390274949
836920741
1020592944
1033416533
592190601
432633598
270010832
870512419
441707355
809739365
701568208
868329254
868329254
1172964365
653732365
1023849877
898599793
311216585
700750429
522569653
886036296
267275178
522569653
533393257
429286487
968168498
149753199
1069832610
633823128
633367206
427103322
492848359
504082671
570360957
668400891
259184630
593133599
540276695
731216809
478530596
584127046
1001396366
505010820
427103322
427103322
335721283
522569653
592190601
886036296
522569653
566914446
374113582
416935673
504082671
886036296
973085829
600316525
538842733
522569653
554818625
551866692
295510519
625096722
1051123575
427103322
1006199491
372672132
574287551
605121320
963678685
401810471
938533885
637946683
1002671717
682529537
492848359
540276695
124493327
359848880
292656500
959867147
632019041
606794634
390274949
413513194
504082671
522569653
1243368245
596503418
892633379
522569653
540276695
1410203687
593746093
531859897
531303554
984964675
318704169
427103322
522569653
522569653
522569653
441707355
723417535
402137967
592190601
409615949
1273644726
886036296
626812101
522489983
537432458
562047288
909796264
1033416533
452630850
190505145
279382395
554818625
642076577
875781277
554818625
1033416533
605120169
603397640
522569653
441707355
522569653
650531603
583407541
522569653
1078920389
904745331
574287551
558985730
680150343
554818625
1003452590
592190601
432675473
592774284
592190601
203011935
592190601
93484922
522569653
531859897
364657744
504082671
636652706
990792871
522569653
1161211068
522569653
429286487
562186290
492848359
1141899421
1081207837
1100120771
720199273
213959336
1033416533
1033416533
423284103
194984508
341315712
504082671
685438910
592190601
540276695
1065665505
133917069
440655551
830818347
504082671
172709380
589578988
267998060
1079878473
374113582
555699643
684172247
592190601
540276695
1051123575
1033381676
177321164
1033416533
1341966006
606794634
384685404
534256452
868329254
435356525
593746093
602481402
686036092
701568208
216347395
558985730
256780352
1005320340
522569653
374113582
642076577
593746093
904745331
606132715
1218762855
1239461673
1069832610
570360957
968949604
746039864
1033416533
792032323
273748338
540276695
442930171
333727216
558985730
270010832
579240727
1475847476
539797258
569435976
340271479
812737402
495049387
558302813
374113582
427103322
322248056
750384458
1076954025
189842204
1081203725
1057771894
527749481
1033416533
897626293
484742819
364770411
1280465636
589578988
292631789
410485542
522569653
374924521
558985730
476281570
1223150306
1007176510
574287551
331858708
1079878473
540276695
592190601
332380890
149428703
518987805
652073615
419494435
946237284
454433833
522569653
1394883865
765578580
515759913
427103322
293236242
504727205
592190601
553047755
606720632
553047755
540276695
540276695
313533695
973085829
589578988
522569653
558419535
1045172577
524663378
427103322
402137967
1096158866
540276695
402137967
431886954
592190601
402137967
923355794
666674813
522569653
1362121892
1005320340
374113582
589578988
868329254
1502136979
592190601
322248056
964980289
374450837
525973387
522569653
540276695
1069832610
531859897
584377195
389617543
714483206
540276695
562226658
924631631
950750086
522569653
447991352
427103322
504082671
776297843
504082671
540276695
592190601
373737138
702278094
522569653
522569653
845017363
531565373
318704169
492848359
1015951559
592190601
577615979
1019048255
522569653
553047755
524907764
350806391
750747690
183015670
715264411
374113582
749114291
553154339
1087327368
1051123575
828448400
592190601
886036296
1105670260
317722090
541197147
839377300
991800503
1033416533
897626293
522569653
264464532
352443733
543738743
318704169
414678093
540276695
504082671
747793667
973085829
522569653
350806391
641797904
592190601
692420769
558985730
548712114
522569653
702324474
596353960
746378529
592190601
430944262
1129417810
353786412
522569653
466380915
211335715
427103322
1033416533
301855943
1193539275
801786296
774460277
263414718
1033416533
445418078
375769404
909246971
180024895
374113582
380997254
551866692
592190601
651834481
592190601
373737138
592190601
886036296
1033416533
522569653
554818625
365457452
979058989
904745331
939524764
335659648
551866692
543738743
540276695
606794634
1033416533
540276695
522569653
522569653
510788738
579864163
949670023
563445514
524664874
540276695
576629830
685438910
602807884
868329254
916784187
419508378
522569653
991100218
575370980
306435702
1033416533
531859897
402137967
427103322
592190601
1009501906
1076846567
432599990
504082671
592190601
522569653
497848526
504082671
543738743
429286487
1053340342
897626293
730250559
550800151
592190601
579400025
610670249
661829871
531859897
441394627
968114600
216447185
927101994
338223307
265679332
522569653
557065578
1033416533
1011971365
1033416533
532724587
1051123575
969677538
522569653
526942566
1154261599
592190601
997712849
432599990
694197074
554033570
352443733
767440403
599407982
350806391
548712114
944990289
509111327
592190601
1010999094
402137967
592190601
522569653
512279275
1015951559
551167965
588330436
909298961
886036296
522569653
721383161
886036296
540276695
886036296
395550715
1047946564
1314400146
757518771
1047946564
909298961
533524729
284914746
553047755
522569653
470001379
956957557
427103322
701960180
1033416533
558985730
715224726
525946737
274377141
592190601
492848359
502434706
410485542
984964675
754757254
559967503
88823053
483560348
868329254
1179130969
522569653
1059352522
522569653
522569653
484742819
845396303
548712114
522569653
946765212
456783640
522569653
745969747
342283108
577346155
441707355
501713346
540276695
522569653
1177551419
1051123575
1051123575
275580835
554038355
1028872229
221252194
761013811
540276695
170809641
585128191
1323154029
984964675
558985730
877517250
558985730
256474705
536914954
1051123575
352443733
639453999
443890520
477145724
551866692
593746093
592190601
537601591
592190601
501407567
540276695
1142794140
615851393
868329254
522569653
964980289
367648423
990792871
492848359
403206254
402137967
522569653
606720632
504727205
374113582
592190601
1289975946
897626293
679328867
693956381
522569653
684903379
888219461
868329254
522698069
479187506
540276695
1069832610
429286487
445002470
713580524
554038355
558938064
1045311869
522569653
592190601
523754357
218122292
540276695
859618243
1005320340
543738743
374113582
580961086
677861639
532233748
451814962
384226936
677747411
592190601
1051123575
558985730
1112103629
888219461
728614793
777074661
826711769
618916745
186610086
1351079941
427103322
427103322
592190601
912004849
427103322
427103322
592190601
280305482
98580288
728772203
427103322
1051123575
510140388
722455927
498302907
1173850509
663266556
597571205
742335658
558985730
427103322
868329254
964980289
388232145
1253171509
571716562
509804169
1253622811
434782949
540276695
522569653
680150343
1051123575
945971643
183589106
427103322
678090276
592190601
1069832610
427103322
540276695
284914746
646243682
589578988
426356349
606794634
947643057
427103322
593974498
427103322
649036182
562226658
364770411
504082671
868329254
731590972
463219317
592190601
1051123575
427103322
1335055345
720714129
522569653
975643529
416554693
531859897
747666472
961796550
759973428
540276695
1065665505
1023849877
522569653
646243682
886036296
886036296
658172724
714200418
868329254
987851295
633718622
592190601
1033416533
973085829
888219461
982687331
432633598
504082671
1069832610
522569653
463219317
554038355
355798596
522569653
553047755
521242513
593746093
1146065349
779944970
592190601
1553889140
594597478
504082671
502497150
531146861
1051123575
1051123575
778714453
536290113
949979620
504727205
504082671
592190601
522569653
741667612
654646126
393365917
899930785
531698947
514502753
429286487
186610086
558985730
593765163
492848359
548712114
1033416533
999262801
592190601
1033416533
397970862
558985730
886036296
511812022
1239461673
848472577
540276695
427103322
868329254
260400804
904745331
592190601
1062713572
680150343
1183344053
845507512
910340421
504082671
984964675
424494450
592190601
322248056
522569653
158423932
540263399
540276695
384782998
1033416533
566419156
592774284
496489140
522569653
540276695
372702562
1224248664
1062713572
540276695
413513194
522569653
592190601
886036296
1284390015
322248056
540276695
1168304883
683774718
504082671
1121376275
1016176274
592190601
228818293
886036296
1002382868
431139531
592190601
324550623
522569653
406200103
906794967
1077217851
531859897
432599990
522569653
551866692
912004849
304472635
624044784
616502055
237453084
1088443073
649371139
738023442
442244562
540276695
401644013
540276695
663623335
1201537174
592190601
540276695
675211887
522569653
318704169
570360957
1051123575
868329254
548712114
374113582
555655209
374113582
1033416533
522569653
836104179
904745331
1033416533
180486484
531859897
254089947
441707355
427103322
968371497
754757254
374113582
850896286
80694075
933184324
504082671
442238861
579858198
616788272
592190601
767243801
609649844
504082671
531553111
786592043
213033173
1065665505
767782685
500896711
427103322
655532323
685438910
427103322
540276695
410485542
1477304260
504082671
592190601
860572435
695068339
374113582
615934412
833383811
1033416533
504082671
606720632
522569653
522569653
663709288
504082671
435255702
111314093
886036296
592190601
1115540516
917519363
886036296
925000328
715266146
1051123575
592190601
592190601
784534888
721319456
522569653
569773162
592190601
1051123575
102377820
1033416533
522569653
1065212649
390274949
177158151
863227833
649459452
577615979
522569653
592190601
942717588
510946926
331959863
1041506585
271964081
455228323
297908121
540276695
673279745
1033416533
968589445
333727216
769202796
1051123575
716255244
522569653
1195019127
427373459
896322164
1051123575
613654149
802999186
540276695
592190601
944532704
183015670
675666531
466384417
1059246983
1083536485
522569653
592190601
593746093
575943473
459480317
1033416533
333727216
548712114
871641877
719861480
352443733
886036296
984964675
1065665505
423074287
574287551
984964675
1174930024
593746093
558985730
902113950
592190601
592190601
868329254
1051123575
713842185
868329254
1143504026
725803967
522569653
868329254
158423932
990792871
589822992
427103322
522395859
410485542
1025352978
522569653
531859897
1341966006
540276695
593746093
445922041
961648407
658894839
310441474
886036296
540276695
540423700
432549186
657989041
638857778
709120325
827052955
729970794
912004849
484742819
504745711
296776740
383562325
284098974
504082671
904745331
333727216
364770411
644203625
660399815
504082671
1015951559
623228678
410485542
578405788
548712114
723425596
825522923
523754357
585128191
1278653741
982687331
1127831016
522569653
886036296
460517609
649156058
554171184
616116086
1010999094
298923157
1446794819
258928784
531859897
664090577
211335715
580689525
540276695
990792871
185596182
582420722
410485542
592190601
1213568722
904212797
437773952
1143504026
880743393
522569653
973085829
209411831
617269128
1062713572
427103322
239475327
540276695
618916745
522569653
1142067341
554038355
1171758090
886036296
427103322
1286731546
424860353
427103322
348941535
531859897
333727216
897626293
1083190090
692420769
374113582
904745331
1021087034
504082671
504727205
753150859
593765163
188200312
374113582
547724445
993762947
592190601
580662103
598227511
900578226
366379460
326528929
532277425
1033416533
413418774
593765163
318704169
522569653
402137967
533290964
1461778737
703482535
702656074
492848359
1982011323
592284908
318704169
592190601
522569653
522569653
684903379
522569653
427103322
1051123575
167014908
475499856
1069832610
500335375
1033416533
475491215
522569653
246065645
627080136
592190601
731256086
374113582
402137967
525234833
540276695
479332482
212768489
388390545
641553387
350806391
427103322
558985730
410485542
427103322
459571221
540276695
504082671
524663378
579240727
892633379
596957987
626532029
592190601
592190601
441986465
876795780
459480317
522569653
573810792
207878600
474537377
1051123575
610670249
545804843
669815709
498302907
667069975
1221881613
333727216
896283811
913833110
558985730
1033416533
672265630
296776740
410485542
547724445
886036296
544132790
566419156
606794634
504082671
543738743
558155323
900578226
1005320340
677747411
427103322
324550623
576087061
390786541
540276695
540276695
504082671
711843723
504082671
707307741
947833471
888791700
522569653
522569653
593746093
1488107025
318704169
585128191
504082671
373737138
350806391
592190601
427103322
157345323
522569653
416395791
593746093
647401042
522569653
571849401
522569653
592190601
408077774
1343960774
1189660293
427103322
492848359
1033416533
558985730
868329254
404949232
747666472
522569653
540276695
1123061670
964980289
610196986
692301938
525234833
1003452590
791308983
540276695
974559147
272108200
1132701398
891509720
378623690
1033416533
1158956818
441707355
183015670
726590172
608889722
458852344
585128191
592190601
692544605
639408657
886036296
468052554
1033416533
364770411
540276695
1188680371
643365473
358212893
202410655
657989041
572425667
374113582
406406540
191824136
590704708
1307189134
459181855
540276695
554621996
464970020
522569653
668617691
1033416533
519974225
522569653
543738743
522569653
1043850256
318704169
540615139
871991851
548712114
1104920624
592190601
748050362
427103322
498302907
504082671
540276695
318704169
1098807236
677747411
322248056
410485542
548712114
611452071
767349773
592190601
540276695
868329254
716255943
241056818
868329254
443566743
374113582
1077584032
1090087607
540276695
318704169
710996497
1039956675
183726972
526714719
427103322
504082671
899930785
685438910
1270094913
304105936
372673424
891305389
434371570
592190601
544492417
1356177727
504082671
741308683
1069832610
454433833
546818078
360775563
304105936
589856621
427103322
164807029
554171184
540276695
512588063
345012813
1231376823
993993417
700841409
427103322
522569653
183015670
1002671717
360940773
1219309621
1103621164
612159631
973085829
685438910
602833872
427103322
417767698
427103322
1065665505
1074374394
543738743
1183558638
170696285
1348812781
653313750
1033416533
590416667
661018571
540276695
183589106
637946683
574287551
574156913
427103322
206301541
516781883
410485542
540276695
984964675
155471009
592190601
625816435
881920034
540276695
395018929
419417005
540276695
984964675
427103322
538358390
1085246509
562226658
240424156
922197194
680150343
1094955148
211335715
318704169
1447730976
886036296
642409178
1025039338
540276695
492848359
807726802
186477061
836993139
522569653
350806391
314590482
868329254
809739365
433144089
1028706136
1127424685
540276695
919880870
897626293
344259736
318704169
540276695
566419156
886036296
441707355
1190644158
601965112
585297179
1051123575
376975871
1164013747
243677447
1051123575
540276695
225455039
964980289
1002671717
548712114
1028500837
572940893
1071269111
1044903787
606794634
410485542
522569653
522569653
530761624
1041506585
522569653
871681104
596353960
730919627
868329254
610196986
431886954
410485542
1018220902
540276695
580961086
585128191
891513136
1192596366
507378390
868329254
214299782
246065645
1051123575
447283872
627389660
427103322
592190601
504082671
788499049
710038379
665990066
510763509
522569653
522569653
410485542
356024000
333727216
1051123575
580582303
868329254
659354057
512199339
233432004
522569653
1090087607
427103322
461883170
1025352978
592190601
454433833
477867027
603755718
540276695
378283629
592190601
540276695
897626293
390516264
645068191
721146680
1196285790
452633222
318704169
857085540
540276695
1083260683
525234833
638806952
427103322
427103322
639164629
388643613
427103322
461883170
558985730
556278261
852283415
658894839
469059824
452203201
522569653
471140734
907610929
632195600
870512419
246065645
540276695
558985730
551866692
540276695
1051123575
333727216
558985730
792032323
352443733
522569653
369352637
767689212
1078920389
855731247
556590765
388706649
540276695
410485542
868329254
427103322
592190601
427103322
523754357
828777706
616984136
504082671
1121376275
374113582
723946062
410485542
1090869588
234845358
1210399148
311823917
868329254
374113582
743332807
429286487
540276695
566419156
107316672
441478858
1029756903
558985730
974294187
548712114
592190601
945971643
566419156
1173666915
825215354
592190601
592190601
540276695
1033416533
540276695
307053542
547132685
522569653
331567998
570360957
692420769
896010274
402137967
492848359
566419156
341176192
118031398
831119126
522569653
522569653
608265478
734465044
1225457109
540276695
239548018
1043290460
685438910
522569653
592190601
522569653
792032323
427103322
522569653
886036296
194671657
540276695
521242513
904745331
586627055
522569653
580180816
410485542
1159774383
278104706
183087833
961648407
246065645
807452952
1139083317
169280474
281979909
510004023
1033416533
868329254
540276695
642000586
522569653
1033416533
1055169306
646243682
402787204
522569653
593765163
517844331
824281295
880743393
208316723
574287551
451407447
427103322
659359703
1231398118
1069832610
690840150
654029643
427710064
592190601
394965173
522569653
523754357
886036296
548712114
616587072
1037950730
318704169
291072311
955728685
522569653
317722090
345800927
694197074
614117439
588063580
586627055
1033416533
904745331
531859897
1150409409
592190601
416395791
318704169
504082671
620754409
531596077
432599990
604693636
1063708881
709897585
427103322
229863605
592774284
624273196
504082671
1076052541
886036296
427103322
592190601
1069832610
454828995
1505687132
427103322
522569653
1051123575
900578226
522569653
913833110
586627055
574287551
427103322
540276695
522569653
443890520
585128191
558985730
512967946
898400963
384674496
322248056
682789997
378846554
579240727
478530596
523754357
791215260
1033416533
343086644
641138805
886036296
592190601
868329254
810464958
504727205
1033416533
504082671
682900789
763070489
1033416533
848711737
1123513413
1077243603
662050939
395018929
172509598
685438910
606794634
553047755
904745331
293520004
394965173
551866692
910340421
1188937156
593746093
1182680342
1082382814
533302879
554038355
436368778
558985730
685438910
560796714
747923487
912004849
202974354
504082671
492848359
540276695
427103322
574287551
574287551
492087195
374113582
603487317
427103322
500896711
179118086
592190601
1039515277
561169662
296776740
828448400
443960770
522569653
522569653
226053351
886036296
592190601
574577866
322248056
731651661
899797956
526681746
522569653
668090886
1051123575
1128634449
540276695
891591919
1051123575
427103322
540276695
318704169
274764487
1039956675
558985730
558985730
522569653
497140714
1103621164
500413324
1033416533
540276695
523628869
1062713572
342283108
784776378
1084126173
1033416533
758739000
656097526
522569653
928423497
522569653
558985730
886036296
592190601
522569653
367149823
593746093
1201059544
540276695
912004849
916671405
901107973
547724445
576629830
540435806
427103322
592190601
717175248
1069832610
427103322
1106383411
888219461
661414534
485054771
1069832610
630453696
384329571
909012431
899797956
868329254
374113582
540435806
543738743
868329254
663266556
840571174
592190601
522569653
499249763
558985730
504352496
1125969684
522569653
891591919
617682371
684903379
608871717
311056697
395018929
904745331
466380915
938533885
595560514
904745331
549945629
1215658595
549312539
350806391
1051123575
886036296
492848359
930393863
345470050
530761624
1033416533
441707355
211335715
892633379
684773287
606794634
334290504
540276695
558985730
1043649775
522569653
1226502994
1051123575
429127931
694754376
218765351
223966880
389810791
593746093
606720632
1431920516
691604472
1198522422
522569653
593746093
878489370
1246927070
904745331
668185851
546082942
373737138
531859897
684172247
592190601
67545017
945971643
990792871
592190601
433202141
467256795
599186747
540276695
965750295
550045708
1047881169
1051123575
522569653
685438910
1069832610
868329254
531859897
863366881
286173031
427103322
749117188
182307919
604693636
1117827813
558985730
592190601
796453176
792032323
434782949
504082671
541933122
592190601
427103322
904745331
559327913
374478765
352443733
1213704241
876593016
522569653
592190601
1002671717
634745339
522569653
158423932
378295202
734814695
522569653
592190601
522569653
1054650017
504745711
1005334801
677768303
272045854
918173404
489518115
1104750839
342155891
606720632
641138805
1426475604
573214896
324275350
503665490
1062713572
454433833
702278094
1160872869
648876475
904745331
589556443
592190601
292858185
700841409
427103322
1098427238
663266556
540276695
269721762
967956747
427103322
658172724
558985730
616502055
579240727
540276695
592190601
173407499
522569653
427103322
344259736
522569653
484742819
522569653
910340421
374113582
