100
12000
21504
41325
48450
7920
25920
6720
13500
9360
26460
16416
8736
46284
74880
26400
28800
4400
91854
6804
53550
5016
88179
5280
12325
52624
30240
51744
30160
90720
50688
10120
84000
70560
44928
6264
11700
9450
7040
4032
34272
4590
6090
39312
6292
16224
21120
22950
87516
10875
55539
16128
23520
82368
20300
68068
23184
10920
27200
21888
6090
24570
70560
58812
60021
75600
78000
8372
34580
63648
99360
80640
58344
52920
60480
82080
6468
67184
16632
14168
95634
5940
17784
22848
78300
24480
9464
3900
99840
5148
16100
9690
5060
81466
11220
10200
6210
73872
4928
65520
76032