2880
13440
1000
8640
4000
10240
2016
9600
1600
5280
7680
18216
5760
2880
1440
3456
11520
3312
13824
2240
4608
5184
864
11664
15552
6144
768
5580
7776
12288
3600
3072
6720
15120
6480
6048
3840
3072
7056
20000
20480
21600
2592
25920
5120
2352
13440
14720
4608
23760
6912
1296
13824
2688
5184
16128
28800
9600
8640
30240
7920
3840
2048
21120
1728
2160
6072
21672
13440
6720
3360
12096
3456
30240
25920
5760
15360
10080
24576
24192
10800
3840
6048
23760
20736
14784
1200
6912
6480
1200
3840
2400
5000
2592
8832
5376
1440
6400
576
15360