10
90 1000000000
1543740498741869871870491071330022870601295378262117121423468406169010059143841981078817524299497412
18 1000000000
2936218544073263563729132801544035907025778935756969901785703839479396044737567838883936668115593906
41 1000000000
9499249348160017423650487655169641422973342012149215670418059758373274152202325561069068751177796414
100 1000000000
4629653917992518759183665400973590978249722632102814645369050357237824529763833902447728081813867645
46 1000000000
1011742735572799826505772296547694619721374713571399375983629665906261717229675554192084451317567446
24 1000000000
3139996771552283025126972256790028965119552978196754475150152820409232437425821713143170235557216086
50 1000000000
0765676547715880510957323171113976155465520329129862456663395106093537453965209269756392448971013331
93 1000000000
9533788235086623675935918028251722832012641974934849872379638497809305680797066593341271948476566286
39 1000000000
4666526156783845945318825730189404421415869014707093196024495204083226617153843507492826017996676816
88 1000000000
4891791333288228751184073115033600562765319224406169819135316612588073498991859708618344505690634881
