195
320
104
247
118
227
294
313
266
231
193
51
336
203
124
236
193
103
346
165
81
263
72
193
338
294
281
249
214
359
282
297
275
222
262
317
266
245
154
267
255
131
237
228
356
145
230
120
268
243
334
253
123
18
240
130
291
79
223
115
202
250
215
329
350
27
112
351
273
145
274
232
171
282
129
304
266
331
263
184
246
318
205
97
279
186
221
297
236
123
76
188
64
264
334
202
245
292
116
206
230
110
196
167
222
118
325
342
359
217
306
247
255
333
135
314
213
360
95
252
314
247
78
339
92
313
280
348
35
354
339
149
267
33
211
169
230
270
351
326
21
341
306
308
346
138
141
177
259
38
193
265
356
214
337
309
179
336
282
337
178
170
321
288
319
327
175
114
262
267
50
169
272
313
325
240
315
322
178
135
259
202
201
165
155
300
55
266
301
319
236
312
278
225
172
320
145
276
65
351
311
201
274
319
349
235
325
234
334
273
205
356
82
67
355
192
193
75
84
348
324
268
131
272
188
94
284
276
69
262
205
175
330
313
146
86
290
265
86
338
324
344
208
137
120
250
281
353
353
289
265
231
181
228
209
313
190
261
235
345
63
54
170
337
222
232
223
265
259
342
239
237
361
343
178
15
353
115
121
327
290
217
103
234
24
299
154
126
223
297
132
266
78
282
223
141
305
259
333
280
290
237
215
122
278
196
93
318
129
259
344
339
278
312
205
196
198
349
211
345
138
115
186
150
189
357
358
321
355
346
168
264
234
182
312
217
267
255
330
279
245
251
348
269
327
359
349
189
294
330
51
315
345
67
221
226
152
355
309
341
82
135
150
264
257
286
104
30
277
272
284
261
89
349
293
291
126
348
281
258
341
169
353
304
322
217
76
303
258
275
339
357
293
219
238
304
332
355
218
199
172
171
259
257
204
350
116
227
107
103
98
85
101
106
230
162
302
287
340
257
198
358
160
356
184
236
312
83
293
330
129
343
314
332
292
229
344
312
325
233
98
282
118
338
277
276
153
114
199
71
267
126
335
251
360
166
117
326
340
254
244
356
237
334
178
241
159
357
318
312
331
313
172
207
254
329
90
51
280
295
101
242
304
316
319
268
115
239
174
297
295
332
62
184
338
287
268
307
208
344
142
251
324
331
247