1000
923867676
992240520
13107104
686562368
904879438
584988420
788043140
467961024
103718312
230781304
819267645
772062464
820136984
261952896
912145537
73850032
396211176
24520264
456587328
377164800
144509882
64995520
539850180
507078720
321801280
292202496
105686750
679564000
888319232
468615168
881997728
247148880
991164764
710513660
658339512
86479366
255084023
75853675
261285800
484341250
6182400
251207020
925662208
312010116
497998080
961208682
892866520
100616896
557453376
437361826
413934720
798297488
577668841
173770135
69664672
357851164
582403464
288272040
319745860
644043789
25175000
829802892
859473712
452561680
879390770
273826320
521853444
521135680
560460174
219850838
190162688
68032480
5167125
311652000
558299922
474118110
682413232
264783872
300680550
866177904
839243507
686396800
322870580
614848828
897815000
928520000
472668814
712300550
80835424
768943488
468626680
253188500
281844032
473561480
827424352
332315270
351860
912319840
321840368
700797350
490891668
951305856
161971208
669125544
104318220
470274220
705646760
723522088
56840640
171398886
59847668
467297146
104837234
681352500
218129358
718478936
856945394
676596576
18227218
670560690
200672004
383740506
637036560
674575690
601638350
968342528
245885639
664113320
162091870
90915168
234891424
618862672
208831805
137041440
790573696
563915338
875629880
851315290
639400864
662451532
876510073
528273020
199166460
74342336
372592584
805140512
397602480
212636110
969356520
124976880
459759304
555564243
910344054
137029076
723794811
911539335
654914525
843595400
323299034
235401200
337672400
441552661
751976400
817743755
480105408
274621200
570088282
146730816
48584576
415366400
130887000
66856218
594757504
260654068
470684000
448809684
305669552
43276056
817549060
946207032
301992816
681794804
717141100
21108570
133551980
567426176
548606315
262411752
955007594
539141472
457160096
53347640
884770464
470964989
173479070
893319040
67748760
315392670
880302432
23701424
993835100
717186480
459873202
638589201
319575830
479772210
499364060
431659104
97653588
67974195
84450480
846423700
21611470
634262272
383424400
913408032
325475057
102479580
330179024
391725050
837837118
643132961
501087290
175484086
558114016
714206432
840367480
381061175
658046958
290428560
263633456
993997408
73334177
300843525
135160064
755081640
883992890
732197660
253865440
481871040
549984758
845984600
343887950
443580708
308861580
158155035
905991698
365963970
164544016
227036200
266804432
800601240
999294548
823268943
281651955
758107352
87961110
32568384
383602000
517184840
904934720
937125824
427194000
285749868
62046080
657760496
860715200
81402922
111016477
801121800
56877200
323584650
28626290
878537000
705993420
35273516
53327076
759473616
396930000
916373275
335549556
933480840
155810000
499356471
519365500
679087747
798136950
885344728
758745488
286383200
371416992
834317812
15465240
657003599
969248700
233913840
503102979
534069824
986417372
149864624
212583920
714867364
934058565
391426000
684281800
107388292
58671700
68047360
297149652
573021752
266198556
538195753
139739776
661245920
258765760
298748010
89817020
384778920
656107656
641748424
914838320
321255930
808855072
515690784
702055096
333325051
778050230
693231000
700399650
87408490
897807776
897337030
763471890
28336084
168156224
717996910
800114120
544591600
643284120
97347082
737548288
470619304
941530920
422837472
314920460
130756800
87340264
267813500
215159328
591954825
38189120
547928000
518545050
91068137
663516792
592516256
513572500
675622270
354807210
971018350
445849598
538413376
290547712
950153520
982923488
134210960
206082704
627705204
723776128
299757350
744005900
192936376
967458470
747277050
665486056
561778860
412999086
477923545
328414440
64458000
406496588
438223200
573653008
709022500
541228376
130251280
730399628
811136373
135485808
700167900
524784400
209752340
420308238
422163072
626409749
576001258
535718142
175031211
836219876
895880060
507694255
972439504
902750432
377639562
339300416
670524300
636171712
253037728
307035040
525118014
248874660
172851968
848839245
345968800
356887520
298639540
318771200
703646758
336077240
343803800
319302639
948374480
177279830
687066970
609386288
628942409
872618675
263573052
748074300
450943340
709479500
302031756
125347840
741993728
65775520
495349648
285580112
745538040
191806216
743779520
38979400
585100704
784756000
15458200
158545980
732702050
609109196
901884448
700825120
562933644
453032676
650135300
475787780
651596040
695315750
18533740
10988000
957134379
573858536
583285676
858279615
442851840
307758720
75314748
605704000
735633280
206440340
855256376
883250632
896123400
962754684
160876564
73883499
847693400
332022685
623675596
887053796
82720900
142221632
261215653
863989282
674163604
500845760
747850940
213107008
536360024
871427392
288914333
866255508
896368810
517920924
345251832
914885088
27761706
76720120
951984936
369234702
262327456
377949949
48375610
101496794
703757856
65300000
861602400
889247922
73364424
703827280
260599760
223695584
930528754
144674496
756091090
318597710
317644550
60879160
306697180
25036430
401383526
484880016
728805175
676090316
997060720
619236088
218984700
168039440
704910350
523279290
490967072
604422691
389362432
705490622
315876448
372206904
897340915
623395660
766422464
795707480
679348500
929160800
23290400
134333250
168570028
496338400
8051200
906652960
913227320
603228992
273330816
521986260
350762800
835627536
469050876
440008928
888548752
940326226
943173632
35085488
614357170
84877328
314355756
716752678
793707392
555429040
23735272
969178810
442300000
77528936
182128560
781792492
304759960
796631370
591020204
721674310
378875060
836065000
42163840
215799480
653200200
225718050
528837672
681239580
793842764
758594468
894569088
811326908
802871200
608556780
266580348
822869848
46535107
980549536
8825952
171896676
350532096
180524300
241872724
296858080
573065996
24484770
26088859
67481940
430462748
662139740
521465684
954320055
521969590
624815528
659581848
775567760
564193660
648014884
447546390
214613948
84029343
628427066
635770720
440955200
448752750
303444525
849302237
13413600
25529672
336871520
836755424
48407520
825737792
673257176
59818496
496905768
658936512
623731880
333386200
332176741
799532104
943900540
532812684
858683332
931491560
17057964
911678353
954506838
951566800
14357376
210271580
642866316
640325568
858197480
287296346
902794624
300479520
816167997
184989940
352888640
657672626
151963819
758871000
819445580
99890128
12674654
675587800
630771600
245051832
106898250
132081655
617792700
413822960
111040024
615537989
277315536
475206336
697895200
594576574
856086828
663326760
702724262
50973994
341229220
174300615
511847680
13674280
618191408
150846780
61458716
530907450
717575929
855052820
642003803
610859512
350728960
668729072
980243424
148524312
850337012
586781824
461334992
406540320
692316920
794973392
236779900
626681600
194284210
582016520
367019536
723943172
117642096
775475898
927896184
205017920
639349904
531884416
844453856
758616740
656803424
510622436
943207390
997344325
164782950
772821716
984296236
626945064
813323752
356753308
564411996
942434930
547147900
497010982
362196800
523178724
143580800
995177140
2560500
773697906
793875000
855199924
920604368
763831408
450554336
761430560
292220200
937346250
868736208
729839860
25557727
983357425
179953234
293258864
165014715
146160896
979305172
608101760
199438464
717913600
861016960
876082632
126525430
112222085
507242834
33001694
517883494
116968750
349789120
679689093
25262200
234848180
857059665
877218138
706626254
399818944
56476224
67592792
500476088
884824050
904107684
713691575
700235972
899850318
260554230
781117600
905397067
174721476
268667848
694049800
181630080
993734896
825649072
21874546
736316672
431887356
475788300
479331850
3933644
254671960
63971450
650855840
551058944
333660089
859441495
191655475
164742250
809131974
313412032
438178726
205891330
227656960
127353216
743469936
345338787
31807305
667602554
522611820
180944500
84557760
417801840
661002408
464759294
299491937
577504400
227078925
506210880
522062336
243383552
961808850
624840192
333515800
508955300
511395496
653489600
775316070
949052550
120591528
838039864
484455675
913943313
47153940
616362276
462765280
54704208
524458416
660739441
375786120
535624800
422594463
845433656
570951680
324782240
243661696
91837760
684858000
698543545
323818782
44488430
295682336
679441233
664839385
242057575
399897858
461102476
110727695
119645250
851639660
559446777
68534656
442959488
991689856
297189625
949295296
183996520
48375185
703367840
355071536
635062999
231471844
327560800
333623217
655109960
208359850
548452520
439844252
605743020
272673216
603311192
243152896
199201860
202406250
595897541
662481230
231567190
139051200
725606278
531738797
574328707
287054360
625447840
833932724
157298000
327908800
389061950
935937800
563533852
204660768
188068448
159493062
598160370
63302536
91321969
415705280
464927120
974442760
424486200
680202240
600964160
708344538
161460800
646353808
117821170
93144234
174837318
634118450
274023458
170346008
2047690
830317380
706898224
600920440
349067728
9883400
172012400
739808042
601745590
436698816
82687292
35354156
818597254
680273425
957924578
608566774
889119832
503605480
533446036
225899442
867183976
911415740
581690624
26681280
536875240
558344838
936395086
935376800
727614464
41909800
203458180
107734944
83476520
379872916
971223480
515181040
201760828
691449230
755563160
848132672
960422076
995016104
889615600
192841280
255979304
405812636
765292667
371503904
934768720
802291078
962702000
357434580
454359368
519719030
591455075
941074252
624127744
814136016
895382132
286557704
470248167
367642720
330960000
322867944
426785588
607369753
643317600
696281932
890780536
524837448
473753255
507565888
499599100
331483984
861413784
85554400
437640520
379175145
766064220
449972170