1000
95826533
697966550
727500248
362956232
865442540
84081600
851909520
841633808
702072000
659689540
76854625
182999070
217414176
425562800
851385832
809399625
451207330
552961750
798208049
907783680
302185500
147137087
30605240
944894200
847649260
720255001
205442464
87453760
389307450
321192600
857388996
546959050
297562380
21375576
750655520
214831232
592673412
715998156
499580872
58291216
917137062
645254000
713770000
652311840
230678201
699802205
644332554
360086000
588742860
297435425
323599501
526227696
831691760
491417960
684914304
143316508
877522700
752186125
588633893
480510950
943576910
288848800
575176250
902258145
433431360
489909760
495443902
160901555
385094665
626394200
163909100
206444348
465015680
578461056
92820800
781375248
391899200
301378880
353417220
876735120
484144520
357114588
145730605
396341266
429023648
976401736
202788000
880953820
755873060
309933825
704393600
170275008
944110920
638157724
375038824
544861184
776560880
475773608
252114076
71881340
625602688
286304680
136514798
659490704
511673500
699528290
549706580
446175200
798343680
975345250
253290312
46939654
265377191
349733944
141173098
567586790
149671042
488486363
82635632
515419770
965405360
423459000
964588898
975738880
550553856
909508874
531383490
198177540
49979220
210839180
186743200
807773070
391378432
773611712
245476892
364535016
512996598
217891760
686319715
928887910
889412170
613749200
895262000
984081280
279153515
494120900
925563825
669253513
318475990
309096900
23616744
153991924
261411800
433429272
249089384
213249817
461210050
422951500
688472912
234154460
152741870
791754176
776655040
220088302
3684480
686754440
70184960
19859750
460586070
233387100
522267588
363798585
289957792
449519044
119348732
563469270
37063504
502030512
673084096
232239216
367023380
443567025
75042440
705216240
922131320
93334176
276035084
904340040
379012384
832360742
999100960
609446100
689827024
970231603
437153488
355127015
490455840
124047012
586853448
125032476
904636708
509208690
399727110
639640106
373897888
696975228
10719832
179868419
565411416
282434080
325661848
775269696
803341248
452047770
878658300
921113744
203669060
473472126
604955200
637970394
418572348
864759870
776157072
799688224
767146068
187028493
480703068
963229632
777382545
921103088
975756800
538594048
862857600
993426688
667230322
259311144
892258232
966404928
431064500
225446800
886306266
682810542
222477250
140823770
867270400
929167220
417443392
453130497
105066460
512630996
738366975
377930119
496048359
698957014
890449664
942250928
683656876
690728120
869349607
336405472
752998088
215329408
587146815
136993792
479729125
277296300
77102270
43809935
589240760
955594080
870936914
420891538
740995136
521453646
777453524
948698933
261016028
95010872
372769516
34578000
961453816
791522768
976838195
47507280
379508676
762370420
886059234
866270518
542120400
580366320
409748360
777014168
763934800
920603740
478525600
318847280
84157720
591108280
880310196
470365824
427919264
537865000
180418144
294964000
877223500
461982621
338153600
350633204
421907550
840118400
927280320
299740236
44660875
705971627
965216096
721887368
230611596
930280768
938482400
709144306
155711200
651433008
151297666
846778800
190922376
766560416
306693761
400949016
285629250
856429780
708677660
10657048
866418704
793357050
399679040
79534940
759425050
393943912
363144182
230945500
643822240
507346360
484723896
270480476
882952050
299374820
22637919
555224000
124845182
453809676
31041442
154737640
507074050
657296482
681308828
989796299
279861600
140145248
414059659
406641716
993560155
562208584
702512420
109271718
424246400
583139700
617361788
446959616
810360000
193296687
838479155
742703972
901109842
154360480
823953220
942710048
799232880
846569056
787934375
515594320
655990960
937295242
898597824
658823306
481116224
285178848
119112999
583189116
65124367
121772700
920871046
177948020
253991072
334136530
302020500
610955594
966612959
124307200
965080132
156403100
681669060
295840984
868222880
74843380
342368421
922184160
235948840
417844276
17782680
417020760
980624608
821636480
312031100
674569627
608773304
516385760
174149539
139889520
949844104
150689194
700694640
860298420
705208642
240734304
27577868
514347144
243215149
954873349
916860945
638781430
134447400
644882510
99786406
772702352
245070392
334768377
210719320
114299125
561769504
962118340
865079092
585810250
115222506
106499520
405591261
812166936
537962290
327114896
227868728
728707072
508310400
619114168
47499820
44119440
882029540
870033900
713785760
244296730
741279800
940477859
878232576
685357356
882992228
580278548
130330592
166851692
120118070
938085340
120397613
887934800
730507636
852020900
305868693
857500747
464777448
681667300
777760762
196739160
951222405
648212640
633136550
686180630
832296500
814476880
493819904
465451900
125655602
161236700
328717600
834443995
369677360
487626575
857558380
284647268
985031600
919591000
689948128
511294176
388927468
571926688
730218540
869952080
887139120
369826285
323028010
186912727
94733350
916126632
606957544
827394512
264680960
264289532
444258758
832531906
611836784
206336000
743957788
242826260
392721519
162069961
359773056
805609920
654393210
254490654
151944040
214310742
471369820
53257500
442015975
405568316
831349968
918466808
87888640
356799640
600541282
537367040
183707210
344366250
959024860
608760850
580873920
432776916
232765277
63923980
926558016
473852400
465274344
623836616
948971360
23773504
793542700
958056918
299516453
953633544
876607656
923228280
504510026
56413700
306961073
438693074
25861955
589842610
202299160
785477910
207108032
798164800
506556036
857223525
260673984
941094656
123983348
72116108
169947108
897010840
19258990
789453400
61363460
318394560
242981280
517332625
874295200
904805006
779080736
688835264
503857244
246245120
901980800
480935512
276974112
967687643
592332430
369823500
710880520
256182160
890519480
318766528
191415444
889529604
611517654
741888896
709532944
508810734
893099442
886236780
214689954
428911850
104418688
532081250
670615288
590555765
275096784
645385600
607876240
579585408
307442400
485221324
456477400
209907400
241373046
47533700
354419412
535135648
770119016
195403902
330010202
244674240
916413133
448203797
398041990
958031650
848357540
364249176
577205216
607383764
798296000
482924776
789574240
717777660
170625760
991950200
564601656
189611520
541196704
404098350
272470285
190198792
113841474
339860000
752012150
531986900
391344904
773152950
508685928
775328780
235974811
935284500
355413395
514108416
156691128
424624170
194784600
254460000
161472448
85753102
442924904
907762306
25466190
926122420
977946325
68178352
801977892
210660300
121460000
218579750
532154520
70540824
21859232
326325505
923844520
396413850
857572040
124343816
414014072
336180488
324311770
558741920
595092124
523560800
295084652
919845840
380563280
158912256
462137550
15014720
139533344
149517920
787084076
627202400
589544150
951245952
377133344
960003764
403656859
925512878
290970688
151035066
214232912
732982722
763825554
11051880
925831808
117682512
716526458
288402950
325816484
572330496
884211968
697140160
938799040
305296960
761729032
968711340
987206300
789141486
220224500
726846742
865524672
501162624
697678181
362442848
522388520
960649008
520359040
191886232
637640200
669453456
246594956
272915708
586000256
221587160
241388825
908894600
516266276
911948604
704778085
875023673
366048580
536112208
398101356
701299152
447532134
418194600
762888480
659775098
932783930
974388276
627946432
818478676
532943826
314203280
945898720
165978468
613100660
420176640
472117248
310713465
49143080
386862516
163434924
449102975
612036910
155803760
204120456
180610108
151540028
153522139
42227504
954820250
999120176
158384500
213069410
179551774
590624000
495640384
961389300
679476956
492596112
700406064
925206320
903771520
687321356
197170383
946768450
934918400
288032760
193117392
740446988
409475040
394247524
430690132
392415425
70620020
872778200
951207312
647998986
654728240
543308690
805296440
971994425
435401425
381257110
615957200
515562952
817852217
853958400
829532444
115198016
60775160
154288596
171996728
87234228
886660240
369706016
95840960
650781600
877337468
514100200
728144560
713739584
322853696
557111144
316356390
613872378
269304000
412895104
361999200
640806440
881577190
841975576
852498960
789779804
116417124
176550260
71120288
38188660
502392580
808009034
569458816
57167616
833968371
18381812
596837693
71056552
404855379
652507000
211941165
855336100
320836650
135735060
303932628
870149031
897091028
671840865
490057464
186436000
199958280
857595186
155748370
855936700
470489760
732352696
562376000
199937195
274725594
307506114
40237969
144530528
279128296
689830120
929029552
352299600
275884948
837357264
663283336
46571438
456274600
728193208
911499980
724718936
736575362
696594124
592392622
450901936
891373736
38943312
412695828
325643875
756618276
462731120
692551320
908645680
851618744
653133827
613717644
96144
662874348
513397594
862135264
681305754
943161330
922905000
492503946
761041920
794437352
397677371
187647396
155692928
79987728
692062180
329832670
211271990
696790128
380776782
209110480
968629520
341164825
340445152
342612032
356207205
786854550
736759102
223797780
602052444
129055100
72467564
457730000
259335476
961789492
692755456
88929700
691394120
679907200
612873520
439079242
716682428
837368480
489036527
834764850
968763252
165044719
11812404
774390863
516055840
447642665
223220224
86782900
90864464
291934989
242218880
658930913
273051136
35789276
451422840
443685376
529369680
930542364
583089100
152434772
487387200
783422246
50872792
95640800
93745096
52093584
989733800
758049600
756691028
991925945
761029808
666819888
884952704
543637560
656961052
238295752
866753830
548776192
783642420
49145228
523146868
771780360
748751361
578793440
846025920
387298690
411380502
776742578
690323500
54759262
576400930
876882040