505
9556
25731
2755
15371
3529
12990
21637
24493
17769
13448
9317
656
28285
10328
3859
13934
9317
2653
29964
6825
1673
17325
1315
9359
28563
21663
19808
15580
11484
32373
19982
22144
18979
12351
17168
25251
17797
15100
6004
17895
16297
4353
14155
13037
31804
5279
13239
3610
18077
14848
27973
16027
3801
82
14461
4262
21209
1575
12472
3331
10202
15644
11570
27084
30750
185
3168
30833
18657
5273
18820
13566
7311
19915
4222
23201
17716
27511
17381
8551
15156
25285
10582
2374
19516
8698
12300
22112
13944
3813
1457
8838
1031
17529
28020
10235
15020
21435
3420
10619
13254
3039
9692
7036
12418
3501
26535
29364
32335
11818
23493
15323
16274
27765
4583
24754
11419
32495
2296
15940
24792
15262
1524
28780
2121
24532
19709
30359
308
31499
28844
5579
17946
276
11173
7145
13289
18289
30830
26671
115
29183
23425
23808
29983
4824
5023
7912
16863
375
9320
17627
31842
11549
28457
23997
8074
28276
19957
28456
7968
7282
25847
20841
25543
26753
7686
3275
17198
17885
634
7193
18570
24637
26430
14430
24900
26037
7975
4591
16878
10203
10116
6827
6012
22569
759
17794
22705
25506
13955
24372
19415
12728
7397
25691
5299
19054
1064
30892
24248
10170
18804
25466
30587
13869
26407
13691
28007
18645
10534
31695
1714
1123
31606
9278
9359
1417
1798
30402
26278
18086
4303
18501
8897
2213
20255
19115
1224
17186
10546
7699
27375
24527
5379
1882
21038
17687
1889
28641
26354
29697
10821
4753
3602
15702
19811
31260
31236
20998
17663
13445
8273
13000
11010
24546
9030
17153
13901
29793
1004
743
7245
28553
12347
13542
12496
17602
16779
29251
14359
14104
32587
29439
7980
60
31221
3326
3702
26827
21057
11880
2698
13779
154
22352
5956
3988
12494
22163
4375
17795
1545
19971
12449
5013
23300
16837
27778
19641
21114
14072
11631
3750
19420
9623
2178
25304
4165
16801
29652
28885
19376
24439
10574
9653
9833
30597
11196
29921
4801
3364
8739
5659
8966
31935
32085
25791
31666
30005
7106
17480
13795
8319
24465
11797
17931
16275
27376
19566
15081
15752
30376
18114
26808
32250
30452
9010
21670
27312
659
24916
29831
1148
12316
12848
5835
31587
23954
29071
1709
4606
5688
17526
16558
20512
2726
237
19266
18618
20253
17156
1993
30459
21528
21272
4032
30395
19747
16723
29241
7193
31216
23154
25992
11875
1448
22987
16704
18999
28799
31886
21598
12008
14219
23115
27587
31523
11990
9908
7400
7379
16818
16549
10445
30785
3404
12897
2866
2688
2436
1823
2570
2824
13308
6597
22829
20641
29039
16627
9805
32131
6469
31811
8491
14011
24420
1743
21514
27344
4168
29428
24676
27559
21334
13142
29661
24484
26477
13604
2421
19986
3519
28574
19201
19141
5855
3284
9948
1277
17946
4016
28122
15758
32523
6966
3453
26686
29034
16139
14956
31855
14117
27956
7968
14590
6322
32033
25313
24426
27555
24554
7409
10809
16251
27096
2055
663
19648
21799
2558
14657
23121
25098
25551
18081
3322
14320
7613
22074
21830
27654
975
8519
28564
20733
18051
23711
10861
29709
5057
15836
26389
27450
15374