2
10 801
74588 2475 37971 73160
56073 96105 58588 73611
49310 21934 19461 96438
27384 95576 35520 84107
37819 74730 76956 51269
17839 29741 84429 10175
69351 44077 93479 30579
3180 20205 7013 41595
80961 77532 19715 44252
60606 76077 26909 16138
82638 0
22808 0
0 56484
39824 0
0 54200
2700 0
77661 0
51958 0
0 75608
87249 0
0 50444
96530 0
52187 0
7832 0
0 37365
49418 0
0 62163
0 64766
0 87830
0 98777
80586 0
0 7763
71627 0
0 41965
0 73202
38839 0
0 67873
0 81723
0 17873
0 78424
0 36125
0 52670
40684 0
0 32501
0 91723
0 4876
51450 0
50426 0
0 85798
0 97837
93404 0
0 76402
0 17346
7628 0
12981 0
0 85000
15982 0
0 39708
93515 0
0 89223
0 22449
98030 0
25973 0
60899 0
0 63068
35187 0
55566 0
42310 0
18490 0
19428 0
14690 0
0 127
0 27429
0 45613
0 56231
558 0
0 72232
31852 0
87325 0
90464 0
1294 0
69246 0
22334 0
34321 0
0 91393
36076 0
0 47906
0 79241
19652 0
0 59151
0 76028
0 44300
0 40636
30522 0
47631 0
78336 0
0 67866
0 58557
0 5829
0 87979
91518 0
10773 0
23934 0
95733 0
72406 0
5424 0
0 13974
34941 0
15986 0
0 97114
0 19020
0 87732
90373 0
18677 0
21292 0
29336 0
0 97699
0 55251
59566 0
0 8232
65867 0
0 49841
0 33974
12659 0
0 3407
22934 0
79421 0
20555 0
18522 0
6059 0
80447 0
67636 0
55469 0
19447 0
0 56334
26434 0
8720 0
1078 0
2675 0
13163 0
0 59082
0 43605
84948 0
18899 0
90612 0
0 98945
48557 0
0 92102
0 32297
58555 0
67625 0
3013 0
47011 0
41313 0
0 95001
0 33489
9937 0
53786 0
27287 0
0 11833
24528 0
27421 0
45644 0
0 97565
84039 0
27844 0
0 9542
8392 0
55394 0
0 46102
0 14139
36028 0
0 33332
0 1818
20450 0
0 58888
0 88418
0 78384
48451 0
0 21142
0 64709
0 57137
0 99232
0 70693
39418 0
1813 0
43285 0
0 37696
64961 0
0 43469
0 21410
0 36875
0 99265
52947 0
87874 0
0 91815
0 63318
49910 0
0 29027
0 41541
61528 0
0 8455
39380 0
16948 0
0 20351
0 7345
72866 0
57405 0
0 14201
65829 0
0 72319
0 24506
0 34129
36102 0
0 41890
0 59286
21167 0
0 74139
0 74191
26879 0
0 90997
0 89273
99330 0
7208 0
37132 0
0 88520
0 47441
61014 0
0 84812
8467 0
0 3148
0 60367
0 75026
0 58251
89091 0
0 6191
0 85707
96399 0
88845 0
90908 0
0 55332
0 93393
0 96003
0 92835
0 44147
78361 0
0 73183
2970 0
0 62235
0 90105
0 64967
2227 0
0 87078
1749 0
0 86312
0 35010
0 79911
0 38059
0 58334
53209 0
71830 0
27154 0
62023 0
0 72065
78524 0
0 13812
92231 0
0 31689
50383 0
0 76306
0 51755
0 5676
0 1082
59947 0
0 75284
62244 0
3069 0
0 74364
32783 0
0 18990
46686 0
0 85059
0 42842
0 76299
99226 0
0 90461
34370 0
51775 0
0 8204
26496 0
6588 0
87027 0
81114 0
0 47762
0 13777
80129 0
0 24818
27321 0
46489 0
0 43120
0 38988
61617 0
0 80509
93133 0
0 42374
0 77825
0 57159
0 54014
62399 0
0 11951
0 78043
53008 0
82429 0
96044 0
78292 0
0 82263
0 21850
0 55011
6348 0
63122 0
86577 0
10207 0
0 99355
89674 0
2385 0
26650 0
0 19684
83969 0
60839 0
0 85419
0 82491
68304 0
0 39414
0 52132
0 99568
0 92952
68086 0
0 92930
81728 0
56066 0
0 68377
0 73279
74924 0
11816 0
53448 0
0 88776
17602 0
95673 0
0 77854
0 54271
0 31652
37352 0
0 34832
87633 0
65752 0
0 31226
0 98235
53796 0
76297 0
0 22519
0 61172
0 90936
6996 0
0 20815
0 7457
0 92955
0 41792
7356 0
12108 0
0 93551
38563 0
0 29960
0 34610
0 65302
0 1061
0 12054
0 9905
0 9779
55877 0
46091 0
7130 0
0 72802
0 37865
98043 0
8853 0
0 46956
20976 0
0 53284
0 87942
54904 0
0 21895
40759 0
0 43509
0 54480
0 49634
0 68805
0 27149
0 81041
0 82741
49774 0
0 49090
3190 0
39621 0
78893 0
0 94884
0 51286
0 31338
0 74371
3035 0
0 34090
0 61344
0 29861
67681 0
21663 0
58161 0
0 54185
0 69268
64481 0
0 20933
0 49764
0 24419
79081 0
32736 0
52241 0
0 11865
0 5400
45771 0
20340 0
0 94806
0 74535
54233 0
0 69608
0 62919
43511 0
70317 0
80711 0
45399 0
54836 0
0 56538
56725 0
0 46506
0 56405
78598 0
31819 0
0 98713
0 24220
92481 0
75416 0
0 83249
0 20702
9212 0
0 46399
0 6277
0 66369
65391 0
72194 0
0 54658
0 19888
0 8916
0 95211
19205 0
0 88566
34215 0
35944 0
0 88555
0 14328
12079 0
46258 0
0 53468
90486 0
0 45844
0 32154
3038 0
0 60124
0 89686
79565 0
2653 0
2320 0
0 19547
25861 0
0 57152
0 28223
0 34631
0 67492
0 17272
72172 0
11488 0
0 56493
27759 0
69504 0
0 5487
0 75333
6205 0
0 78113
0 15281
0 12035
5862 0
0 81487
92912 0
0 48429
43930 0
0 35036
0 75699
0 11318
0 77761
0 88504
0 94874
12661 0
0 29786
35554 0
11455 0
0 82212
0 449
51655 0
46727 0
0 9739
0 78456
0 69155
0 19213
0 85306
48270 0
90570 0
0 56334
45240 0
71568 0
0 85340
0 17332
8652 0
0 68348
0 29660
0 6091
0 9008
25479 0
42925 0
0 9430
0 13759
0 48612
0 65481
0 10353
0 53759
60850 0
0 86504
73305 0
0 54977
0 40433
80285 0
5916 0
0 32291
0 64812
0 13320
16953 0
35746 0
34503 0
30595 0
0 5295
0 27403
50735 0
0 26021
0 20841
34594 0
0 92346
24315 0
0 84091
50502 0
50376 0
0 87194
0 76717
0 78759
4864 0
0 16805
0 16335
62105 0
0 80064
57159 0
0 68418
72292 0
0 90777
93884 0
92809 0
48533 0
0 78083
0 22305
21881 0
0 43784
0 63792
0 67547
37522 0
0 93511
10618 0
0 62895
0 74481
0 18892
46305 0
0 31103
0 95855
63743 0
0 29657
0 20049
0 55677
0 54549
0 44965
0 36216
0 33680
0 99038
0 63589
0 56285
0 48090
0 96150
0 88488
78903 0
0 93224
0 55951
59207 0
38711 0
75972 0
0 46695
0 89089
0 5439
90779 0
0 29601
27923 0
0 29525
74305 0
54113 0
58730 0
23547 0
0 67201
0 79189
55698 0
0 71433
23447 0
0 20208
0 93337
0 27123
52100 0
34196 0
0 89544
99705 0
24913 0
60396 0
0 2419
63855 0
0 86871
0 51723
0 29032
47864 0
65343 0
59558 0
0 3537
85776 0
9649 0
38977 0
0 76494
0 38484
70344 0
56408 0
86324 0
0 14070
0 75585
0 41351
84346 0
97480 0
0 19545
29212 0
53052 0
88987 0
0 79768
42848 0
0 66663
0 37502
0 73798
0 27323
0 36653
50187 0
86538 0
87627 0
0 20054
0 76304
82488 0
37447 0
24466 0
59687 0
49150 0
0 29027
0 57638
0 10316
0 24045
0 61725
0 96761
56229 0
0 37284
83596 0
78214 0
0 12195
25244 0
0 11558
52984 0
0 46032
0 36946
0 34438
0 52179
48458 0
27192 0
8685 0
48553 0
0 4927
0 99555
20007 0
0 79490
0 95173
0 82388
0 35008
0 72887
90088 0
0 31278
68331 0
0 72286
0 53663
0 80659
75623 0
0 17414
6775 0
83378 0
98455 0
67974 0
83423 0
0 11852
79630 0
0 29692
0 40352
72626 0
0 12144
14052 0
0 66363
0 64773
96088 0
58120 0
0 22553
0 70317
16094 0
5673 0
0 70438
0 92364
79522 0
0 75984
48574 0
0 8553
0 48029
0 81376
97334 0
40073 0
0 33096
44886 0
59884 0
0 32797
43807 0
76386 0
0 6282
75061 0
0 92295
94705 0
96865 0
0 46368
0 45084
0 77067
0 89108
70921 0
0 73030
4120 0
0 39665
33892 0
0 71326
91663 0
0 8115
0 5716
0 96152
61774 0
0 62692
0 11237
19937 0
0 58272
76024 0
0 6846
4867 0
54336 0
0 84527
0 24735
0 38342
0 73358
29062 0
0 55047
46312 0
37652 0
88842 0
0 26846
96532 0
0 1911
0 699
0 39263
0 50978
36737 0
0 84742
27463 0
0 99645
0 34408
6926 0
59397 0
0 63803
61868 0
6251 0
92498 0
43 793
34178 41466 26623 84110
37813 12870 88232 19705
91534 70809 19199 49067
79307 40888 1338 88087
64102 74473 98256 5552
42421 54872 83126 66730
56891 14115 29179 12120
56306 98342 34955 22657
79112 87494 69873 23757
44433 85503 35393 57259
95266 95038 316 26098
69347 44496 14265 3302
65276 78568 80783 31451
20825 81042 686 38119
94492 19973 16632 80861
3053 9183 81564 84356
47841 26166 3005 75912
82007 26909 73686 96400
66203 15595 66185 33449
70111 5790 73057 54712
46229 19144 66936 77103
56025 43922 971 80621
98018 46796 62226 90653
33969 69746 63458 76783
60461 36484 18154 44056
36573 85718 32518 33094
33237 32367 5496 34856
76580 19076 89712 45500
65492 81750 90490 72028
29708 43628 4575 72330
98602 38096 26811 20929
76323 84621 19274 98055
15611 73777 58399 10394
35937 89450 52001 3466
32568 67243 17797 15436
53207 31092 59250 41113
50243 31209 40033 76277
8611 90271 33606 87557
87022 22962 29745 66894
87407 70042 64925 78436
54184 61721 71827 98254
70072 51047 3010 13755
94353 59443 53647 53431
0 50155
0 56609
4193 0
0 96167
31607 0
0 52560
0 59083
0 71300
0 97627
0 47733
0 79979
39648 0
81538 0
13159 0
30038 0
0 63406
0 92761
0 68525
0 63780
12929 0
42737 0
0 80699
61414 0
0 69099
10796 0
97600 0
0 61625
0 82984
0 3753
0 36076
7703 0
77753 0
0 39202
6588 0
0 82829
0 58373
83228 0
8079 0
0 16173
0 2938
36058 0
50165 0
0 55519
6049 0
98564 0
0 44531
0 10458
97446 0
0 19400
28786 0
31871 0
57208 0
0 81687
61133 0
0 89156
5464 0
0 40154
0 63430
0 87115
0 7258
0 86292
85147 0
0 61771
0 9263
0 65900
0 14682
0 94114
26436 0
0 27458
85759 0
43055 0
89518 0
0 92334
0 5598
78715 0
0 24892
0 26221
0 62656
0 79373
0 39248
0 66991
0 89166
77846 0
0 78958
49536 0
0 93194
81772 0
55458 0
0 56530
0 82123
0 78992
0 76632
0 30057
0 17180
0 79709
0 77350
21011 0
26745 0
52503 0
0 26945
39077 0
0 50313
0 51184
0 89593
15815 0
0 31125
95236 0
98893 0
0 54841
0 45751
0 85310
0 12820
17090 0
0 67316
0 29382
69022 0
82509 0
0 75313
43399 0
80819 0
88387 0
22073 0
10396 0
19502 0
15791 0
0 71290
78772 0
25975 0
81028 0
46567 0
0 7087
53572 0
92763 0
0 16576
0 20878
0 7426
14644 0
0 64967
84552 0
0 26774
22950 0
0 36653
67520 0
25364 0
0 8436
0 9424
13468 0
22257 0
23699 0
0 36835
55501 0
0 17797
0 19186
31439 0
30034 0
42052 0
0 51104
0 87215
0 58433
0 74740
0 36541
0 49379
67088 0
0 49250
0 61260
0 91488
0 66395
0 57792
37887 0
58960 0
0 36307
54271 0
0 59093
53837 0
14584 0
94519 0
24188 0
0 47313
0 80262
0 76881
0 37195
0 8995
46771 0
22673 0
0 23383
42946 0
89959 0
0 66676
0 71072
28627 0
73492 0
37589 0
0 47322
0 50821
41135 0
72171 0
0 93787
51005 0
0 32722
39241 0
46789 0
67957 0
72198 0
0 15373
5183 0
43815 0
0 3422
0 48610
0 45132
6784 0
0 26319
64894 0
0 28450
0 8013
83917 0
0 16478
0 85161
0 76939
0 27073
25686 0
45278 0
50437 0
0 3456
56333 0
0 4620
13532 0
0 18214
0 41093
0 38772
0 56832
0 19363
26085 0
28193 0
0 56246
0 36805
0 72511
0 32515
0 41373
8414 0
0 17414
0 65764
0 30505
29244 0
37140 0
0 51497
0 51319
0 45287
26484 0
56285 0
9651 0
88122 0
40918 0
91794 0
0 95075
0 64394
0 79628
0 3626
0 74010
0 3038
11748 0
5757 0
55463 0
46443 0
21029 0
44965 0
0 40248
0 97397
6973 0
0 31258
0 94691
45894 0
35957 0
4266 0
0 46926
0 64041
0 84374
26707 0
14178 0
78484 0
82869 0
95295 0
40535 0
51261 0
0 19608
0 30520
0 79779
0 36337
0 63029
83181 0
83240 0
54462 0
0 28902
0 35900
0 22319
0 49203
17065 0
0 27946
0 91702
0 21187
0 58961
0 35163
59561 0
0 60097
16483 0
85005 0
93396 0
0 83809
0 17003
40542 0
62576 0
5147 0
0 83251
0 53763
0 59961
82898 0
0 61063
39538 0
0 33893
58076 0
85830 0
24835 0
0 50028
97286 0
0 52710
0 34769
0 98073
56962 0
0 70924
9814 0
0 97813
0 48975
0 61469
40670 0
19637 0
0 38112
0 92259
0 922
61486 0
7892 0
0 44908
0 47620
13962 0
0 55325
61488 0
0 60241
0 44625
26265 0
0 77259
0 54257
0 85150
0 70466
0 52973
0 63664
33314 0
94465 0
52057 0
5793 0
0 43221
0 46285
97119 0
0 7846
0 21310
0 27959
23110 0
0 55085
12092 0
38066 0
91122 0
73043 0
43644 0
59447 0
79186 0
88419 0
0 90018
13698 0
34865 0
0 77690
23655 0
13935 0
0 78341
0 14862
61670 0
63280 0
0 19688
0 56760
47696 0
60472 0
86594 0
25246 0
11125 0
55318 0
91738 0
4562 0
57948 0
0 88473
0 11474
0 38041
85453 0
97453 0
43527 0
0 64021
24201 0
41853 0
4361 0
78347 0
0 45005
0 61907
77647 0
50811 0
61738 0
70806 0
16430 0
0 48679
2884 0
38778 0
62024 0
0 52504
0 34330
0 39495
0 63912
0 95016
59609 0
46488 0
82254 0
70935 0
0 98336
0 37051
15488 0
63431 0
0 85409
0 70685
50172 0
97617 0
99771 0
0 43179
26225 0
96666 0
63878 0
69679 0
97294 0
14555 0
68512 0
0 23567
0 68884
0 67647
0 96170
95132 0
0 77541
0 73174
0 85358
36204 0
0 4160
0 52452
0 75043
0 39138
61954 0
11448 0
88719 0
95262 0
87328 0
34294 0
27506 0
0 80660
0 211
0 88984
15569 0
0 63000
0 97797
18970 0
40601 0
30115 0
25028 0
0 33177
0 77499
0 76537
44459 0
96191 0
41934 0
0 42450
0 40783
0 34434
89727 0
0 69475
78241 0
0 29528
61013 0
46218 0
90910 0
0 75661
11645 0
58531 0
0 63278
27320 0
13062 0
0 70690
0 14565
0 16421
0 32175
61655 0
3910 0
63392 0
0 28130
0 40799
37386 0
0 67218
51247 0
0 45592
64043 0
2807 0
0 27589
90295 0
0 27032
0 37210
0 22512
87873 0
0 19242
44303 0
77948 0
37388 0
57149 0
11115 0
65819 0
37349 0
0 45026
0 73338
0 241
78025 0
0 58465
0 13798
89375 0
30876 0
0 25867
0 11421
0 89512
0 98062
75725 0
0 6731
48302 0
90733 0
0 95595
38312 0
0 13084
0 92973
83227 0
12171 0
0 82203
0 56002
98783 0
0 77714
58106 0
0 59354
0 35065
52359 0
0 75240
43321 0
35374 0
58717 0
85425 0
37522 0
0 54401
0 93476
0 61266
53029 0
0 2527
0 67502
0 11871
0 73634
4198 0
15815 0
0 55482
85899 0
84085 0
0 55566
3961 0
95660 0
41053 0
93622 0
0 9574
0 55096
17000 0
0 34249
42285 0
0 34791
58831 0
0 68919
40875 0
0 25663
0 93461
0 15409
0 33525
0 24008
0 83641
0 966
0 81821
0 15721
97762 0
64049 0
84402 0
23747 0
15707 0
0 33937
91929 0
14982 0
57169 0
0 10012
24113 0
0 77833
0 6916
92731 0
27717 0
0 93615
3191 0
0 63718
99140 0
49170 0
7042 0
81390 0
0 61776
9939 0
7798 0
12384 0
96531 0
47980 0
0 6158
0 89563
0 12359
0 92576
26833 0
663 0
56112 0
0 13215
0 22770
30869 0
99052 0
23869 0
0 93790
22642 0
36652 0
45166 0
0 59919
18479 0
13319 0
0 52079
0 36110
2552 0
0 64784
63699 0
38850 0
66675 0
0 44646
85939 0
0 80938
0 60192
15665 0
32171 0
59743 0
15734 0
0 65771
0 14029
0 26612
0 65873
0 57749
91973 0
0 74730
91290 0
48758 0
0 25874
0 6586
0 76248
0 92118
16657 0
0 26489
0 84498
92568 0
67126 0
94568 0
0 62266
0 64318
13755 0
74815 0
19305 0
0 3181
0 95871
0 37677
29030 0
0 92129
0 29797
0 80071
0 8658
0 85796
62666 0
0 63161
0 13845
82012 0
42432 0
93974 0
0 56219
32445 0
0 79212
29649 0
83656 0
0 59054
0 50164
0 66713
74376 0
0 86473
0 36128
63234 0
0 43226
0 32229
0 26
0 69029
0 79736
0 7872
0 15418
36907 0
74537 0
0 81123
0 73755
84487 0
72080 0
25397 0
0 18368
0 21212
15934 0
67970 0
24740 0
61372 0
37627 0
98754 0
0 2113
0 56965
25269 0
21156 0
0 64896
0 62277
0 19555
0 1805
23207 0
0 60378
5603 0
0 32880
0 94427
0 63891
57081 0
0 34072
71081 0
37697 0
0 60422
0 72428
18984 0
0 62578
56939 0
33031 0
41901 0
0 43581
0 93825
0 22500
44574 0
0 74957
67998 0
50820 0
0 89560
0 64431
0 69101
98500 0
0 94090
48533 0
5313 0
0 60813
1050 0
0 36606
0 66578
3842 0
0 72851
0 35722
86744 0
29761 0
30061 0
0 46381
0 58680
64923 0
0 81133
98890 0
0 53048
0 91567
45092 0
0 93206
0 70733
54150 0
0 41122
0 8188
0 82736