10
48
294 153 342 39 247 401 357 13 446 468 219 191 375 2 301 202 266 272 115 45 82 68 364 225 176 324 166 78 21 126 411 239 59 319 334 133 98 144 103 393 436 183 423 256 383 471 282 457
47
46 73 21 375 254 151 358 236 166 336 147 425 95 57 469 18 305 202 328 413 127 437 131 271 286 401 397 248 87 361 175 261 451 191 218 63 181 448 116 344 315 385 34 9 103 226 296
46
69 22 445 226 151 419 253 219 283 458 385 184 42 435 311 355 401 293 123 146 336 241 59 365 342 36 113 325 372 131 308 77 12 197 172 424 84 164 264 207 238 96 106 3 391 276
14
10 11 12 13 14 1 2 3 4 5 6 7 8 9
31
1 3 2 8 7 9 10 11 12 400 13 89 14 123 15 20 21 22 23 24 25 26 27 29 31 30 489 488 487 486 485
1
1
1
100
2
5 10
21
10 11 12 13 14 1 2 3 4 5 6 7 8 9 15 16 17 18 19 20 21
47
1 2 3 4 5 6 7 8 9 10 15 16 14 18 19 20 21 22 23 30 100 101 102 103 104 105 106 107 108 109 110 120 121 122 123 124 125 126 128 140 141 142 152 153 400 401 402
