r000000000023801d231636249w323f800501940d8264r289578380y000011937c156850795r21002q72102976l6063t45523262o00000024696f505882808m377q334615650l3008y115534560x000000000023615x623773644q18277c325237380v15157l61023501x00012650p981150420l24910s9769903j10027r25000320m0000011416c188379632s15260u359792512f17334b353414596m000018540f83202408s18182q65743212n6335e215003310y00030512n408955788g32281n148019018p6374o403233149
660
985
774270049
26388
710989520
16193
450813900
18417
449416374
10940
1623853
29840
48805960
30024
75761724
15744
163183850
11944
92807104
20824
306807873
26083
194278630
25391
423960507
22468
25930070
24866
228907868
11608
467677023
15058
407104064
19059
348223356
14308
34467505
11307
212367808
24191
71574121
22362
602254536
27089
953025164
22305
269770182
20618
65545080
19296
900139224
23391
635852366
1855
203832720
19336
94485124
16296
292731752
4418
281033294
18890
17438180
4687
133231350
27031
307743419
113
448476218
12359
475600128
16371
45553144
27347
13812376
24096
132752179
8315
37374949
6089
50539842
8513
102160872
28611
60556020
9324
33359270
21863
14711342
30470
229196280
23313
279084986
14942
114118278
31905
54552412
12934
50528900
30205
9648549
9429
281936928
10637
487738626
18023
453256133
5821
62246853
15000
13323412
24703
46594864
8589
10545177
25543
103770424
13996
264446679
24077
502603056
32542
655098556
9166
161202975
2132
271460980
26378
180362402
13951
480842250
3527
611139060
8982
60764620
6286
48489728
2900
226533030
6377
140895240
20152
62722872
14315
316325136
32131
5608680
19624
328771040
30525
188813560
696
325027680
6449
297617580
4280
151456750
31980
92589327
32458
624186875
18114
103195625
32016
96192806
1097
345270915
18996
257335188
6876
479072580
10723
37769772
17945
532976400
27469
635404096
9828
212753222
32680
1088896
24418
12146585
8362
306917944
18046
382931426
1810
20062746
8551
590576540
12575
5358852
29840
178971044
14615
603570720
25006
46961208
15297
149990898
5694
108830162
20204
57295854
18941
340424168
2022
3105043
19822
103125536
4613
130787125
10328
512764676
21794
355554004
18501
198017836
11289
230385051
16132
724349646
11083
645100080
4391
687820929
30492
133414680
5254
880206558
10869
158653482
24250
270464235
19778
9516473
17315
207710797
23285
28497150
25571
871003330
22785
682288380
19297
131678976
32097
124341180
8134
127040632
25871
193094392
24323
210193212
23181
1379700
11721
223848387
11359
400760946
13840
136042258
5006
305255264
5521
246112128
10791
62417358
23627
202321392
29114
269526160
6914
284935560
27100
238246163
443
635162149
13989
153094416
3650
148214862
22323
280017809
19108
33141680
27685
105530194
7093
104326765
3616
487414606
8076
67469193
13390
784424862
7170
301166034
10970
28702712
32054
384025614
6517
174713220
25611
144184318
6612
947959157
17577
118039012
24112
41687226
5368
117479754
26565
536093675
2856
51303552
19795
109909346
27692
592384513
4512
113849481
27194
215979616
2548
329305674
4941
50016930
21659
788683890
20387
510890712
24423
29335704
28735
159249536
32299
543822039
19816
290140492
4417
588752934
29992
87499844
15365
903942965
27086
112355514
11096
84433233
28781
885548268
27678
225498
28506
2618802
20928
99411550
23730
206289792
27819
151705784
15570
19040103
4303
619114981
12509
411495927
27680
676670078
5434
767225547
11545
323432019
12306
172714578
14644
171679120
28630
485452610
29555
182933640
14776
16765808
4826
554682667
18477
37651016
2291
154474014
6513
46002776
30793
18632338
28163
15341565
15085
433417740
22309
1422597
30964
488121445
21853
6908112
20214
228445368
1783
124726940
1169
589667386
26241
44525356
21220
430188492
6477
14572056
15125
110244671
19954
106132954
27851
185235468
10955
52182504
15541
690890304
19575
47970978
11009
205051610
21591
87422192
31205
33340838
1812
484249360
21530
23179080
31510
123339960
860
331883825
22285
394000948
14060
34894108
8300
146330883
23054
290982500
6633
70678214
31370
363137208
12799
322036678
16175
430180052
365
149594016
28236
899238120
22964
563165280
1077
138144060
25500
49444788
22980
807303726
19887
151875856
23253
287129960
2748
474092
19657
110348549
8278
366914016
9477
474962238
1363
81798800
28528
500376334
4174
164295648
17655
215390232
30245
405739906
21004
18622449
22651
29924346
27939
803266283
25654
4956777
15669
201282016
3
118323410
28733
88440212
2766
147107347
445
94253940
10826
152140268
4410
73358142
10607
299761428
18619
99635810
26358
513992093
21326
15124428
21471
466761474
25476
229786323
492
5360400
18928
376198830
16931
45031250
7083
620273135
21328
40152278
26835
67296816
8321
316379284
775
2624417
3976
79539000
21485
429958707
24445
106224750
17325
13796286
5945
44791158
12147
188505720
987
14542200
28657
39068536
18247
29901179
28634
430964304
30370
40743455
21096
91977450
18648
670513700
10711
388785168
21783
107289665
15848
42621210
24913
316118162
25183
78538408
16573
52682
23941
236066819
16982
576369750
24231
3978720
12122
163505055
1172
142983898
22989
78907260
29731
401156937
15092
11644474
32427
686278073
8666
351831168
22666
51710560
29135
252075012
24479
213914836
28899
166734800
29135
73225100
9839
57368570
21379
166686858
18829
214717461
9768
763175240
16283
90988345
28334
61035676
10941
695043552
11274
174222072
2135
254223616
32181
161535600
24471
201361248
23082
44570400
32745
14512464
21868
448469502
20352
3189166
30589
26860
10708
177968742
8936
432295296
19999
15251806
2872
539035000
24031
319024755
15230
515473116
27479
12243487
11472
144324355