0
10
15
1
3
0
3
24
2
16
1
5
0
4
11
1
4
0
3
19
0
2
1
19
32
12
6
6
1
3
0
0
1
1
1
20
33
20
25
1
24
11
10
11
14
4
2
2
11
14
1
20
24
1
11
1
2
5
0
1
1
2
0
0
0
11
3
1
0
1
5
6
0
11
0
7
2
8
0
1
3
2
16
11
4
3
11
7
1
24
3
0
4
12
1
11
16
3
1
3
4
0
1
1
4
1
1
1
3
14
0
2
2
0
10
77
20
16
11
2
11
20
11
24
0
2
20
2
14
24
5
5
4
14
2
2
0
32
32
1
0
0
4
1
1
14
11
11
2
16
0
3
4
16
19
0
0
16
14
2
0
0
0
5
2
4
7
2
0
16
8
0
20
16
16
4
0
6
0
7
1
2
2
2
11
19
20
4
2
0
2
11
14
3
16
0
4
19
24
4
0
10
3
3
0
1
0
0
16
0
1
3
16
2
0
1
0
1
24
16
0
0
0
2
2
1
4
6
4
1
2
1
1
16
1
0
99