6 7
136 124 19 648 2502 7 2461
2072 423 3167 14 56561 4 98
18 6 81 540 16545 1489 6420
12 72038 1 333 4012 61039 72618
7 54767 3 3 1 1673 5875
143 5 135 13 2 6 86073
15297 69489 10479 27619 37848 27699 11266
71661 21292 71016 66322 60405 6096 10359
38662 38396 54613 14440 30870 32893 18932
5554 9001 47837 6954 37948 23791 44127
56641 65101 63470 24601 59343 9414 42803
37279 28480 4547 19237 80909 704 63253
34903 70138 76712 93335 64953 79931 94454
99271 32241 98494 78412 77923 55529 87015
52854 84232 89447 80135 34731 62760 74800
55094 70025 79194 67023 71935 91303 59410
75207 79825 87106 33630 73517 14291 79368
65596 33023 21640 76116 85024 54007 63565
