6 6
98761 46417 56392 3999 27262 58329
29248 19639 98602 1404 43274 7745
89488 66267 34292 79377 10862 84524
32059 65672 22410 19753 14432 4579
46501 31781 94554 99769 26283 18694
25670 69852 78229 75448 77821 67106
20588 13431 14769 91305 31143 64668
8222 62868 11773 55975 2958 2214
11154 5206 38076 23319 43823 42904
20546 781 28740 10998 81481 10559
21476 28708 26474 50565 3246 28786
33707 9491 5414 16100 41610 32103
50503 98331 34022 94220 33288 64968
83315 89919 68679 94464 32423 21705
51194 86565 97057 58184 77513 44384
50047 26675 32451 44830 83946 74566
57346 92710 54072 78306 80885 99043
63091 41433 40463 40307 89296 98856
