5 7
90809 55403 24712 86912 30904 44993 86215
30326 23658 39138 70826 43442 58751 16497
67118 49698 33758 50709 87562 32229 19031
98880 88129 32775 67664 21887 16679 89151
83305 72854 12738 3114 22749 76939 46962
2529 56289 32445 46491 5218 20872 8295
71424 53038 33928 25691 52026 66088 22207
38030 65142 4176 24456 13225 63999 68980
13448 46273 1715 18402 78669 51757 7263
17093 41372 14195 38191 28553 42660 9363
62233 65508 51746 66944 99134 85300 62010
85665 81008 64409 86531 53493 87169 76351
40872 94798 72032 41464 83878 67832 74052
98882 47161 86793 86214 83251 86175 77081
37607 91800 60222 87491 41863 66480 54437
