7 6
56041 55714 63296 72566 61378 25924
77949 76873 3518 95634 62583 57447
55155 95650 5011 14605 99725 75890
50338 52880 1925 34323 95929 81333
90456 65328 44626 49461 40178 12227
59665 39847 41704 51004 54720 32505
50475 2663 95511 27865 14498 70196
6 61700 14 8 147 2
18 1 2764 99 29187 145
1 48181 22427 7 3192 1
3519 3 764 16701 1141 1
13 3389 24 6 139 24221
2 162 409 5 6285 12
15 4 9523 7 3968 23512
65442 90171 22793 58779 3441 68989
4720 1118 30922 54466 92147 84934
68593 51135 28580 1065 76916 26668
71575 41323 30937 32493 24953 96094
40067 5564 33326 646 88072 54996
13540 84847 43554 22785 12165 55291
44496 34336 54280 66280 91745 88059
