15 18
10 1767 44780 47789 1069 432 38205 1 324 8139 26 401 150 121 47527 1 23 6933
7849 12 52940 28642 587 400 1 41 13 3 176 31 18036 723 60903 3358 114 2737
630 177 36 1 350 5886 60574 72331 1 8173 1 10 30 113 96214 10724 2310 212
32 648 1176 1502 17 11665 965 126 2 933 21389 21573 21 4779 1141 784 279 27
1 196 86983 4 57988 32246 950 39478 314 4360 13912 1349 3 51089 204 1759 431 519
59969 22 378 91244 4992 309 234 1024 354 958 5 3 70 566 130 11906 21481 233
15646 262 3556 262 2407 181 16 35976 1 4 375 6881 558 64463 11 33 32 1789
181 4 15 1384 73796 16897 17087 621 3 8 5158 217 82 2 2459 3344 1989 6
4 1 4 5089 21 186 2420 66 1620 1 752 1410 1 6307 3594 1357 29 33353
2 6025 4819 83 1794 32586 9 15627 79949 13 717 9470 1 28349 1039 5543 14 10262
25612 514 842 4 74 23 6892 2189 806 4 13 8 253 23953 51289 7 259 2079
634 1672 1749 153 51 317 634 24075 79361 10 54 2 21 93 498 8 15 2
1440 2 98 1307 153 61129 96 20 1061 67103 334 2497 50041 6 2 6459 287 115
16 14307 5111 1 3 434 831 49 74 2910 13 198 7 4525 662 36 45438 10196
3 2 2 17582 58560 38 12 39114 56223 1340 91 129 2938 62 1695 1 1301 4096
2 3 10 4935 18 1 4 136 1029 1737 33 2441 8 407 88 1 3 2
18 5899 27 88 16 32 12 5 7 1 3 4752 12 8424 15 2 65 57
5586 15 25 4438 6687 42 1 106 15 13 802 12 27 3 11 1 98 3
23 43850 78 13 72 1 12 156 870 52 19 24 148 18 3 1 4 74
6 74 1 7757 1 4 2 6 1798 34 638 333 9 23 1 2039 49 1882
752 7 2 1 15 97 16 4321 9933 11 319 36 3813 290 26 6 21 15
177 7 46 74 1 6 5 4749 68 762 105 9 93 9 64 4 18 40
160 1604 8 948 3 5 1 11 110 830 98 1 458 681 36715 2 4 41
5 331 7017 18 66 14 2 82 66 294 59 57 1 3 1 103 1 46
228 39 20792 1951 1 520 44 4 852 23 2 163 7 6 6 64 2 74
35 1 87 374 152 131 11 8 132 98 1 418 262 4 2620 273 12 1252
4 1333 1 5943 11 48 4 6 46 8 485 22432 3 81 210 2 131 6668
1 186 4 24 16 6 4 3346 27 9 55 139 145 47 12 1 10 437
6690 2 1 4 8 2 7702 17 58 736 198 412 4 2 23 193 1 269
80 4 24 4 5 9 32 1470 7 48 254 48 2 674 657 1 15018 222
1008 40445 319 5130 1393 5 36194 50060 10682 9513 10437 33869 224 57104 9850 694 4 121
9346 47071 1735 20960 129 89685 24 103 77 7232 170 50175 95 15502 220 12 3018 380
7501 44052 13537 4549 28138 23812 570 42667 16 7845 1173 20849 66 4759 2530 27350 9366 218
286 85326 1215 53 36923 1178 55265 296 30327 79390 29 8568 28620 84423 50150 20180 22 30955
443 81852 113 17263 384 2178 24 15255 4845 11847 15734 607 1024 4222 3 14218 258 20429
1167 185 5184 34 3688 646 28115 8872 16625 60379 509 1941 10995 574 356 25375 438 1066
21097 16 67 1203 13 656 6105 19563 124 769 2166 34 5709 528 500 418 625 50820
1528 18811 29970 13347 1568 135 4 13 1472 56732 220 4 72221 41826 97838 1459 28 5758
17 2638 11064 64 73428 22347 5813 64687 18202 5392 11973 72929 31105 10515 5 1290 1855 283
2327 276 65171 23387 34 48039 1781 315 7852 2936 94 89213 156 870 263 7644 10522 12622
204 2246 1160 698 8409 12042 1497 3963 1997 22827 1473 824 62964 9 93839 30551 147 7579
34154 45824 204 6244 80995 381 70867 118 72708 124 960 50021 18 36275 1885 31 1867 21320
1089 25819 24 2502 152 20 4 31679 1872 722 80 1556 2465 5998 17081 15071 495 1428
21022 1097 23 9902 9549 24 8362 7523 8687 784 2759 45310 999 113 8737 1775 39626 12036
2043 319 4221 31625 21 88 415 36330 3640 14099 487 215 26799 719 10357 6 45411 9853
