25 25
9 66 59732 77 27 4 114 5541 46 7762 807 4 109 3 3 6423 27225 148 1 7977 160 4 11199 3658 849
10037 28 4675 5 2 68070 3332 583 146 1734 228 9 698 14967 2442 5 1417 57 1831 159 22550 285 17270 10893 31905
15292 1800 2 11 3 75 10518 17 54099 1801 2713 15582 2 209 35388 529 11102 1027 172 1 744 38 117 173 25
1090 14458 87718 39131 1874 1 2966 3 604 2597 30486 2895 4791 1396 2967 15 2 468 4 58 2 1850 4504 36144 2
152 5 1 10 74684 17 179 1267 6163 42 3333 293 71 85459 54144 567 2263 5 1130 106 4430 75182 8 285 37
29 4 72618 78275 1253 566 1 17272 1305 17 536 4 105 3215 1 17229 1 85191 2198 63274 63584 54 103 12413 3061
1 67370 56 287 73 27 5128 35 5 21 3 14165 2 6980 34417 2 19768 77 33761 1147 33 4757 327 2773 48329
13 3695 45 58969 4 2444 6914 709 25 4337 24 4991 12828 1 2 29779 225 8241 1164 90 154 31307 32997 2739 1
2077 2 30314 1667 234 61217 14 64028 23961 3 1 6902 10 9 1426 2 5747 46 1981 7926 3485 4 5 3367 67115
5154 11 76275 39118 151 30 10017 12220 86286 2006 37647 2385 6 5502 2012 26797 1192 7355 135 1399 2269 72 2645 26678 10
14 6909 54 59 25133 1 15857 1924 26 14 25995 82 34438 31603 35694 9 6025 8904 20 40 554 1132 242 5907 2388
563 1284 49 1506 15 42 9660 18290 6 72288 12 28 9 1 18178 3 84 9007 317 568 1552 30854 10 99023 512
53252 143 2 53 1 417 97 199 1633 566 15 20428 123 269 90155 7 97 2 7 20 2 403 3601 933 14
342 211 20421 2703 41 9327 2990 712 27517 1092 1686 8 8562 3026 4 925 47831 333 26 44 122 23 20 57178 14788
301 95894 7 174 27155 36398 4 21 5278 1669 42146 7 36 294 46392 18 1 9389 2322 25 2536 15 3035 2982 1
1892 57221 3 8201 1758 121 3542 12 3 4 5 187 163 10359 10 16 13 1 74 43198 1297 18374 15 1210 2
156 30526 34 123 1416 5 3029 991 2 13 988 11 13 162 123 24915 1060 19 45254 5312 4 76500 3626 8 548
221 27535 7 291 44676 605 411 83906 8 3 11437 36172 426 87165 460 10311 7110 1308 705 41172 1027 842 3 917 7
85 288 7 114 12 42951 561 6 19 24399 46627 26 3 41929 73351 3 16 17588 449 1 220 13 11 27 1327
125 13952 11 15 4 5 71139 662 77 15184 2012 8271 30 690 8505 2 568 91002 20728 268 2 2 3 1387 24
14674 4 797 1256 20 401 541 5 1 1234 5671 30 43 280 17 23 41631 1422 23 785 636 52305 17966 15589 29
10964 5180 20 3 41 553 174 1919 2 2036 26003 83178 11 2 1424 321 734 155 634 318 8023 24610 1544 100 1938
676 2094 12 438 4 7 909 2 1 1 29 3 46 15835 3607 8960 13 4554 22685 9 87 110 2262 1339 30079
42 4889 4034 134 7 27196 137 49685 266 353 29722 414 88949 53 77206 1 13 92268 12583 70 17580 12 7035 241 88978
582 3399 40 58961 1 3733 845 1130 865 35227 334 4060 127 5 4170 3541 188 39 21034 11 453 9651 3834 4 189
34202 18264 42249 51591 6386 39368 1182 7529 56754 30282 90146 3484 8435 40527 4097 33651 46845 44862 46882 22602 20318 67808 999 23696 2106
90701 5339 56485 21603 7755 94991 7500 72477 32292 31987 2081 25919 59229 4139 9263 27788 72373 35827 14599 11416 30550 11258 13837 39798 22269
2156 54246 52377 59111 15409 11810 57529 49451 27826 1382 12651 15142 18142 20290 12578 55136 8809 53634 40202 80607 35479 94233 37862 39903 52935
33268 19296 20182 55981 15521 22941 28699 88475 62125 7554 92767 971 6872 68498 11065 55580 11139 16596 19795 12892 71377 28845 73207 38697 71170
27930 85021 55341 66933 6353 8308 22439 21545 10568 32364 12507 34264 51052 16338 34551 5382 79958 24145 25425 1430 16083 53001 42329 6179 68872
6864 14708 23363 31391 13404 6927 2392 68152 35687 76135 9316 21586 25412 51093 61090 62229 78003 94478 36247 69541 79532 56847 33358 39999 61382
32851 24084 19244 42074 75385 12222 5997 14802 25850 2640 17557 65220 17379 57089 51343 45035 19073 12520 19804 363 1901 64207 7018 2093 62236
2057 9057 2699 24842 27679 36566 40044 78389 66782 74307 7054 10045 34598 45529 5341 6538 48368 45163 2050 22101 24238 27745 59139 33671 53070
26084 43119 6995 4042 29952 11911 72806 15040 47863 11686 3725 31887 57809 87995 68278 54917 15623 60158 28694 15662 1946 61621 49917 9068 72033
16673 10202 22284 42530 75713 25896 29887 62103 97029 34769 4797 65232 33275 7119 57588 43500 45712 14202 8010 16654 64515 26502 57353 85197 49370
9891 12052 57396 46179 26927 45490 14222 48849 62 10942 14224 35448 43531 45591 5684 16689 3168 11064 56479 36233 6075 51978 61664 14788 26068
32956 40745 20105 9512 9730 27317 62407 46704 16568 3391 75175 57428 43514 25794 55448 45041 35415 2227 28362 52961 48275 96540 40423 21430 45621
76296 41014 43025 9642 63185 48179 51887 55964 87380 22864 9714 821 6281 13548 1161 60874 40292 22129 9325 5870 12216 38292 79529 17895 18155
11846 3096 39418 16703 2569 35277 49441 57538 16623 53822 2172 55178 5879 13967 3854 77301 50612 10106 48423 60539 10112 16595 82972 38260 48205
10555 38800 73211 7364 77801 43149 26145 33515 2131 6792 16386 33193 31614 2029 74101 56224 27600 39034 15794 55151 37022 12166 90415 7480 24941
14464 11635 1904 1650 24632 26811 2089 76803 60829 17399 14062 52460 26529 12530 79547 32016 30581 29958 6615 73667 32832 34114 34314 20928 42471
61224 4557 49051 10233 89803 14141 27449 52494 68956 4235 13323 18424 50083 9944 58313 2758 28696 5039 31668 53476 21667 11998 26403 25263 39442
14497 32515 6227 52194 10695 9388 1241 10313 9044 7214 73547 20077 39666 27673 4140 9266 14760 59314 11883 19696 24911 6842 14195 82090 11129
62926 35489 1678 43862 341 29573 2012 37961 31712 28666 25157 19340 38995 8175 10082 10911 15404 76010 1519 13043 2059 31220 67816 53099 4306
46500 14263 69678 42295 53519 194 6388 14500 26212 93230 48862 66557 51929 18290 14068 16921 25817 72042 32571 39204 9405 10822 27487 66678 32792
1449 8366 96927 68244 71685 58195 62729 3629 29487 13454 62097 39486 20268 8212 82965 13956 46520 60334 56642 57155 3304 78107 50542 25379 23413
40242 45665 83705 54418 19388 11025 17775 89191 12554 4140 25777 81262 89724 49636 38064 8546 53664 26593 8983 39348 897 9728 62779 2366 73161
12231 43722 48220 68493 31339 46875 31612 32140 47923 30259 33148 13673 14359 79253 68508 71688 37982 829 31276 43335 31721 34049 76452 1872 52562
4997 10595 2922 36075 1767 42991 71357 49255 12275 46272 45572 34488 8377 6011 21779 16752 44641 56008 25030 34734 58022 33137 31915 53220 54980
3366 5666 35868 7186 46969 69970 52430 47958 8228 59233 19911 71963 38024 12038 85964 59085 11390 31784 4113 52692 73270 48285 96349 28540 26568
72063 81907 78259 62442 9693 40354 71121 98669 63224 78656 99393 85405 67292 63944 46403 80878 74267 90842 50842 98402 88811 72528 18433 70303 61764
95148 72271 89319 33150 39248 96452 81974 87941 68713 54555 69686 47508 70416 24295 59836 55347 89291 37214 33275 54945 58261 76118 29956 74445 23206
18268 70159 76069 95394 21829 53068 73560 61287 40641 87776 37449 83843 54950 86591 52792 69506 55085 57455 90734 92210 67689 98294 86711 65867 87528
40157 99251 38534 78685 51454 90978 71711 90961 66144 28124 94943 33118 71434 78589 51128 95636 43595 92472 92342 74981 99933 55153 81391 50228 81471
35328 95012 83772 84660 77598 37539 72279 32252 82045 73068 13643 92783 61322 99402 95042 77525 94925 54953 73386 82273 73412 90927 45173 43948 70671
7376 23369 79635 87797 85788 97594 4917 86069 36040 78829 68183 64708 73817 52797 88869 80256 81334 99919 95861 91153 80968 70818 63584 56272 88192
87001 83690 77168 65578 80415 17742 90230 95787 78714 12109 46473 96839 46036 67771 51931 49687 85989 99904 84894 78642 15151 92525 27614 77112 80590
20708 34963 50349 35835 83266 51074 63525 91453 67610 79792 54030 82188 47444 79063 92913 37297 55952 56850 60604 59402 68338 54182 89852 55299 61333
46933 83907 23087 9877 87060 79555 94983 74474 58878 94879 20505 89178 98019 92796 71893 79558 19056 65797 52702 47796 52874 68711 85189 87726 85191
90087 30969 61599 97676 88705 85151 82326 86459 99876 66721 62646 72784 46180 23513 82539 84187 78852 36620 44653 41499 93469 99054 88526 98629 96649
87276 74688 88351 84033 50447 91484 80314 58148 44548 46043 48863 92101 46479 64662 19111 70349 15066 69409 58937 86443 73695 65053 83664 31611 62099
50989 43121 80586 49099 93538 31147 82655 46835 39415 75425 80657 79059 88246 44018 97884 72098 68085 74724 29994 65552 95153 97489 83178 90114 48942
79012 45048 79729 55052 69782 94594 75631 63633 98208 42136 84704 17187 8184 21356 44270 92107 61722 91798 32893 36663 17879 95288 80992 29191 87868
25147 69611 42616 43414 90995 87460 91338 63520 42599 94522 44834 68757 55365 68016 10559 83457 98706 34990 59621 83799 63303 22921 90386 85562 76098
24777 88734 90594 96556 78491 48935 52676 47035 69691 79845 84762 94503 87427 98808 78147 89490 70979 75624 70993 66586 77827 34765 92668 88633 39430
63322 53294 70610 13381 88070 30347 31991 87855 73426 83533 95334 66610 95610 72068 90271 55712 82376 52190 26958 85746 85400 99506 67976 69917 80063
89276 57487 68851 32834 94174 29543 54705 95491 86157 51952 41287 84278 63243 72014 75845 39057 34539 49391 68218 95367 58125 14042 78108 41489 78325
64088 77851 53147 61828 17467 80559 95845 69351 24298 32530 76197 63933 88243 61426 31487 34228 53722 65781 85387 26259 87562 93157 39150 82343 12197
76572 74870 42785 93810 27699 79130 82970 84986 80065 96051 50197 84914 91188 45545 89595 34780 48715 82518 72831 20970 69123 52586 78279 78432 64055
62185 30686 70576 75327 84853 60212 44394 57213 93852 95522 88282 78982 57360 67498 88636 75799 84078 79470 49894 48201 54774 61124 36062 71550 46467
46763 89950 97339 73366 82370 95352 79402 90092 50947 50827 76716 85714 29117 34178 93740 51215 62791 67275 78515 96524 56592 84634 86736 91477 73920
84680 55434 90217 64659 31889 40024 45909 93110 47444 34539 68229 90067 97110 61167 51716 88150 78481 32181 34308 82803 44258 74612 92589 93391 86548
13307 52886 99204 71294 69029 68115 75932 61100 98527 39256 66925 54971 47306 99841 99754 91163 45793 40890 71100 92465 54546 66975 79684 52430 60629
10658 51630 65072 91418 19685 44129 86973 56136 54988 55326 49853 39069 43886 79691 66003 39661 51361 79518 91313 42840 73924 60977 75129 89289 76140
86493 9293 82857 27324 86237 98361 72876 53266 87844 93012 25459 91996 40254 87321 97096 65082 40051 67322 96773 63664 89873 88628 97436 95761 56250
