24 15
84941 17317 65430 82329 67880 20935 4881 9990 13786 82201 50546 42167 15389 52232 22844
72065 92914 49041 86002 97893 9841 41230 96784 59663 40929 88099 29402 98676 35286 600
22198 21359 54898 85277 5826 85906 84733 34246 14982 20115 4381 28252 56103 21911 83190
26981 2029 90193 10914 31046 11248 82986 4159 13463 24147 2329 35213 34917 71606 60865
14365 76766 42294 93809 19369 48467 94193 41805 6479 51997 63164 45074 56287 14854 16772
57387 4597 35328 25127 9516 83651 19007 72162 26205 52250 23858 10540 28087 24666 72717
71308 30565 17701 36667 75449 85375 22856 40515 58622 97338 76302 92483 12700 88776 43168
94213 68104 77118 54670 44323 89460 77415 36663 9005 33783 40811 46457 96527 25182 92441
91053 39021 32955 37805 34464 54551 1021 65357 14343 35215 65772 84860 78889 82925 16712
6004 23858 93487 99675 79852 56442 71764 35935 96857 37910 45928 32189 59528 60126 37215
86177 25260 92371 33072 50608 45390 94427 6242 4109 10258 29421 20058 92063 46867 25687
61130 42488 5642 30740 44576 32520 15910 72423 44106 79612 85870 92400 9505 58190 72148
45365 47457 97329 46498 63730 58121 97890 42741 71965 39555 18623 75751 97420 94772 19867
86093 65153 2154 20800 78892 83120 38905 21585 93532 21108 79374 65269 62016 61816 25346
66015 88123 55797 63743 9956 6914 43233 88713 42927 64754 15064 69702 95352 93654 73539
94853 58696 40612 18011 69959 20220 52506 25615 7207 83158 10223 18473 95072 47969 51864
9152 970 7010 24169 94312 21673 9710 53803 22850 62968 88284 35635 99321 99706 95024
93903 95971 40105 91398 83928 37506 94074 46435 66997 91521 24312 47318 9108 44489 41090
98625 25459 68335 86846 88323 16858 85819 45120 28394 21707 24303 99870 35911 37757 6952
65805 6379 51524 68033 8170 45347 50081 94656 71256 66564 79870 91202 38930 35373 60270
34616 57621 34570 55800 38856 62425 56599 60217 75008 60392 80773 48148 99938 41551 77085
5505 30792 7868 89233 58606 65298 33067 88633 83737 88505 92151 58474 93845 25460 28437
62302 67105 96314 58063 75119 3310 5399 47175 6672 68330 49095 35385 26397 14346 58610
20577 7348 44122 3299 64804 42543 21272 67721 28724 51253 15292 81380 92950 85100 10071
8567 1621 49288 336 70 12 18 13292 67 5 1400 10457 154 661 3
6 408 2101 4762 337 47943 39915 12098 6 75 3675 1117 906 40 4013
2 2 27087 342 112 60883 1 1907 3 12251 1474 73785 19936 17 504
1 27 4621 389 1 73414 3673 11 59 1751 75392 1 2038 248 6
38614 105 104 11661 1 13272 18290 3 63 5 82 8 14388 1 73
2720 157 25377 5201 4 6965 1965 48412 110 1 36 353 197 4189 27
1633 2237 1 91 7926 89 508 4756 104 404 4082 347 1546 2 15804
55402 73 1 91 1172 3 24 53445 6 242 103 27 11 3968 10840
4 268 52 8288 2 66 204 3 2227 8 68 2 2 4 20
28 38 11 5 96 8238 3 16 4827 4957 3264 2720 3 86 13539
48 1078 1798 797 8 51 3 3 3 9 87 219 5 2475 111
33518 17972 52040 3 233 6 1 1 1450 4 120 1 1416 12620 30
3112 8 1423 2174 8 1 87 6 3 50473 16102 5579 12452 65795 21776
1 5 86072 7485 42 54 259 417 5 1339 12 1 1078 37 81
22 11 19 2360 9471 2 1 126 26 6 2 24 152 13924 5625
9 455 38984 5 209 1 6 74 7 286 10 4813 33 52013 14
77 1475 165 7666 4159 1 33755 971 14 1182 2 2631 1715 31 9021
17898 156 3 22 735 2456 1 93 2 11 31912 147 84 1526 816
6 66 11 3114 451 8 841 4319 14 2 42882 24 10757 27 5943
25283 185 13 1931 423 51693 54 11325 3452 1418 7 4 275 30479 51
3253 4 23 54822 8 7 1 2651 195 1 396 208 9 577 2438
8 4715 49 2 15 88884 1 46441 1365 54709 1 13 8 303 5
4 4 465 5352 23 53608 285 18484 5827 905 572 1923 28180 4007 1
1 251 6872 592 32991 23 9 84 23043 13 22321 257 4968 6 219
47030 41718 76425 34510 63908 98561 33547 78261 85099 93099 61121 19011 41567 72923 24111
45656 99253 38230 75554 33676 56029 74772 76912 94544 54073 71042 66853 84979 65632 48723
55546 60534 33985 25124 26918 81940 22234 70602 87674 15910 2617 95767 36339 10618 6511
91826 38214 22065 79750 92086 82801 12540 13250 43340 69167 98289 64361 74986 11639 90349
57870 38626 83337 91758 57286 30731 26766 94491 26768 12500 74200 14663 62014 93642 17408
99152 54437 30456 29212 34546 67124 25428 65342 90220 43357 5491 58792 31325 38888 99173
2236 44610 67686 29038 48270 30268 77551 85140 79034 26343 26756 47670 55052 48778 19686
82519 11622 49773 39406 42187 98272 19907 62969 66278 14410 85346 95142 90760 13198 80459
23401 43247 42594 8680 3169 22739 67653 36604 42644 36571 71373 15605 5287 94789 62721
44873 59827 42687 29963 61795 43681 45992 65002 71428 69846 29951 50159 88658 99610 61437
42681 17508 23823 73069 14226 49589 44025 15675 2679 23921 21375 42457 11877 53755 66112
94215 51150 92503 73197 92686 41102 80544 70798 48413 24585 87400 37482 19147 18935 39665
61211 16439 63798 4090 58691 77069 42713 77311 47136 86727 28055 19027 62183 82040 44214
53751 45459 95222 71609 57793 83236 36174 50406 42768 63630 90535 29908 44653 33956 49052
31609 28310 82155 73511 87749 21405 36600 47592 89210 98754 77132 57179 26629 48413 76834
93973 36908 64183 48848 78699 73571 25716 55424 55771 3940 47048 47454 19960 98690 97100
41891 97435 20045 21623 11729 18476 42480 25022 58647 87249 66943 4286 61954 75194 56530
49293 49110 38916 6091 8438 12912 90893 30597 67384 8332 92406 17473 49205 98018 87779
45610 99265 79649 79744 9209 15388 20612 97939 67434 24665 45867 40259 82722 66977 73423
82293 58252 5638 68498 87131 63253 48860 92208 12628 91210 32327 53570 86690 42605 82714
34605 70543 39436 73841 47518 49208 8995 10799 1115 49617 64184 88994 91677 48802 3438
92059 32803 62781 99372 9207 89778 31085 88005 75909 71036 89322 54777 65784 60724 52707
85142 4113 38103 17237 85157 90129 98906 21928 93164 16121 86894 5561 97559 75397 39318
34363 47570 58286 41370 73316 94087 45591 12247 56307 25823 99845 2439 46711 72384 50985
