70210
76939
56775
160
52368
6852
11271
552
15312
121973
24459
60823
24285
3059
27139
10593
112798
36866
53413
120096
37841
11209
3363
25531
34888
26712
62781
23009
2483
14932
107236
16384
65059
1357
12872
53481
14727
56140
94737
41895
36761
128214
52301
18628
17626
0
73213
70896
94257
9935
23355
78563
337
67110
94314
47096
3129
108859
67617
49731
56009
0
62058
36890
55958
51174
33085
19514
0
15957
8969
6988
2889
7032
9954
12565
3319
22225
736
1147
37095
191
14114
50979
32013
9113
70131
88952
19023
13295
46058
45796
2942
64624
16987
62250
92187
0
25806
1922
18936
7249
5076
26610
45505
33417
36802
6219
33967
28972
16239
10020
3087
3620
12420
6170
26976
23903
30784
45134
0
40957
41610
12071
15717
41729
8627
20971
40125
57871
89096
1776
7814
3584
13108
54264
36534
31839
36265
35303
53562
8998
2093
35873
36547
6594
22757
34323
74374
2310
43732
40348
6156
13304
33058
91294
13080
10356
820
17592
13101
3185
17174
23228
42240
556
86243
6562
26198
53481
38556
112624
80225
33058
6666
7112
108214
4666
51442
33309
56110
113676
21883
19902
0
3834
0
3000
65041
1103
1523
10019
13355
35848
47674
44532
5836
43602
27367
18150
14800
7742
51980
10322
17832
41243
11994
17485
3710
2545
89592
47168
89
7741
10997
75238
4598
38905
21668
13161
86890
47467
10409
190
103281
7531
3504
19495
65848
14207
16528
34845
29572
12314
20291
25300
34290
13192
16860
297
9288
23855
0
1666
67313
19637
22804
4326
63864
24328
0
83240
106930
48996
36352
38708
40643
22364
12418
49175
12592
51453
17907
13948
55511
49633
12971
0
61243
80348
0
3249
2563
2952
7074
36830
8458
55493
4858
1574
21628
1488
16202
4015
50553
31648
8899
2360
4353
28322
391
7268
50473
6111
10937
10567
0
59541
19881
77146
36500
0
20256
86360
56996
61533
27436
6747
1740
1332
64202
23184
54745
21701
73079
5220
23177
10597
17159
4206
9150
7417
53936
60390
21360
21979
45808
59054
6279
822
44541
80080
45504
399
30453
571
8523
106795
32280
12704
32133
20252
14031
23011
30671
10449
54991
4476
7281
46382
106052
2389
128367
7452
62693
69669
90979
59855
17446
113876
52464
42066
8122
28526
16274
8867
27951
62448
50703
44320
1944
30577
23798
12844
190
8287
78136
21392
1568
35269
117168
64178
63306
29417
40668
82706
2989
23902
28144
55898
3542
38066
0
2114
84236
13056
8182
2000
37651
10437
44684
4798
89816
12693
6703
4037
18827
8657
95
78965
35758
4474
22511
32535
2544
14438
13972
66858
646
12180
1224
13299
0
59421
29594
39
45229
7661
41222
22918
1241
12651
19502
2538
13200
13912
22647
58757
36571
121847
47403
16719
0
1846
53425
7041
26885
39466
39156
26281
100383
220
47863
28418
22657
0
120393
54357
34277
102294
42754
18687
54112
84555
1463
9294
21845
36872
105557
10195
1345
97859
30259
45949
1710
22164
5527
17985
108162
28618
24409
72316
8823
52390
3296
12782
27701
19817
24214
7554
25255
2002
23557
77086
68097
68
82965
40326
2676
9187
25525
16118
33301
19
12042
16263
2751
16943
25896
23198
96894
13965
47452
18624
83728
15880
6506
978
0
7466
8360
27884
38397
5379
15221
32799
4839
1606
30182
84015
34352
5795
995
13330
57628
24885
58203
1435
864
41642
45065
13579
104285
3828
13833
7785
48740
16773
45430
9204
23294
11496
70448
10882
3801
1458
25130
11819
10786
36845
46392
77177
67368
109195
94341
67232
61999
20404
57561
29203
16917
6310
12379
27450
3747
21905
0
50934
89280
17841
21109
7166
7900
40991
38612
57339
9452
63584
21221
1092
8840
62932
20783
105806
26985
34845
46505
27373
72795
5002
67947
50012
2617
20000
0
109696
51542
20947
32310
8403
1575
23142
6069
26337
43952
81004
10131
49842
104045
0
3310
77391
45836
8888
6832
6025
35262
51627
60986
21276
35139
29845
84824
11479
16849
20017
21844
38605
54776
42079
50183
4153
99733
65483
27637
19734
31735
89089
2202
47976
13151
3402
1148
3659
1804
3974
522
14426
5059
31926
63105
65237
83019
18140
3818
98534
3802
7621
56478
90734
13131
6644
1701
3996
0
3143
19564
61442
62092
58975
4071
60987
68763
106334
50851
47323
28012
14740
30432
21679
71412
87279
3374
66923
4175
4028
42162
0
15063
100671
8588
6644
12598
106998
56421
33908
52170
30457
0
9873
44383
54883
21213
1101
1932
29076
80877
14280
12775
8888
3749
41581
37109
90692
116611
1104
27050
57226
34114
36914
71548
38281
4789
1496
0
57767
69011
8532
599
291
14654
63351
5322
22406
10005
21686
47246
102552
97904
70450
106928
22141
10428
63363
1605
0
80
28069
93271
26758
10242
17660
6397
25533
13461
35899
70217
12166
389
18611
22608
41691
68883
8320
46164
55999
19893
3840
16928
7936
1096
40777
39859
1660
105721
2254
52354
29131
15473
60326
0
19205
13275
15591
10198
61527
99029
27263
25461
13877
2485
62793
85425
103022
6886
72152
48613
21183
7169
54831
7138
1344
26417
79499
0
0
52691
400
15523
63958
43841
111840
14388
69877
605
22935
0
36279
44563
84248
16965
89994
61676
0
13237
15807
41550
1141
20343
14325
19473
7412
0
2156
19352
5005
55305
26150
67013
2733
110854
36044
73445
48070
3333
90559
56
99043
110980
1869
8931
27977
34122
60477
38029
8564
60075
44163
48064
15864
8037
12909
2529
86404
0
4658
82518
29385
9878
75242
22460
27127
2416
33047
4506
78406
2415
29660
120280
122049
3180
72926
66812
23089
21409
4657
112693
89893
2840
30042
101677
3612
78441
9643
48430
22274
57225
24848
0
31461
9544
6665
32126
26263
0
108244
65153
34656
5984
10657
78187
38292
5174
19244
30603
9357
0
6212
5027
29731
35575
34353
81908
4327
0
63739
42829
53750
2205
25627
6478
64735
33493
19235
24490
0
32633
28697
19290
107888
4872
16348
65973
3260
17336
63865
93346
39194
100045
18220
50190
0
71867
25088
22780
8242
46097
4827
11205
17366
1197
1540
19730
4955
35542
26872
947
21700
5056
2166
610
49217
2583
21575
10432
46119
55727
25043
15482
63772
15711
1484
37121
24613
35206
4231
28504
7052
2986
27439