770887477 649214160 523864764 861079075 499539036 677052003 59119344 8 66835097 691359138
611575503 526030551 944925847 742893520 55867543 696189413 195041233 930042366 821031893 671083096
565873120 498108781 96265950 226613714 6789213 414385097 152027929 846839030 334845662 6
80068117 8 108510479 756274752 696515465 509413254 198478045 748565742 691359134 853231018
732949494 978234321 573643421 459361654 364077163 844541752 882367569 533593378 753217496 364077163
796437910 5440718 252187984 292197933 456658725 351093168 714216295 494119689 791859876 550317427
171359211 421860134 989401342 800246287 9 680984936 527824959 415258313 8 990873819
838721842 9 362428746 477550538 5440715 214706007 953151217 838721845 34970734 953837706
170778599 505855346 798042086 926882431 529443483 187695508 499960078 920088841 523396708 160876579
689021647 361319801 617533789 8 8 393048046 799360269 580475447 74184527 619896803
