qrstqrstqrstqrstqrstqrstqrstqrstqrstqrstqrstqrstqrstqrstqrstqrstqrstqrstqrstqrstqrstqrstqrstqrstqrstqrstqrstqrstqrstqrstqrstqrstqrstqrstqrstqrstqrstqrstqrstqrstqrstqrstqrstqrstqrstqrstqrstqrstqrstqrstqrstqrstqrstqrstqrstqrstqrstqrstqrstqrstqrstqrstqrstqrstqrstqrstqrstqrstqrstqrstqrstqrstqrstqrstqrstqrstqrstqrstqrstqrstqrstqrstqrstqrstqrstqrstqrstqrstqrstqrstqrstqrstqrstqrstqrstqrstqrstqrstqrstqrstqrstqrstqrstqrstqrstqrstqrstqrstqrstqrstqrstqrstqrstqrstqrstqrstqrstqrstqrstqrstqrstqrstqrstqrstqrstqrstqrstqrstqrstqrstqrstqrstqrstqrstqrstqrstqrstqrstqrstqrstqrstqrstqrstqrstqrstqrstqrstqrstqrstqrstqrstqrstqrstqrstqrstqrstqrstqrstqrstqrstqrstqrstqrstqrstqrstqrstqrstqrstqrstqrstqrstqrstqrstqrstqrst
100
270 271 279 280
363 372 106 115
182 228 492 504
43 89 192 229
403 408 483 526
517 539 296 318
27 75 470 509
468 481 95 131
12 16 234 238
465 489 254 266
348 367 463 482
438 446 642 666
79 109 236 266
443 484 7 48
543 584 249 290
6 53 430 477
651 672 302 323
49 93 285 309
557 562 67 72
632 659 145 172
127 167 539 577
683 700 634 676
440 456 305 321
678 700 174 205
122 159 173 198
230 251 198 222
187 200 62 75
656 693 175 181
153 185 451 483
25 67 631 673
92 100 58 96
454 492 510 556
659 669 123 162
207 254 314 361
201 220 256 269
60 71 238 249
184 233 103 145
492 493 275 276
397 418 100 149
685 700 54 89
519 569 601 651
628 667 194 223
84 133 311 333
414 432 310 328
36 53 350 351
57 77 204 224
509 534 410 435
503 543 294 330
424 468 404 419
1 50 319 368
197 228 582 613
499 539 173 181
339 362 439 462
691 700 592 601
489 505 312 328
535 538 456 459
247 276 687 700
434 460 45 88
182 199 523 540
222 224 477 485
590 633 501 514
4 15 689 700
690 692 103 127
383 419 627 666
658 676 133 151
55 75 377 417
269 299 426 456
635 641 413 455
561 607 254 300
524 564 588 635
150 180 350 367
96 140 287 304
689 695 556 562
615 650 372 389
364 401 386 392
213 217 433 437
114 160 322 368
547 556 482 491
97 142 130 175
636 648 674 686
145 162 540 583
425 429 111 115
350 396 614 660
23 48 19 44
106 144 392 430
126 129 215 230
635 660 573 598
634 644 488 498
519 567 71 95
569 583 686 700
81 84 603 631
428 478 525 569
573 597 204 236
6 39 432 458
143 186 487 530
201 216 14 25
271 296 236 261
112 146 697 700
286 304 141 159
596 641 20 65
