2
147456 94
5699 28416
1765 3391
25857 31587
10053 20614
9640 24533
8075 21471
13970 31056
23283 23632
13546 13865
10531 21734
5287 13566
1262 1356
17215 20458
4607 5788
3852 26618
4177 23157
305 1253
408 2126
7242 7415
3639 25866
3512 6479
904 2252
12198 27210
3261 14092
8604 16447
28725 31979
1129 15469
779 2499
9233 11825
29774 30211
2859 12413
1142 27706
1731 15237
13833 26737
31519 32443
430 446
3557 5886
26180 29206
14236 29966
7464 20579
1076 2116
5370 12502
131 384
7651 8063
5480 16994
8127 10523
6474 19645
19533 26157
5344 17992
236 15440
10237 25751
15051 18891
11063 21834
3991 12134
22460 30341
10486 11388
25040 29600
5803 16722
4152 6687
1681 19367
10399 31460
2511 20876
9204 11171
11048 28278
5393 15511
156 5778
3753 13939
3769 9304
2849 13468
22970 25699
11597 28565
2494 4992
7945 19386
75 773
9887 16434
8030 22372
6475 10783
489 5375
18623 24599
28358 28478
1542 6616
1083 3551
32 55
12622 15502
19516 31066
6298 14518
653 1319
547 4502
7694 15868
11818 20119
8086 20897
5920 20445
745 1659
6945 7452
14400 90
5636 5805
1239 1334
1128 1186
106 334
28 405
355 5039
4824 8135
14 36
1161 1641
906 9102
64 177
3216 6165
970 1595
6843 10848
2273 6026
1430 4363
4037 7851
8730 12949
418 2558
2107 9945
6922 9876
62 127
320 382
5399 5427
5525 8028
5337 6805
288 2429
2768 10740
3687 4005
4998 5174
12774 13810
3284 8090
5581 11743
3834 4384
644 2143
985 8883
2295 12340
427 513
1196 3453
1116 3033
4533 7038
1087 7964
445 6376
1038 3333
3900 9829
9776 11771
79 14166
612 1585
1105 11325
9022 9835
9289 12408
6663 12572
4 1718
2695 12346
120 3686
8841 12233
941 3180
1337 8318
1771 2838
2799 3072
78 271
4561 7977
6125 7689
5846 11157
3381 3786
6320 14366
2984 6325
949 1072
12 16
75 90
4127 9108
8 3784
4783 4997
3077 8682
5590 13696
466 2351
5378 5522
1367 2491
1255 1808
309 403
6462 10340
8407 11098
3079 3367
2133 5763
153 12589
4185 10241
869 2914
2445 14204
434 2014
4857 4938