2020
101515
102626
101225
100498
102840
107547
105713
105615
104261
106285
108622
103375
106067
104730
108169
100702
103532
100551
100768
106211
100167
107642
101372
104977
100112
103351
107130
105010
103873
107547
100173
105708
102217
101320
103365
101820
107692
101467
105172
104289
104917
104997
101270
101437
101242
104125
106192
105715
108569
100017
100787
104586
102499
106072
103020
102330
104247
103956
100774
104070
108104
106950
106172
106456
100393
103879
102912
105811
104614
105829
100252
107357
101132
103888
104419
104781
101266
101148
107541
101150
108341
103637
103615
105509
101359
102381
100578
101857
108162
101642
103016
101833
106075
107559
102324
105191
105296
103829
103423
101221
107153
107840
104751
107829
102418
100091
104280
103983
107658
106002
107293
105606
103329
105042
101597
107388
103164
105174
100435
103490
100575
107845
100860
103991
104179
104925
107980
102312
108637
105834
105679
104854
103669
100375
100180
101646
100740
108415
101750
100198
103294
106149
103189
101281
107060
106813
108299
106106
100064
104698
107278
105730
105101
103617
100343
100609
107657
100264
105824
103337
106427
106014
107643
106962
101019
103818
103479
107346
101107
104560
105832
100795
100478
103462
100001
101710
104587
102987
106091
103759
102700
105603
106609
101283
108143
102986
104711
101067
100922
104839
100870
107977
103352
102888
100120
104010
104898
104899
105852
100532
108457
108119
103088
108427
101612
107650
107351
108083
100558
107479
100768
102096
107458
100730
106258
101066
104772
107079
101303
105672
104366
104984
100787
105772
101835
106100
103882
100852
100185
104755
101165
105605
103631
101749
105663
103571
103573
101339
104746
107030
101738
108182
104046
100350
100810
103875
103606
101475
103103
108491
100870
105638
100085
107992
104993
102311
104244
101460
101949
104193
105550
108002
101240
101856
100167
107637
101073
105675
102069
105574
102763
101243
106085
104127
100833
101770
107407
103922
105249
108376
100256
100015
102633
104960
101780
104979
102454
106115
106314
103394
100757
100734
105730
105258
100897
102087
104981
102298
104606
101078
100402
103387
101529
105071
104934
103281
105988
102716
100479
106337
100785
100000
104206
107423
103005
102919
106699
101472
104457
104604
101534
100309
101759
103045
101778
105921
101987
100190
105267
103961
102541
102002
100692
105315
108213
107416
100479
102895
103183
101398
100162
100409
104328
105568
101019
104261
108712
104996
106562
104283
105300
107802
107351
102673
105792
101517
102333
103204
104660
106107
107803
107028
100209
102840
106098
105712
106416
100099
105757
102616
103868
106593
107962
105128
106428
102623
107269
101418
106209
101061
105039
101867
104121
100269
108376
105853
108713
105857
101757
100361
100805
104303
106194
103917
102321
106387
101138
104610
102073
106290
105355
106652
101411
100533
100181
103638
100301
106598
102331
107802
103176
106834
102450
105821
102724
102265
100075
105433
101385
101393
106362
108489
102442
108408
104901
100363
106421
104174
104121
101142
101596
104023
105619
106320
103850
100059
100026
100045
103679
105277
104827
101942
100122
102758
100138
105005
101199
106404
104063
103750
100287
103708
101642
105033
102412
106578
101766
102308
102885
107047
103799
100113
100944
107041
106288
104059
101132
102008
103338
101931
108544
100303
104919
101894
103507
101693
104845
107062
106681
103868
106928
103348
101613
101821
100320
101511
104963
103016
107661
100603
105501
101489
103052
105438
105309
107993
102654
106882
104437
100692
106967
100705
105179
104990
107988
108444
106056
100872
104672
103446
102736
106249
106114
106970
103126
101888
105231
108542
101704
107044
104998
105959
101236
102034
107970
100486
100677
104646
103054
102347
102491
105375
104426
106546
104011
105003
104054
105101
108629
108104
104035
100018
106192
104042
105560
102276
106351
107543
100563
103094
106576
106890
102335
107461
104832
103216
108191
100510
101933
106441
107014
100061
105241
100945
101177
104718
100638
104244
102735
103986
104908
106834
104010
108307
105946
103788
100384
105532
101268
106778
102126
107122
105589
104637
108159
103124
106399
103593
105302
102387
102582
101731
105256
107654
102364
106905
108071
107994
108629
105170
102650
102129
105446
104185
102320
104000
102299
101861
100936
100444
105645
104729
102710
100188
107088
103128
104671
106468
108529
103577
104091
108672
105345
105820
101542
102374
106952
105280
102026
108598
100510
102256
100175
101131
102702
102580
102090
103408
100395
101926
102205
108045
106054
101815
107056
102478
106776
103761
106784
107178
106649
103226
101643
105737
100321
108564
103929
103184
100897
106149
102503
106607
101729
103836
102529
100616
101620
108468
103091
104467
105865
101857
105663
105897
105925
104673
105638
107065
105213
108690
107486
106077
106496
102264
106980
103096
106475
107114
102940
107404
102619
106151
103759
105578
103242
103698
101583
106970
108728
101731
101757
102055
100776
102458
101796
106715
101524
102121
100882
101773
101245
101163
101882
106374
100085
104440
106120
105005
101756
103741
108680
106000
103704
105941
107637
108185
103049
102937
106604
104932
108083
103433
102095
107629
107004
103105
102863
101571
105974
106658
104965
101935
100759
100124
104675
100559
102847
104427
105773
108283
108272
101472
104979
103264
106048
103658
106079
100913
108363
101219
100586
107848
104979
105885
100399
103359
103207
106102
103574
105774
101205
108607
102695
104523
101370
107799
106468
107537
105564
107475
100553
102302
102738
106268
103991
105858
104379
105833
100789
108696
100658
103329
107959
103051
106281
101060
100537
107673
105664
105774
100769
104251
105671
100125
108308
103435
103368
103128
106532
107105
102777
107569
107958
101767
103853
105181
104696
105379
103736
105544
103233
100950
105580
103869
102836
102118
107310
104623
105225
105335
100538
103740
104309
106168
100065
101441
106473
104788
105320
107314
104069
105472
103703
107098
102810
100834
104577
103481
103831
102344
106350
102095
108424
103014
107745
104761
100769
108081
100595
101309
105090
104254
105062
106752
104343
101236
103798
101837
100359
105076
101920
102988
100400
100319
108213
101549
106827
103687
102720
100650
106788
104048
105112
105357
103661
100016
107536
106486
106324
100154
108629
101732
100520
104905
101991
102640
108417
105578
100705
107752
105088
102085
105804
108477
107702
100451
100259
101362
101258
100525
100935
105649
101423
102691
103210
103019
103483
106774
101450
101539
106521
103632
103052
100868
101668
106864
102959
104019
104352
104949
104598
105607
101849
103642
108244
103549
103125
101769
104696
105713
101130
106868
106728
108530
101741
101595
103225
106465
101611
102271
101751
107191
101411
104686
100761
108645
102231
100085
100415
106785
103930
107140
104643
101155
105622
103577
100989
103671
100895
100382
102067
104701
102840
104582
101862
104467
108560
104296
107125
102699
101518
103922
103702
108701
106277
107176
102742
106249
107859
108595
100396
107577
103571
107051
102491
108534
101832
101384
102483
103213
104239
107901
100703
105555
105999
103043
101349
104680
102976
101423
105330
102417
105524
102042
107419
107374
103566
108609
100642
107297
105559
107464
102856
108154
101815
104155
101377
100041
107509
102229
105427
101664
103214
107727
101767
106427
102488
106377
101021
105843
103161
105654
102950
107238
106048
101353
102569
103074
106233
104512
107328
103214
105215
101459
108235
104481
105870
106862
103906
102244
105750
106012
100827
105824
107472
105326
105805
105132
102705
106890
108105
103198
107547
103664
104475
100956
100908
105678
103322
105157
107512
101537
102286
100380
100245
105391
104339
106368
107583
106312
105529
106418
102529
105203
106370
103580
100377
108549
106196
105686
104955
100377
108461
103661
107947
101988
102851
106356
106410
100492
106864
101885
100565
102184
101526
102650
102584
100404
107853
102543
107472
102596
105440
101312
102658
100111
105274
107595
106731
103604
102263
107404
102018
101404
108092
103974
104844
100809
101350
102181
104942
100954
104290
104117
100327
104771
107340
100423
103332
101715
103172
106506
108171
104738
100044
101545
101045
103277
103079
100708
105397
100936
103629
104891
102987
106173
100366
108190
103026
104894
102611
101792
101759
108235
100291
103803
104196
103468
101737
105608
105546
103992
107935
108485
105695
102310
106970
108293
106736
102316
105799
108008
105747
104637
101835
105513
100500
105627
103167
103626
105022
108281
108670
105097
103135
100769
104394
102375
100763
101375
103253
105744
104563
103191
107493
108191
102538
100382
108284
107095
107948
101438
100272
102910
106168
105908
103092
103187
101336
107304
106452
104576
106741
105219
103468
102931
101084
104165
106954
104212
100389
108358
101415
105498
101109
107504
102961
103904
103314
106407
107280
102805
104850
103955
104396
105452
104979
100508
104259
102419
100181
104740
107206
102046
106212
105454
105285
101065
106117
106002
107539
105697
102450
108273
106974
102651
103499
100191
102496
107762
101652
104023
104456
106503
100822
101379
101587
101476
104791
101885
101587
107364
101486
108070
100716
105277
101389
105831
101204
104949
101366
106091
101819
101782
104066
102653
108223
103372
101405
102952
101617
104257
108575
103280
104060
107068
106818
103995
106332
101596
101606
108408
101628
106553
104173
102497
102399
104590
101089
103390
101721
106567
105944
101159
107795
107829
106661
101977
103765
100391
107363
103832
107248
107029
100094
103509
103182
103965
106413
101535
105190
104080
106634
107714
101588
105641
101639
100750
101946
104177
105315
108495
105798
101941
107218
104524
102438
105001
102852
103823
100326
103566
106542
103095
100570
108621
104586
102067
107022
102876
103870
102502
104863
107943
100449
102941
104608
103398
101405
108107
100436
104597
107451
107679
100856
104224
102321
102408
104703
105797
100474
101601
106200
102751
100427
100122
100388
102332
104470
100881
104886
104769
100115
103599
101603
106389
100685
106176
106661
102619
103279
104934
105992
102806
100812
100787
104292
100011
106883
101984
105617
108172
105119
104219
100675
102755
100261
108685
106318
106237
106143
106453
105116
108087
108010
100633
105254
104309
103064
105675
105291
101385
101541
105657
103172
105239
100496
100977
106666
101780
100420
107358
105436
106461
102641
105496
106104
108049
105202
100179
105348
108584
102812
108015
106711
104371
108675
106005
108659
100786
103240
107380
106164
106182
102421
104163
103238
105976
108415
101949
100113
101992
107161
102083
100517
102307
100680
103835
104914
107464
104513
108451
100237
104919
102919
103736
103677
106681
101731
107191
102950
104386
105534
106505
101227
107852
100060
108733
102630
108592
104572
106353
102364
105886
106495
103785
102985
102473
100241
102197
107311
102596
105961
103114
102956
100283
108273
102922
106894
105873
100937
103896
101591
100402
101097
105036
101476
103454
100548
102736
104825
108667
106042
106110
102145
103060
105034
102977
103598
103551
104459
105945
103228
107818
103035
105319
101928
102648
103147
106338
104771
101214
103587
103668
105405
103279
107226
100781
106363
107187
102262
101423
102854
100349
105803
106464
102852
100256
106053
102401
104521
102879
103286
105347
106011
106563
107738
106942
105715
101080
106699
106218
106954
104729
101459
106621
102594
108549
104003
104873
103809
102320
104601
103859
107699
100387
107675
104118
100713
106050
105113
108279
106208
105102
104080
101806
106547
105965
106866
103323
103694
107239
100874
108109
104994
106261
102634
107607
101499
105940
104222
102426
102960
100176
107990
101675
104606
100066
100133
100348
100081
102467
100986
104096
100848
100332
103217
101289
106036
104072
103544
108585
105382
100764
102505
104654
102941
106230
105301
107146
106566
101226
100942
104979
101428
107380
105138
107457
101149
106708
102161
101017
102514
101773
106569
105219
102965
107817
103553
101244
105058
105144
108470
103200
103296
105745
102147
101806
104225
100345
108675
102687
100873
103112
106817
100240
107138
101802
100704
104503
101004
102174
102092
105619
106766
102785
100829
106466
103515
101692
105685
101493
105765
102180
100600
108248
101357
107697
103389
107918
102924
101455
102067
103895
102935
101397
106025
102345
101181
106854
102548
105807
103961
108400
101293
105134
106611
106167
105275
103960
102683
104893
101415
104254
103141
105316
105783
104607
106138
101617
101012
103132
107798
102406
104216
104262
105524
101923
100167
108147
105536
106285
102087
101639
101548
100011
105435
103839
101757
101310
100922
103852
107685
101796
104317
103217
102480
106863
107209
102851
102861
100740
102840
104948
107328
106621
108670
100760
108441
104728
103875
108159
106622
107532
104866
105399
103248
102631
100468
106222
104410
107857
104763
104846
106545
103737
103865
105371
106271
107533
100007
108295
103429
103751
105702
104843
100302
108446
105623
106940
103237
106230
103305
106207
105534
104580
106525
105576
103731
107675
100662
108242
102131
105784
106425
102587
100880
100955
100389
100451
105473
107701
102185
107890
102744
103544
104181
105433
104557
106255
101598
100527
105959
101415
104223
106312
104935
108557
108106
105062
102507
107314
104929
106056
108078
100936
107472
100563
105886
106286
102890
106779
101352
107392
104369
100807
104937
100307
105891
100790
102360
104635
106315
108595
102561
105682
105762
106155
100321
104023
102934
103681
103940
107578
107746
102580
102027
105382
103940
103564
102293
107109
105007
103569
101111
108481
100396
102808
108053
101535
107464
104863
101588
105648
104316
107089
105679
100227
100433
107990
104048
103606
107201
100358
106317
102138
103522
100941
102469
102436
103818
106746
106251
102470
100311
107377
102597
105944
104782
104733
104060
102367
107635
103394
100750
106643
105181
101648
106586
101949
102530
107718
106017
106482
107542
101885
108405
105077
104073
104464
101058
101294
105190
106567
101632
103089
104156
104374
105238
100970
100310
103100
105072
105250
105084
106374
104302
100256
104239
103580
103580
102286
100062
101448
106436
102750
106905
101043
105072
105017
105854
107943
101937
108626
107166
107341
105540
102964
101232
107159
107836
103150
105732
104442
106202
100270
104971
108693
105169
105002