1000 1000 470784589
1 2 449546
1000 1 484009
3 2 346885
4 3 153197
5 4 230014
5 6 724788
6 7 136589
7 8 328245
8 9 265064
10 9 210160
10 11 177417
12 11 307038
13 12 674234
14 13 960611
14 15 731857
15 16 6611
16 17 438053
17 18 779342
19 18 502903
19 20 746673
21 20 673340
22 21 396594
22 23 414759
23 24 781639
24 25 88342
26 25 699702
27 26 83472
27 28 220652
28 29 101458
29 30 685922
31 30 824768
32 31 649408
33 32 843401
33 34 859049
35 34 620950
36 35 762994
37 36 12520
38 37 844878
38 39 198868
40 39 368059
40 41 957008
41 42 182953
42 43 357763
43 44 821837
44 45 80990
46 45 118374
46 47 818510
48 47 7363
49 48 21770
49 50 135466
50 51 344552
51 52 369339
52 53 266019
54 53 94212
54 55 172700
55 56 391622
56 57 162118
58 57 754136
59 58 609971
60 59 13588
61 60 644349
61 62 465882
62 63 947615
64 63 649531
64 65 270596
65 66 57038
66 67 38958
68 67 680359
69 68 555557
70 69 839865
70 71 775048
71 72 316149
72 73 305453
74 73 241666
75 74 627720
76 75 63985
77 76 105513
78 77 969058
78 79 918308
80 79 361248
81 80 156508
81 82 422001
83 82 711791
84 83 567899
85 84 833386
86 85 325451
86 87 600158
87 88 337557
89 88 575277
90 89 347835
90 91 547196
91 92 362109
92 93 276003
94 93 979078
94 95 644756
96 95 387425
96 97 742171
98 97 981247
99 98 259731
100 99 824466
100 101 527085
102 101 108928
103 102 460441
104 103 273860
105 104 364532
105 106 189564
107 106 490691
107 108 484928
109 108 183033
109 110 757511
110 111 379734
111 112 929151
113 112 388659
114 113 380226
115 114 554659
115 116 372941
116 117 937627
117 118 155026
118 119 405351
120 119 660448
120 121 41600
122 121 120602
123 122 356547
124 123 418838
124 125 645733
126 125 381809
127 126 859138
128 127 171253
129 128 128258
130 129 346912
131 130 326470
132 131 269457
132 133 785147
133 134 913866
134 135 418989
136 135 57140
137 136 778949
138 137 543152
138 139 192240
139 140 381594
140 141 136000
142 141 283067
143 142 114116
143 144 621492
144 145 749156
146 145 791208
147 146 743179
147 148 691131
148 149 999513
150 149 891431
150 151 781305
151 152 73210
152 153 452016
153 154 243015
155 154 467444
155 156 342791
156 157 375174
158 157 661130
158 159 125406
159 160 779913
160 161 373539
162 161 335117
163 162 519964
163 164 886749
164 165 56005
165 166 702307
166 167 786890
167 168 953216
169 168 553567
170 169 197161
170 171 688332
171 172 504695
172 173 544927
173 174 71719
174 175 167207
175 176 152021
177 176 453990
177 178 358513
179 178 617346
179 180 899347
181 180 297892
181 182 90905
182 183 901755
184 183 321995
185 184 844087
185 186 587156
186 187 461573
188 187 236132
188 189 153386
189 190 717808
191 190 688370
192 191 958871
193 192 681323
193 194 73924
194 195 686408
196 195 625420
196 197 6388
197 198 198728
198 199 202040
200 199 522602
201 200 366728
201 202 644718
202 203 91925
204 203 31772
204 205 201549
205 206 406156
207 206 742053
207 208 362818
209 208 505531
210 209 179496
211 210 219722
212 211 620666
213 212 132614
214 213 54213
214 215 19003
216 215 426516
216 217 26700
217 218 992647
218 219 858252
219 220 461133
220 221 929575
222 221 840881
222 223 346681
224 223 627643
224 225 300945
226 225 864932
227 226 481050
228 227 570556
228 229 501775
229 230 452139
230 231 778792
231 232 303742
233 232 604642
234 233 331904
234 235 538305
235 236 329989
236 237 826107
238 237 544754
239 238 600506
240 239 274446
240 241 784851
242 241 152266
242 243 395850
243 244 776716
245 244 835533
246 245 226934
246 247 345055
247 248 633117
248 249 229329
249 250 556854
251 250 348661
252 251 215921
253 252 368244
253 254 187705
254 255 476193
255 256 247525
257 256 651665
257 258 491942
258 259 679184
259 260 137306
260 261 121185
261 262 914521
263 262 72725
264 263 862551
264 265 893751
266 265 140611
266 267 329763
268 267 718788
268 269 102519
270 269 398692
270 271 411653
271 272 464558
273 272 389226
274 273 542171
275 274 593612
275 276 688904
277 276 53739
277 278 501076
279 278 679785
280 279 754097
281 280 584341
281 282 681959
282 283 571463
284 283 265885
285 284 471240
286 285 4710
286 287 366265
287 288 513074
289 288 622647
289 290 370268
290 291 972886
292 291 392439
292 293 634786
293 294 297881
295 294 226351
296 295 453793
297 296 158449
297 298 772288
299 298 193806
300 299 590715
300 301 590141
301 302 243103
302 303 603724
304 303 551474
305 304 7842
306 305 384346
306 307 680588
307 308 366494
309 308 524322
310 309 582189
310 311 857788
311 312 665483
313 312 39077
313 314 149114
314 315 551495
316 315 540453
316 317 231057
318 317 887524
319 318 3072
320 319 679022
321 320 264419
321 322 688979
322 323 470724
324 323 234089
324 325 565718
325 326 290347
327 326 351012
327 328 167643
329 328 178965
329 330 445321
331 330 922600
332 331 557433
332 333 338189
333 334 168095
334 335 244090
336 335 619915
336 337 65108
337 338 799386
339 338 270893
339 340 205700
340 341 673327
341 342 470084
343 342 629507
344 343 510289
344 345 839320
345 346 1783
347 346 480432
347 348 180699
349 348 818423
350 349 927020
351 350 142574
351 352 453858
353 352 353702
353 354 746396
355 354 636294
355 356 344469
356 357 888410
358 357 249895
359 358 479134
360 359 464990
360 361 396293
362 361 241115
363 362 624827
364 363 295728
365 364 625076
365 366 827009
367 366 882050
367 368 38254
368 369 636439
369 370 605004
371 370 101612
372 371 575776
372 373 610224
373 374 754130
374 375 591886
376 375 68533
376 377 510849
377 378 544709
379 378 455408
380 379 299314
381 380 382739
381 382 228887
383 382 3127
383 384 839570
385 384 163435
385 386 944173
387 386 846661
387 388 977027
389 388 867622
389 390 887660
390 391 630637
392 391 776669
393 392 913183
394 393 235089
395 394 964842
396 395 753370
396 397 413890
397 398 225731
398 399 844473
400 399 235902
400 401 144785
402 401 537854
402 403 977343
403 404 53499
405 404 208150
406 405 125579
407 406 757359
407 408 298349
409 408 348155
410 409 531300
410 411 777014
412 411 642319
413 412 172633
414 413 390248
415 414 601007
416 415 827737
417 416 613782
418 417 87706
418 419 194583
419 420 135716
420 421 923865
422 421 648916
423 422 727213
423 424 31851
425 424 197439
425 426 514928
427 426 785117
428 427 570782
428 429 984338
429 430 209078
431 430 666938
432 431 133836
433 432 84697
433 434 29452
435 434 193038
436 435 610372
436 437 605923
438 437 297042
438 439 231988
439 440 487160
441 440 645190
441 442 345951
442 443 854058
443 444 311363
444 445 412883
445 446 654790
447 446 887887
448 447 446998
448 449 867780
449 450 482842
451 450 838034
451 452 908017
453 452 509461
454 453 696509
455 454 680943
455 456 565697
457 456 418321
458 457 59443
459 458 677817
459 460 418264
461 460 95230
462 461 651997
463 462 622626
464 463 620393
465 464 700942
465 466 768402
467 466 390041
468 467 272985
469 468 946280
470 469 983421
471 470 71080
472 471 348896
473 472 139957
473 474 564042
474 475 739326
475 476 694226
476 477 53953
478 477 456428
478 479 240313
480 479 458313
481 480 833764
481 482 413207
483 482 663434
484 483 544644
484 485 735208
486 485 572163
487 486 990748
487 488 654779
489 488 491765
489 490 811668
490 491 55980
491 492 441750
492 493 486662
493 494 33892
494 495 466742
496 495 316499
497 496 352470
497 498 73396
499 498 594353
500 499 505770
500 501 881271
502 501 65911
503 502 37810
504 503 702698
505 504 41349
505 506 866711
507 506 652696
507 508 293507
508 509 823480
510 509 185650
511 510 181179
512 511 68019
513 512 896807
514 513 158766
514 515 483126
516 515 501497
517 516 340506
518 517 127578
519 518 150607
520 519 898215
520 521 450666
522 521 396848
522 523 965841
523 524 826417
525 524 71590
526 525 139597
527 526 661825
528 527 200984
528 529 77990
530 529 58531
530 531 86455
531 532 806122
532 533 564692
534 533 371707
534 535 182367
535 536 390949
536 537 942073
537 538 799568
538 539 989064
539 540 861405
540 541 506935
541 542 797250
542 543 443937
543 544 996768
545 544 425079
545 546 82914
546 547 950574
548 547 409972
548 549 595821
550 549 51742
550 551 357539
552 551 896111
552 553 157486
553 554 208088
555 554 261544
556 555 162786
557 556 300627
558 557 464153
559 558 803044
560 559 850961
560 561 365456
562 561 145469
563 562 806366
564 563 640290
564 565 190250
566 565 934588
566 567 818777
568 567 89880
569 568 989513
570 569 412724
571 570 372448
572 571 799141
572 573 406238
574 573 878753
575 574 278376
576 575 800766
577 576 864981
578 577 457755
578 579 549424
580 579 151096
581 580 760558
581 582 911148
582 583 36278
583 584 924230
585 584 46452
586 585 442707
586 587 23144
588 587 578767
589 588 625087
589 590 248167
591 590 972791
592 591 334776
593 592 119647
594 593 924942
595 594 593434
595 596 47348
596 597 545403
598 597 560016
598 599 471855
599 600 934080
601 600 39769
601 602 364187
602 603 424148
604 603 938747
604 605 97568
606 605 659113
606 607 278827
607 608 279971
608 609 775384
610 609 745603
610 611 92585
612 611 177178
613 612 242863
613 614 73584
614 615 601103
615 616 722790
617 616 7877
617 618 321585
619 618 954033
620 619 442741
621 620 801635
622 621 371019
623 622 411135
623 624 691328
624 625 107671
626 625 872674
626 627 209595
628 627 198274
629 628 800990
630 629 143977
630 631 251479
631 632 24972
632 633 397881
633 634 718185
635 634 316189
636 635 718014
637 636 118153
637 638 176461
638 639 4095
639 640 843776
640 641 870554
642 641 184039
643 642 836249
643 644 772099
645 644 245534
646 645 900012
647 646 135654
647 648 24402
649 648 784073
649 650 555696
651 650 329300
651 652 328786
652 653 308420
653 654 788538
655 654 559052
655 656 237065
656 657 796727
657 658 83077
659 658 672643
659 660 638227
661 660 873469
661 662 789717
663 662 821062
663 664 969390
664 665 981221
666 665 482553
666 667 584064
668 667 798310
668 669 386724
669 670 232970
670 671 375707
671 672 217321
672 673 48871
673 674 85969
674 675 156660
676 675 915542
676 677 660581
678 677 642066
679 678 45105
679 680 904720
680 681 65645
682 681 963384
683 682 22241
683 684 137628
685 684 149374
686 685 516335
687 686 391940
687 688 738811
688 689 952702
690 689 583469
690 691 323697
692 691 285263
692 693 441838
694 693 437834
695 694 668736
696 695 145906
696 697 90878
697 698 736788
698 699 660005
700 699 93848
701 700 917582
701 702 916794
703 702 677403
704 703 607256
704 705 52243
706 705 699912
707 706 472216
708 707 751312
708 709 618701
710 709 271070
710 711 668122
712 711 290378
713 712 786801
713 714 663185
714 715 387634
716 715 462733
716 717 385287
717 718 584404
719 718 23017
719 720 883206
721 720 243585
722 721 288674
722 723 672352
724 723 193431
724 725 442898
725 726 298592
726 727 612839
728 727 170028
728 729 196869
729 730 320873
731 730 472840
731 732 456995
733 732 435597
733 734 717489
734 735 487732
735 736 897848
736 737 157558
738 737 731122
738 739 196392
740 739 943033
740 741 308521
741 742 227456
743 742 7777
744 743 259917
745 744 370465
745 746 259518
747 746 568064
748 747 793393
749 748 39998
750 749 787408
750 751 795373
752 751 801591
753 752 270337
754 753 3892
754 755 602544
756 755 390397
757 756 737408
758 757 896730
758 759 491152
759 760 893687
760 761 991431
761 762 370964
762 763 744577
764 763 956477
765 764 492445
766 765 469083
766 767 918544
767 768 726182
769 768 406575
770 769 512129
771 770 245013
772 771 723299
772 773 758898
774 773 991390
775 774 859756
775 776 210528
776 777 121722
778 777 234676
778 779 334560
780 779 362483
780 781 819820
781 782 104489
783 782 650391
783 784 747459
784 785 81452
785 786 778042
787 786 404188
787 788 553842
788 789 749296
790 789 862317
790 791 535871
792 791 978180
793 792 117055
793 794 441014
794 795 879889
795 796 966464
797 796 568163
798 797 848257
799 798 716086
799 800 722145
801 800 632233
801 802 302561
802 803 704362
803 804 299921
804 805 809073
805 806 90448
806 807 733248
808 807 855539
809 808 200161
809 810 698410
810 811 707490
812 811 282626
812 813 601357
813 814 352068
814 815 743762
816 815 651676
817 816 307757
818 817 863755
819 818 354925
819 820 264985
820 821 85181
821 822 237502
822 823 450431
824 823 528502
824 825 864814
825 826 935258
826 827 714910
827 828 657646
828 829 630701
829 830 212334
830 831 848279
832 831 841809
833 832 186714
834 833 385602
834 835 606819
835 836 665970
836 837 706230
837 838 821740
839 838 487341
840 839 781833
841 840 561017
841 842 842748
842 843 949926
844 843 298844
845 844 461749
846 845 985984
847 846 708119
848 847 2609
849 848 44893
849 850 967491
850 851 192205
852 851 916882
853 852 262240
853 854 894668
855 854 455721
856 855 359867
857 856 329351
857 858 363758
858 859 847504
859 860 831843
861 860 974629
861 862 332956
863 862 801100
863 864 324766
865 864 518610
866 865 318701
867 866 438792
868 867 1659
869 868 214233
869 870 37637
870 871 858459
872 871 954437
873 872 544732
874 873 243268
875 874 128462
876 875 916962
876 877 594092
877 878 30206
878 879 349262
879 880 231508
881 880 740787
881 882 31194
883 882 794973
884 883 672763
884 885 678368
886 885 336144
886 887 388721
888 887 140049
889 888 359304
889 890 228524
890 891 723041
892 891 59983
892 893 973984
893 894 465235
895 894 264439
895 896 49986
896 897 625365
898 897 923822
899 898 504670
899 900 95733
901 900 150915
901 902 357526
903 902 86328
904 903 111782
905 904 363151
906 905 992776
906 907 985887
908 907 987853
908 909 831271
909 910 217244
911 910 367264
911 912 719415
913 912 858833
914 913 146121
915 914 664029
915 916 584842
917 916 354136
917 918 859275
918 919 675178
919 920 818977
920 921 930810
921 922 710803
922 923 570164
923 924 208701
924 925 349752
926 925 357782
926 927 149260
927 928 510506
929 928 918994
929 930 913489
930 931 963879
932 931 218377
933 932 57431
934 933 765382
935 934 518099
936 935 227688
937 936 875751
938 937 563757
938 939 216822
939 940 301733
941 940 346927
941 942 11223
943 942 121533
943 944 341428
945 944 403445
946 945 727586
947 946 173339
947 948 975919
949 948 158783
950 949 151439
950 951 217751
952 951 610016
952 953 52827
954 953 617967
955 954 502720
956 955 714012
957 956 923363
958 957 143206
958 959 500280
959 960 660350
961 960 206280
962 961 485779
962 963 61402
963 964 274681
965 964 170867
966 965 925336
967 966 154968
967 968 369588
969 968 561780
969 970 983665
971 970 880147
971 972 550186
972 973 287172
974 973 865402
975 974 148878
975 976 732681
976 977 131215
977 978 817697
978 979 191032
979 980 158654
981 980 120095
982 981 587477
983 982 277836
983 984 691914
985 984 33011
986 985 228311
986 987 413471
988 987 995863
989 988 367550
989 990 365324
991 990 546531
992 991 613924
993 992 364126
994 993 738464
994 995 510557
995 996 211921
997 996 982009
998 997 271566
998 999 828566
1000 999 507868
