74 1332 1018075
2 1 140329
3 1 15441
4 1 658590
5 1 935430
6 1 807922
1 7 545803
1 8 776475
1 9 865030
10 1 580507
11 1 682931
1 12 768455
1 13 9157
1 14 195180
15 1 57950
1 16 788087
1 17 83896
1 18 362286
19 1 125785
1 20 821263
1 21 939362
1 22 157409
1 23 395870
24 1 482974
25 1 579567
1 26 781727
1 27 952839
28 1 758757
29 1 622141
1 30 928194
31 1 555583
1 32 726521
1 33 534747
34 1 975657
35 1 436706
36 1 471008
37 1 151853
2 3 918591
4 2 313263
5 2 525463
2 6 966235
7 2 244849
8 2 234620
2 9 163277
10 2 56913
2 11 806151
12 2 426662
13 2 881424
14 2 182213
2 15 165570
2 16 274691
2 17 833461
18 2 897135
19 2 829049
2 20 154466
2 21 652115
2 22 258476
2 23 831370
24 2 453788
2 25 799340
26 2 789220
27 2 126778
2 28 756425
2 29 382824
2 30 832619
2 31 697107
32 2 774988
2 33 961875
2 34 409819
35 2 321467
2 36 186006
37 2 756365
4 3 53290
3 5 527714
3 6 599567
3 7 234012
8 3 664492
9 3 146980
3 10 557902
3 11 994494
12 3 753974
13 3 654340
3 14 455659
15 3 456066
3 16 453486
17 3 451509
3 18 418181
3 19 464659
3 20 46989
21 3 818431
22 3 610454
3 23 352441
24 3 287378
25 3 767845
3 26 143936
3 27 747623
3 28 722548
3 29 687538
30 3 919985
31 3 645172
32 3 759540
33 3 479063
3 34 650736
3 35 886799
36 3 738368
3 37 276279
4 5 251541
4 6 329248
4 7 700286
4 8 676978
4 9 966910
10 4 337120
4 11 400619
4 12 661422
13 4 789058
14 4 152566
4 15 504093
4 16 577552
17 4 815628
4 18 396047
19 4 485589
20 4 722941
21 4 379208
4 22 797792
4 23 223004
24 4 178982
4 25 50034
4 26 670453
27 4 724148
4 28 844290
4 29 227040
4 30 242930
31 4 793892
4 32 232214
33 4 510021
34 4 236679
35 4 677361
36 4 795904
4 37 656684
5 6 883832
7 5 353837
5 8 378767
5 9 340315
5 10 938076
5 11 592864
12 5 350376
5 13 197566
14 5 892968
15 5 583112
16 5 326221
17 5 402580
5 18 62118
19 5 819183
20 5 847991
21 5 260887
5 22 26925
23 5 377797
5 24 27113
25 5 911930
26 5 992645
5 27 346189
5 28 386920
5 29 183425
30 5 703166
5 31 660397
32 5 173028
33 5 346697
34 5 282244
35 5 624425
36 5 621548
37 5 375738
7 6 950079
6 8 249815
9 6 711301
6 10 970900
11 6 162308
12 6 955589
6 13 619788
14 6 527278
15 6 522922
16 6 603207
17 6 977818
18 6 396573
19 6 727260
6 20 553465
6 21 486704
6 22 737740
23 6 612148
6 24 302730
25 6 651963
6 26 519960
6 27 158439
6 28 207666
6 29 885408
6 30 628556
31 6 67908
6 32 594492
6 33 184846
6 34 869067
35 6 11429
6 36 342192
37 6 628737
7 8 567809
9 7 799861
7 10 745975
7 11 34949
7 12 253157
7 13 475664
14 7 683059
15 7 371550
16 7 748372
17 7 157967
7 18 873878
19 7 101774
20 7 285946
21 7 524072
22 7 11046
7 23 412847
7 24 531633
25 7 798720
26 7 229444
27 7 434863
28 7 875422
29 7 226551
7 30 945267
31 7 798960
7 32 906618
7 33 739591
7 34 543141
35 7 208354
36 7 551254
37 7 703804
9 8 896343
8 10 549109
8 11 692086
12 8 3928
13 8 437956
14 8 539028
8 15 902253
16 8 201508
8 17 670386
8 18 371912
8 19 646076
8 20 53940
8 21 422308
22 8 43834
23 8 378564
24 8 220907
8 25 141846
26 8 376150
8 27 497726
28 8 706067
29 8 793270
30 8 704103
8 31 650172
32 8 827165
33 8 60409
34 8 555821
35 8 845577
8 36 67691
37 8 946169
9 10 405413
9 11 856431
12 9 351635
13 9 388685
9 14 884863
9 15 829377
16 9 987211
9 17 687161
18 9 121493
9 19 780104
9 20 635992
21 9 890077
22 9 481129
23 9 719586
9 24 509922
9 25 249517
9 26 228079
9 27 336883
9 28 592586
29 9 517030
9 30 60212
9 31 679717
32 9 699143
33 9 578901
9 34 982790
9 35 140856
9 36 497297
37 9 104566
11 10 565274
10 12 407822
10 13 161854
10 14 27895
10 15 439259
10 16 828969
10 17 864283
18 10 198480
19 10 938850
10 20 690152
21 10 281365
22 10 750508
10 23 107890
24 10 922389
10 25 964162
26 10 180730
27 10 689109
10 28 161664
29 10 679579
30 10 334369
31 10 933726
10 32 50504
33 10 565236
10 34 713570
35 10 773093
36 10 131246
37 10 742071
12 11 9378
11 13 739411
14 11 311931
11 15 799769
11 16 604714
17 11 442055
18 11 43969
11 19 275464
11 20 561278
11 21 312252
11 22 707873
11 23 388287
24 11 25534
25 11 268767
11 26 730492
27 11 393882
28 11 708915
11 29 32978
30 11 760421
31 11 472404
11 32 698792
33 11 920230
11 34 947339
35 11 723878
11 36 339539
11 37 665372
12 13 779353
14 12 377572
12 15 955130
16 12 627509
12 17 630886
18 12 254371
19 12 557450
12 20 501023
12 21 725925
12 22 578970
12 23 828473
12 24 254977
12 25 503231
26 12 558055
12 27 89836
12 28 414725
29 12 877458
12 30 999076
31 12 509497
12 32 129385
33 12 420392
12 34 551735
12 35 675769
12 36 776442
37 12 36278
13 14 402605
15 13 95996
13 16 107329
17 13 132348
13 18 166882
19 13 291942
13 20 901471
13 21 95662
13 22 896015
23 13 510689
24 13 260192
13 25 20364
13 26 182370
13 27 685384
13 28 806335
13 29 576561
30 13 15902
13 31 991055
13 32 593671
33 13 172292
34 13 411655
13 35 815229
13 36 438679
13 37 266656
15 14 720585
14 16 487933
14 17 262140
18 14 48328
19 14 10194
20 14 264238
14 21 666352
22 14 272945
14 23 469117
14 24 610658
25 14 446411
14 26 352427
27 14 905197
28 14 295707
14 29 718457
14 30 42798
31 14 206065
32 14 732275
14 33 694637
14 34 259475
35 14 25194
36 14 11832
14 37 141418
15 16 603185
15 17 908265
18 15 747704
19 15 609863
20 15 342457
21 15 445340
22 15 262072
23 15 384028
24 15 966863
25 15 223748
26 15 546351
15 27 743764
28 15 516099
15 29 590236
30 15 136418
31 15 757833
32 15 377515
33 15 645317
15 34 13045
15 35 367867
15 36 607073
37 15 465423
16 17 191088
18 16 108726
16 19 272382
20 16 462471
16 21 116853
22 16 874293
23 16 695768
24 16 972440
16 25 920919
16 26 723599
16 27 403264
28 16 666395
29 16 814119
30 16 258600
16 31 446270
16 32 911579
33 16 729471
16 34 869626
35 16 112052
16 36 12447
16 37 151813
18 17 773991
19 17 999609
17 20 171593
21 17 226880
17 22 964987
23 17 729688
17 24 998864
17 25 609115
26 17 925450
27 17 327236
17 28 458496
17 29 619008
17 30 299547
31 17 573260
32 17 935380
33 17 289191
17 34 218072
17 35 923866
17 36 51384
37 17 31358
18 19 528117
18 20 490394
18 21 145088
18 22 95883
23 18 277801
18 24 558146
18 25 977274
18 26 966046
18 27 134454
28 18 852835
29 18 760051
18 30 403948
18 31 675303
32 18 300051
18 33 367725
18 34 902639
18 35 181922
36 18 699153
37 18 293074
19 20 462048
19 21 379042
19 22 527116
23 19 924231
19 24 876919
25 19 597902
19 26 612634
27 19 537651
19 28 508713
19 29 541367
30 19 649113
31 19 336526
19 32 420906
19 33 949396
34 19 235451
35 19 221886
19 36 885035
19 37 865459
21 20 743831
22 20 238894
20 23 713239
24 20 73940
20 25 293539
20 26 809163
27 20 899018
20 28 381623
20 29 304184
20 30 861039
20 31 683401
20 32 646826
33 20 369644
34 20 94307
20 35 253848
20 36 455054
20 37 811572
21 22 714019
21 23 924480
24 21 16754
25 21 82718
21 26 911908
27 21 263116
21 28 61846
21 29 809319
30 21 4558
31 21 641597
32 21 108497
33 21 86021
21 34 582549
21 35 126481
21 36 694339
21 37 525470
23 22 175027
24 22 350669
22 25 708902
26 22 133287
27 22 239519
22 28 492828
22 29 102063
30 22 893479
22 31 686557
22 32 979399
22 33 196793
34 22 297806
35 22 111575
22 36 926375
22 37 92841
24 23 998158
25 23 449368
23 26 797040
23 27 55484
28 23 579597
29 23 284725
30 23 804145
23 31 811117
32 23 153137
33 23 694688
34 23 598975
23 35 172321
23 36 652902
23 37 895758
25 24 119325
24 26 531536
24 27 471318
28 24 271941
29 24 820969
24 30 664946
31 24 930982
24 32 362979
24 33 72275
24 34 385687
35 24 653896
36 24 123113
37 24 969687
26 25 457018
25 27 607623
25 28 772676
29 25 23756
25 30 536505
31 25 570390
32 25 569020
33 25 845650
25 34 632001
25 35 745180
25 36 228832
37 25 535694
27 26 440607
28 26 449969
26 29 280191
26 30 523013
26 31 171686
32 26 989923
26 33 769850
34 26 292332
35 26 612871
26 36 989824
26 37 984587
27 28 838784
29 27 193144
30 27 427563
31 27 527867
32 27 446418
33 27 486682
27 34 921508
35 27 660322
27 36 265034
27 37 303333
28 29 239827
30 28 805068
31 28 49044
32 28 993396
28 33 625882
34 28 662279
35 28 749446
36 28 604280
28 37 671608
29 30 507949
31 29 608365
29 32 682732
33 29 687682
29 34 97466
29 35 366972
36 29 810901
29 37 158224
31 30 918748
32 30 940200
30 33 136802
34 30 590154
30 35 696495
30 36 994653
30 37 865768
32 31 12475
33 31 89815
31 34 216348
35 31 294638
36 31 92594
37 31 899099
33 32 591000
34 32 188962
32 35 708210
32 36 723957
32 37 705333
34 33 981161
33 35 850037
33 36 215419
37 33 138872
34 35 991874
36 34 673752
37 34 296610
35 36 767447
37 35 869061
36 37 383697
38 39 629666
38 40 173175
41 38 987270
38 42 870251
38 43 209162
44 38 984975
38 45 157926
46 38 635448
47 38 554321
38 48 824983
38 49 127472
50 38 622778
51 38 276954
52 38 237115
38 53 756074
54 38 896061
55 38 707834
56 38 925380
57 38 605218
58 38 961610
38 59 87140
60 38 990270
38 61 328610
62 38 613340
63 38 866616
38 64 813338
65 38 220383
66 38 126712
67 38 194381
38 68 653305
69 38 738556
38 70 723241
71 38 217350
38 72 453325
73 38 210231
38 74 976439
39 40 242707
39 41 776562
39 42 393784
39 43 715724
39 44 976895
39 45 570901
39 46 25612
47 39 661475
48 39 183552
39 49 650541
39 50 55062
51 39 363773
39 52 604341
53 39 39691
39 54 95863
55 39 417339
39 56 892590
57 39 795942
58 39 404423
39 59 347491
60 39 941576
39 61 929744
62 39 7387
39 63 711279
64 39 382549
65 39 810037
66 39 112077
39 67 673832
68 39 535581
69 39 279144
39 70 172080
71 39 50780
72 39 397637
39 73 120695
74 39 19958
40 41 340082
42 40 813954
40 43 601703
40 44 887682
45 40 81072
40 46 127057
40 47 711819
40 48 249354
40 49 84437
40 50 212317
40 51 145031
52 40 934949
53 40 597649
54 40 85306
40 55 123174
40 56 562257
57 40 878600
40 58 337670
59 40 977488
60 40 862825
40 61 771829
62 40 868942
40 63 130879
40 64 862489
65 40 705818
66 40 115842
67 40 204517
40 68 316308
40 69 694782
40 70 262481
40 71 737980
40 72 513431
73 40 569277
40 74 373322
42 41 328268
43 41 195231
44 41 349335
41 45 99756
46 41 20849
47 41 329943
41 48 796793
41 49 955607
50 41 36640
51 41 493577
52 41 115515
41 53 273600
54 41 458864
55 41 567695
56 41 735501
57 41 852824
41 58 52339
59 41 30134
60 41 182604
41 61 540193
41 62 706234
63 41 55837
64 41 726376
65 41 522448
66 41 681067
41 67 51095
68 41 780834
41 69 79517
41 70 200348
41 71 517807
72 41 57688
41 73 123229
41 74 89169
43 42 823774
44 42 833551
45 42 390799
42 46 354014
47 42 434253
48 42 992252
49 42 541810
50 42 587428
51 42 6452
52 42 996425
42 53 958346
54 42 760873
55 42 650994
42 56 488621
57 42 632229
58 42 557741
42 59 289875
60 42 25521
61 42 524575
62 42 940380
42 63 37130
42 64 545871
65 42 741188
42 66 642333
67 42 56862
42 68 60488
69 42 415069
70 42 776887
42 71 400485
72 42 210635
42 73 743574
42 74 748215
43 44 914154
43 45 113951
46 43 229127
47 43 784659
48 43 453850
49 43 39018
43 50 445688
43 51 562814
52 43 564127
53 43 988172
43 54 52015
43 55 548855
43 56 707760
57 43 875943
58 43 544167
59 43 934397
43 60 400320
61 43 295254
62 43 513441
43 63 480235
43 64 585941
43 65 561966
66 43 688759
43 67 341711
43 68 437822
69 43 155710
70 43 298932
43 71 334205
72 43 573852
43 73 698771
74 43 547267
45 44 494561
44 46 263739
47 44 637118
44 48 210025
44 49 959591
44 50 555142
44 51 797124
52 44 592310
53 44 111278
54 44 502972
55 44 213103
44 56 983647
44 57 865753
58 44 722444
44 59 448270
60 44 532715
44 61 380428
62 44 590891
44 63 436964
44 64 609545
44 65 767592
44 66 583595
67 44 319953
68 44 219675
69 44 121839
44 70 40560
71 44 990202
72 44 356487
73 44 51496
74 44 666796
46 45 322898
45 47 125021
45 48 570457
49 45 484832
50 45 326072
51 45 898877
52 45 501471
53 45 766276
54 45 988026
45 55 339512
45 56 998690
45 57 973328
58 45 135846
45 59 85254
60 45 996322
45 61 368214
62 45 153573
45 63 623555
64 45 702721
45 65 507714
45 66 830128
45 67 277962
45 68 550614
69 45 409142
45 70 624860
71 45 125937
45 72 489063
73 45 136908
45 74 246810
46 47 551796
48 46 386791
46 49 617306
50 46 791437
51 46 187999
52 46 669655
46 53 230099
54 46 189123
55 46 366318
46 56 657662
46 57 251425
58 46 754224
59 46 456190
46 60 353210
46 61 175466
62 46 668891
63 46 103186
46 64 895095
46 65 418371
66 46 677567
46 67 324122
68 46 398476
46 69 89338
70 46 950637
71 46 702099
46 72 121028
46 73 356790
46 74 392432
48 47 803837
49 47 980308
47 50 275164
51 47 443310
52 47 235119
53 47 68445
47 54 101802
55 47 797562
56 47 913717
47 57 534145
58 47 71392
59 47 235782
47 60 128159
47 61 222602
62 47 839728
47 63 128945
47 64 4308
47 65 733743
66 47 774633
47 67 773349
47 68 599484
47 69 731909
47 70 685819
71 47 834235
47 72 793564
73 47 99353
47 74 398252
49 48 239200
50 48 806928
48 51 556437
48 52 343481
53 48 269624
48 54 249153
48 55 166033
56 48 424878
57 48 531571
58 48 990442
59 48 827420
60 48 727034
48 61 899151
62 48 347700
48 63 222984
64 48 655221
65 48 224247
48 66 670876
48 67 891383
48 68 843178
69 48 107337
70 48 294206
71 48 602637
72 48 310870
48 73 122866
48 74 306004
50 49 170757
49 51 155178
52 49 528587
53 49 115914
49 54 105402
49 55 125766
49 56 140912
57 49 721592
58 49 998181
59 49 3963
60 49 912287
49 61 877608
62 49 561310
63 49 499863
49 64 978896
49 65 664398
49 66 958853
49 67 99956
68 49 53144
49 69 101441
70 49 496334
71 49 417064
72 49 325383
49 73 99088
74 49 420972
50 51 105752
52 50 37471
50 53 720262
54 50 696903
50 55 288583
50 56 434727
50 57 238464
58 50 413035
59 50 973601
50 60 262909
50 61 671151
62 50 337200
50 63 242832
64 50 381033
50 65 54811
66 50 244349
50 67 378573
68 50 315614
50 69 991611
70 50 294996
71 50 714761
50 72 919085
73 50 709489
74 50 115742
52 51 943520
51 53 276903
51 54 2719
55 51 49202
56 51 429185
57 51 12122
58 51 217648
59 51 454989
60 51 669756
61 51 849000
62 51 745316
63 51 380220
51 64 651759
65 51 195373
51 66 939413
67 51 141199
68 51 726143
51 69 866736
51 70 116176
71 51 934823
72 51 464282
51 73 515100
74 51 248081
53 52 736957
54 52 514490
52 55 764720
56 52 729670
57 52 522296
52 58 212711
59 52 253643
52 60 11662
52 61 518592
62 52 922921
52 63 171855
52 64 863561
65 52 615578
66 52 487252
52 67 34693
68 52 211625
52 69 694724
52 70 463113
52 71 950438
52 72 883914
52 73 694069
52 74 58620
53 54 560643
53 55 699787
56 53 412372
53 57 413037
58 53 545035
59 53 533109
53 60 256723
53 61 354406
53 62 408553
53 63 634641
64 53 128839
65 53 653037
66 53 929371
67 53 319703
53 68 217153
69 53 950130
53 70 262741
53 71 521852
72 53 152428
73 53 563215
74 53 698927
55 54 473439
54 56 228366
57 54 626544
58 54 343342
54 59 792960
54 60 172207
54 61 290336
54 62 233938
54 63 659776
64 54 599181
65 54 265841
66 54 515619
54 67 413430
68 54 918534
69 54 384224
54 70 229453
54 71 124843
72 54 155212
54 73 260225
54 74 746281
55 56 693760
57 55 371979
58 55 274020
55 59 6047
55 60 931329
55 61 761199
55 62 99961
63 55 23213
64 55 599427
65 55 17042
66 55 441189
67 55 894166
55 68 312968
55 69 838769
70 55 404421
71 55 939316
55 72 272239
73 55 986378
74 55 776427
56 57 267366
58 56 136580
59 56 544143
60 56 314758
61 56 875086
56 62 897077
63 56 699280
56 64 590
56 65 298101
66 56 578292
67 56 967534
56 68 884248
69 56 777511
56 70 691669
71 56 613435
72 56 392749
73 56 116030
56 74 365919
58 57 489355
59 57 296945
60 57 779066
61 57 953512
62 57 199622
63 57 830584
64 57 701458
57 65 367172
66 57 450148
57 67 291722
68 57 808143
69 57 738559
57 70 626039
71 57 579457
72 57 404637
57 73 131472
74 57 819392
59 58 836678
58 60 763900
61 58 370007
62 58 923595
58 63 699234
58 64 259361
65 58 175748
58 66 715283
58 67 119425
68 58 617329
58 69 10180
70 58 314675
58 71 399293
72 58 655855
58 73 247283
58 74 256726
59 60 183034
59 61 129684
62 59 587194
59 63 572189
59 64 500076
59 65 53275
59 66 546442
59 67 389921
68 59 402654
59 69 51677
70 59 540896
71 59 926231
59 72 57467
73 59 248847
74 59 221721
60 61 768263
62 60 457430
60 63 544894
64 60 772402
60 65 461457
66 60 431205
67 60 283442
68 60 636817
69 60 529368
60 70 869436
60 71 875760
72 60 590187
73 60 313488
60 74 56136
62 61 317810
63 61 125430
64 61 274142
61 65 696908
61 66 907209
67 61 630072
61 68 149744
61 69 17417
61 70 739364
61 71 999840
72 61 849020
61 73 915741
74 61 652889
62 63 630725
64 62 866543
62 65 781130
62 66 370901
62 67 62900
68 62 203229
69 62 426318
70 62 992078
71 62 653710
72 62 799587
73 62 838666
74 62 783189
63 64 171957
65 63 906507
63 66 600868
63 67 759492
68 63 300733
63 69 906808
63 70 539825
63 71 569026
63 72 566895
73 63 108497
63 74 194097
65 64 558806
64 66 914048
67 64 669278
68 64 707962
64 69 832988
70 64 966981
64 71 202582
72 64 651273
73 64 517982
64 74 413552
65 66 74898
67 65 798656
68 65 700750
65 69 940557
70 65 996806
71 65 601562
65 72 936941
73 65 807415
74 65 396583
66 67 614940
68 66 626849
69 66 91517
66 70 450913
66 71 832809
66 72 337970
73 66 369189
74 66 916188
67 68 391162
69 67 339922
70 67 698893
71 67 444794
67 72 481637
73 67 278206
67 74 655780
69 68 588137
70 68 267270
71 68 751807
68 72 133934
68 73 648640
74 68 765889
70 69 997692
71 69 438899
69 72 834248
73 69 809403
74 69 552491
71 70 67012
70 72 281315
73 70 144778
74 70 174435
72 71 733767
73 71 719200
74 71 507021
72 73 674481
72 74 9386
74 73 247874
