10
1000 40 98
40 48 115 120 133 135 175 179 193 244 266 273 328 329 336 339 382 385 397 420 437 458 460 513 562 599 653 665 681 710 762 768 794 824 825 833 865 877 919 926
1000 500 421
2 4 7 8 9 13 14 17 22 24 28 30 31 33 36 37 39 46 48 51 52 53 54 55 57 64 67 68 69 70 71 72 73 74 75 77 81 82 84 85 90 91 92 93 94 95 98 100 102 104 106 109 110 111 113 114 115 116 119 120 121 127 129 130 132 135 139 140 142 143 144 146 147 148 152 155 156 157 159 164 165 171 172 173 174 175 176 178 181 183 187 188 189 190 195 197 202 203 205 206 209 210 212 215 216 217 219 220 223 224 225 226 227 229 230 231 239 242 245 247 251 253 255 259 260 262 263 270 271 272 275 276 278 279 280 283 284 285 288 291 295 297 298 300 302 303 304 305 307 313 318 319 320 322 325 326 329 330 332 333 338 342 343 345 346 349 352 353 354 355 356 357 360 361 363 364 365 366 367 371 373 374 375 377 378 380 383 384 389 390 391 392 396 397 398 401 409 411 414 416 417 421 426 427 428 430 432 434 435 437 439 441 443 446 448 449 450 451 453 455 457 458 459 465 466 469 470 471 473 474 475 476 477 479 481 484 487 489 490 491 492 493 494 496 498 499 501 503 505 507 508 509 510 511 512 515 522 523 524 528 533 534 535 542 544 545 547 552 554 557 559 561 563 564 568 571 572 573 574 575 576 577 583 587 588 592 594 595 596 598 599 602 603 604 605 606 608 610 612 613 619 621 623 626 629 633 635 636 637 638 639 645 646 647 648 649 650 651 652 654 655 656 657 659 660 661 662 665 668 669 671 674 675 676 678 679 680 681 682 683 685 690 691 695 697 698 699 700 702 703 707 709 711 713 721 725 726 727 731 732 733 734 735 739 740 744 747 748 749 750 751 752 755 757 758 760 761 762 763 764 765 766 767 769 770 775 778 779 780 781 786 787 789 791 792 794 798 799 800 801 802 808 809 812 813 815 817 818 822 825 827 830 831 836 837 840 842 843 844 848 849 850 851 852 854 856 858 859 861 862 871 876 877 879 881 885 889 890 892 896 897 898 899 900 902 903 904 906 907 908 909 910 912 914 915 916 918 919 920 921 922 923 924 925 926 927 930 932 936 938 939 942 943 945 947 948 952 953 954 957 959 963 964 966 968 969 971 972 974 976 977 979 980 984 987 988 992 996 997 1000
1000 400 222
2 3 7 8 10 13 14 19 20 22 23 26 32 33 39 40 42 43 45 48 50 52 56 57 61 63 65 66 73 74 75 76 79 81 84 86 89 93 99 104 110 114 116 117 119 122 123 130 131 132 134 136 137 140 146 151 152 154 157 160 161 162 164 165 166 169 170 173 175 177 180 182 186 191 192 199 210 217 219 220 222 226 228 229 237 244 245 253 254 255 262 263 264 265 268 275 276 278 279 280 281 282 283 289 292 293 294 296 299 302 304 305 312 313 314 315 318 322 324 325 327 329 330 333 335 338 339 341 345 346 348 349 350 353 358 359 360 364 367 368 373 375 378 379 381 383 390 391 392 395 398 399 402 404 406 407 410 411 416 417 419 421 427 430 433 434 436 437 440 442 443 444 446 449 450 455 456 457 458 459 460 461 465 466 472 475 477 478 479 480 481 482 486 489 492 493 494 495 498 500 503 505 506 507 509 511 514 523 524 528 529 538 539 541 542 544 545 546 550 551 561 565 566 572 574 579 580 587 589 590 592 594 595 599 600 603 604 608 611 620 621 623 629 630 632 633 634 635 636 638 640 641 643 645 646 647 648 651 652 656 673 674 680 684 685 687 688 690 691 692 694 698 699 700 702 704 705 706 715 716 719 720 721 722 724 731 733 735 736 737 739 741 743 746 747 749 751 755 759 761 765 769 770 772 773 774 777 779 780 782 783 784 788 789 792 794 795 798 799 801 808 811 813 823 825 827 829 831 832 833 834 835 836 838 839 840 845 846 847 848 852 856 858 863 864 865 866 872 873 874 877 878 879 884 885 886 888 890 891 895 896 900 905 910 911 916 920 922 924 926 927 931 932 933 938 939 940 942 952 954 955 957 958 959 960 961 963 969 970 977 984 985 986 989 990 991 992 993 998 999
1000 100 24
3 13 24 36 39 52 59 61 62 63 67 74 93 100 114 119 134 138 139 150 154 164 166 174 207 212 229 249 267 269 276 278 297 304 315 316 323 347 366 369 371 383 393 406 414 416 455 465 477 496 499 503 505 506 511 528 532 543 547 563 566 584 597 631 635 647 653 668 672 677 682 692 695 700 713 715 721 727 741 761 763 778 788 793 794 799 835 851 877 883 892 893 921 941 946 956 973 986 998 1000
1000 500 762
2 6 8 9 10 11 12 16 17 20 22 23 24 25 26 27 28 29 30 33 34 38 40 41 44 45 47 49 50 51 52 53 54 55 56 57 58 61 63 65 68 69 71 72 73 74 75 76 77 79 83 84 85 88 89 91 92 94 96 97 98 99 102 103 105 107 108 109 111 112 113 114 118 119 121 124 125 126 130 131 132 133 134 135 137 138 139 144 145 146 149 150 151 152 157 158 159 160 161 163 165 166 170 171 172 174 176 177 179 180 181 182 185 186 187 189 191 193 194 195 198 200 204 211 214 216 217 220 222 226 229 231 233 237 238 239 240 242 243 244 245 246 248 250 251 256 258 261 263 266 269 270 271 274 275 277 278 280 281 283 284 288 289 292 294 295 296 298 300 303 305 307 309 310 311 316 317 318 323 324 326 327 330 331 332 333 334 335 336 340 343 344 345 347 351 353 358 359 365 367 368 371 377 378 379 383 387 390 392 395 396 398 400 401 408 409 413 417 418 419 420 421 422 429 430 432 433 434 438 439 440 441 444 445 451 453 454 456 460 462 464 465 469 470 471 474 475 476 477 479 483 484 485 489 494 497 498 501 504 505 506 508 510 512 513 514 515 518 526 527 531 535 536 539 540 541 542 543 546 548 550 551 554 555 556 559 560 561 564 568 571 574 575 577 584 586 589 591 593 595 598 599 600 601 606 607 608 612 614 620 626 632 633 635 637 638 640 641 642 643 647 648 654 658 659 660 661 663 664 666 667 668 669 670 673 677 680 682 683 684 686 687 688 689 690 691 692 693 694 696 698 699 704 705 707 709 711 713 714 717 720 723 724 729 735 737 738 739 740 742 743 744 745 746 749 754 756 757 758 760 763 764 765 766 767 769 771 772 774 779 781 782 783 786 787 791 793 794 795 796 797 798 804 806 807 809 810 813 814 818 822 824 825 827 829 830 832 833 836 837 847 849 850 851 853 854 857 858 860 861 863 865 866 867 869 872 873 876 877 880 882 883 884 886 888 890 895 900 901 902 903 904 905 906 908 909 910 912 917 918 920 922 926 927 930 931 935 938 941 944 946 949 950 951 953 956 958 959 962 964 965 966 967 968 971 972 974 975 976 979 981 982 986 988 989 993 994 996 997 1000
1000 400 962
1 2 3 4 7 8 10 11 13 15 17 20 21 23 24 26 29 31 33 36 37 39 42 43 46 47 50 52 53 54 56 57 59 62 63 64 66 67 68 72 76 77 79 80 83 84 86 88 89 91 92 95 96 97 112 113 114 117 118 121 123 130 138 145 146 149 152 153 155 157 160 163 170 172 175 177 183 189 190 191 192 194 196 197 199 200 201 203 208 209 219 224 226 231 233 234 236 241 242 247 248 252 255 259 260 261 263 265 268 270 272 273 277 278 280 281 283 285 287 288 296 297 299 300 302 303 305 307 308 311 312 315 320 322 326 327 330 333 334 335 341 342 343 344 345 348 349 350 354 356 358 367 370 371 372 373 374 376 378 379 383 388 390 394 396 397 398 401 406 411 413 419 421 423 426 431 437 439 440 448 449 454 455 456 457 458 462 463 469 471 473 474 476 477 479 482 485 488 489 490 491 492 494 497 498 499 500 503 507 508 514 516 517 522 526 532 533 534 535 538 540 541 545 550 551 552 564 566 568 569 573 575 579 582 593 594 595 596 603 607 608 613 615 618 621 628 632 633 637 642 646 648 652 655 656 662 666 668 669 679 681 687 690 691 692 703 704 705 706 710 712 716 717 718 724 725 726 729 730 732 736 740 741 743 744 745 747 749 750 752 754 760 761 762 764 765 770 771 774 775 780 784 786 791 792 794 799 801 802 807 808 809 815 818 821 822 824 828 830 831 833 836 838 840 844 845 847 849 850 851 858 860 864 868 870 871 875 877 878 879 881 882 886 887 890 891 892 894 895 896 898 903 906 907 909 911 915 917 920 923 925 927 928 929 930 932 934 935 936 937 941 942 944 945 946 950 951 952 959 961 963 967 970 974 976 977 979 982 983 984 985 987 988 989 990 992 993 994 996 998
1000 900 1
1 2 3 4 6 7 8 9 10 12 13 14 16 17 18 19 20 21 22 23 24 25 26 27 29 30 31 32 33 34 35 36 38 39 40 41 42 44 45 46 47 48 49 50 51 52 53 54 55 56 57 58 59 60 61 62 63 64 65 66 67 68 69 70 71 73 74 75 76 78 79 80 81 82 83 84 86 87 88 89 90 91 92 93 94 95 96 97 98 100 101 102 103 104 105 107 108 109 110 111 112 113 114 115 116 118 119 120 121 122 123 124 125 126 127 128 129 130 131 132 133 134 136 138 139 140 141 143 144 145 146 147 148 149 150 151 152 153 155 156 157 158 159 160 161 162 163 164 165 166 167 168 169 170 171 172 173 174 175 176 178 179 180 181 182 183 185 186 187 188 189 190 191 192 194 195 196 197 198 199 200 201 202 203 204 206 207 208 209 210 211 212 213 214 215 216 217 218 219 221 222 223 224 225 226 227 228 229 230 231 232 233 234 235 236 237 238 239 240 241 242 243 244 246 248 249 250 251 252 253 254 255 256 257 258 259 260 261 262 264 265 266 268 269 270 271 272 273 275 276 277 278 279 280 281 282 283 284 285 286 287 288 289 290 292 293 294 295 296 297 298 299 300 302 304 305 306 307 308 309 310 311 312 313 314 315 316 317 318 319 320 321 322 323 324 325 326 327 328 329 330 332 333 334 336 337 338 339 340 341 342 343 344 345 346 347 348 349 350 351 352 353 354 356 357 358 360 361 362 363 364 366 367 368 369 370 371 372 373 374 375 376 377 378 379 380 381 382 383 384 385 386 387 388 389 390 391 392 393 394 395 396 397 398 400 402 403 404 405 407 408 409 410 411 412 413 414 415 416 417 418 419 420 421 422 423 424 425 426 427 428 429 431 432 433 434 435 436 438 439 440 441 442 443 444 445 446 447 448 449 451 453 454 455 456 457 458 459 461 462 463 464 465 466 468 469 470 471 472 473 474 475 476 477 478 479 480 482 483 484 485 486 487 488 489 490 491 492 493 494 495 496 497 498 499 502 503 504 505 506 507 508 509 510 511 512 513 515 518 519 521 522 523 524 525 526 527 528 529 530 531 532 533 534 535 536 537 539 540 541 542 543 544 545 546 547 548 550 551 552 553 554 555 556 557 558 560 561 562 563 564 567 568 569 570 571 572 573 574 575 578 579 580 582 583 584 585 586 587 588 589 590 591 593 594 595 596 597 599 600 601 602 603 604 605 606 607 609 610 611 612 614 615 616 617 620 621 622 623 624 625 626 627 628 629 630 631 632 634 635 636 637 638 639 640 641 642 644 646 647 648 649 650 651 652 653 654 655 656 657 658 659 660 661 662 663 664 666 667 668 669 670 671 672 673 674 675 676 677 678 679 680 681 683 684 685 686 687 688 690 691 693 694 695 696 697 698 699 700 701 702 703 704 705 706 707 708 711 712 713 714 715 716 717 718 719 720 721 722 723 724 725 726 727 728 729 731 732 733 734 735 736 738 739 740 741 742 743 744 745 746 747 748 749 750 751 752 753 754 755 756 757 758 759 760 761 762 763 764 765 766 767 769 771 772 773 774 775 776 777 778 779 780 781 782 783 784 785 786 787 788 789 790 791 792 793 794 795 796 797 799 800 801 802 803 804 805 806 807 808 809 811 812 813 814 815 816 817 818 819 820 821 822 823 824 825 827 828 829 830 831 832 833 834 836 837 838 839 840 841 842 843 844 845 846 847 848 849 850 851 852 853 854 855 856 857 858 860 861 862 863 864 865 866 867 868 869 870 873 874 875 876 877 878 879 880 881 882 883 884 885 886 887 888 889 890 893 894 895 896 897 898 900 901 902 904 905 906 907 908 909 910 911 913 915 916 918 919 920 921 922 924 925 926 928 929 930 931 932 933 934 935 937 939 940 941 942 943 944 945 946 947 948 949 950 951 952 953 954 955 956 957 958 959 960 961 962 963 964 965 966 967 968 969 970 973 974 975 976 978 979 980 981 983 984 985 986 987 988 989 990 991 992 993 995 996 997 998 999 1000
1000 500 3
3 7 9 10 11 13 14 16 18 20 22 26 29 31 32 35 36 39 42 44 46 47 48 49 50 51 52 53 54 55 58 59 60 62 64 70 71 74 75 76 77 79 80 82 85 87 88 89 90 91 94 95 97 98 99 101 102 103 106 107 108 109 110 115 116 118 120 124 126 129 130 132 134 138 139 144 145 146 148 149 155 160 163 165 168 169 170 171 174 177 178 179 180 181 182 183 184 187 188 191 194 196 198 200 204 205 206 207 208 209 210 211 212 213 214 215 217 218 227 228 229 230 233 234 236 238 241 243 246 249 252 256 259 261 264 265 268 270 273 274 275 276 280 281 282 283 284 285 287 288 289 290 291 293 294 295 297 299 300 301 302 303 304 305 306 312 314 315 317 319 322 324 325 327 328 329 332 336 338 339 340 343 344 350 354 355 357 358 359 363 364 368 370 372 375 378 380 381 382 383 384 386 388 392 393 396 400 402 403 406 408 409 411 412 417 418 419 422 424 426 427 428 430 433 434 435 437 438 439 440 442 446 447 451 453 455 457 458 459 468 471 475 477 479 481 485 486 487 489 490 494 495 499 501 502 503 505 506 507 509 511 514 516 517 519 520 521 524 525 530 533 540 545 546 547 549 550 552 553 554 555 556 563 564 569 572 574 576 577 578 582 583 584 585 586 588 590 592 593 594 595 596 599 601 603 604 608 609 611 612 614 620 621 627 630 631 632 633 636 638 639 640 644 646 650 652 654 655 657 660 665 668 669 673 676 678 679 681 683 684 685 687 689 690 691 692 696 698 701 702 703 704 705 706 711 712 713 714 715 716 717 718 719 720 722 724 726 727 728 730 731 733 734 737 738 739 743 744 746 749 754 757 758 759 760 767 768 770 771 772 775 778 779 780 783 785 786 789 792 794 796 797 801 802 803 807 809 812 814 815 817 820 821 822 824 825 827 829 830 831 833 834 835 837 840 842 844 846 847 851 852 855 859 864 865 866 868 870 874 876 877 878 879 882 886 887 889 890 891 892 893 894 896 897 899 901 902 903 904 907 908 909 918 919 920 921 924 926 929 930 931 933 935 936 938 940 943 948 957 958 961 963 965 967 968 969 971 974 975 976 977 982 986 987 989 990 991 994 995 999
1000 4 651
642 682 685 925
1000 400 806
2 5 6 9 11 14 15 16 17 21 25 27 31 33 35 39 40 42 44 45 48 51 54 55 56 57 62 66 68 69 72 73 75 76 81 83 84 85 88 89 90 98 102 104 109 116 121 125 133 135 138 139 140 141 142 143 147 150 151 155 159 161 164 166 167 171 172 174 175 176 180 181 182 187 196 197 200 202 207 209 215 219 225 228 229 231 232 233 236 237 238 243 245 253 255 258 262 263 266 280 281 283 284 285 286 287 289 293 295 296 298 299 300 301 304 306 307 310 311 312 313 314 316 319 320 322 324 325 326 327 328 330 332 338 341 342 344 345 346 347 352 353 355 359 361 365 367 373 375 377 378 379 380 381 383 385 387 390 392 393 394 395 398 401 407 410 415 416 417 420 423 426 428 431 432 439 443 448 449 450 451 452 455 460 462 465 466 467 470 473 476 478 479 480 483 484 486 490 492 495 496 498 500 501 504 506 508 512 515 518 521 523 528 529 532 540 554 555 557 560 562 574 576 579 581 583 586 588 590 591 593 594 595 599 603 604 605 607 611 612 614 615 619 623 626 628 629 633 639 640 643 644 645 646 648 649 650 654 659 666 667 671 672 679 680 681 682 683 684 685 687 693 695 696 698 702 704 706 708 709 710 712 713 715 720 724 729 732 734 735 737 739 740 744 745 749 750 752 756 758 759 764 765 766 769 771 772 773 774 776 779 784 786 790 792 793 797 801 804 805 809 811 814 815 818 820 822 824 826 833 835 840 844 846 852 855 857 862 864 865 866 868 870 871 873 876 877 883 886 888 889 890 893 895 897 900 902 904 905 908 909 912 915 917 919 923 925 926 930 935 936 938 939 940 942 944 945 946 950 952 955 956 958 959 960 967 969 970 971 976 977 978 982 983 986 988 991 994 999 1000
