100
1740948824551711527614232216857618927954312334113883114332134597298167586122324167251171554288490471
1427793198650286024865090061389344606618496378829119288736948166064439831600905684206820568913977241
1598407636154209737260165754120014607177773359981881899533777717064100214575610627379024516367048951
1810808081808801088188100000110810808188101800811888088181081081801001018800008888811001188188801108
1258626539246182119762952003918195325258677229419669149227768525235918193002592679112816429356268521
1108181181010801111110118018181800181888101088880110888801018881810081818108110111111080101811818011
1621462915036492934405963428875812574444429307787337877039244444752185788243695044392946305192641261
1382520372975343211325351222640703400531067500454994540057601350043070462221535231123435792730252831
1818118101810811010181808100011010801181881088118118118801881811080101100018081810101180181018118181
1260611173004830129038857708930747837100834501456226541054380017387470398077588309210384003711160621
1356667677191627276513995926532444279237315785832442385875137329724442356295993156727261917767666531
1100888081101101888010180801010888108080181888101881018881810808018880101080810108881011011808880011
1910850790534104859254139582796177190341753324129009214233571430917716972859314529584014350970580191
1110018008810811008080180108100180011888888081888800181010018110008888801000018001188880881080101108
1658394839764586155196454253268266394562535661446226441665352654936628623524546915516854679384938561
1825510151760024336282343436847398008805143639219889129363415088008937486343432826334200671510155281
1340231989891351425389287014819359798014755509282442829055574108979539184107829835241531989891320431
1044051159083872693810338480154137358569089360697887960639809658537314510848330183962783809511504401
1415666667140612149523415231688277126049460362458888542630649406217728861325143259412160417666665141
1214982452998386986623826275782780208928205527678778767255028298020872875726283266896838992542894121
0880811181018808801808010081108108800180000088801100100181088818101088181001000801100101111180100000
1912881860249022154442504212779554034122982278583993858722892214304559772124052444512209420681882191
1469856607272647132163832860126054679347881638761771678361887439764506210682383612317462727066589641
1881101011100810888008181880188800010081180808000188881811008080088100810100888111888008180818111181
1829448272584739519028314310407908140795382321040770401232835970418097040134138209159374852728449281
1905120989173307660289899942087873076421916033622112263306191246703787802499989820667033719890215091
1326054960827407601293851566889870791586394538239449328354936851970789886651583921067047280694506231
1513281646779641926315970261762534075531888017505995057108881355704352671620795136291469776461823151
1935427267220117591817866992665840378311257621611551161267521138730485662996687181957110227627245391
1485649843253832706801195363153403179035291261701551071621925309713043513635911086072383523489465841
1290518368861667049894987564868780956900135580177447710855310096590878684657894989407661688638150921
1707412183571476823027885971347137127534455141266336621415544357217317431795887203286741753812147071
1008138169801393936554050655189622505252067280068338600827602525052269815560504556393931089618318001
1643705207561818565926523212288874005995309951112332111599035995004788822123256295658181657025073461
1972330484392490574766309080151039589625763859302552039583675269859301510809036674750942934840332791
1180881888110011181888881118018100101100800801000110001080080011010018108111888881811100118881880811
1840944358410334067556098357904874023541664529124994219254661453204784097538906557604330148534490481
1376587897716501326057449061190421970933313569598888959653133390791240911609447506231056177987856731
1951362881981334392721761730602560720954325608815775188065234590270652060371671272934331891882631591
1810111100000018888081818111011011801880108001188888811008010881081101101118181808888100000011110181
1321108187289230282558124988271795034015342329492442949232435104305971728894218552820329827818011231
1044985323017198832933283402012107668058895732220000222375988508667012102043823392388917103235894401
0881818081808818081010818108108000010111000111080801118180081888110101018010001888111100011888811000
1086571028355614938323373014878989791958969331414554141339698591979898784103733238394165538201756801
1634638342789014073494568989970845693620065161973553791615600263965480799898654943704109872438364361
1065182724522586983550581507341564170406105525832772385255016040714651437051850553896852254272815601
1527297631598954952522308728375418296898163754101221014573618986928145738278032252594598951367927251
1001801811881108118100811888801081011801111881188181080810180880010188110801118800110080181810801080
1074818221466938136452201038733145612191804774119889114774081912165413378301022546318396641228184701
1032503226336158219397213209274503297801147439967667699347411087923054729023127939128516336223052301
1096230351967927568246309187684037962273073073646776463703703722697304867819036428657297691530326901
1012446345020169379152441346887034467181212311108998011132121817644307886431442519739610205436442101
1097745167839313963752071706717548175217531000500770050001357125718457176071702573693139387615477901
1649148089979996063803694204436918911863509108226886228019053681198196344024963083606999799808419461
1778930563977435833361047427157227036098964029032222309204698906307227517247401633385347793650398771
8808101081088081088188818110081808108810808018001801801180000801011011188888110188800100080888101080
8118800180810000110880808081001001018000880008180011088800000018100008811818188181881188101100808801
1907098673201535654681585332876964632105870037346226437300785012364696782335851864565351023768907091
1116534953437709154007123773339158880244336766148118416676334420888519333773217004519077343594356111
1596871916763712794718248816204859444994532174319009134712354994449584026188428174972173676191786951
1811010180188818008000108008011101118101001011100880011101001018111011108008010008008188810810101181
1061818772823669651380761603104315895457446775268888625776447545985134013061670831569663282778181601
1198050296022926736052171153266815869466288168789779878618826649685186623511712506376292206920508911
1058269717516449961556075079568537075230498580097777900858940325707358659705706551699446157179628501
1475923223197304378088127491936207200535774433864444683344775350027026391947218808734037913223295741
1924424253234023720776175679085742565882852767335665337672582885652475809765716770273204323524244291
1108818081100080180100111180081188811111800108008118008010081111188811800811110010810800011808188011
8010008801818811000100111081080011010818110001088110080818801118111188811881011011011080001881118888
1619371320689939113482491439495216725180757429184444819247570815276125949341942843119399860231739161
1128467315854266461404667581151190763445726562965335692656275443670911511857664041646624585137648211
1163490565065332660620052056104940266407266851002112001586627046620494016502500260662335605650943611
1843508705356302993793930251183374671946128257784224877528216491764733811520393973992036535078053481
1011010811810100001081010018188100081108101081111088881181080880001811010810000818110000101110188808
1615610504870817280119103232281875626474370543738008373450734746265781822323019110827180784050165161
1682681266243020510580138284572389162213856689357667539866583122619832754828310850150203426621862861
1577002593037615259535536685210268962588661671252442521761668852698620125866355359525167303952007751
1270049081001735695066236752566678645580044228650990568224400855468766652576326605965371001809400721
1938715199852310738859693119124680895046867331731331371337686405980864219113969588370132589915178391
1277336553609563329963551471799652237097695699358118539965967907322569971741553699233659063556337721
1961845346415217548385231320008528871086322270847447480722236801788258000231325838457125146435481691
1444605537219088809167865980546764018849464092912442192904649488104676450895687619088809127355064441
1181188011188808188808881100801081801108888811880880881188888011081801080011888088818088811108811811
1880810110010088088881888008888108000110001080008008000801000110008018888008881888808800100110180881
1634283378375914917625228615596268906406635418844774488145366046098626955168225267194195738733824361
1243251249506854191923222917509989801806845508605445068055486081089899057192223291914586059421523421
0801880880818181001801010810101101118000100800818810011111818188001008101101110180110010000811100100
1796907554942097337705312642460352711496598784029009204878956941172530642462135077337902494557096971
1826296983957012076563285588019456771836338359611991169538336381776549108855823656702107593896926281
1391926070938730868306853986056389605991754884117007114884571995069836506893586038680378390706291931
1568805343756061098795371173169142708649701311999559991131079468072419613711735978901606573435088651
1356143954550372243058030654088481778090002045421661245402000908771848804560308503422730554593416531
1466628852769216076005584439636841155429240576044774406750429245511486369344855006706129672588266641
1591844651049958754860262731595989740847208860239119320688027480479895951372620684578599401564481951
1793312562061770561226105533125721712280949314143003414139490822171275213355016221650771602652133971
1873282398508351583716090531420159042605242385053223505832425062409510241350906173851538058932823781
1737498880973076124286398351096254853170804696852222586964080713584526901538936824216703790888947371
1178599296950625231610221035500801644909251402151661512041529094461080055301220161325260596929958711
1082564245211505172373098449505124060199370560857997580650739910604215059448903732715051125424652801
1026909599114751398434401741750958127096788485135115315848876907218590571471044348931574119959096201
0180118088010800808188100110800008818101088800080881011111880880800180800000000081181080811818801818