16602
12098
4953
10506
29425
16395
14535
20924
22214
3138
15308
8575
9277
4443
30108
24223
22757
9760
13937
22978
447
27249
2200
29802
13097
12647
457
113
47
27363
5832
5521
1658
20706
8652
17804
24988
23314
6896
20877
7258
15998
9677
17707
28627
31805
30332
6542
26964
17207
15910
18164
18072
10641
3318
26028
8038
47
26028
18305
11901
18336
29494
10123
20527
1616
5194
22487
1814
1658
12183
4348
8105
16395
2200
18249
16868
28869
1570
10021
1814
10361
7429
8580
27547
19562
22624
10048
9997
21822
11731
31477
18730
19482
5194
15236
10564
19779
4443
3187
32528
3745
12616
32528
13603
13198
7358
8356
20135
28670
16395
21227
28570
15794
15109
20527
24187
10695
2120
592
4261
32066
5256
3518
5832
17276
14253
14074
406
30663
17338
881
2423
21464
8105
15892
5332
4126
7484
16022
28532
3931
1285
7258
17538
15998
1372
11413
12616
11144
32176
29425
1444
6340
22304
26361
541
3435
24406
13101
11316
11009
23086
20706
2592
18919
15726
9379
23447
8236
19028
541
8575
30832
31109
14074
2728
15053
27802
1210
6815
20545
24016
10695
5648
7429
14165
24988
6815
7300
20877
32262
24727
24905
1877
31805
2423
31135
4636
15570
2423
698
26377
16285
1312
26600
1092
2664
11275
5832
25909
6817
29255
10895
4592
2878
13021
21124
31429
19663
4888
30871
6300
6400
14894
26639
406
592
12939
32576
26792
17846
814
10895
15236
16640
24597
12098
21179
12793
30158
2423
26600
9379
14388
24597
18164
12332
13072
22094
27465
27547
16868
15570
676
14651
14412
24944
985
21179
21901
2766
20527
12738
4348
24187
4888
17077
6612
13457
21649
32118
6469
7895
29077
19562
3518
10895
28087
25812
20801
6400
21989
29855
8814
6300
8575
18639
15998
17147
19663
20877
26307
24770
7192
10042
24346
14635
15794
30240
16511
28487
15910
28805
11275
13973
608
12332
14446
22978
15402
10895
11156
24346
3332
4976
21464
20145
19402
25812
5194
22113
7924
22214
32168
22872
25416
255
32299
10506
3820
-1
1210
28254
2050
16957
10092
1285
8038
25058
8867
20135
11009
13282
17545
16868
26114
26307
6300
14074
7056
24346
25746
14783
16640
11861
22132
24770
255
19779
25242
29077
24093
31130
15174
21179
27977
24093
26865
4502
20801
26600
23086
101
30557
27465
676
11731
15010
457
22232
15497
28254
15706
16203
24210
32168
6300
20801
30595
5217
20242
25812
10564
1877
28627
23864
20801
28226
25693
12693
14388
9379
15204
4261
31109
8867
27802
12271
25693
26755
27547
6911
24187
26431
14328
6040
2766
9143
18806
28934
12693
167
31754
16640
15053
27194
25693
1877
13164
20527
10159
10042
10361
10695
19270
7258
22214
29115
2120
31524
30871
20801
7900
4953
12371
27623
15852
17660
22559
1372
26865
24251
14198
27977
32662
6072
25833
27110
19063
31387
22214
6815
12371
21291
26164
30108
31109
30422
19415
28115
17174
30332
21735
23086
2863
4754
22872
9835
28670
698
13457
31160
4888
26028
17804
17538
14298
28044
15010
28351
3270
7074
11316
6340
14697
8961
18769
8458
7056
15965
7895
25693
21901
6300
13725
27977
4888
4126
5256
1342
9165
28805
24905
23350
22387
30214
11156
13872
14165
10895
8867
25693
2050
29638
14635
23598
12939
26479
32118
18569
31702
13457
10641
26150
11222
15268
11134
30832
3518
9748
12647
14928
25416
4443
29855
2200
15053
9143
20135
13677
17660
7056
22422
14651
3318
12243
5832
14446
16148
22132
676
3187
22494
16220
23191
18569
26361
7734
7056
27977
17944
5139
4953
15308
27465
19717
22585
25746
13528
9799
9748
31109
23191
28705
26755
25180
24770
8271
29375
17865
14074
2423
11316
4592
25225
26865
13282
9379
23293
25225
15818
16602
31702
15497
12647
17402
11673
28351
18919
21901
12693
23086
16148
31968
10021
15752
14298
22304
15450
15010
3518
24670
9581
32168
8814
319
16769
24251
19482
22422
4296
3877
8236
27977
24770
9917
5878
20801
20527
9677
23447
18038
4370
16022
14651
32604
3435
31710
31889
4888
19717
6040
15752
10288
19028
5263
24727
1877
3745
29468
19848
676
17660
3690
8814
28670
7429
32118
25416
9456
11225
1491
29294
9690
10092
30726
18769
1047
9034
2050
16769
5456
13175
29638
27465
406
6300
5031
14012
21676
22559
7074
30281
2728
26600
11998
31109
19202
19202
3979
18848
17865
20145
1570
18639
26239
15570
20135
14165
20948
13282
8508
25965
25180
1285
12371
5139
5332
14388
9248
18639
7734
8236
29375
6300
6445
7567
8867
11901
985
31302
20456
4422
32262
31302
592
27747
32446
3270
11578
24597
29783
15706
27977
6896
319
19063
21053
18806
19848
1210
21464
3690
7161
23609
13677
6896
6924
16203
66
7734
9209
11578
21901
5532
23447
9143
14697
16105
26999
18336
9379
12939
14894
29375
29494
26893
32262
255
592
12429
23787
3435
4953
21291
2863
30433
18038
30557
16868
22978
16957
31109
14651
23447
23350
17883
12465
29808
20242
30214
9553
4468
26755
13457
14003
14783
8305
10895
26672
6542
3435
698
13677
5648
14535
14125
11362
19967
11134
15450
541
11362
18164
17660
21822
28575
16395
9535
5031
19100
19078
7098
13603
592
20706
31968
16682
11669
17707
3557
21464
31109
25746
3435
4296
5648
32066
11779
17473
13198
3557
3138
5521
11467
20706
22783
3518
18730
1697
19270
24187
14165
6040
3518
7971
9748
22978
14635
29873
7300
5530
5679
22338
31109
7282
12616
27249
14635
32343
32662
7056
28058
15450
7358
31109
773
1570
25416
31754
15010
22060
25416
12098
66
1312
32192
28204
31982
8814
10489
12397
2423
10895
6815
4021
26091
28226
25693
698
24187
15706
18336
32278
13872
10361
14635
28058
2984
29005
25693
15892
2863
31109
11134
26639
7895
18164
29084
12556
31477
28487
8458
6040
10895
32662
17538
7146
319
14003
12120
24034
6525
8105
30158
15752
15204
26639
16022
31109
22387
209
12120
30097
30214
24406
30832
12120
16602
29726
17196
31308
2050
10217
2423
4348
27092
30214
5139
8236
32604
30402
12271
17386
12939
28352
19967
11841
7971
13603
8236
25693
10895
1765
28487
18431
10895
6896
12525
28487
18249
2144
8236
24727
-1
22757
23972
18476
26307