100
787 69759274558414335
860 38383749796672485
908 72289493014415242
813 41987737111151855
752 95552468600551962
775 6488830323365242
817 86849679558948743
855 75530616436309073
777 92521184420775852
841 37718916737043804
919 68002212468518788
747 4472209264642219
709 30380366346534685
757 7708080541354371
988 65781556095792841
752 94286231968220297
965 31920676626903417
951 61657619497819054
831 9269015273722663
753 1630430467863931
963 52942719088515787
702 88765190470377274
999 52158783741156056
932 25805069916245637
815 51028593324766190
980 484306107734209
797 57494723347435266
879 86221761276063275
951 82962970597653087
888 69640643570627065
828 47076138493751603
816 26658429521474117
940 6253070794819792
972 66124953771118800
927 5813831104630088
729 59702004062725092
810 98678799704507568
738 19969896395473786
901 87708114831589004
843 39796442807459141
908 6756636535998562
867 42776529357326377
965 74413850291618779
935 52473810971466098
956 94105804368156212
878 69792261157601585
782 15390138331647228
971 94828702450768822
733 12822424408511336
972 73176695783117599
700 81730213512684043
932 78894634064922063
752 165488607754201
787 52834065057196398
888 31718270600841442
990 39480044810463805
798 41120084583250093
882 45881617931613867
989 86717874597777837
791 902224224271629
778 36718833398271623
961 69810433881172672
806 9592709583101036
774 28565254887033646
718 94434250710314578
810 14543657284250392
776 32556763275967884
973 39060513341588343
756 1102495539230624
859 78825673854080160
721 32023976613535049
775 85779616815443703
964 89103403744671676
949 63637272102401180
901 6112325681528131
824 5529278990002923
787 47907296952145406
789 23077182023026102
812 97605838924734607
740 45510622896756487
960 47773094197928868
894 26891267620076140
714 88425742552445571
872 63810147415688815
963 41579871400267596
816 89777890687815381
988 54638923510824024
741 61930906101776721
977 55019392921693957
788 78821887800556794
949 65477429242030231
856 31334297341705593
829 38790870511471719
718 99349530995436117
704 16965325230319058
997 85951513965584076
961 75762496642790215
707 58283170483426021
880 76497339730246244
737 8734646596791431