2000
9 520
7 54
3 937
10 684
9 883
10 246
9 186
5 929
4 279
10 161
6 975
8 918
9 530
4 25
9 307
9 302
4 514
10 675
5 856
3 864
8 225
10 321
2 165
8 492
7 433
6 521
10 530
2 33
8 69
9 779
6 810
8 555
7 143
6 128
10 293
8 443
6 455
3 634
6 367
7 65
2 835
10 561
8 82
2 426
9 357
8 879
2 639
7 196
8 369
3 486
6 669
4 886
9 46
3 449
7 351
10 566
5 805
3 552
5 426
5 743
3 535
2 654
4 410
5 661
3 528
5 794
9 781
2 674
7 553
7 593
5 341
7 442
3 991
7 739
10 676
5 552
9 105
9 91
6 410
8 999
3 604
9 487
7 826
3 564
6 988
10 987
4 374
4 829
10 128
9 135
7 402
6 720
3 246
5 727
8 916
2 946
2 872
7 609
3 947
2 781
4 35
3 618
3 901
9 127
2 367
7 890
4 301
9 629
8 774
9 260
10 435
2 266
4 993
2 709
9 400
10 580
9 610
6 197
4 997
7 597
5 290
6 486
7 450
7 196
10 176
3 618
2 15
6 623
4 111
8 653
4 823
10 651
6 784
9 2
4 877
6 498
10 439
8 464
8 803
6 817
6 468
3 296
5 671
8 492
7 252
4 997
9 731
6 214
4 850
6 648
3 519
8 247
6 186
4 551
4 75
6 674
10 155
3 28
10 889
7 312
2 370
10 922
10 311
9 320
5 56
5 240
8 171
5 886
2 903
10 699
10 158
10 523
9 343
9 844
8 127
2 79
2 170
6 302
4 841
9 994
2 943
8 176
3 723
10 823
3 852
2 957
3 248
7 27
9 735
6 881
7 732
10 712
4 313
3 88
3 637
8 403
10 317
9 398
3 994
7 371
4 449
5 912
4 161
2 993
3 515
4 111
10 186
10 853
9 191
4 5
8 24
9 465
5 692
4 86
9 437
8 588
3 137
10 288
9 791
4 547
2 860
6 905
4 186
8 898
3 52
9 910
8 368
5 770
10 590
4 450
2 313
4 618
8 890
5 101
5 892
3 340
2 362
10 798
9 708
3 630
3 304
7 189
6 267
6 84
10 815
7 590
5 924
9 931
6 819
4 847
8 384
2 815
8 489
8 647
10 14
2 310
8 170
6 694
3 811
9 0
6 16
8 459
8 502
8 106
4 126
6 736
2 197
7 961
10 869
7 587
2 590
8 905
9 102
5 551
9 81
6 244
2 493
3 389
3 798
3 21
5 504
3 491
8 661
8 91
8 765
4 765
6 929
10 468
9 621
6 648
10 274
10 151
7 949
3 115
5 739
9 24
5 245
8 297
4 320
4 436
4 419
3 145
10 223
7 83
9 337
3 898
7 329
3 731
7 293
7 377
2 334
4 628
7 622
3 838
2 665
7 732
6 532
10 137
7 842
8 952
3 657
10 791
7 604
7 616
3 72
7 282
2 99
4 689
6 835
2 16
4 858
8 289
2 329
8 145
7 0
9 703
10 652
3 347
8 720
10 857
7 660
7 550
10 49
8 833
10 119
6 89
4 301
8 367
6 805
7 154
6 314
6 166
2 703
5 278
2 180
2 567
7 275
10 601
6 356
5 561
3 988
8 156
2 380
5 272
7 740
2 695
2 987
2 724
7 79
6 817
6 137
3 453
10 853
4 89
3 192
8 389
6 4
6 822
4 421
6 922
6 224
6 567
6 832
4 605
7 997
7 875
8 158
2 251
4 86
10 572
8 46
6 811
4 211
2 786
6 431
10 145
8 31
10 922
5 59
10 478
5 301
2 894
8 34
6 822
8 189
10 104
6 60
2 637
3 253
2 255
3 189
2 396
9 816
7 435
7 846
9 931
7 619
7 959
6 323
9 831
2 880
2 452
10 202
9 564
8 218
4 492
6 924
5 979
9 558
3 616
4 679
3 256
7 78
2 9
6 700
8 618
7 127
9 874
4 513
4 785
3 314
8 842
5 869
5 980
8 587
6 536
10 496
8 621
2 711
9 680
6 174
2 344
8 721
2 631
3 713
9 669
5 749
5 266
2 684
7 749
8 195
6 242
6 781
8 970
9 198
10 256
7 300
8 674
7 523
5 608
10 425
7 263
3 789
9 144
6 480
7 97
4 235
5 423
2 555
10 861
4 747
7 125
8 421
3 421
2 456
5 532
3 660
9 407
7 30
10 627
8 149
7 890
4 768
7 752
7 58
8 428
2 434
6 204
5 705
7 152
6 360
10 747
7 185
6 525
2 410
7 429
6 582
6 647
9 336
9 674
2 717
9 903
7 360
7 712
6 438
2 932
9 253
2 874
5 186
9 357
6 256
10 860
6 810
6 189
2 260
7 245
8 669
3 833
6 961
10 448
5 762
5 253
8 411
2 158
4 878
6 547
4 6
5 325
7 267
7 316
9 433
5 857
3 414
5 837
8 588
9 126
10 369
10 69
2 858
6 730
5 447
8 576
10 389
9 270
6 120
9 536
3 852
6 8
6 435
5 994
8 834
2 725
2 852
2 336
6 726
3 799
4 48
10 627
7 629
6 445
2 540
8 654
3 726
2 362
7 212
5 537
7 829
8 250
9 762
4 95
10 5
8 366
10 974
2 194
5 946
9 704
5 325
10 582
8 726
8 917
4 653
3 337
2 422
2 515
4 878
8 376
6 210
10 640
10 439
7 788
4 178
4 872
9 555
10 906
2 752
5 572
3 631
8 240
4 849
7 941
2 70
3 315
7 764
8 465
2 142
8 589
4 801
8 823
10 621
5 990
6 554
7 130
10 824
5 590
9 830
3 105
2 552
10 533
3 729
2 224
5 307
2 544
3 979
6 817
9 449
5 677
2 74
8 892
2 882
9 628
9 717
4 317
2 506
5 290
4 552
3 459
9 32
10 319
8 722
7 316
9 297
7 879
7 153
7 326
3 606
3 452
3 687
9 298
3 971
2 781
4 807
9 86
2 595
7 202
8 895
9 490
7 864
2 267
6 493
7 757
9 547
5 128
10 331
7 485
10 718
3 530
5 859
9 68
4 375
8 772
4 141
3 814
6 336
8 375
3 379
3 633
7 694
5 865
4 539
2 681
5 969
2 839
9 532
8 986
10 531
9 881
5 725
6 30
6 833
6 595
3 889
5 490
8 342
2 962
6 410
7 843
2 558
3 911
4 943
8 54
8 9
8 498
8 335
6 852
10 285
6 732
10 27
7 463
3 283
2 955
7 420
2 777
10 833
4 773
6 938
10 602
8 468
7 386
6 981
4 676
7 389
4 498
4 335
7 490
5 386
10 664
10 595
4 488
6 481
9 909
9 794
8 71
2 965
8 769
2 399
8 269
7 558
7 909
9 728
3 512
6 196
9 624
4 969
2 924
2 79
6 574
4 698
5 839
10 455
8 665
9 406
10 347
6 54
9 209
6 7
4 953
6 249
10 699
9 395
4 373
6 809
8 51
3 945
10 226
8 850
7 960
7 531
5 924
6 916
10 424
8 207
6 831
9 660
7 379
9 505
4 233
10 404
8 526
7 526
8 102
8 349
8 689
4 74
10 817
3 99
6 617
7 972
7 468
9 330
8 39
7 304
7 503
7 260
4 409
7 486
4 866
10 926
5 715
7 521
8 342
8 127
3 927
7 760
5 83
6 595
8 927
6 98
4 311
6 163
8 496
4 232
2 189
6 270
3 511
5 142
5 763
8 166
3 720
8 790
5 369
10 981
10 988
2 430
3 789
6 372
4 300
7 351
5 467
4 394
10 116
9 537
8 157
4 275
6 333
9 736
3 803
5 351
10 148
2 795
5 432
7 574
8 123
6 221
9 899
5 922
5 856
6 248
6 514
5 947
7 940
5 902
6 753
5 591
8 92
3 839
5 905
6 256
3 692
9 323
5 797
3 959
3 56
4 372
2 82
2 770
5 355
8 470
8 982
9 363
10 799
3 598
3 968
2 437
4 388
9 604
7 6
10 543
3 123
2 337
5 939
6 580
4 483
3 107
9 464
4 540
6 25
9 320
9 49
6 358
2 518
5 327
3 877
5 290
2 138
4 206
5 86
8 75
6 541
7 388
5 5
6 622
2 123
10 728
8 700
7 314
7 400
3 446
8 512
10 278
9 716
2 431
6 326
6 724
3 41
8 874
8 393
9 429
4 790
3 41
10 595
4 412
3 349
3 273
8 947
6 215
10 91
3 465
8 857
10 285
6 654
2 297
7 359
6 268
7 588
3 992
10 369
9 179
5 615
8 932
9 59
3 225
3 498
10 568
8 585
8 606
3 365
3 991
5 334
4 226
2 272
4 459
7 680
8 361
8 795
8 210
3 793
9 5
8 182
4 999
4 426
3 711
6 213
9 220
8 665
7 174
5 721
3 931
5 624
7 49
8 938
4 625
6 46
10 727
7 555
3 348
10 684
7 829
5 465
9 501
5 200
5 420
9 661
4 27
2 644
10 408
9 687
4 369
8 16
2 314
3 176
8 609
3 778
2 462
6 840
4 726
2 638
3 666
8 498
8 288
3 121
10 780
4 730
8 245
4 246
2 373
5 927
2 635
8 422
8 301
9 412
7 7
4 174
5 54
10 70
6 518
5 391
6 703
4 800
6 571
8 860
7 173
10 927
6 197
5 609
5 316
9 526
8 127
6 348
9 429
9 876
2 313
3 950
8 92
6 964
9 501
8 959
3 964
7 538
9 940
6 12
8 872
10 931
9 295
3 533
5 401
5 25
2 380
9 82
9 78
6 487
5 224
6 309
6 37
7 54
9 346
5 938
9 308
8 569
6 853
9 681
7 215
10 321
5 33
8 419
9 155
4 394
2 705
3 623
3 550
5 424
6 447
2 466
9 233
6 64
2 138
7 45
4 451
7 301
10 475
5 948
5 979
4 713
8 398
5 131
10 366
5 197
4 270
6 273
9 51
2 294
2 82
4 896
9 58
5 722
2 270
3 515
8 716
4 990
7 917
2 767
4 29
9 448
7 979
5 507
9 411
5 573
9 140
5 731
4 18
3 84
2 475
4 595
2 532
7 658
8 707
10 732
10 741
4 739
5 607
10 456
8 399
6 216
8 202
10 443
2 105
10 213
10 831
6 125
4 394
4 813
7 913
8 893
4 783
6 79
4 583
4 760
4 268
4 874
2 629
5 43
10 197
3 667
2 417
4 744
5 632
9 968
3 808
8 903
10 197
9 333
3 222
9 467
7 126
10 313
10 11
6 842
2 965
4 940
10 6
10 897
8 947
8 535
10 78
10 50
4 125
6 760
7 180
8 543
10 920
4 414
4 213
4 843
4 118
3 912
8 821
8 466
4 378
8 875
4 143
6 435
3 660
8 321
10 126
7 851
7 720
6 330
5 226
10 815
2 662
2 524
5 240
7 955
9 343
4 426
10 107
5 108
3 761
6 663
4 645
6 287
7 837
3 355
3 495
3 112
7 602
8 344
8 979
4 813
5 481
5 161
6 805
9 411
7 402
4 807
2 294
3 117
3 415
4 546
3 994
4 420
5 999
6 791
10 416
4 652
9 195
3 190
10 435
8 920
4 29
9 237
10 173
8 806
8 530
2 851
3 67
3 825
10 93
3 396
2 572
7 111
7 862
10 769
6 256
6 840
9 120
6 312
8 136
8 233
10 174
7 247
7 413
3 307
9 689
9 367
6 104
4 382
10 133
2 968
4 544
7 26
6 590
6 309
3 160
9 448
5 331
8 928
9 769
4 250
9 643
4 424
5 449
9 65
3 309
6 323
2 898
10 221
10 391
3 918
4 777
6 237
10 415
3 205
10 753
3 346
3 777
7 143
5 929
6 160
9 298
5 148
7 184
10 37
7 252
10 478
7 27
2 490
6 881
3 978
5 206
7 382
2 447
8 914
10 438
6 320
8 558
4 933
10 838
5 670
9 631
3 472
7 217
8 100
2 713
10 85
6 106
4 608
4 697
7 635
9 597
7 871
8 775
7 603
7 480
9 409
10 126
6 121
7 548
4 794
7 3
6 885
5 50
6 15
6 368
4 882
8 957
7 825
4 615
8 699
7 406
3 910
4 693
10 228
5 956
3 207
2 605
9 420
2 290
5 755
2 790
5 975
2 447
10 481
7 933
9 861
10 992
5 576
2 154
8 279
10 178
4 421
10 282
8 790
3 982
9 582
5 887
6 872
10 63
3 749
8 237
4 40
5 734
6 267
4 772
8 351
6 88
8 437
6 670
9 647
3 125
5 777
8 139
6 50
10 355
8 903
5 762
3 526
4 263
2 736
6 395
6 689
10 916
2 557
3 705
9 239
2 786
6 546
9 369
3 832
5 396
2 21
5 382
3 6
6 396
10 384
5 886
7 626
3 903
5 389
10 740
6 791
4 700
8 803
5 286
3 146
6 74
3 545
2 66
2 805
3 999
3 605
2 966
4 40
2 118
5 830
7 761
9 736
4 310
6 530
10 879
3 632
7 195
8 114
2 81
3 427
7 813
10 318
9 967
6 1
9 139
5 296
10 804
2 713
4 629
6 712
7 624
4 166
4 521
9 785
8 553
2 35
8 949
4 498
10 415
8 706
9 35
8 158
9 92
7 955
8 171
10 581
5 363
4 966
9 733
8 191
4 20
3 4
7 284
2 589
8 59
9 958
4 651
4 286
10 692
7 816
6 612
7 658
5 849
4 564
5 432
6 220
2 334
5 773
9 784
8 23
7 11
8 289
10 450
4 757
5 521
10 358
3 322
6 813
10 698
8 106
3 485
8 935
5 256
7 142
10 775
5 235
6 851
7 152
9 804
8 148
6 834
2 164
8 228
9 681
8 707
5 408
5 466
7 715
7 756
10 114
4 727
4 374
3 578
8 584
6 788
10 764
7 591
4 779
10 258
5 745
6 600
4 861
5 849
4 493
9 786
2 193
2 661
4 444
9 445
10 325
3 113
2 856
5 370
9 524
10 800
8 297
9 127
10 170
5 439
10 286
3 623
9 443
10 750
3 875
9 620
8 781
6 994
6 790
7 329
9 697
5 287
8 881
2 857
2 96
5 67
4 226
9 566
6 326
10 613
3 568
4 105
6 319
3 691
3 817
9 127
8 501
2 861
9 534
7 138
5 367
10 364
4 247
6 319
10 303
10 126
8 518
5 573
6 331
8 299
10 637
10 663
4 546
9 873
10 595
8 62
10 568
5 260
9 61
6 740
10 864
6 939
5 98
5 572
3 130
9 930
9 3
7 610
7 469
10 981
5 199
4 732
2 821
3 935
4 276
5 302
10 246
5 874
6 107
8 126
4 23
7 356
3 353
8 575
4 803
10 591
10 951
7 122
6 20
5 359
4 790
6 140
2 903
3 733
4 165
9 599
4 619
3 214
4 627
9 498
3 49
10 136
5 469
5 125
9 21
4 489
10 145
10 199
5 348
4 411
10 143
8 54
3 671
3 438
7 762
8 432
4 83
4 164
7 179
3 746
2 125
2 715
9 569
10 23
3 199
7 782
2 150
9 457
9 809
5 823
9 537
7 734
5 823
6 524
4 891
10 907
8 210
4 991
9 890
6 48
9 153
6 784
2 19
9 828
8 490
8 751
10 258
4 351
10 440
6 789
10 498
3 404
4 23
2 839
2 113
6 355
3 69
4 626
7 733
7 620
8 810
6 954
7 913
7 855
3 533
3 388
5 44
4 443
6 539
10 333
5 521
10 624
9 180
3 735
9 57
6 489
2 431
3 289
5 101
7 49
6 492
9 721
8 582
8 956
10 150
2 478
8 682
4 965
8 353
6 776
10 760
3 630
7 60
2 887
7 767
10 499
9 77
5 796
7 736
4 485
5 746
5 261
2 66
5 291
10 631
2 885
7 684
7 934
4 139
7 258
9 109
6 166
9 330
3 198
6 419
4 9
4 999
8 946
3 202
9 540
5 361
5 929
9 293
8 143
3 37
5 340
3 511
6 37
2 821
10 965
6 623
9 109
7 597
9 39
2 350
6 337
10 357
2 109
5 481
4 83
7 6
5 17
9 282
4 63
10 994
9 47
10 355
2 240
8 916
2 104
10 563
9 978
10 59
5 571
4 692
7 411
10 430
4 919
6 186
3 871
6 715
6 799
5 426
7 727
10 23
8 961
8 976
6 859
4 379
8 927
3 789
10 121
3 470
4 635
4 375
8 190
3 776
9 865
3 732
7 897
9 775
6 47
8 150
2 138
5 41
2 952
10 756
9 401
6 466
5 588
4 246
5 636
8 471
10 576
4 446
6 663
7 333
4 325
7 969
9 365
8 530
9 192
4 95
5 217
7 981
5 458
6 935
9 601
5 301
6 962
8 651
4 969
7 688
3 172
4 111
7 371
6 558
2 631
9 508
4 270
7 6
9 420
3 176
8 700
9 198
8 576
10 640
7 890
10 545
2 41
7 655
5 1
7 327
6 571
4 833
5 28
3 923
7 486
6 821
4 632
10 201
6 573
5 106
10 225
6 582
10 11
3 30
7 804
5 645
9 896
7 921
3 374
2 76
6 999
6 399
4 268
3 840
2 497
7 362
4 302
5 340
10 182
10 678
10 783
6 66
5 505
10 307
3 536
8 92
2 632
10 167
4 147
10 446
9 9
8 70
5 105
8 977
5 484
6 978
5 330
10 298
4 735
10 419
5 692
9 807
8 59
7 929
5 37
2 555
6 888
9 358
8 388
9 984
8 694
10 492
6 710
7 563
4 100
10 69
10 199
9 469
3 554
3 817
7 126
4 990
5 351
9 359
2 387
7 612
3 10
5 809
3 248
4 870
10 707
9 845
7 520
2 869
9 65
7 370
8 763
2 909
5 60
9 854
8 316
10 232
9 275
5 102
10 766
3 928
5 617
4 84
4 440
5 916
2 343
2 401
7 999
5 221
6 283
3 859
5 598
9 981
10 485
8 101
7 409
5 429
4 154
7 515
8 170
3 453
9 71
10 972
8 869
10 482
2 973
10 456
8 138
3 149
