1000 1000 5
832 292 205 215 320 435 731 671 277 200 201 193 581 606 306 67 869 313 540 248 369 759 372 829 54 882 475 760 625 887 935 96 500 918 729 252 835 822 585 133 732 8 167 574 865 148 130 323 339 431 610 616 224 692 308 331 889 127 382 33 354 15 119 526 353 457 656 870 565 719 761 844 866 706 223 79 288 103 811 198 77 634 196 450 695 114 792 82 647 893 588 396 902 505 632 947 472 986 952 548 176 430 415 138 745 796 821 847 660 7 135 69 653 926 910 245 537 486 853 250 776 751 242 737 112 3 979 41 819 504 461 946 525 736 596 845 561 816 290 91 558 707 557 237 974 501 529 506 140 89 190 143 44 808 502 712 817 546 376 675 520 338 855 62 453 575 5 316 22 899 911 466 649 510 807 794 727 966 514 836 939 988 410 144 463 730 304 993 545 357 218 945 398 80 437 989 940 301 556 999 432 345 532 839 347 627 954 982 871 225 823 32 106 194 341 570 26 433 212 931 264 186 775 764 240 617 297 626 992 18 485 469 253 881 126 480 527 987 838 267 169 418 592 700 722 468 471 930 74 772 255 758 615 448 589 886 685 612 756 326 846 577 340 204 342 13 876 567 713 587 657 235 191 753 71 898 833 226 20 120 990 257 379 495 402 232 564 88 687 474 909 333 284 879 465 778 455 113 23 72 923 420 957 622 723 654 330 721 440 401 452 434 864 769 826 969 803 552 901 246 336 642 165 967 996 905 214 824 883 53 378 73 188 177 628 681 609 849 270 294 590 604 476 318 416 583 317 172 87 271 968 984 217 100 915 429 962 147 572 747 104 831 94 603 81 936 497 837 83 914 99 873 725 953 921 611 848 285 70 698 648 137 797 983 970 538 31 971 259 856 136 602 801 523 554 608 956 666 600 185 571 2 385 995 531 57 906 355 665 684 36 843 682 850 278 309 411 85 303 963 132 459 149 111 59 314 708 55 631 842 964 661 528 867 912 771 605 337 481 274 230 559 173 380 207 895 768 937 343 806 219 158 790 249 933 311 61 924 591 391 363 728 157 597 670 305 978 256 325 348 782 621 141 269 659 183 441 287 63 423 872 878 802 387 321 275 180 464 512 757 129 27 516 187 735 373 175 388 998 880 644 676 1 825 350 888 286 664 749 454 42 705 780 991 586 329 209 573 155 48 40 381 691 724 322 335 765 800 404 524 12 163 92 828 365 477 115 349 86 925 293 426 578 961 544 479 518 75 30 950 547 563 324 68 535 408 789 125 859 507 718 748 795 638 932 272 56 145 854 399 184 142 840 118 312 781 21 460 786 174 858 84 783 489 620 211 555 417 273 419 283 263 206 851 891 107 370 66 598 779 827 282 443 403 568 960 904 928 422 222 97 773 397 877 599 499 515 693 407 958 156 943 788 421 818 521 652 374 551 539 677 171 1000 51 405 178 244 162 857 400 93 543 689 220 793 6 820 569 296 39 997 496 11 487 965 934 908 720 513 618 289 494 584 146 630 268 384 944 715 624 917 49 390 733 122 601 228 553 641 763 913 456 498 595 192 784 243 655 358 76 742 166 517 533 483 197 683 744 812 458 542 770 613 678 741 427 351 389 300 550 43 117 78 438 593 868 673 199 359 814 344 35 536 258 860 890 576 319 815 672 4 645 234 251 519 813 10 462 875 643 181 492 152 34 231 694 959 703 716 254 980 841 668 139 153 266 46 203 852 364 711 976 560 386 734 493 202 938 409 667 949 614 470 619 64 19 315 134 216 805 739 482 885 834 503 636 541 674 951 787 697 334 37 260 488 24 942 511 280 791 368 182 623 478 975 508 862 726 442 863 907 446 580 90 414 903 261 750 310 650 894 60 658 534 562 709 164 299 566 123 14 229 161 696 804 375 428 302 102 210 449 58 151 445 29 406 50 227 221 327 265 154 362 639 897 425 994 579 690 110 746 366 168 977 530 686 116 985 766 436 809 973 25 777 367 444 346 892 295 927 662 195 262 490 16 798 291 941 679 332 799 328 238 916 710 637 279 594 785 704 699 213 767 360 394 640 383 109 189 95 754 874 680 65 633 52 467 607 395 900 635 522 38 948 922 236 755 298 121 247 920 170 743 762 549 377 208 281 861 929 484 47 752 412 981 646 413 307 509 955 101 393 233 131 28 124 392 810 150 98 582 473 160 972 17 830 276 714 241 688 105 128 884 651 239 669 896 774 45 371 740 701 356 451 352 439 629 361 663 108 702 179 919 424 9 738 717 491 447 159 
171 825
54 301
158 805
92 451
13 780
346 861
191 755
82 528
144 641
74 790
400 487
761 906
140 405
431 834
456 946
29 294
21 54
201 211
426 936
160 200
260 872
344 858
459 742
570 890
264 567
504 548
203 209
72 216
723 790
71 496
211 889
595 605
417 619
556 837
151 946
416 522
666 826
586 618
283 912
134 687
119 768
24 69
505 911
137 357
643 891
129 490
139 887
186 480
588 930
605 684
970 981
468 708
317 622
507 717
135 881
107 842
61 603
528 794
401 739
137 309
613 668
655 891
391 564
24 379
17 289
90 997
178 211
372 587
254 264
447 813
392 505
210 344
642 840
510 862
592 912
581 716
59 742
343 576
195 380
845 845
870 921
19 45
148 566
404 606
91 492
377 695
213 465
208 902
574 767
7 91
581 685
613 649
861 962
53 865
401 783
513 518
244 337
368 591
238 904
194 844
31 134
691 722
71 806
276 413
266 584
186 770
10 786
20 762
578 639
111 598
456 995
30 892
730 858
147 958
610 655
567 878
32 712
461 637
244 380
173 341
11 53
320 539
640 806
121 471
452 477
377 842
90 176
16 141
609 796
195 565
411 946
154 612
278 523
57 879
399 791
518 892
200 681
88 622
190 680
155 729
474 876
539 832
904 915
744 845
214 785
237 541
151 680
437 557
17 318
24 237
160 368
519 672
666 672
347 666
356 818
368 619
84 701
356 559
122 863
596 864
250 770
100 142
697 943
537 574
425 994
793 842
21 408
217 450
353 803
369 824
227 378
149 696
671 939
164 359
173 605
243 902
773 947
84 906
131 895
582 818
197 607
712 738
480 886
156 785
659 701
617 888
505 979
346 958
275 909
649 819
729 861
56 189
867 868
334 824
817 945
278 389
24 826
763 790
559 858
384 726
746 747
115 850
600 746
102 263
87 315
610 867
6 487
256 863
400 975
329 546
599 707
173 539
19 579
428 892
652 925
685 880
202 666
359 687
72 496
128 734
685 925
622 720
924 941
783 872
332 996
482 778
386 872
480 615
216 943
268 923
981 998
113 578
619 856
44 775
102 103
122 262
37 492
22 59
123 940
309 425
429 461
55 210
911 913
270 402
91 538
139 156
533 604
321 542
751 773
20 561
192 730
168 581
573 982
882 889
476 813
342 957
130 677
328 739
100 562
336 957
229 948
172 420
408 531
208 617
117 874
29 590
613 912
684 689
45 119
317 400
32 621
802 949
153 275
173 660
624 644
30 534
457 657
212 588
70 881
200 738
293 543
141 144
120 385
308 515
79 427
134 851
134 512
144 640
103 380
729 835
88 961
191 197
213 220
374 724
343 545
296 864
90 766
21 367
506 681
458 809
166 479
193 506
15 883
680 712
25 586
328 619
216 805
220 444
432 533
323 632
353 410
2 748
242 525
131 972
19 794
3 630
601 885
20 428
304 649
509 746
121 476
394 876
196 988
41 772
386 604
251 658
602 744
20 398
247 408
124 866
89 445
227 847
717 895
665 978
22 941
29 855
681 919
107 635
638 669
726 760
397 464
765 954
509 735
77 95
168 353
31 948
615 728
94 176
205 778
540 852
260 966
214 570
163 529
425 513
715 890
505 655
413 732
1 369
225 985
171 841
107 633
160 291
237 905
76 119
425 511
683 714
87 92
472 513
508 813
429 925
83 660
122 186
576 675
597 616
552 818
464 771
23 42
158 465
539 746
267 552
490 996
6 43
75 868
721 792
35 277
768 783
599 785
59 337
844 886
682 838
202 797
158 971
225 701
239 624
678 750
154 715
331 927
830 977
86 393
146 774
221 947
42 343
459 789
763 883
136 678
264 365
177 870
800 940
141 760
643 802
82 825
132 238
486 764
115 234
305 586
112 941
106 128
244 922
882 942
625 721
307 500
475 622
21 52
3 411
488 614
77 714
389 811
48 521
501 644
191 764
221 509
143 305
123 410
279 688
28 251
386 622
30 200
105 980
152 864
507 980
940 987
202 955
324 609
376 867
632 900
250 576
26 826
546 695
703 763
333 896
202 491
15 426
180 494
543 899
112 378
116 938
240 843
270 754
420 917
563 900
48 494
237 988
480 849
55 506
134 673
591 953
117 871
615 828
44 904
660 883
777 942
509 766
523 892
252 450
451 874
608 685
617 667
571 605
235 839
352 872
78 705
283 748
614 915
83 494
182 981
307 986
359 481
56 942
758 927
52 605
278 905
80 478
389 858
2 927
927 983
115 601
327 360
236 407
115 178
339 590
110 769
167 956
196 400
932 973
74 722
434 824
334 779
326 515
91 974
170 927
206 833
592 784
608 889
132 191
99 535
325 326
846 956
21 204
438 741
232 433
145 884
285 504
33 587
302 952
277 930
83 366
11 94
316 358
85 712
394 845
126 223
476 571
6 466
335 449
15 839
339 605
162 645
200 334
310 646
168 269
42 785
38 549
81 982
60 709
93 989
390 465
136 176
472 550
103 782
141 601
398 702
666 802
701 765
40 866
329 892
212 580
28 961
753 882
215 331
153 502
48 480
35 361
181 661
212 796
428 747
236 410
186 516
655 769
506 909
582 662
282 371
147 562
111 484
129 517
86 776
699 849
505 878
659 955
405 695
406 486
14 768
198 224
571 856
57 768
225 820
310 331
417 451
137 506
484 747
59 972
64 335
421 770
376 432
328 459
68 624
407 450
285 614
28 338
594 985
256 657
147 674
216 810
682 712
766 975
304 785
443 759
391 829
709 843
21 853
315 570
414 887
243 375
387 634
318 449
228 986
329 359
65 821
83 933
353 552
101 644
272 535
39 518
623 907
134 834
246 784
620 623
333 719
902 975
599 726
462 674
397 529
394 819
142 850
269 326
207 239
470 617
628 704
596 659
313 836
91 603
410 457
291 363
84 600
14 84
180 718
366 452
490 566
526 715
161 410
903 995
51 623
157 642
364 457
324 431
463 876
614 901
280 841
174 264
115 495
288 521
75 593
906 937
217 500
65 521
294 371
924 970
63 167
281 321
356 688
125 378
720 949
620 658
427 710
615 826
66 253
84 912
502 741
25 588
92 915
613 749
681 774
250 827
344 482
394 884
192 488
340 671
765 925
247 807
185 753
582 923
539 978
310 394
53 787
345 567
171 456
22 115
420 851
420 981
169 380
655 951
381 868
299 413
867 927
686 760
98 827
313 685
843 902
543 896
42 544
113 314
154 273
237 536
317 803
162 952
506 661
6 114
804 916
815 822
986 995
71 741
670 738
633 645
639 822
94 210
86 437
145 853
54 576
431 466
101 982
321 438
598 995
524 664
268 401
350 460
610 626
754 823
70 240
85 222
694 803
79 781
171 356
506 559
193 412
319 572
472 910
514 822
757 821
54 277
510 841
822 963
659 723
341 974
129 563
398 798
143 452
39 618
385 776
60 465
146 253
211 223
166 830
742 935
15 75
765 903
424 670
187 380
527 558
738 771
71 461
179 711
153 724
198 651
36 94
150 419
914 987
368 529
462 669
109 963
552 618
319 760
70 836
497 500
364 625
162 626
365 816
462 630
138 700
9 499
443 995
457 693
333 576
459 554
571 943
440 662
748 789
104 565
675 802
825 851
284 765
266 352
213 691
539 959
239 416
115 958
512 873
375 837
524 845
477 732
417 763
554 559
71 216
397 672
795 1000
809 850
487 715
20 434
270 767
38 832
306 573
12 661
31 771
440 553
158 210
408 794
393 445
95 113
99 331
224 984
264 808
77 758
41 875
593 688
225 440
234 419
230 441
495 699
674 756
509 522
876 959
52 189
521 594
73 714
278 764
79 694
297 825
326 525
506 913
21 52
176 241
173 955
106 996
141 217
375 786
299 482
428 486
182 386
515 957
198 277
282 445
46 398
206 700
290 290
676 793
564 773
218 911
29 307
459 465
70 270
72 721
108 192
48 844
61 888
560 727
507 916
132 183
188 706
176 582
10 179
515 991
218 884
71 643
68 474
331 630
243 370
185 782
230 637
143 449
238 673
354 726
124 420
187 203
666 728
347 581
269 336
510 909
574 589
613 920
351 719
86 401
180 997
238 532
461 597
346 479
354 622
526 987
734 847
344 569
81 823
108 700
82 669
125 506
482 588
213 876
706 769
129 250
120 598
154 976
278 933
283 490
234 262
36 128
725 938
302 381
332 581
457 475
145 464
831 952
119 247
212 748
412 425
108 786
400 431
464 959
366 517
139 857
462 584
236 445
887 933
10 707
84 656
131 548
263 892
709 949
301 896
272 894
478 821
227 743
307 646
676 958
126 805
393 806
449 978
19 907
224 782
149 953
413 444
384 487
564 794
316 796
293 798
820 826
73 852
176 509
458 740
116 238
382 894
545 683
393 645
746 859
711 989
239 599
130 976
787 921
112 369
292 925
264 447
46 595
242 906
273 685
104 956
99 526
237 984
755 787
216 750
630 936
418 565
168 669
251 297
640 894
491 825
69 585
191 219
282 858
369 950
441 719
476 698
49 274
754 757
311 499
537 597
