1000 1000 5
982 536 962 125 102 639 496 811 362 859 573 752 433 912 193 645 659 560 44 532 796 116 229 242 805 524 712 252 766 515 338 547 729 473 533 285 361 985 643 411 627 556 248 45 491 1 279 792 771 706 807 950 673 157 624 588 960 572 937 548 656 789 324 525 421 666 295 528 484 705 952 111 108 793 689 224 23 482 298 839 216 290 221 500 449 544 245 486 69 662 465 606 304 852 485 605 273 636 743 225 769 68 17 680 314 709 826 393 488 206 10 953 498 742 85 209 213 359 708 724 316 176 168 619 347 800 67 747 584 903 911 101 599 557 674 610 576 964 360 243 322 327 409 505 947 765 585 483 934 94 2 735 181 79 429 297 83 863 972 371 394 633 853 892 822 309 821 34 980 257 575 574 760 808 250 817 292 563 559 704 517 383 720 579 510 938 300 376 632 736 519 380 64 531 312 739 187 879 642 944 419 306 555 623 170 762 819 418 591 653 840 507 464 887 898 92 842 115 363 494 613 335 733 907 986 918 865 219 145 126 158 479 26 609 350 12 671 873 200 612 28 217 565 657 956 716 205 618 77 504 815 328 602 518 802 197 231 943 695 456 688 995 568 385 98 169 567 993 523 801 870 718 387 166 715 553 834 63 897 698 326 812 408 487 315 194 692 740 958 595 375 646 466 453 738 282 284 71 694 837 425 405 781 303 761 489 308 827 522 440 435 235 939 410 783 274 19 615 9 862 144 640 66 130 732 977 396 407 955 608 795 357 841 251 919 699 650 534 830 537 583 103 998 128 80 969 626 710 24 364 664 758 549 506 175 455 132 652 468 341 946 913 211 368 60 55 93 770 922 162 596 734 40 460 744 49 641 893 444 999 70 156 220 140 590 263 994 223 349 377 991 234 625 344 109 691 72 890 355 214 679 124 967 772 29 81 535 441 415 856 631 275 445 329 277 901 439 356 929 835 42 797 774 379 6 924 681 260 365 59 150 669 554 478 833 470 240 920 860 384 254 700 655 511 676 787 727 265 914 546 843 959 280 232 539 983 413 114 476 139 262 398 406 759 196 167 711 151 949 886 550 981 469 54 281 869 307 397 855 857 961 22 31 30 773 882 121 499 690 62 477 696 668 755 388 104 164 142 278 818 218 836 354 915 299 776 592 246 56 686 269 195 867 551 37 832 378 932 427 530 970 305 179 374 459 226 678 971 809 963 402 508 336 803 905 764 129 222 895 452 152 389 721 935 113 561 984 353 412 58 233 581 926 527 46 47 147 403 86 564 854 597 756 910 163 570 598 318 266 779 461 684 148 48 186 868 401 203 611 138 417 454 446 661 249 966 3 372 751 685 323 714 337 391 73 757 933 885 165 512 900 189 878 480 829 621 332 267 957 707 492 291 261 930 850 286 538 241 614 204 858 931 43 141 311 516 654 889 346 719 210 399 13 894 784 177 21 198 824 296 902 382 973 604 665 467 651 794 741 352 255 159 188 268 35 14 846 97 236 594 178 702 503 105 569 106 321 777 369 149 713 395 737 725 543 450 287 566 545 471 647 928 160 904 635 386 663 432 541 844 630 975 370 748 120 390 601 637 65 798 617 212 989 18 940 414 447 790 847 586 660 644 131 127 238 310 11 400 430 514 552 57 849 871 215 992 227 717 749 649 745 906 582 502 951 775 331 896 191 693 475 237 171 259 990 788 88 616 442 437 426 780 27 271 247 293 778 965 490 474 192 988 431 816 428 831 39 495 891 580 53 577 493 33 99 325 133 345 136 883 319 451 923 50 936 264 381 723 1000 987 520 95 313 763 84 658 119 948 173 276 107 463 230 443 416 628 909 925 607 137 366 753 823 343 342 672 272 184 199 74 880 806 942 87 529 884 15 185 881 730 838 404 828 434 786 521 875 458 52 283 154 845 155 25 979 782 143 146 701 270 877 620 767 954 872 558 629 634 509 340 697 348 945 301 253 258 921 600 367 726 526 768 330 208 603 481 38 916 302 874 562 648 96 7 424 153 513 687 501 117 851 675 462 244 123 32 683 750 320 256 190 785 825 810 728 51 571 682 866 358 392 36 82 334 864 228 848 899 110 622 41 497 61 76 589 420 339 373 5 351 472 908 207 436 112 423 540 996 941 791 722 4 78 861 135 731 201 754 317 91 968 917 118 90 89 122 703 974 820 746 202 448 813 799 180 288 239 814 978 677 578 638 593 8 438 422 457 174 976 289 100 75 182 997 667 294 333 888 804 587 876 927 670 134 172 542 183 16 20 161 
2 296
13 741
689 701
404 799
91 95
519 634
340 708
708 810
121 224
116 266
365 802
521 633
443 686
524 933
21 362
587 860
391 547
104 201
720 727
102 363
17 979
240 580
269 773
354 768
333 501
124 141
240 700
395 554
617 810
810 899
192 485
36 241
46 108
300 838
579 660
761 948
140 176
271 445
595 604
340 419
65 420
24 882
655 748
125 355
638 839
208 382
964 994
551 552
468 1000
118 812
585 869
17 183
831 996
580 700
216 960
671 897
19 735
18 876
101 851
247 585
433 923
655 860
331 568
399 788
643 788
609 636
179 475
480 675
101 906
488 650
467 499
81 323
29 564
466 833
692 778
237 347
81 864
13 608
500 544
235 743
785 988
517 842
740 921
202 307
54 618
702 930
163 659
10 761
412 718
954 958
881 914
8 22
760 771
241 451
75 126
550 558
838 879
359 916
491 682
168 981
180 564
224 836
82 97
543 885
171 586
462 944
9 936
747 906
788 808
318 682
619 734
523 870
203 620
949 995
688 996
805 807
18 155
677 991
29 471
436 884
257 481
104 374
663 766
632 713
112 986
473 832
298 916
295 842
116 407
85 416
129 898
409 817
370 879
508 918
26 790
255 856
53 315
44 729
318 852
295 733
965 994
545 701
467 900
495 868
78 969
310 493
211 695
333 634
402 960
426 754
374 891
322 791
136 680
824 998
259 557
59 212
157 812
169 783
646 853
592 920
203 228
133 294
817 936
571 959
732 742
194 913
587 962
363 531
520 762
746 965
472 948
493 634
363 663
159 881
528 803
329 879
92 252
142 684
43 901
41 220
304 807
251 707
279 894
388 818
179 659
72 802
566 579
862 977
213 611
292 480
123 797
305 795
632 859
155 865
129 222
176 886
231 906
705 806
343 402
592 696
235 889
706 828
146 196
741 857
223 868
367 767
4 188
549 933
78 834
324 809
67 650
67 652
75 911
538 955
340 637
13 481
259 321
39 523
441 633
251 298
161 573
396 663
44 63
439 932
167 352
385 935
297 522
59 907
301 660
407 409
66 547
96 407
23 495
487 831
472 734
590 963
218 467
25 181
597 599
18 717
66 885
77 303
366 475
135 893
10 84
216 894
697 804
609 729
643 871
89 492
91 775
736 924
232 450
248 934
652 971
220 505
273 521
494 570
705 990
625 920
404 956
681 745
380 908
394 655
25 526
96 516
184 406
126 513
764 802
145 865
865 957
376 840
188 938
607 774
307 626
432 981
5 763
132 936
53 442
160 169
751 895
277 815
37 142
457 751
74 437
479 492
225 873
659 905
534 598
74 681
586 626
223 416
200 391
152 833
685 758
335 566
600 783
54 670
25 277
364 676
242 788
879 884
615 939
292 487
375 725
110 453
157 524
261 764
304 506
502 654
803 984
226 370
623 827
80 245
20 949
416 807
430 469
320 709
734 894
123 466
431 688
81 817
44 323
505 816
86 287
166 502
158 359
276 530
109 226
142 594
796 890
20 81
5 297
273 404
176 923
143 299
307 535
135 140
397 999
16 377
289 804
655 746
12 416
325 941
548 618
539 672
117 779
33 401
106 117
369 586
330 980
70 900
283 749
303 927
380 550
396 499
194 928
25 89
423 992
469 500
657 910
45 914
489 827
287 950
324 890
99 105
170 771
700 825
531 717
305 871
118 880
365 535
730 988
853 971
192 982
427 969
249 553
126 783
475 749
164 244
351 811
43 304
450 558
126 517
375 546
113 906
527 677
42 694
421 674
97 635
38 466
135 538
402 532
338 368
456 546
150 179
551 974
582 745
586 740
324 488
602 915
659 956
32 377
116 959
732 987
97 890
571 740
350 531
490 874
287 362
10 595
306 800
360 733
340 700
176 641
18 221
292 309
372 633
207 911
394 986
599 645
302 395
12 749
664 692
155 905
155 366
734 818
527 730
341 654
64 732
89 878
352 501
87 226
71 644
25 913
157 912
325 642
429 717
117 778
509 573
471 855
213 381
329 906
578 749
246 681
386 476
187 646
216 247
376 514
332 358
232 511
541 895
761 991
217 432
643 678
231 300
820 982
396 855
122 955
547 657
399 753
224 302
728 847
470 965
237 600
47 315
675 832
346 993
677 890
886 975
105 111
485 873
167 529
101 568
298 774
580 987
319 490
115 839
28 893
565 917
319 515
266 312
642 669
38 938
260 616
599 630
129 728
471 701
318 465
289 383
250 600
190 324
173 353
382 653
348 819
388 719
668 853
113 563
94 406
279 829
650 668
614 772
519 807
368 934
7 939
280 292
242 834
27 833
201 913
107 502
403 773
108 124
519 962
575 600
221 603
257 582
138 893
80 300
397 412
465 561
10 82
677 956
218 764
536 836
606 805
213 559
758 928
436 523
397 630
686 860
508 792
10 287
63 262
7 508
126 623
377 664
169 913
126 641
29 107
300 935
639 652
156 807
210 485
485 629
281 367
477 737
271 545
136 194
66 407
865 878
352 423
212 855
775 882
81 596
819 927
275 614
78 954
185 998
73 539
22 450
99 458
93 230
33 259
673 992
229 694
128 144
623 918
332 372
67 511
149 264
568 947
550 640
153 561
277 804
540 802
33 263
636 977
386 583
106 413
597 690
268 352
597 897
210 523
479 792
639 926
556 794
300 721
261 454
625 826
76 714
54 140
8 491
277 731
46 386
245 614
655 710
10 671
395 822
565 885
137 208
528 682
240 502
668 738
547 673
18 744
18 312
234 745
719 762
4 727
537 638
29 209
622 931
52 673
34 470
206 613
205 946
17 656
52 213
859 989
394 565
180 251
509 764
488 656
486 572
14 98
708 980
49 336
285 335
378 861
211 393
421 651
145 487
177 272
678 702
254 443
409 486
231 883
382 928
225 712
30 39
72 208
51 287
316 353
155 507
203 539
451 498
15 458
300 383
215 389
244 956
366 435
576 766
240 258
260 587
449 492
41 427
421 812
857 891
604 651
217 438
710 917
466 993
229 928
206 947
108 428
888 900
911 972
580 593
390 522
560 758
269 809
410 820
317 992
76 883
502 612
201 325
349 505
44 962
862 967
308 534
72 910
705 761
468 992
257 417
419 761
544 722
912 922
155 359
355 751
348 383
472 613
57 332
577 606
415 695
165 828
22 247
507 739
32 401
393 763
82 539
713 821
673 817
217 281
399 499
180 684
52 493
152 424
449 930
828 955
20 526
95 466
295 309
293 907
420 724
283 346
148 756
71 935
841 902
125 873
125 855
116 509
45 481
460 566
400 415
265 283
627 650
470 936
208 597
719 797
117 356
106 835
247 724
799 861
152 273
250 812
587 653
15 517
61 768
20 264
321 809
331 683
256 491
638 935
178 304
892 917
299 478
129 524
42 105
471 497
192 768
425 560
481 703
85 444
400 852
470 760
399 685
572 947
124 930
766 915
470 723
114 543
71 532
525 904
413 837
632 801
374 581
395 471
207 988
594 766
329 755
16 760
42 507
176 558
415 600
84 757
139 312
575 931
464 750
103 471
113 936
562 567
68 368
654 783
1 911
175 769
594 668
366 413
49 140
153 281
244 687
813 991
71 417
51 555
670 852
136 982
222 272
185 813
161 521
320 684
242 919
7 387
288 992
181 640
93 687
629 799
347 643
41 386
48 440
126 718
117 346
49 684
567 923
136 881
55 797
107 796
693 792
102 432
478 502
609 749
253 564
2 626
226 706
598 769
142 677
351 555
75 849
243 419
385 813
710 788
706 961
69 273
24 51
489 964
628 827
130 518
786 803
384 897
68 780
390 455
458 878
247 500
73 834
204 505
240 647
66 559
28 932
161 169
337 579
258 546
24 964
158 659
52 909
208 998
151 465
319 338
348 965
606 888
61 141
46 974
926 930
150 695
186 862
322 655
136 736
106 708
84 262
95 700
233 586
232 551
171 594
28 436
94 879
583 956
126 428
31 508
77 274
570 678
527 911
575 621
648 879
138 976
208 736
56 252
439 565
773 962
65 710
406 556
823 972
328 817
788 799
769 850
365 673
203 982
185 472
145 857
542 642
368 463
692 996
33 692
572 736
196 920
97 518
234 951
78 830
654 956
677 808
11 327
374 926
33 614
248 560
256 725
414 687
662 768
113 319
285 929
832 875
104 216
18 649
126 909
357 803
110 222
801 975
156 492
169 303
15 644
133 192
504 779
790 927
533 715
88 666
53 690
688 976
621 916
141 895
208 242
55 528
17 31
396 615
441 702
162 217
684 897
664 855
26 139
350 841
133 286
80 564
151 769
16 509
466 830
33 48
28 440
73 160
367 463
259 437
102 272
466 491
170 244
269 384
78 605
621 782
505 911
409 870
145 704
111 314
44 649
751 989
230 700
450 827
885 897
314 900
586 946
808 894
412 472
397 850
36 193
551 564
563 716
231 395
189 852
101 278
497 967
447 597
203 577
419 722
365 515
170 338
244 671
297 692
36 323
369 639
628 903
142 737
484 668
552 983
75 966
220 439
39 569
145 224
197 565
528 672
