1000 1000 5
935 618 39 130 233 137 622 443 296 385 876 480 371 611 8 657 55 496 895 715 900 431 260 941 646 411 246 683 903 689 641 257 186 525 3 717 422 432 206 512 33 636 297 393 202 699 221 587 207 252 894 312 313 557 831 697 756 559 250 945 751 344 619 4 427 859 235 700 200 750 320 286 937 92 681 701 282 145 570 127 140 195 88 613 768 782 670 511 426 531 821 837 863 850 807 471 799 695 814 227 607 234 119 998 359 183 263 353 324 416 274 253 879 245 654 891 908 952 341 357 803 977 915 939 469 318 825 148 163 98 809 169 597 655 513 25 707 696 486 409 475 173 143 591 90 490 637 441 56 458 774 887 177 777 280 214 204 567 975 472 30 568 521 951 18 813 995 577 861 501 503 596 68 817 719 772 827 968 29 816 453 874 574 381 554 153 406 947 663 954 256 198 373 152 924 22 42 994 642 630 267 398 70 661 60 922 801 866 376 89 400 349 971 830 532 854 880 123 820 292 491 624 82 27 576 379 159 100 505 508 868 872 392 721 367 329 387 938 839 161 805 355 494 892 1 651 332 996 950 909 510 522 984 802 729 41 862 791 389 126 433 685 86 920 410 193 956 149 120 191 764 146 638 290 710 35 693 788 331 639 711 527 790 598 147 203 533 540 261 869 142 211 620 449 459 946 424 660 133 677 754 676 684 959 873 526 129 362 347 543 982 295 404 594 645 216 678 11 553 95 829 625 285 857 420 180 6 852 565 667 650 396 118 558 335 184 705 139 979 509 718 530 36 343 928 251 999 465 158 208 519 461 884 305 765 575 626 929 780 795 806 51 479 110 580 238 725 990 115 440 652 963 493 853 960 451 673 363 848 664 429 372 247 913 83 734 272 703 506 912 906 815 394 944 824 572 942 237 917 759 306 590 535 838 834 407 125 925 760 328 136 38 230 599 287 76 616 368 354 415 248 58 342 918 910 905 499 278 444 593 586 269 694 243 384 116 985 225 131 808 304 923 551 564 716 205 832 24 628 476 921 77 589 12 291 713 283 898 752 784 47 899 43 897 423 847 581 437 492 775 603 370 748 953 746 289 258 439 40 851 114 242 138 101 474 781 383 26 949 712 612 757 961 957 986 401 405 500 656 634 48 601 78 135 720 71 793 643 483 99 647 931 262 785 855 534 758 14 893 414 194 547 456 106 81 732 96 518 972 402 241 310 366 722 877 340 686 560 391 783 103 738 239 112 617 9 485 747 360 544 259 787 991 170 904 270 213 735 969 464 538 293 671 319 244 452 128 632 468 23 181 254 294 669 232 309 226 93 487 337 178 856 361 66 53 20 504 545 327 552 692 682 583 687 386 948 91 769 916 860 706 844 2 16 755 421 889 72 736 323 885 109 212 317 356 724 835 345 615 425 157 428 797 930 819 333 955 460 489 563 215 502 962 933 84 562 779 229 37 217 828 210 57 691 555 588 529 849 883 13 134 473 582 302 346 412 728 733 377 364 322 662 281 303 901 167 168 770 154 94 727 7 351 648 679 105 926 314 445 600 271 934 67 556 219 32 316 571 49 539 888 537 104 771 878 528 45 614 520 388 299 74 875 288 209 218 5 507 585 307 80 446 886 403 111 936 413 338 621 408 865 54 592 812 987 569 653 462 845 789 714 902 516 823 658 871 749 79 981 279 498 228 350 395 85 166 113 61 649 165 517 418 397 578 610 117 358 52 515 50 740 463 762 548 339 417 846 666 606 739 199 10 124 627 434 881 911 300 176 222 927 742 201 63 62 171 107 595 726 87 914 190 276 761 265 993 605 224 970 273 64 150 659 419 672 882 65 249 192 223 311 455 822 284 723 744 608 680 730 584 435 640 495 164 524 541 514 753 579 97 602 763 236 810 315 470 665 988 542 702 308 940 277 690 976 436 989 448 635 688 997 536 21 731 15 633 992 447 766 196 44 840 482 189 336 467 160 631 481 179 488 132 767 773 644 174 550 604 974 778 187 983 796 28 867 629 484 698 675 890 668 321 19 919 155 121 477 73 804 264 573 430 870 31 330 958 932 965 325 561 811 17 141 980 776 156 497 786 973 188 390 255 798 75 836 858 197 466 833 182 546 69 826 745 334 34 231 442 708 144 1000 978 365 743 623 348 674 842 457 382 864 220 967 523 380 450 162 454 102 704 326 298 907 275 59 108 151 478 369 175 375 46 399 792 943 566 301 964 374 378 266 438 185 966 896 737 609 818 268 122 549 240 800 794 709 741 841 843 352 172 
731 986
493 853
540 626
72 210
138 370
487 935
298 913
107 229
315 509
471 845
456 602
255 910
124 419
191 690
440 563
325 507
261 651
612 948
641 922
121 270
448 775
341 681
55 73
503 772
56 875
266 491
548 666
446 734
595 743
72 345
534 825
9 984
688 704
195 445
857 889
162 673
660 873
53 478
605 664
377 919
416 918
196 611
594 933
281 657
104 159
139 524
314 656
611 763
669 907
216 544
371 989
145 246
633 661
792 830
325 430
805 909
278 736
202 585
343 869
95 505
150 593
399 732
195 642
181 954
10 700
334 749
387 647
247 659
332 861
518 824
87 610
341 801
690 795
183 368
179 371
372 400
328 633
90 618
557 629
15 173
482 856
258 276
43 116
61 383
72 373
419 768
171 332
431 751
44 670
28 218
24 788
308 597
696 934
261 396
887 952
4 976
157 999
629 630
531 590
413 962
778 948
160 565
141 433
102 404
628 875
347 666
275 755
593 763
771 914
286 407
168 371
470 472
39 958
785 992
300 532
586 694
41 494
455 518
692 914
134 331
102 770
316 362
856 909
90 310
423 470
779 818
130 271
388 961
544 837
755 766
111 156
64 752
209 627
893 894
402 883
60 726
46 331
39 473
26 78
19 359
329 616
455 613
547 908
405 978
305 585
29 733
147 711
18 838
379 504
615 855
582 942
592 983
101 763
67 561
37 323
635 984
218 677
224 487
713 852
189 647
203 363
70 382
692 874
85 259
84 376
230 705
294 311
507 573
57 812
629 884
153 986
326 431
45 978
749 764
222 597
251 930
338 710
338 351
642 772
276 627
218 893
352 580
459 802
383 613
723 806
612 724
45 767
509 592
649 953
95 736
452 686
111 385
279 618
391 782
156 959
275 794
398 440
846 889
162 293
432 660
62 908
286 353
415 857
343 534
120 311
712 994
375 451
406 906
247 258
269 487
436 776
186 264
24 982
439 944
251 494
146 365
62 717
429 452
31 379
468 681
59 779
262 758
282 575
10 679
348 442
180 784
27 678
606 730
822 851
430 935
181 965
132 250
531 607
70 517
13 858
640 787
839 842
593 737
552 578
798 882
416 947
273 660
693 965
170 522
608 813
481 527
168 572
461 674
709 978
30 705
136 233
331 734
492 545
649 692
146 920
823 882
34 627
6 706
122 774
315 477
412 721
89 304
511 784
161 491
23 107
508 705
78 761
218 876
361 690
135 696
415 971
419 611
476 642
762 962
457 777
747 840
98 580
636 730
352 826
47 606
654 975
364 616
368 609
542 845
266 827
98 228
604 663
637 729
226 234
86 915
166 851
436 809
376 850
145 849
221 528
217 783
63 878
690 754
325 452
390 873
72 751
66 591
846 871
196 838
548 558
807 985
445 672
113 822
6 395
308 871
438 619
198 578
324 655
387 466
351 868
256 395
342 792
75 728
670 833
340 693
247 590
557 859
189 438
191 617
119 771
6 498
57 764
643 951
275 749
48 624
299 520
732 890
114 627
183 771
108 741
441 994
326 802
301 572
184 296
377 784
126 247
445 487
62 315
90 198
68 279
424 476
289 326
121 271
861 963
331 507
188 624
309 683
851 894
392 917
492 564
756 837
267 791
241 324
57 837
464 834
207 238
44 246
546 558
130 191
294 559
223 945
740 931
55 314
82 133
77 628
451 586
442 550
223 228
124 527
531 537
306 900
135 206
230 667
232 916
336 347
455 836
475 787
313 921
191 647
277 552
701 794
236 626
225 254
283 459
384 894
713 872
4 506
335 788
405 820
82 220
394 425
135 767
151 364
342 496
128 221
178 758
354 363
179 320
833 860
413 540
502 785
325 801
255 291
730 838
625 762
129 978
18 272
213 988
1 67
516 526
194 966
126 685
525 569
95 278
35 544
248 857
117 936
511 926
877 987
55 997
395 475
273 436
319 947
453 482
188 719
340 898
237 274
509 814
201 215
399 876
444 548
289 450
30 603
276 743
131 960
408 997
671 940
654 822
10 278
378 534
36 587
586 690
22 994
83 254
195 728
74 75
272 428
163 460
503 723
271 332
230 762
269 489
442 942
218 549
61 753
65 635
425 831
313 751
600 766
80 631
263 968
436 872
52 795
581 776
195 214
318 893
28 525
390 838
273 607
1 4
781 895
119 506
364 860
285 457
467 764
864 963
163 403
233 518
353 369
301 464
223 445
513 649
333 960
465 1000
343 817
220 621
161 223
259 982
4 776
170 802
88 498
542 590
525 607
540 771
54 934
227 438
1 869
833 865
206 511
165 710
528 674
156 292
91 201
169 762
289 877
175 539
123 503
194 802
935 974
746 761
115 643
294 408
108 680
45 150
423 977
418 979
132 993
498 802
146 518
424 648
457 468
733 884
49 332
799 820
400 455
282 409
505 942
481 501
76 964
197 983
578 788
218 507
84 806
391 702
404 503
388 874
60 222
73 392
840 955
755 973
849 922
453 523
503 648
260 412
84 838
429 888
529 951
68 479
312 825
352 930
92 481
304 632
209 626
565 859
544 644
67 440
695 905
263 434
238 410
170 994
152 719
151 504
382 599
73 310
282 902
67 320
57 765
554 961
575 756
190 841
829 964
267 706
352 614
578 908
844 939
435 944
231 477
758 851
901 961
835 840
104 553
829 860
619 644
28 390
4 956
502 778
595 854
715 883
431 671
109 860
539 546
694 838
499 890
265 322
413 701
104 124
93 766
466 920
586 989
6 812
569 881
727 730
471 974
420 728
268 346
869 962
82 145
99 429
547 705
661 793
252 461
4 768
265 509
593 760
60 595
154 802
12 966
12 365
310 831
189 732
311 481
344 641
479 546
168 470
393 687
268 406
13 231
297 569
153 842
128 716
22 448
328 970
147 483
714 833
628 947
56 380
494 806
508 596
546 587
164 658
355 607
126 807
776 890
91 971
969 984
229 718
751 917
613 757
545 560
393 444
38 662
91 186
202 208
243 912
10 647
376 497
515 918
108 804
150 238
231 674
195 871
183 791
329 713
424 732
637 835
631 943
248 294
382 872
51 789
88 547
179 898
155 348
67 106
206 687
101 787
165 606
832 986
400 903
152 607
402 534
26 227
410 671
88 250
64 173
304 383
238 490
67 412
415 839
103 367
541 996
616 713
182 540
177 435
125 942
292 303
484 499
287 984
221 823
78 324
43 511
193 928
554 894
541 629
30 937
22 503
705 710
600 876
221 435
323 438
170 690
275 501
69 563
732 834
320 984
138 587
265 563
402 890
253 319
470 749
300 872
244 670
81 932
560 755
133 791
201 749
180 925
58 609
570 641
434 658
681 850
454 758
361 621
74 885
247 623
413 576
141 317
340 783
365 517
668 929
316 627
68 640
531 687
19 922
518 754
63 503
77 315
23 815
585 805
506 987
3 401
19 354
285 663
26 993
66 502
879 947
128 992
678 871
752 855
128 896
251 950
1 461
383 693
37 758
258 466
531 640
265 732
380 568
432 783
222 385
396 979
455 661
487 904
462 592
774 972
488 689
742 862
706 921
264 504
436 447
500 685
92 863
545 923
239 661
149 984
382 659
400 502
51 133
70 616
68 653
428 901
615 659
505 879
422 560
530 651
575 937
45 919
160 484
663 728
130 728
768 869
18 830
744 997
9 423
522 704
359 597
443 904
225 641
336 568
568 630
583 972
195 572
226 323
206 745
277 360
261 803
688 895
27 442
317 696
127 740
295 933
593 649
3 784
384 498
463 658
48 667
157 732
190 228
127 758
45 150
270 571
153 444
278 918
235 484
5 824
371 575
371 835
465 576
762 860
802 894
152 301
409 781
70 641
291 709
151 596
17 128
143 249
405 885
645 743
161 630
12 353
815 844
515 609
88 802
92 107
21 202
290 555
343 847
263 511
720 850
114 790
492 916
213 464
161 884
458 675
554 769
533 721
304 449
33 986
63 172
114 361
613 975
263 502
101 486
189 936
555 700
361 754
230 811
104 805
35 342
768 865
166 863
67 357
140 670
324 891
8 430
261 823
149 381
89 591
403 835
652 920
654 673
148 288
99 303
467 527
297 947
94 521
495 805
397 932
384 406
7 722
516 950
822 986
533 929
283 298
461 841
393 827
87 117
331 353
480 589
25 107
288 462
35 69
44 861
631 787
741 825
140 502
91 341
476 486
921 952
851 907
453 703
227 633
397 581
210 456
264 961
121 696
221 618
384 500
670 854
366 839
14 907
387 870
702 889
43 645
63 406
202 286
98 917
307 345
90 498
466 556
87 648
44 727
757 915
556 637
33 411
561 790
642 837
44 435
12 867
180 406
352 439
544 733
427 812
397 513
141 742
258 519
774 992
418 824
313 631
42 831
212 652
827 832
770 774
134 997
228 309
178 607
445 620
804 887
698 939
80 230
63 789
592 802
148 555
427 578
208 896
545 674
497 865
379 772
546 715
808 829
674 882
30 910
630 957
184 877
104 984
40 952
223 873
775 947
416 657
196 632
167 504
179 877
112 315
289 553
269 488
