100
1 5
1 22393
2 22393
4
1 28040
1 9505
1 22027
3
1 2173
4
1 16189
1 15918
1 2896
4
4
3
4
1 6654
1 8716
3
4
2 1472
3
4
4
1 2463
2 2463
2 19805
4
4
4
1 30479
1 12892
3
3
2 1
4
1 17656
2 26370
3
2 28040
3
4
4
2 6263
2 22393
1 13976
4
1 29799
2 17056
2 9505
2 8637
3
2 9505
4
3
2 11520
4
2 17656
1 26087
3
1 27752
3
3
1 23205
1 9203
3
1 31976
2 16240
4
1 24526
4
1 31583
3
1 2450
1 24435
1 13808
3
3
2 6654
1 29766
3
3
1 6033
2 10111
3
3
4
2 9505
2 2333
2 17656
2 16433
2 2896
4
2 5136
3
2 6033
3
4
1 19872
