1548008755920 2504730781961
2504730781961 4052739537881
4052739537881 6557470319842
6557470319842 10610209857723
10610209857723 17167680177565
17167680177565 27777890035288
27777890035288 44945570212853
44945570212853 72723460248141
72723460248141 117669030460994
117669030460994 190392490709135
190392490709135 308061521170129
308061521170129 498454011879264
498454011879264 806515533049393
806515533049393 1304969544928657
1304969544928657 2111485077978050
2111485077978050 3416454622906707
3416454622906707 5527939700884757
5527939700884757 8944394323791464
8944394323791464 14472334024676221
14472334024676221 23416728348467685
