4032 4947881
1921 632 6386
840 3805 6791
2155 519 1019
1238 3663 2712
3920 38 4428
3923 2272 2963
1335 1492 9677
2698 3221 9728
2132 3119 9829
598 2557 9008
3566 3605 5599
2330 2025 4413
3839 381 6298
3964 544 302
1010 1879 113
1553 3984 7106
3373 2093 5024
118 921 9192
1339 2046 4053
430 699 8022
3024 3866 7334
790 3691 886
417 1808 3720
1756 2358 9779
3472 3594 3300
93 87 4160
2180 3989 602
4011 2161 8065
2641 2869 7141
3960 3472 6486
2939 3999 3243
3898 1186 3526
583 2027 9628
2227 1085 4261
948 2732 2589
3842 2627 408
476 8 3576
163 626 2265
379 3479 135
1908 1423 9756
1707 924 7624
856 2421 2086
389 321 4168
3440 3502 3921
2380 2822 8739
3760 2981 632
1061 3829 7378
518 3505 3762
1123 1076 9824
2608 1184 7782
725 2945 8136
3903 788 7157
92 2526 8668
973 2806 1855
195 2058 3287
601 2 1967
588 1171 2367
950 3862 240
2763 1127 6383
3364 3649 9507
2775 1375 3077
1026 1494 9625
2960 558 9384
2650 2553 2705
1134 1105 238
1057 1710 1972
3148 3228 9464
1612 395 3813
1543 3469 4236
601 3259 5950
2007 145 9920
989 3034 8211
2539 2167 8035
823 3278 4087
3168 1228 8483
2592 2431 6774
3943 3673 4719
3484 37 5860
2774 520 6887
896 960 4542
3182 1460 3642
227 2268 5022
2998 3609 8050
34 1494 8661
3410 3170 3229
309 405 7688
2142 807 6979
1418 3518 5595
832 1338 7927
3548 2208 3361
3850 1744 1453
1834 95 1004
4 3399 2985
856 3547 836
1304 3930 60
42 1834 3222
1219 3779 9159
3843 283 5875
73 1013 3386
3071 27 9746
2398 965 1824
2340 1547 3305
1278 2828 7956
2246 2021 9859
2427 560 3744
3944 1156 6438
2785 1613 6632
2328 477 4814
3909 906 8649
2487 577 9870
2172 3742 5707
3810 3420 2290
3773 2118 1244
1029 1263 108
473 3777 7302
1722 2360 4472
2165 791 7795
153 2886 4280
2647 1543 6418
3057 1939 2073
1840 3543 3992
3174 1061 4222
1695 537 9428
1461 1640 3329
456 652 1409
2550 2056 9487
3298 2078 2902
3672 2584 567
2387 2249 5361
1448 726 6288
1945 460 312
1156 137 3537
1905 919 5944
880 1225 4619
921 604 3395
2185 3516 6039
2202 1269 1056
1744 605 6378
3114 2732 7204
764 3908 9704
3848 1748 6247
3354 3994 2910
2442 1136 8346
3893 1222 7490
2213 1721 3017
1574 1238 1999
47 2147 8313
2564 916 7163
1350 54 6279
394 829 1082
3529 2458 9236
2110 1759 6622
987 3013 1655
622 3774 8663
3010 3705 9950
1559 896 3063
316 227 4502
2110 423 2852
1234 3538 3629
3737 3707 6214
704 3872 5491
412 2089 292
127 1625 9750
236 769 7786
614 3687 4910
2551 3157 3144
1704 1018 3825
1051 679 2317
189 1231 5873
2844 248 1028
1126 3991 8373
3718 884 8472
603 4005 290
3536 449 3070
2487 3257 2313
8 1991 3306
3902 3439 5068
2540 3366 6978
3182 2703 6821
28 3981 7698
806 1459 8059
163 1419 6056
2674 1855 4320
1962 1581 6066
905 3091 1070
1586 309 4269
3833 3515 9128
3597 3552 1923
2385 2156 3472
2002 1654 9109
1471 732 8137
1433 804 8962
1364 2036 9400
1541 3009 4238
2998 1273 3100
3513 1798 662
1489 1783 3734
2184 153 6924
1796 52 2978
657 690 9606
137 1558 4303
3788 2078 7702
1812 3175 8077
2912 236 4592
1058 509 771
2266 2422 390
555 3386 4250
1270 4027 2191
2515 427 7367
1357 1705 1070
1778 734 9888
1503 762 1777
2043 2739 3477
3047 1942 4207
3106 3947 7842
2019 468 898
2150 3094 4828
1741 2804 3322
2198 3807 2821
1591 1670 4651
1435 3782 2430
2291 1281 957
4000 2836 9965
3031 3297 1829
1997 732 1546
1324 1542 3064
3880 1767 8842
1530 2490 5279
2105 2603 9987
451 1456 8172
3114 2133 4885
431 235 641
702 1433 5873
3302 3356 9313
1846 1025 1585
797 1522 2996
121 3312 6054
2542 2001 5834
2345 1986 5186
1119 3821 9772
4017 3035 3255
3154 362 5073
2790 2453 7901
3610 160 3083
3872 821 5632
306 2574 2094
3573 2955 3980
3964 1536 6811
513 1873 5415
711 3804 6800
3175 1040 1461
2789 78 7844
3328 169 4108
141 3680 7777
940 3001 6025
401 396 5654
716 1201 840
2740 3165 1218
587 3797 932
41 2885 7178
846 2439 9389
3965 104 2168
3230 1934 7819
2326 2690 5262
1825 3369 7833
229 456 9403
1132 1579 4609
406 1449 3886
3256 698 1588
2692 2246 9794
331 4002 10
813 2610 1194
3193 1529 1218
2184 3777 7910
1896 853 4276
1651 1956 6849
1515 3646 3
3549 1027 4607
3544 3652 11
2058 3682 1770
3036 3877 1407
2782 2812 7824
3675 2685 9613
3834 599 1866
663 801 5600
340 983 1989
225 2905 3871
2905 2721 6440
3345 237 3207
243 2813 1155
2712 1521 9969
3490 3309 2595
2754 1641 3322
1072 3881 7787
1278 2420 4208
1769 1256 7506
2743 2236 3541
689 291 8816
2169 3927 7744
3664 2807 1480
1171 2045 4961
3607 1830 7753
1615 3137 9025
3429 147 6179
1508 1971 5662
1753 3729 9652
601 821 3027
884 2582 2016
3404 379 4259
3886 2307 9390
3230 3427 3785
1284 1881 2017
2887 2655 7213
852 1895 9750
3017 1947 3882
1529 691 9164
3963 3539 8090
3889 3483 7753
2135 2562 1955
116 3944 7648
498 1119 8907
2513 1819 1924
2085 2693 243
1356 3578 8580
52 2630 6062
238 1256 802
920 1012 2438
3787 2290 5955
3669 2325 5970
1881 885 181
1698 1723 3786
1329 2803 930
2294 3392 7933
3877 1909 2811
1525 2963 7108
3084 382 9946
2769 2262 2462
3447 266 6487
1399 2001 8313
3495 419 6720
2609 3987 5876
2109 2180 8450
1001 2791 8736
1077 2063 9440
2461 3134 8199
2684 1702 8970
1595 802 4955
1150 1084 2640
4006 1527 6722
3915 3183 6910
3745 3603 288
1432 3979 1980
769 2108 8833
3474 501 6882
26 282 6911
3415 2609 1246
3044 2833 7683
3683 4025 9348
3959 3671 7200
1724 1768 4
2743 309 9528
3090 3587 986
3560 1099 934
4029 899 3812
2941 2503 148
2115 2001 8041
2051 2108 109
1323 1116 2609
1388 3857 879
877 2177 8422
922 3456 5681
3874 309 3106
2759 239 6871
3248 2951 768
1120 3436 2545
2982 3902 1421
2999 1008 9737
2285 497 3852
3853 485 4060
915 1615 2810
634 2741 761
1267 2715 4347
178 64 1141
3070 255 5945
2108 958 1228
1770 137 8052
696 61 7190
2729 3560 5263
309 2475 3751
2506 3996 4390
781 3383 5266
1550 2811 9631
778 1291 1727
1108 1662 6199
2851 44 3442
1624 2909 8226
2785 1996 592
206 1593 9903
3848 2271 7186
309 655 7822
1127 2846 4676
1405 615 2866
1232 2857 928
2772 3024 1546
1970 2846 3634
3318 1868 9824
234 1216 9318
4000 2159 9722
37 1861 3675
2280 1773 3377
2221 1592 2532
1353 3291 4435
1215 710 4076
1219 2144 24
3279 2831 379
668 133 1655
2928 2417 8075
3340 1405 3921
820 3598 6917
3592 2718 8178
2572 2395 4662
1794 2387 8535
3109 2468 7808
2547 763 6388
789 1544 1085
2030 1557 7601
2235 69 965
1239 3962 8028
1821 848 7503
764 3054 8150
3041 712 5850
3848 595 2178
1895 1695 1016
559 2055 3129
182 1899 75
270 3612 1001
2005 269 2952
3632 1010 9392
3827 499 7074
83 1333 2979
43 1917 9121
2450 705 9605
986 1495 7413
394 2807 9548
322 2387 9629
2057 1128 4144
1528 772 7554
3281 3636 4055
2284 3767 8064
832 3438 823
2294 3628 2232
2033 840 9077
3660 1854 9357
1849 1958 6391
2813 1156 1816
3755 2501 6793
401 653 3992
789 3709 2780
878 957 4821
3735 1632 7846
2272 637 929
192 3113 7022
2915 279 24
3270 799 8296
1568 2824 150
335 1200 6450
2820 3004 9296
2838 2952 9453
3767 3296 2194
3338 394 6370
1058 479 2431
1552 1827 1314
1368 2862 2326
2008 135 6196
2405 3035 7213
3129 1245 8306
1809 759 339
2199 1308 4766
2011 374 8713
2281 1708 4754
427 1904 5588
2458 1053 7296
3856 3525 3830
2209 2153 1296
2536 3052 3687
1797 364 5645
910 584 8089
1074 3712 7678
1939 3829 4776
722 2934 9261
2754 3374 5523
3976 1413 5704
2800 110 6282
2001 1121 1898
2567 2127 4000
3464 2574 6431
1950 463 8348
2479 2846 9647
2098 2689 5883
3838 689 541
715 1318 2368
2196 2705 8314
1290 571 8206
1096 1313 1046
709 3368 4509
3762 3604 1770
80 2396 5703
410 3963 1199
1367 3232 6535
3337 1870 4415
432 2293 2304
2180 2820 8475
1163 1312 1711
1481 131 2485
3920 3409 9770
2803 3948 1749
3815 3239 4481
2613 20 4210
3519 1425 9426
2042 2561 9256
3485 230 3470
3284 1471 1300
1514 1010 4959
2563 3862 9751
1385 2171 9550
1387 1535 5310
682 1412 2533
3574 498 7897
1399 1681 1309
3911 2715 8416
3217 2880 4789
2683 3642 3676
1031 3233 3081
2334 2472 2994
2720 1093 4721
378 2345 3941
3854 2511 1115
1578 94 424
949 2730 1491
2757 246 7649
2693 2138 1190
2610 3095 3794
348 3151 2475
2766 189 9252
1440 1410 6278
3693 2152 2245
1933 1302 1000
82 789 758
2307 2593 6454
2322 1269 6777
2979 2455 13
2451 2545 9924
778 34 4429
3812 3641 1323
3651 504 6026
274 3430 3978
1501 2109 2985
807 4020 8559
3266 179 8226
2697 2038 4293
3753 3881 3326
16 1530 3014
740 3893 7968
2278 3710 6406
1631 1932 2359
447 1007 9041
3404 2127 6698
3171 2022 3473
3215 2313 5816
2682 3950 8188
939 2542 7473
1517 1801 7005
3351 1158 1981
2937 2342 9948
1601 657 6257
3855 1416 8258
1405 2083 8544
2968 238 3608
3472 3309 5367
2253 4006 1349
287 2454 385
1024 1518 5379
1085 3236 7624
36 3092 4813
1204 1508 3053
3912 867 3650
494 2493 5142
1709 233 6037
2906 3244 2208
234 3320 3367
1536 3247 329
1747 3441 5533
1 3090 2732
1330 3828 4649
1338 380 8290
3695 3059 5090
425 3088 3689
3586 832 4987
3652 3214 4914
1045 823 5856
1397 334 3174
796 2082 2386
2074 2694 2860
2105 3025 5154
402 2492 8685
2746 652 5468
2396 698 9763
3194 3530 3580
378 76 5428
3589 2064 1481
3616 2783 4929
3026 2513 5812
2107 3191 3211
2670 3370 8904
28 2991 6976
2531 2040 6263
3039 883 2553
576 3975 8469
2419 2234 8652
2406 1759 1112
716 3186 1835
2290 429 8980
242 3934 2996
2682 496 918
3212 2835 9980
1014 3536 7637
1455 1522 6007
2769 1194 3668
943 3964 2623
260 27 7272
2110 1524 5875
461 1158 2148
1976 3253 6009
3703 1345 8735
2657 348 3653
1095 3155 4694
2602 996 554
1923 3828 9767
1293 1957 8273
264 3637 5981
2435 2813 1247
675 2662 9553
3826 2639 8144
2475 3289 4457
701 1081 8457
1872 380 1471
2585 3219 720
3467 978 7361
3602 3942 9939
980 1681 9371
548 714 8473
2613 995 8125
2186 1963 4702
2055 1917 7820
2594 1597 9042
3042 4019 4682
502 3356 5457
84 2612 1400
1192 3742 4701
2515 3629 4431
2569 2728 8671
3519 2344 576
1095 1673 6579
3956 569 4680
1277 1110 5662
1108 3680 6583
1351 837 5725
1522 3583 2567
3681 3242 6350
2544 555 349
3763 1638 8548
807 2779 7596
222 3186 6254
548 3621 3043
2629 3941 2053
821 422 4710
3627 446 4514
66 1166 9124
3352 3911 2070
701 2129 804
2709 1499 4846
2155 3963 6894
694 2170 5281
1137 2373 9547
1559 3138 1066
1125 1607 674
904 2956 580
1545 293 2874
1929 835 8426
1984 3649 1633
521 2018 7304
510 838 7096
2686 295 2208
1570 3649 234
2131 3560 8127
471 1245 4221
553 2290 6817
511 2794 203
3159 2198 6787
2230 1976 9518
3204 315 552
3297 2515 5334
1925 1158 7113
2799 765 6805
908 3688 4729
1667 2614 5517
443 3428 7866
3892 3401 5594
2826 2082 992
2109 2879 6287
1921 1918 2749
3212 2121 5837
2212 3061 3181
779 3276 8029
2548 3294 1736
4004 1427 598
445 2673 5055
1183 2722 8667
926 2424 3471
977 2089 3480
1555 3764 299
580 2453 774
2418 2874 6927
739 1313 2506
1770 336 7360
2297 2334 5054
109 395 6726
1226 2070 528
758 2837 1608
3649 344 9865
442 3358 45
767 3013 2159
1430 920 1550
2987 1997 3509
1800 788 5315
433 2210 6278
1725 2441 9026
2617 3522 9532
1088 2968 1871
3685 3972 6369
447 1709 5819
2972 2564 4620
1747 2180 2206
1193 1878 5351
904 3492 9000
3847 2596 293
1916 3315 5948
3880 581 406
1775 2823 8959
3327 3662 9418
2809 2846 3885
1169 473 9258
1364 2502 6543
715 83 812
305 2607 8115
574 3746 3902
3763 2689 2217
2945 3309 1193
43 2034 4429
1411 2404 3824
1512 3061 1057
1040 26 825
1010 1833 2335
3531 2059 2606
1315 2640 4334
854 1244 4001
3571 749 5236
3684 426 9711
1863 3600 3533
424 2572 7106
1661 269 6079
2434 1007 9351
2977 860 8077
1994 2504 4636
952 663 1053
3590 213 3429
689 554 4928
128 457 7000
1378 3689 3834
2726 2819 3887
519 296 2769
1877 1755 4071
2040 2661 9496
2976 1520 5663
2769 2813 4882
299 1813 3962
1079 812 9565
3625 2693 7098
1338 3090 5154
1681 3883 345
877 1686 7273
3216 1915 2562
2272 2712 1170
3510 1547 9607
2327 1794 5168
466 1324 1855
2926 1108 3608
918 1192 6755
864 984 1565
3182 2701 7140
1315 2383 3860
3486 564 7643
3376 997 2842
3680 2369 8289
1219 1287 2279
1328 539 3894
1780 1117 8069
695 1 7206
1234 1744 7245
3307 1512 8254
2195 407 7444
1202 1816 13
215 1203 2324
290 1087 3291
755 1706 5675
1136 1975 7205
3354 2658 7253
1999 1284 1591
1380 1294 654
3514 1764 2406
3506 1239 8288
1968 1194 7927
2110 350 4968
2711 585 5809
1064 3874 3885
1788 2536 6487
1291 1787 7663
252 796 7492
3492 540 3241
1518 1444 9227
1343 285 983
3634 1437 3452
3677 2818 6869
3617 2305 3824
1587 2350 8092
2125 715 9147
2883 3087 4069
1086 94 2512
2897 1294 2705
1571 2581 1313
188 3597 766
2323 50 6500
3881 418 7677
1663 628 3089
2953 421 9791
3512 2565 3352
737 1486 6646
84 1757 7043
2041 1292 1294
1967 2492 3651
3571 3040 5800
1048 1205 9581
2528 3261 7929
558 2604 7119
1555 2215 5389
2394 1498 1814
247 3763 3605
2751 3880 3051
113 3456 9305
2240 1046 3197
2614 2043 8629
3274 102 6640
1008 2405 3001
2964 3989 5498
3123 1041 463
1082 3220 1092
935 1656 996
3893 2880 4532
3229 2249 3604
1975 2541 52
3976 23 2196
2535 1023 721
1842 3145 6552
1871 698 9873
1352 1695 3809
3231 2319 2694
3436 1715 3224
3276 74 6806
1645 1006 9736
2312 642 869
782 2249 6809
2477 2067 5535
889 1274 6802
1284 2359 4737
1323 3242 2654
2306 820 2190
47 1440 6550
3197 469 2610
3135 1650 1593
1851 2412 2207
474 3083 2159
1506 484 221
620 3186 8846
2347 2321 5159
2379 1487 2070
2498 3527 5660
3958 3036 2602
2955 1415 9418
41 1563 191
661 564 6205
1771 1730 9469
1215 3785 2387
2046 147 3277
3376 2580 6020
1289 2362 2259
810 1384 3438
1432 1317 5065
314 1942 1834
3000 3397 243
2495 3972 4800
1456 3591 9054
491 2234 7051
2351 228 6687
849 497 5855
227 880 1788
1987 3238 5692
3121 1484 8045
108 2304 4689
786 1009 8301
3326 2561 5989
1 657 6895
1392 1706 459
997 3444 2561
2996 351 2092
2387 2457 1969
801 1564 983
3799 1740 7752
3633 3556 4571
2007 1846 400
3813 3818 4294
1389 1386 7127
3042 2622 9868
2358 3071 3032
178 1606 404
3452 1053 2240
3718 3044 1642
3320 3127 3841
159 3032 7304
3855 1954 9827
3 3984 435
3380 2331 8456
1512 2778 8881
2724 242 3838
3663 3197 5142
3365 773 4735
1695 3764 1977
203 609 833
1614 2477 9131
3935 1623 6665
3197 2075 5485
2014 3036 5119
2221 1059 9912
3832 1841 2296
1668 3464 4032
2140 112 2003
2323 1168 4264
1065 1199 5014
2577 2798 6106
3342 3035 8834
2574 656 5413
3754 519 400
814 2069 5961
3926 3098 1632
821 509 3431
913 508 2716
2689 493 223
146 2548 5073
1188 2834 6556
310 2425 7527
1818 3828 1251
3003 492 3342
3028 395 2334
1255 3853 131
3247 981 7179
3744 3660 7475
3935 2275 4866
1185 329 9155
1822 100 4659
47 2574 3996
2235 2263 5820
3178 3073 143
798 460 5467
2972 1744 2083
2532 150 2438
1052 884 5850
3051 846 437
3003 2550 6702
223 2384 863
1402 1911 6543
2144 3733 1887
2431 2458 2627
2991 1520 6942
2515 2651 4199
2552 1306 610
1058 1661 6724
3103 1109 6914
3653 30 833
1832 1028 8148
2287 2498 9821
319 2550 4711
1840 2438 9399
2723 2998 9515
2834 972 7044
441 2313 9529
155 1200 6693
3073 3657 4518
1304 3790 746
3939 3378 5848
2020 3947 9176
854 3366 4742
2870 275 8019
680 1620 5670
3141 2090 6560
979 2969 101
3269 3127 8108
3118 3772 2409
1146 702 6889
3592 826 1161
2168 1690 9623
634 1488 3431
3123 2480 9399
1018 772 2249
1263 137 6724
2137 3718 3598
3737 868 2858
1011 3020 3448
3208 2010 6863
1518 303 42
748 176 7947
1378 3273 3036
2961 3626 4752
2383 1224 7345
1287 2440 2550
1086 1974 1795
2714 2853 3226
671 945 9242
2860 1566 2664
2520 1060 3971
1666 863 1441
2524 3246 1839
2893 3106 5064
3829 2291 5811
1211 531 3861
1709 49 1623
1197 2410 2263
1102 2388 1968
1208 1086 383
135 32 9152
1519 387 9480
468 1268 5
306 1730 2582
3760 2574 8878
3471 330 2253
1670 1822 9306
1479 2106 8827
218 2827 1463
2725 4005 9105
2896 3798 2042
1766 2007 1504
3856 2726 7051
3319 2904 1429
65 2650 6256
32 3178 4396
3686 243 3978
3949 2329 4402
3400 1569 3973
1410 1090 9571
964 591 7066
2929 2364 7943
3508 2627 7364
1132 1549 5256
1406 3453 9359
771 1076 3174
3122 483 9116
2086 663 981
1080 2877 5437
911 1895 7435
3268 1391 1364
2814 1276 4588
2727 804 3266
3438 177 1368
578 1157 3521
2831 3073 8496
380 122 9973
794 4018 2826
3119 207 7322
3169 3492 7787
2676 3286 1930
1219 3551 5715
2212 2604 5642
1497 1637 5333
2810 1060 7143
2326 1630 8249
1250 890 9728
3489 3242 1120
3668 2298 2651
3399 3496 52
803 3345 7043
707 944 9716
435 3188 7994
2344 327 4406
823 3616 1323
713 3738 7352
1322 3134 3931
3974 831 439
977 2388 4685
604 1596 9367
1518 2122 4225
3953 309 2400
1979 2866 306
2548 339 7491
2961 3579 119
832 828 179
778 2581 5986
2079 2450 6443
2881 3740 9356
3661 2156 9659
2401 2496 4229
83 877 7638
792 3980 5374
2513 2807 9871
3058 2344 2970
3026 938 2516
1863 1734 8119
3194 279 9049
1651 3211 9988
3587 1856 7121
3088 1981 9100
1307 2655 3382
3652 3876 3188
24 106 3445
3306 359 4139
3779 2282 4511
2332 358 797
1267 2829 8069
3874 1526 1301
1907 1471 1833
2488 884 3788
3413 957 5525
147 988 584
15 1305 445
3900 1726 3015
307 3646 702
1588 572 623
1187 2641 9000
1757 652 7145
3195 2433 9979
3109 2061 8659
802 3735 7725
3192 1179 3968
3439 626 384
1144 2054 3947
2413 3141 6937
3770 1868 9251
2549 2557 8418
3925 603 5985
695 1627 5590
1643 934 5538
1288 647 5084
3255 3282 8971
509 3285 8726
3354 1408 8528
3640 2357 9461
3595 1737 3236
1907 1716 5676
2690 2386 7530
1969 1237 4536
2175 1953 3860
2762 1903 7669
2707 2344 60
3092 2258 4443
3305 3575 8113
1541 498 9427
2800 1152 1497
258 844 5088
1076 3627 8426
2998 3584 4993
36 3938 1418
1154 2602 3436
1380 583 2717
39 2899 5385
1171 219 171
1067 3771 3016
3849 3434 8673
3006 2438 9422
392 3201 1433
2397 3966 4657
2690 289 1363
1962 2582 6970
1951 821 6092
479 2334 6686
432 1789 5695
3619 3131 971
1705 364 6146
709 2323 5282
2390 3947 2999
1677 3887 27
1559 1182 9817
498 751 3210
741 2677 7695
982 1159 6229
2010 1928 7653
257 283 2160
1013 3910 5655
2505 2211 5501
52 3436 3599
2729 1480 432
565 2498 493
1389 3331 1368
2855 630 220
152 1205 9561
1089 2813 6752
3545 3254 390
4015 319 2576
191 3778 1776
228 643 6163
2989 3555 4008
1095 2874 2784
861 2813 7526
873 2876 7330
2982 3729 5227
3954 2986 563
2653 1320 9376
1334 172 6197
3309 1434 6708
2168 837 4658
1589 2618 5547
3006 2538 3087
3115 2197 826
1700 3792 8757
314 1930 781
1998 2583 7054
56 3241 2761
1636 778 9292
366 2670 9060
2521 3777 8261
3004 1118 9242
3926 2982 9492
3373 3417 8753
2216 516 609
861 1902 6063
4017 3434 4665
1408 2890 7360
2031 3188 6452
470 2165 3593
3963 1035 5487
1022 1305 8967
2329 156 7600
545 652 8270
3121 3460 2844
3177 1747 1281
647 2082 3496
1315 3473 3406
2376 1051 657
298 3710 6045
3242 2980 113
2820 2949 5314
325 3897 1591
97 3341 3199
2175 2773 6139
11 2948 6699
3943 1696 332
4 99 9545
3608 3041 9459
4030 487 5975
3400 693 8604
394 1795 7719
3656 1493 5217
1777 2437 4447
2710 2900 2823
1875 1711 5825
2001 3709 6861
2295 2573 7488
2214 1562 9537
573 1229 3313
3325 641 1080
3804 3910 5023
2731 2785 8631
2233 132 5031
953 3036 9645
2135 506 1474
1954 79 2664
3202 1457 3140
3959 481 4879
2546 3397 3320
2410 3289 9184
2221 3239 1343
3309 2163 4985
669 2122 7127
2760 2780 4542
71 2012 7475
1135 3477 3825
2815 2888 1225
2159 2990 7019
156 810 3284
1457 19 7199
404 1438 1975
1922 1255 7354
2422 519 8767
2999 1044 2773
645 1235 177
3604 2475 4592
1676 1642 9634
3663 519 4016
2325 1469 480
1382 2514 9298
2486 2443 1447
815 2170 1854
998 1495 7928
62 3229 2829
2927 238 1498
2458 456 9401
1258 2565 5492
3734 2959 4638
1872 1160 631
1563 324 5163
3244 3104 173
2977 2073 1973
1984 3090 147
2713 3237 7299
1128 243 6514
2161 2710 7622
1310 841 1124
967 3190 4090
1422 2728 992
777 3351 4407
141 2471 7641
3644 2092 2966
1078 910 8112
3503 906 6407
3482 2572 2091
472 192 8288
2301 1982 7350
814 3272 1724
2453 786 8655
2527 3679 7829
2160 3337 7373
3668 1874 6453
2453 995 9683
2311 1599 5300
2206 3345 9282
1011 1119 1180
3796 2797 1052
987 3822 1125
1008 549 2169
1223 1011 1682
987 37 6288
1183 3747 2342
2642 1399 3654
3500 386 2786
1246 3933 9640
896 3301 6520
2319 432 407
977 1901 763
2186 1573 609
1 1863 1399
1070 282 1521
345 1873 4601
1591 729 716
552 1745 9633
2872 3963 1008
3107 2643 2806
1267 3622 4272
336 3164 4709
593 2000 881
2557 1643 9279
3271 907 8890
3397 3525 8253
782 2315 5731
1635 1209 8572
3485 1040 9904
3298 1837 1364
305 565 6103
3400 3666 955
3286 3134 8841
1948 2821 4624
2885 2301 8988
3985 849 5128
2224 311 6965
157 1303 2642
3188 1017 4265
2921 3614 6604
1792 2733 5513
2472 2672 1024
2846 496 3719
1649 587 2473
3631 422 8774
1409 194 1591
1739 1007 7074
866 2297 9489
631 3145 7575
2186 1820 4433
1809 30 8647
687 884 1847
1746 1810 9141
2334 2728 9527
3088 2645 1125
1172 1241 8030
1496 659 4132
1544 3314 3207
2646 1000 2953
2369 3728 4035
1905 895 4571
1091 2797 5408
899 1178 1342
872 53 3411
2805 3230 31
1893 2546 329
3974 3472 4890
1833 458 3347
1427 206 9322
498 908 9154
64 2478 6302
3184 3013 1186
365 1050 6529
3641 3327 6372
1285 3916 3659
816 687 5302
225 374 7963
488 2718 7084
2828 2908 4791
673 1099 5537
2827 1809 7868
3075 656 9789
2635 2669 3735
1662 520 3360
1715 928 5667
2679 2001 1211
754 1464 7742
1117 2752 9798
3939 2162 4418
3053 1810 694
482 990 185
2378 2488 5340
736 1889 2453
2666 2809 1526
461 2751 5102
2156 2388 8835
2575 823 1854
468 1436 9991
1219 425 2181
3513 2644 7528
1898 3771 5496
1143 1276 8483
3424 3283 8713
496 2975 2025
2600 2907 4854
2859 1560 2371
2626 2314 3678
1531 1654 9168
327 728 5806
1075 3920 8468
2209 2868 4705
1618 3505 3673
2385 1676 4608
3769 1774 4791
3777 3644 7033
3624 561 275
3909 818 6002
1171 2784 4774
3606 2426 72
3713 3131 6771
2965 419 1819
1832 2840 256
3566 2135 2110
941 3627 624
875 3379 1781
2228 453 7211
1259 1949 9458
2450 1042 9987
3034 673 3553
1097 971 1639
2854 1323 7514
1065 3398 5400
1271 1238 6473
2475 1249 2578
1138 867 3776
1455 3049 7678
3363 3249 1301
3678 1021 7454
292 1918 6846
1534 1461 7106
789 781 2273
827 1769 7902
1563 920 7131
1582 440 6881
193 1639 2692
994 2968 515
567 96 7155
2250 3108 5045
482 2397 1640
1814 465 3578
3553 1759 1815
2786 1228 3458
529 1329 186
3016 3921 3924
1804 591 433
304 2778 8318
2957 1880 7486
1384 2595 9891
875 1222 4656
2995 2178 1038
3336 867 7881
1685 3059 2169
3447 1187 2790
1431 2253 705
1447 799 1099
3160 969 6565
269 1551 8382
1212 751 2399
1867 2127 4018
3062 240 5227
3158 3084 5856
1067 2841 2643
2947 2930 9480
2102 1618 2986
2838 71 9523
652 2213 8524
2083 332 3500
3982 617 3029
200 740 3568
3522 1389 5139
3234 1263 2958
3557 868 5383
2123 3208 4949
2017 589 3143
2988 2640 5658
3354 1805 5381
1132 3423 1461
2425 3603 3144
2628 1308 1623
647 846 6116
2319 414 533
1948 745 9503
360 2207 4637
3473 1941 3322
1643 302 207
892 1319 2087
2097 3487 9887
1066 2886 4941
3848 2563 4485
933 134 256
2091 3894 6519
3189 1731 340
125 1537 2898
1068 1546 5999
2181 2296 9678
2888 2299 8772
497 3893 4522
621 3973 3177
3780 320 1800
3533 3947 4441
3780 3943 4668
1115 3405 1110
333 1882 9823
3265 697 5968
3526 1846 4252
599 519 5481
3118 2393 7700
3768 170 2064
1108 3656 4976
3750 1445 9323
810 1267 4532
3786 3855 5508
2284 1659 5177
817 2136 5520
3859 3697 5182
103 3485 5384
3918 3931 7606
159 3566 5068
3242 162 6676
1725 2790 2090
1942 612 1675
3972 338 3194
877 2065 8781
2249 459 4573
1181 397 5544
2074 943 8458
401 1634 9696
2533 2343 65
3585 1212 7987
1013 2654 7848
1973 845 4506
1002 3668 2654
1513 2376 8957
1689 1856 680
3829 3712 4973
1412 611 3208
3106 2874 2512
629 346 2672
885 2925 1624
4025 1117 3839
1276 2818 1994
2930 3171 6155
2249 2090 9347
1905 1004 3523
3874 1336 1674
649 2644 4528
1498 3798 5258
3935 646 9279
388 125 5947
757 328 1933
1695 1954 7720
282 2761 3973
547 720 5126
1507 3182 6500
2308 3268 4897
2458 376 670
3974 2218 1310
2873 2677 4593
3432 2341 7086
2249 3852 9296
1420 2179 2440
3512 3368 7943
3528 3200 8301
1894 2665 1396
3945 785 8623
210 1020 3273
2874 2554 955
3830 3714 7486
1835 1487 2296
1836 518 2578
172 2453 1325
3647 3911 642
3291 1585 5084
3144 2383 7023
760 1068 4164
2650 161 6757
1050 143 7902
3782 2028 9421
2782 3669 2387
530 206 3848
576 1561 1353
1424 1803 6458
2046 3403 4172
3910 1839 2830
345 1486 9310
2769 3449 9069
3969 3492 3499
2570 709 619
183 721 3661
2087 3425 585
45 2501 9914
1875 220 2452
1402 837 4879
1989 1339 8214
2620 235 3847
317 335 9853
3248 3402 7838
3996 1418 1153
1949 3580 7339
1669 1814 133
1772 3457 3731
3311 1939 5015
3498 391 774
1957 3406 8814
2171 3631 2037
124 1417 4937
2330 2221 1923
1007 3893 9938
507 2421 709
2559 3042 661
196 2153 137
3288 3213 2061
719 3510 7119
995 962 4308
2938 1787 4891
3682 2860 6428
3782 490 3376
2748 781 4741
2345 3577 7046
1482 4030 3388
995 1291 1677
347 2517 3311
98 3813 5839
3135 417 6556
3223 15 7876
2249 1315 6037
3103 1156 6408
1127 1877 5713
501 1248 7190
1864 3759 98
1209 1203 2197
2668 1479 7272
71 2225 5112
321 624 9323
2242 2278 2437
1448 2336 7148
634 2959 611
2972 39 4359
3152 2931 3437
1802 2554 1320
3455 3553 5020
943 1433 3573
880 3705 3380
3928 3839 8490
3701 1552 4233
2179 3724 4622
3845 945 4917
3870 1677 7608
1202 1688 9363
697 3303 8314
2983 3019 996
883 2494 1039
2019 365 7976
76 651 3186
1720 623 3946
3725 2063 5851
3991 3251 9223
3222 4008 6706
3378 3341 7915
1327 320 6412
3876 611 6803
2504 1705 6463
1212 3902 35
2887 3542 1915
1733 1752 5785
1471 3061 2471
1212 3528 5414
773 1480 6396
403 1764 3182
3715 1125 8851
1300 2553 7715
3769 387 4553
2668 333 8775
3844 277 7446
3362 2216 3042
3463 2165 3007
956 1920 2068
2846 3094 4310
2903 4014 6967
3340 3430 7782
2632 1477 8975
2968 2346 4314
3101 1657 5172
1654 1046 6950
3681 3478 7499
2091 1588 9118
3363 2197 9152
1829 1314 6721
574 1013 5823
3803 3012 3418
514 929 9484
1 447 8977
1284 3952 9880
2226 3130 9518
1709 479 891
3282 3181 5665
817 606 1989
2299 20 2657
734 3290 8412
709 475 5170
309 3457 7859
2779 3272 2478
1533 1904 9722
2049 836 2985
2834 2136 9923
1392 3168 9115
2226 943 5992
1639 500 8342
3678 1557 3424
1361 2401 9310
1621 3192 6123
309 2105 2398
2635 2076 3623
3475 811 7647
2681 3425 5699
2001 3264 7473
1345 2161 6764
3774 3032 4850
2260 3347 4194
1246 2639 8938
934 2037 8267
8 12 29
4006 3299 7914
2243 226 4498
2573 1450 9547
268 189 5157
2229 2951 6514
2679 685 7887
3741 1245 7813
2134 3910 4925
251 832 9408
3084 3108 2023
519 3384 3754
2355 2407 9129
3751 1529 5007
1374 2744 3677
1350 3093 8243
779 2704 7350
2246 3213 8370
802 1269 8018
3304 1172 6659
3497 2398 845
206 1079 6767
716 2115 6633
997 2930 8491
2267 726 2465
251 1038 4106
2385 3433 1606
2040 2352 3666
1314 2839 4651
843 1082 543
2492 3612 8284
2253 3043 4679
2460 3672 4808
785 3805 2781
3198 617 577
851 374 9964
3377 1360 5647
1918 2808 8463
2615 3524 4128
362 2849 6923
3986 2292 7870
3997 3448 6150
3615 814 677
3773 2450 3350
3509 2013 1157
1079 1366 4353
846 2633 7944
1233 2504 4858
1605 3971 9074
1567 2951 2313
3039 946 1517
1886 1395 9918
913 2305 9079
1677 1345 4501
3089 2724 4760
2768 3148 7895
764 1442 8606
1181 3604 6365
2201 2915 1560
2758 2521 3256
1824 726 6907
993 3264 6195
2503 1261 4287
3561 2892 1715
4022 238 5328
151 1043 1215
2696 3231 8030
461 1338 974
1762 2901 6030
167 754 2158
468 1211 7896
249 2673 251
2085 770 8307
1775 3416 8572
2211 1203 3601
828 2937 5815
430 2639 9276
3393 3977 7896
2961 3938 673
3497 1119 8350
1313 1823 209
2660 619 8541
819 3085 4619
3707 1887 5639
3494 2102 3041
519 3909 9379
3942 2998 3534
1492 1967 1647
2797 2799 5743
3382 2724 1445
2788 2390 1254
588 2366 9002
2272 2376 7640
420 3889 1892
3727 3880 7068
1892 880 9319
864 2217 3107
3207 1073 1449
604 1078 292
434 3476 9136
750 539 3606
3456 70 8187
97 1671 5738
3587 417 8265
629 1468 3111
618 1533 9338
1825 1713 4079
2447 3893 8738
1554 3723 3586
692 1005 1103
2465 3140 7087
2573 2147 146
656 2892 9643
3900 1851 8058
2251 3889 5784
2239 666 9036
2432 1068 7436
526 548 5669
3734 2598 7034
1492 2135 9530
2197 3520 3466
342 3868 8287
3929 946 4883
2140 2678 7457
596 1809 6531
636 2767 8302
2115 3684 6775
3493 668 5989
83 2812 9751
1003 353 7066
1391 1784 1476
498 3578 9708
1822 3857 1604
2648 475 7213
3771 1313 7972
471 3636 1066
2393 2217 2903
1248 2389 8403
3650 355 9804
413 3813 6488
2388 3099 5857
2376 1265 3242
1832 917 2985
2743 2659 5500
2968 1957 1299
241 2065 8768
1099 1161 887
3134 2286 5086
2622 3378 789
3139 1718 7920
1498 3111 968
780 125 606
3972 93 2558
737 2222 2202
1342 1639 8062
1752 2348 9088
3432 3618 504
1695 2624 4836
1505 2081 1428
645 465 6606
2678 2124 8253
3793 2140 2903
4015 371 6313
3844 2333 6208
974 3641 116
2540 367 637
622 1859 3626
564 1232 3018
540 3696 9039
542 1780 3429
2501 1360 5857
2737 2191 4895
2416 315 3022
3476 1558 8841
2549 2273 6746
3050 3527 673
3414 1492 3960
2228 3984 7632
3106 1007 2110
86 1003 1100
1589 2568 1903
1100 999 3077
2633 1016 1705
1484 3488 4461
2116 2154 1631
1958 545 9766
2509 3075 9900
517 1518 8486
897 1914 953
3023 1290 7680
518 210 5091
3166 3545 5557
438 1529 582
2153 1286 7755
1811 1042 1765
1033 2850 7049
3866 487 8391
2396 3575 1742
854 3160 6418
806 834 3781
3454 676 5170
1858 3298 2274
1609 2977 5028
123 1370 4543
823 3257 7466
3341 3630 1773
1628 2247 5215
146 253 1426
3980 3037 5757
457 1693 7325
3687 1740 2525
320 2232 4011
1104 746 6753
1843 2338 582
3491 53 4823
571 3001 8383
368 2046 347
3153 1511 4723
3791 2454 3220
3868 3382 7652
3936 3251 2402
3367 2053 8310
550 2842 3208
250 1674 9335
3102 1430 2417
3829 786 1324
1876 2157 6384
67 2804 7159
636 336 3065
2135 2157 2801
1651 1249 7292
3742 2887 4586
1952 1330 1427
2718 263 2319
564 1938 9129
3538 2537 8892
4027 3827 443
556 2699 4343
3100 3807 6669
2119 1373 2551
2240 2060 8019
3816 2012 9194
1385 650 6562
1054 3665 4772
2946 538 6127
751 2091 1384
275 203 9506
2547 2599 6473
2679 403 2458
2472 214 2726
498 3984 476
364 1709 1211
1071 2732 7387
3096 4008 3684
3172 3699 546
3419 3753 6155
527 48 1359
3775 3375 3281
3132 1927 3314
1296 2550 4424
2027 2533 2433
3394 818 605
802 3601 5361
388 1517 3859
1471 3899 9275
408 2718 841
377 920 2751
3784 3984 9717
2581 845 1536
2485 3956 9419
1092 2793 8620
639 3438 9554
2027 2891 4964
3163 3152 5181
1692 3429 677
1097 684 1090
902 1990 2916
3409 487 183
2232 2164 3915
3198 943 5374
3937 1230 9260
403 3084 742
3551 2244 2936
1809 368 6646
678 3325 4425
2201 2332 9833
2070 3248 2801
230 2754 2136
2090 3011 3113
3808 1268 2466
1019 3403 6559
3685 1347 5546
1540 3460 9422
240 407 8271
2683 2968 5756
1732 2529 8696
545 1906 9112
2634 2353 8506
2101 3632 4764
2714 3148 647
1793 3092 4277
1058 2189 3383
3717 3766 6552
2791 3096 5592
3279 1782 8563
3231 4010 7229
992 3208 3034
3171 1583 7831
1639 421 3763
3012 2649 3300
1688 3133 9556
840 2529 3022
2950 2840 4041
2201 2187 2491
115 2466 9667
2878 461 4818
3065 3266 2324
2896 1436 8819
3566 479 6953
2874 3570 1788
3749 1418 1284
3901 2909 9863
638 978 3685
860 3990 705
2295 1813 8133
3186 1694 9441
646 57 5752
979 1285 3596
1756 1104 4298
1379 728 516
3862 1897 4242
933 1327 8574
1132 3992 3898
2983 3237 7146
912 1527 518
3972 480 8813
90 748 4374
3792 2094 9903
1616 897 6643
443 876 8136
3402 1844 3202
590 819 6198
1749 884 1157
2892 3038 3594
1547 2205 8688
2865 340 7175
1015 2329 8411
1156 873 7363
1602 1824 5994
2884 999 5363
982 361 5503
1945 2120 3629
1653 1737 5225
2166 19 9187
271 1891 686
1445 3891 9710
3167 669 8627
1567 951 6437
3090 2211 3305
855 560 2925
1633 1305 6952
1614 2985 3899
1262 3766 7850
1788 3593 850
1364 1679 1044
1217 1486 8367
3080 538 9662
3956 1368 5417
2620 275 8269
2752 2750 6304
1378 1383 9904
2221 3861 7822
3781 364 8853
1173 2719 1060
1499 1964 1416
3613 2112 3892
2901 1711 8234
496 659 9826
1678 2011 7607
1752 1360 579
635 3744 5189
2500 985 3109
709 908 4208
2805 742 6765
1303 3147 2295
2760 1658 4893
498 652 6474
3549 3399 922
1816 1855 1329
3712 406 6131
3096 890 3846
328 461 4633
3351 629 29
3171 1752 1695
3443 1529 5482
884 2345 1072
2103 2138 62
3933 1915 1495
969 3395 2840
243 696 4682
2972 1487 4150
2679 1912 2743
1298 3333 2504
1903 908 9354
229 330 154
3672 1691 271
3893 1117 3245
1544 1082 4739
1729 2331 96
1943 1057 851
1375 956 5318
732 111 1636
2068 2147 3959
1485 2323 5877
3196 2942 8401
108 141 6254
2272 2635 7121
4009 3620 1226
805 2382 7175
2605 4009 4801
1421 3010 7356
1628 1857 7372
2685 3287 9433
2201 2781 7384
595 1501 9066
220 1069 1266
2613 3001 4807
1505 751 5479
966 1680 2760
913 589 3998
1486 1179 6513
1823 2402 3261
2075 772 6740
2800 3350 5368
2679 889 2614
641 1672 6893
528 1348 5638
3807 2495 5859
1684 688 1632
1662 834 5733
3694 3139 3061
3273 1062 3301
3101 2069 7369
3168 281 3372
3210 3408 9177
2713 3540 2121
3293 1088 9625
1234 2335 6297
241 3576 9698
2401 565 3151
2829 259 1097
3509 2512 7054
871 3663 6874
1174 1431 6882
456 3815 789
2916 2383 5939
2901 3994 8147
446 3066 5596
3238 2885 7770
2748 3700 7259
552 54 9593
1184 1269 634
1501 3492 6871
3877 3764 2685
719 1314 6001
699 2174 9485
900 1718 5929
953 3146 1638
1589 3001 1695
2508 3496 3912
2811 372 3722
174 1338 1107
2909 3195 7212
1311 3165 7442
1695 2914 4478
839 2529 2740
292 2135 9562
117 565 454
322 3359 5388
29 482 9260
177 1112 3604
2864 455 2837
1992 1703 2665
471 882 477
265 2218 9718
1354 1746 3453
273 276 2768
3003 5 4216
3388 4021 5400
2498 3076 6889
3301 1145 1474
1107 1301 1345
1984 3280 7522
1705 2602 4697
2725 1972 4029
49 3123 3522
3278 3744 4181
3990 1785 6309
2007 3083 1511
1498 2647 2227
2953 560 221
317 3536 5232
681 603 3333
3192 3411 3784
909 3193 2674
3760 2967 4163
3182 2968 6524
2446 2178 8587
4016 2886 4616
3981 2983 1911
1310 3405 4198
403 3330 8220
3587 860 4747
73 1144 6862
1793 3416 5048
2498 1655 816
814 2811 315
2622 2596 4167
243 3519 5032
819 1120 2066
315 3523 7407
1411 2670 2857
2093 2456 3410
1675 2756 4928
1269 3936 7553
2779 2558 3790
1899 2134 4801
1931 2911 8085
1127 1396 99
3975 828 6311
793 1884 311
3283 1950 319
2346 15 7895
3256 3792 9996
2854 522 4102
820 1955 568
1304 3706 4158
3638 31 6977
328 205 9154
2656 771 5125
1829 2415 8888
2347 3183 9704
4006 384 3344
2187 3069 9986
3007 1486 6565
1913 2965 4744
3691 1153 802
1013 1163 3231
2274 2885 5262
1177 1853 2185
690 3235 5297
3896 417 2669
880 2434 5041
2830 1837 8706
1216 1889 3948
1486 3421 8946
3780 471 8848
2976 441 8749
55 3380 7030
3568 2282 8946
21 648 1411
2129 1267 3693
114 3949 5616
2461 1644 9305
19 3151 3688
2296 1618 6069
2852 1183 9872
3459 2901 4197
169 170 3046
3224 2149 5378
1550 2861 9321
553 1777 8285
2374 2387 5081
3298 3658 9017
3896 579 4622
612 1426 7997
256 2120 112
3078 2599 1775
2866 3781 1228
2199 3407 1725
2291 3121 3959
765 370 2876
1466 1039 4393
1456 105 5352
1085 1446 1581
3906 132 8341
3310 885 4297
1476 808 6780
1710 321 3441
2353 18 1326
2281 364 5725
2309 1918 4851
2967 3022 5018
3967 2180 7692
1032 1413 4156
3271 1106 5057
1644 2192 3761
1314 488 379
3142 768 5605
3234 2629 6806
2586 1346 2108
951 842 1278
1462 2944 1442
3117 3299 7188
1465 2608 6646
2063 3041 6063
408 1486 1537
1030 2856 3109
3339 743 7838
356 2333 2764
3743 1448 4833
3171 1904 8148
2863 1539 5639
2032 2896 9226
3245 825 3499
1741 1268 3571
3186 94 3918
2286 1180 7795
1499 2280 351
3128 3836 7358
3831 1547 9121
294 3910 2427
825 2408 8560
2450 2732 490
1471 3922 119
355 1007 2715
885 1736 1899
44 2491 3879
709 3707 9446
2356 677 7503
3921 2158 7036
767 144 1553
3186 436 5132
3722 1068 4829
1645 2914 5093
189 652 1777
2016 1811 891
3197 1189 6629
2055 317 4885
3465 3369 5080
1147 902 5744
3438 1107 9718
2082 3756 3228
1980 477 1382
1779 2787 5295
2185 567 6726
1719 1789 1304
1890 2477 5564
1205 545 873
2151 797 8006
353 1340 9273
3399 1529 9993
2434 2945 6785
2549 833 7832
744 942 6834
2534 334 6903
234 2722 6899
149 2582 8732
2797 2895 7133
2778 3623 6344
1885 1763 2587
15 278 520
367 1976 7896
3605 2265 7718
2045 1076 5348
1098 1751 2988
2048 1705 9495
14 1534 2590
2157 21 9616
425 797 731
3435 3460 7670
1229 1364 1711
782 284 6800
3012 961 7249
2579 2523 9444
1381 1731 2094
3531 545 326
2795 3716 748
1679 1243 4009
2110 1877 1198
418 2371 5105
340 1889 3281
2444 2282 1190
947 3783 1889
910 3084 7465
2264 3757 4376
2302 1758 5143
801 2044 4363
2104 1853 3107
1047 1153 2275
3984 170 7058
198 2217 5693
3509 2615 9146
2294 1207 4953
3160 3381 3411
797 2170 4493
2555 2613 4293
3233 3607 9257
2466 534 3435
3523 915 260
3968 1780 9987
3672 1644 7456
41 1156 1971
3808 2328 6787
1451 1058 4704
1157 1617 1414
33 3499 5232
1183 3839 5029
3338 578 8513
586 2930 5593
733 3939 6227
1662 3106 3618
263 2310 8873
3887 1277 3768
2385 90 1858
853 3917 2689
2769 3546 8143
3308 3757 7001
3033 554 3403
1744 461 7602
3442 157 5627
3932 2117 460
1594 267 9646
3468 2356 1125
2583 373 1765
214 1285 3056
2024 1798 1969
2763 1220 6057
1331 2887 8664
3693 3091 5403
768 136 6316
875 686 8651
1206 293 2858
1872 1374 4638
2786 3252 1789
2179 1330 3913
2742 2058 6052
1568 1670 3372
77 505 5294
1401 823 916
3086 2606 8964
1706 3292 7872
3646 2965 885
3779 2877 4189
4029 2998 1639
1397 2996 2743
2135 2465 6877
2082 3581 6134
703 1206 6095
2703 2848 6632
455 365 87
1088 3794 8073
3397 2811 7091
2040 880 9732
2096 2503 9197
1647 518 8855
3217 92 9140
2281 2099 1166
2625 2874 1263
2147 3214 7803
144 1349 6568
1563 369 7579
3878 126 2805
3210 419 5778
1589 2954 8568
3073 2077 4593
1770 753 6042
3015 735 971
3231 2775 4317
3324 3741 1335
1189 2071 1887
697 2792 3280
2811 246 9206
1675 859 2771
183 3197 3820
69 1848 7197
1079 745 1865
194 947 7049
1028 1219 9682
3669 2875 4311
4002 3088 3680
813 944 9768
2626 1344 2384
3071 3752 770
3199 1734 9499
1838 2178 1580
3046 2254 5977
647 3893 8638
1047 3951 9097
106 3918 7239
2151 3814 6441
3853 3663 5665
352 3103 1169
2231 591 5597
2377 832 7794
1285 1504 9737
1374 4014 190
1530 662 3835
931 355 707
2237 2404 858
2128 3510 1522
3473 2935 8945
3168 1770 489
3092 1646 727
3980 3043 1716
1978 2585 4309
1391 1309 4275
239 1883 9932
700 699 1357
3048 1482 3956
3179 2769 4243
795 3984 5036
1167 2365 3723
1364 1230 6626
1510 1372 2157
1149 564 9574
1321 41 4557
1390 1329 8133
528 375 4563
1815 527 3654
2532 1346 5372
237 3910 7355
3569 2728 5670
2997 1826 6540
3800 3042 2952
3797 2814 9815
181 1524 2628
3567 239 9493
2895 1037 3649
3642 428 3335
1247 2968 350
3820 1889 1522
1629 2211 8631
3055 1789 838
2249 2109 8601
1010 3432 6698
346 3082 5146
3809 793 2875
3721 440 6630
2970 2305 2854
3904 3432 6831
3286 3521 872
1679 1254 7889
3698 1284 6905
583 2700 3849
2822 2182 6398
1491 3634 2830
2605 2300 4757
924 1387 4530
722 1699 7393
121 1157 8410
3475 225 9901
910 2789 4747
3943 3322 4079
329 216 2793
3645 1363 7698
555 1943 245
3422 2647 5420
3446 815 3542
396 3026 3894
2115 3074 5106
8 1394 3891
59 1315 1767
192 2863 3737
575 615 1081
3878 3764 367
556 1234 434
798 1697 6226
2704 3187 3242
28 2319 3415
1187 605 5432
3376 724 6424
3776 2736 638
1728 4024 9672
1871 3077 9680
2084 1047 4486
4012 3323 6069
2451 1306 2510
1904 715 9243
1727 1136 599
2449 664 9902
2368 3765 4004
2797 119 6851
1175 1082 1000
3027 2066 4435
1853 1960 9643
1872 2600 5050
909 3998 4679
2704 2028 1415
879 1122 8591
3437 2552 4924
2849 2530 2872
3502 694 2482
1935 2465 6691
698 3558 6608
2319 2668 3562
1863 847 3409
985 2803 3394
543 647 6139
4018 3233 6650
2007 1332 6808
465 2911 7922
2436 2834 9425
2193 884 7446
1283 2070 7594
1155 113 9105
504 698 8283
3511 2338 3662
858 2627 1614
3254 2416 3877
1432 273 612
3256 288 7867
780 613 7881
1570 3240 7463
1439 1973 5218
1156 1684 8667
2249 3913 3457
2381 3317 267
478 1086 3345
1975 2528 1223
346 3983 5210
2548 2637 4621
2735 2771 4095
2777 861 7691
4023 3808 7663
3571 1641 7054
2645 837 7604
3851 1810 1071
3213 1248 447
3749 1860 94
1913 3867 7721
920 209 3607
1368 2687 8016
2962 2785 3497
1350 1458 1052
1199 3684 1961
2796 712 2601
2671 1918 5686
663 2922 1974
1717 9 566
887 501 9563
411 3922 2586
2255 2528 4784
166 3318 3795
2549 19 6400
1652 3566 2
2566 1535 8813
3860 1735 6208
2434 1714 6620
832 2292 8509
3558 2968 7431
3627 364 1829
3577 1474 3129
72 1682 7877
2353 1976 5871
295 1788 7143
2385 2601 4930
404 2811 9826
925 3346 8214
1855 1877 5377
3035 1330 6272
110 3954 2286
3357 3400 5335
1939 2080 639
808 1768 5782
3841 2476 6386
2614 1702 2599
325 3570 8383
1642 893 8423
3815 3173 924
3869 877 5300
1393 2217 4337
1770 3807 3509
1489 3541 84
4009 2450 4483
3565 1878 6260
184 1169 6437
481 2574 3295
501 2219 2468
932 3151 9408
283 524 8156
380 286 6250
505 3026 7589
235 1404 1284
1007 2594 4126
3846 286 9811
1475 2436 8427
3789 1255 9055
1682 571 9637
3393 1400 2992
3782 4010 783
614 1284 2260
959 2639 5277
3243 1882 6117
800 3213 2898
300 3694 1058
1441 944 8854
1240 175 1848
2516 2017 5792
3347 3919 3629
53 1226 2771
3769 232 1092
3617 991 7965
2015 2978 2632
2049 2752 7527
802 2811 2448
13 2178 5243
2904 3262 315
1955 1631 2094
2621 1622 7710
1061 883 6074
1738 1370 249
3805 2466 311
2794 2110 3662
489 1734 7885
605 1905 788
3321 2347 9825
1113 3272 2663
1101 3464 9843
3219 1319 5813
2577 3805 5654
696 731 6977
2146 2362 8072
3607 3875 930
796 3181 9446
3335 3587 969
2267 432 8339
1721 33 4651
1556 3781 9168
3625 2708 4131
967 3176 8279
83 2932 8290
708 1707 1574
3197 471 6244
2421 784 921
2802 683 9100
2585 3933 5043
632 607 6164
2616 1019 5766
3739 3026 3488
2186 1153 225
554 2940 8191
3578 1453 3737
2585 1221 536
1373 3807 1853
3282 3385 1621
4027 2116 1323
428 3104 8029
771 3126 4283
3525 2038 7517
3882 159 3841
734 206 6288
2388 3910 846
695 2353 1912
3652 949 7217
1750 1213 291
1839 3903 9232
172 602 5555
2825 1719 1293
158 2540 8399
2062 2964 6037
3557 541 9572
761 1013 6688
1964 461 7610
1828 776 2167
976 821 3961
3089 2026 3061
255 2262 3561
2279 3369 124
1115 2349 8826
1753 2847 7048
3937 3770 6700
3302 322 7017
2945 180 784
8 1558 3587
3302 3704 5221
1599 2475 8756
1310 612 1262
3120 1743 3249
3692 3254 9390
776 228 8778
692 3337 7089
3978 879 5677
3392 3554 5975
1164 3412 5352
2393 1392 2893
838 2498 2617
1382 2811 935
3081 1716 4800
715 3560 3910
3795 3625 9333
1901 3206 836
405 1776 9833
3404 19 2372
2284 1916 8446
661 164 1999
1548 2869 2684
2576 1712 7858
495 129 5559
582 3050 9159
2053 3827 6684
465 2549 2606
1505 1810 5859
487 562 52
1323 2414 3390
2851 205 5797
2247 3097 1624
46 1183 8497
2238 3122 7058
1147 1460 4872
2652 489 7887
528 652 5836
3101 3387 8312
1169 2272 3563
1279 2945 8162
509 2136 15
1572 192 2808
1246 1057 779
3012 3096 949
1255 546 3959
264 3836 1040
2855 825 6633
2770 2039 1146
3845 1063 872
1155 2470 5356
3193 2554 9591
1052 2256 2870
2476 2196 8040
2254 246 3801
1176 2797 4780
346 1944 3550
1730 3873 484
1781 3354 7385
2355 3510 9408
1939 3513 6887
3739 514 7126
2197 479 5205
718 3309 8510
307 468 5623
2638 3358 2262
2203 507 3381
930 1691 9861
348 713 4449
2973 1662 8044
785 1204 3423
3310 2029 8963
2584 1960 8058
3566 3933 2582
2058 3083 9741
9 3906 5358
1320 3817 6540
2462 2660 7132
446 3895 1990
715 2346 7686
957 1455 8003
2867 1565 7345
69 1057 3628
432 2003 872
394 3325 1736
1088 3063 7428
787 3760 2003
1042 41 5286
3748 2253 4263
2061 2720 9387
3860 562 1045
847 547 1149
3571 3572 2865
2733 856 2601
2126 1562 9658
415 125 4839
2205 175 1215
3403 2979 9390
503 1877 4699
3416 758 2015
2185 3881 7433
79 3334 8121
2141 1816 977
899 486 1842
4001 3999 703
3378 2408 7069
1336 197 3551
2289 2762 3594
3690 37 4200
2703 3250 5540
2000 844 1279
2257 3911 2202
21 1111 9237
2110 157 4907
3748 1266 9425
1909 2547 7324
1651 2139 8686
2883 3429 1427
1283 684 8961
398 3361 2949
3129 924 7166
643 570 6
1936 127 4097
789 2484 30
2363 289 8958
351 2400 3755
2811 1752 4868
814 290 6524
1983 3445 9496
3300 2105 9566
1779 3349 8539
3879 2434 6929
886 211 4038
3222 2489 5867
1000 1326 5122
2674 3389 1092
814 2167 2936
463 2136 8673
1428 2931 4686
1 1364 3487
3630 1325 564
357 1424 5964
2338 3591 2041
3372 3038 6152
314 670 7222
2360 2695 7817
1678 2978 9828
3119 2261 2260
3666 3068 5596
3120 1807 8788
3382 665 5208
2191 2541 2761
1523 3531 5145
1501 2698 5656
3056 3720 9142
2078 3431 4103
3784 17 5762
3946 3887 4009
838 1195 626
2856 3442 5258
2433 3071 9926
2372 4025 5516
3959 2190 8538
159 323 315
1770 3769 1383
556 2031 11
3825 347 1407
2887 1251 670
4031 168 8683
2681 1984 6092
858 3879 4156
253 2762 5599
896 756 8407
2619 1260 2548
3347 2243 8102
2832 3704 1981
2777 2317 365
2319 223 7929
1278 3071 4240
1191 3171 5960
448 2318 6717
3835 1648 5799
778 954 8720
1660 3102 8213
894 367 7806
2936 3041 4213
3881 3218 8667
544 1489 3568
3059 2679 4573
2462 479 9293
1141 1492 5177
1355 2387 4498
2213 2252 1160
3348 2301 3714
1470 210 4812
1673 354 8894
1894 3231 3724
2571 754 2570
3871 2410 9563
1335 2173 8759
2309 666 5013
2984 2236 71
250 3529 709
398 726 3420
4027 814 2618
3073 1709 8810
2375 2234 1752
1559 814 2982
3266 639 3091
1795 3273 2343
2050 269 5293
3171 137 9807
2068 3295 4493
2944 2171 4012
292 2421 8019
2428 182 2298
88 3003 4576
3829 3648 6686
2996 3548 2217
1692 311 9148
3277 528 2330
117 3955 7393
1722 2055 3645
663 3351 9841
570 3466 1106
1955 3232 4809
2536 536 8735
3900 1909 1182
1418 2302 3730
3209 384 8297
3149 493 6292
1529 1292 8743
300 2572 8367
3227 1299 7000
1919 676 8514
2667 2720 7337
1385 2382 2161
523 3823 265
3810 3777 6670
3507 1958 5251
1140 2968 8959
2464 684 1963
3890 875 1409
3145 2453 3451
1582 3739 2326
2585 153 5780
1551 148 2100
2924 3223 6902
1547 1272 8817
3687 2736 4317
3957 2690 6049
1242 1220 7498
3505 3008 1709
1414 3432 6046
3858 1350 7338
1410 2868 9167
3891 1790 7206
3627 2593 6072
328 2245 6700
2644 2525 935
2649 452 721
672 595 2991
1237 1397 9677
2481 1183 5439
943 509 6342
1186 3537 4542
1424 1285 2775
3103 2391 8502
2115 2145 1158
3086 242 9445
2622 2368 105
3514 3708 116
1791 1531 7759
2285 2350 1513
1210 3522 9918
2434 1068 84
3859 2718 3644
1765 752 2018
326 2818 6985
1806 1593 2460
467 3719 6334
3072 565 9386
882 1866 9957
2114 1865 4394
2584 1598 5431
2269 1095 7295
3407 1865 3560
2688 1885 2636
1146 2072 9718
1461 1719 259
593 244 9922
2403 1918 438
2787 879 3249
1597 901 9599
3388 2795 2229
775 2762 5942
3375 2582 492
1050 3843 1355
3517 6 796
3291 4006 1650
942 1795 799
2623 881 900
10 2155 8117
1282 1262 4909
2270 3041 8764
621 1681 8035
3064 1969 4993
2729 1577 2408
2318 3699 52
2282 1260 8329
2220 811 4867
1142 1715 2737
2056 1196 4066
1491 202 1176
2986 4021 7130
2272 393 9496
685 3801 4822
2305 2391 690
994 857 8483
2159 1134 4539
3976 93 7300
3659 170 8405
2634 1763 1329
51 559 6901
468 3079 4355
3869 986 3557
3396 2907 2842
2253 41 4846
3229 154 4911
3639 273 3637
3355 2679 2847
914 3936 2062
409 3829 4536
2585 343 964
3773 1092 3322
2693 2493 9652
160 3865 8998
1341 539 8314
2360 2749 2059
173 3129 5401
3071 2719 2995
416 3289 3277
1080 1049 4489
1124 641 7060
280 322 4452
3969 2354 1618
2574 3338 2908
2776 1793 9273
3598 3131 8659
3507 171 7742
2497 772 164
3684 3246 5959
3257 680 6146
1321 521 7844
3682 1749 9211
1137 2176 6852
2248 355 1400
264 308 2052
2977 2913 8050
3329 3075 2662
3936 1937 5689
3693 3429 7248
3884 4000 1075
3852 2902 6576
462 3030 8211
3984 1132 4397
3155 697 2579
140 3493 3560
498 1659 9062
2841 464 4637
2035 2336 5312
3461 3940 2056
1060 1976 4266
2620 1614 9800
139 3336 5468
2561 1338 5069
973 1178 7770
3263 3132 4727
1793 1158 694
3752 1481 6428
211 1910 2468
738 3354 857
3320 2763 8738
1074 3734 4966
3564 3682 8700
3347 1637 7948
122 3143 8169
924 566 6451
3136 1082 6352
515 1727 6218
2771 880 5464
625 608 2040
3995 863 3466
4015 3401 6539
3911 2974 4967
3323 2017 8028
2894 3650 935
2041 735 7546
3108 3468 1588
1008 3191 6348
2454 3920 8534
937 3664 6899
2404 2851 4756
585 3551 2799
2337 3478 3051
3373 968 6575
64 3363 7868
50 2943 820
1852 4014 1301
1502 1240 8561
2004 345 3599
3170 3275 3768
3134 1365 5769
709 2425 2337
3805 3624 5085
2264 1709 820
1863 1257 6636
1329 753 3254
655 341 7270
1778 970 2987
2510 1046 5823
1678 1219 2733
1841 3684 1378
2408 3274 9288
1877 31 9271
2791 3970 6345
3390 3596 7316
3017 1054 6557
1141 1135 242
3110 2519 5255
3823 3483 9257
2397 2498 5127
1432 2482 8505
456 395 4012
3837 185 7926
1600 2046 1555
138 2829 586
2966 633 2145
1098 78 8726
2661 830 1886
2467 1531 7057
2867 362 2325
177 3230 2005
935 302 9177
3487 2972 1013
1505 3588 3442
1862 64 9996
564 1760 7648
3325 3702 6695
364 3320 7265
2597 2831 635
1983 2058 2517
253 2587 6349
2430 3908 2012
622 2611 8157
3917 1228 1972
2574 1491 4708
888 3194 5472
41 2993 8528
1114 2108 1301
1875 2113 7078
3798 1397 7784
2609 1709 6428
2278 3229 1934
3119 2404 8147
3735 262 705
348 356 9841
1275 189 8732
3451 4 9201
1483 1204 8566
2339 1155 6969
2718 813 2609
2182 3403 7242
3614 160 5326
1136 1108 1785
944 633 8254
3711 3340 8767
639 2898 1780
716 85 5902
3881 1127 5461
2201 623 5396
3029 2147 2888
3074 3270 7977
3563 791 1744
25 3308 1251
2734 2919 2485
1384 1463 3715
2230 660 2311
3956 2645 4308
3924 2382 8595
1038 664 3611
3400 53 1385
2411 1391 2730
1074 1133 38
3562 2438 3319
1805 2283 877
3535 3194 7094
1246 1429 3159
2358 199 5960
2267 66 6294
2850 1331 8076
3283 3726 2929
2424 997 8902
2848 2417 5318
2270 3551 8254
3000 186 7038
2958 128 3571
1371 3130 7020
2887 3360 5169
2326 595 5824
3571 769 8832
3260 1363 6916
654 3478 8711
3404 1395 3160
2058 1900 8660
2211 3109 6314
2459 3922 5645
1377 3185 8726
1745 2918 8624
53 58 9952
2770 3865 3672
3606 1712 2234
3833 1019 1337
3043 2578 2754
1267 2200 8624
1611 1201 1007
3550 146 3630
2878 1604 5717
2005 399 517
2095 3947 9589
1580 3599 8363
3197 2319 8592
1605 2844 8869
320 439 3616
4026 2169 3909
272 2858 3474
3640 329 654
1013 1687 3832
3888 817 493
2040 1610 5822
1961 2454 6007
3654 934 5676
1480 3678 2738
2632 1637 1070
1676 3205 8836
612 2213 7749
827 3450 7383
269 1518 4480
1298 1737 2826
1966 3309 6006
1436 1362 4431
2769 2953 2850
4024 483 4591
3504 296 2119
1013 2445 5603
2850 3060 9566
3785 3547 9477
2884 2155 5584
3876 2590 5283
1034 2726 9993
483 484 1524
1039 3885 9997
3820 3674 4937
975 3134 393
104 934 3612
2298 674 5197
3059 213 3866
3170 1944 4265
891 3956 9028
3732 2872 711
3005 1305 6439
1058 3730 1387
1754 2703 6386
2351 789 5528
437 1072 2456
1219 2120 1573
325 3417 9628
2135 1765 9838
2907 385 6052
372 3961 8805
1219 823 2195
2552 2443 6835
1531 3823 1654
3230 3371 3137
2319 2140 5305
2833 2316 3608
403 3874 2703
2323 3752 4782
3863 192 9191
3884 273 7985
1995 1944 4774
574 923 715
1653 190 4333
1562 1262 9710
1013 2169 1107
1655 860 7944
2281 3758 4907
1978 1359 1324
964 3418 8561
3101 1129 286
2477 1253 8386
2134 2917 1351
3739 2423 1672
655 2933 1124
2161 3914 6878
396 3481 479
1593 1272 2696
2868 3448 2857
1398 3616 316
1956 60 8748
3072 1993 8013
1344 1213 8862
907 3879 1934
2754 2351 9667
3625 1162 1999
1000 1855 7238
730 1119 3274
2055 2434 1053
2816 2225 2019
2252 42 8817
574 1297 5389
856 3534 3145
2919 2868 9531
3001 1880 9721
2411 927 9206
3808 3317 6989
706 44 7664
1189 2527 464
147 137 4664
3165 605 6224
3203 2144 7102
1054 1511 3050
592 955 7574
3591 2536 8773
1798 1712 4173
2503 511 803
1 2303 5604
2317 3125 6868
1781 551 11
2057 388 2271
671 3988 1967
884 6 8024
1637 2498 1133
1940 3887 3900
3625 3073 4042
3189 2562 9483
129 3828 1138
1339 3935 7315
2235 165 535
1845 1584 9508
2130 275 2483
2706 3827 5923
1320 1819 2652
65 3437 2013
229 2882 5643
3857 3607 8210
300 1158 5353
2006 2185 9658
3827 2738 8673
3612 2910 17
2346 2148 5882
2700 1826 5774
3828 3947 3066
1837 2965 9807
1053 3343 899
963 2074 3590
3712 2361 6962
997 2948 6502
3736 948 457
106 717 6972
3830 526 8772
383 1103 8776
2680 1608 4995
101 2346 6256
2940 1249 2675
503 3124 9036
1298 2863 2090
822 2170 164
1369 3792 2703
2373 2261 2624
2755 1694 6024
3193 3267 5185
2138 1786 4898
2543 3497 5027
3464 3458 3550
2686 3306 6892
1073 2863 3236
1372 1052 8902
1263 2589 6550
1391 2552 8261
75 422 8918
1263 2680 8783
3429 2845 4034
208 575 8335
3740 147 8589
1649 3258 1284
3008 1626 1924
2447 1695 1902
3664 2234 4137
1268 564 2381
1276 1926 8874
3354 766 9261
217 3685 7508
309 1703 3868
2811 1985 5516
802 1013 6534
1214 1406 9256
1530 1440 3958
1815 3354 6698
1761 3663 1958
41 1547 2933
3061 2745 9073
1259 2192 3494
1168 1344 7831
1959 1186 4099
2946 3044 7043
337 864 1074
680 40 3687
1131 1750 2297
2677 1840 7623
3507 1575 1947
4015 1712 1214
2886 869 2757
554 2518 2332
297 986 9549
563 2416 7698
3522 2579 3616
2904 3380 1472
271 1078 9599
137 456 4104
213 120 204
3354 1904 8472
2874 1010 3364
2194 2532 7711
488 3865 8692
1957 2583 5232
2010 3044 4245
923 2842 7947
481 3591 9189
307 1273 7294
3337 884 6256
3505 469 2121
1683 1230 6366
3707 254 6101
1151 3271 9951
3546 1908 6816
1331 2252 9496
3393 318 7377
2813 1377 502
2976 301 1792
7 395 1351
450 1954 8800
3806 3058 3005
1888 2061 4108
3391 1946 1132
3100 3161 8905
3855 3180 1805
1295 1631 1099
139 837 6729
104 1252 1403
707 644 5202
2027 3213 6932
3233 1509 6227
2201 1799 4918
2562 3045 995
3412 2540 4918
2184 3156 149
488 3426 1591
1538 1904 9216
3487 167 9337
3107 2204 8884
1436 1155 1823
594 2717 1457
884 1752 1601
3731 1403 7923
3344 3910 7760
3555 403 4768
2324 1711 7418
2447 107 5136
774 2296 5270
2602 2871 5561
180 1443 6486
2204 3748 421
3168 1405 4918
2474 994 593
488 1302 7904
783 1268 3822
3122 4013 8749
2532 3818 5354
185 3230 550
3999 198 6504
1664 926 6908
3854 2493 3834
3961 3148 2730
3977 3760 1825
3122 1637 4828
3132 2199 7647
3114 526 1973
2319 1742 6418
1855 2499 3214
461 3891 7661
3950 512 1653
2120 2012 5036
3392 1125 9117
2150 658 3253
2801 2979 9310
2001 3171 3228
3264 1817 8020
3611 263 6728
745 764 4715
3554 2717 9641
1011 3313 8640
3640 1509 1201
4030 1054 6414
2416 1364 3557
1268 1267 8145
1223 168 4317
3954 3375 7379
3105 569 3246
3885 1444 6023
1086 1036 4280
1743 1910 9749
2807 568 2930
2477 2170 4465
3993 713 2478
142 3327 1106
1323 945 9292
597 3296 6476
2276 3461 9430
3582 632 2061
4032 1757 9689
876 1902 7090
2364 3709 3713
9 3712 4724
676 1239 2558
1996 243 3317
2120 850 385
3069 1055 5786
1850 313 7689
1323 3106 3464
123 827 500
3522 2182 7329
89 1577 2104
2559 1236 8052
1303 3212 3742
1532 2523 5660
3942 267 6197
1264 435 4411
1222 3018 9390
3157 3534 5794
1794 1148 433
392 3558 22
151 110 5542
407 2429 9714
1950 191 4486
2622 1631 8019
2849 2290 819
2055 2149 130
2493 947 4494
3492 3056 248
395 1838 2190
3835 1212 534
1119 1693 3689
3907 2037 2255
3067 2604 1609
2074 2638 6246
3197 3027 5571
3850 3287 1993
2047 2592 2031
3573 3760 3259
1198 2997 5457
2999 1988 8883
3359 2111 6940
2112 3866 7560
2723 3532 6934
2728 3761 7033
3335 3332 9571
1094 3449 9482
2476 2807 1443
2844 2981 5313
2012 445 5275
2602 675 8227
533 838 5334
272 564 816
2802 2594 4292
1446 1112 9819
1511 2663 8834
1316 2812 5110
1527 1472 9948
3832 925 9679
1283 400 1709
3637 3793 8490
2621 2802 6564
1976 3771 5397
2210 1444 744
3241 2074 8172
520 743 1643
444 3702 2666
1226 2729 6517
1090 3643 25
3378 1877 5925
35 2351 1973
372 2143 8907
1314 840 9216
2171 874 5884
1372 391 5841
1276 3320 6248
54 2405 1806
1099 3589 5322
3925 3601 4043
133 469 7118
2591 3573 597
3108 3465 8621
3811 2561 8803
321 1452 7764
3462 3340 2913
3354 1345 4974
2199 539 2950
2588 3966 4374
91 2977 1273
1280 1190 2628
1672 3470 6083
1576 1655 9762
1869 91 5544
2135 2175 1479
3667 354 6857
1850 2094 3715
898 2638 9473
713 1666 9523
261 1993 6583
3653 2923 9498
3905 641 1799
2207 3459 8555
865 3942 8404
1977 2382 1014
2498 1363 790
3853 3354 596
1764 844 7261
1630 2971 2596
130 1331 5918
1552 804 7655
2517 3065 6065
3597 2495 2866
201 525 6276
27 1840 4868
1299 3380 629
3391 4003 9188
3716 557 9841
1619 2338 3578
49 1139 3561
3556 3426 1113
903 2849 2558
1061 2522 5995
4008 3831 7227
742 2473 4453
2429 2276 7474
2944 2223 4083
2247 690 4519
967 3397 3298
1377 767 3605
187 4008 1102
3897 1190 9147
3232 2507 1755
83 3061 6008
3112 2748 7551
1127 1516 2768
1078 2392 6798
2233 2452 4498
449 2469 6381
2887 3818 5745
1734 3824 6767
881 3071 4035
3110 2453 8161
1150 3562 9632
823 625 6662
3509 1597 9380
3884 2896 6613
3731 3110 5849
1831 1505 9220
2965 2320 6542
3607 3676 5762
1924 2007 6685
3043 1878 5451
823 124 1756
1492 2702 263
982 899 9903
3002 1052 5581
1846 3116 4345
2483 3169 774
49 1910 8879
1304 2495 4302
3225 414 1875
2468 1554 8025
1165 842 6056
507 2009 7882
363 2043 1927
2716 199 5176
2291 481 1031
2765 3539 6425
3531 1170 7908
2463 2353 6775
2592 3915 9543
966 1960 8294
1358 3492 1288
221 3085 9175
1547 2109 4956
2448 1068 667
2691 840 2139
2276 1156 7156
2100 2577 6239
768 175 5032
715 3819 2917
2458 3437 2923
2843 1083 6835
2556 1752 1025
3423 3150 9537
616 1076 3089
2277 1893 6605
247 1808 3881
2889 113 3862
861 3454 1835
3771 727 4534
68 939 5736
3045 592 6212
1883 3656 6942
2656 532 3618
2042 2817 8138
2614 333 8469
1847 2627 1000
3226 598 914
427 1056 6376
3213 1406 7775
3030 3769 457
1399 723 4669
2930 1616 5414
1739 2920 5983
1490 3853 5976
1057 3802 6080
640 2139 4473
829 81 3132
1337 2387 2318
712 2843 9504
1699 3079 2400
793 3568 1592
1120 3546 2690
1958 3759 3424
1218 3848 1128
3920 1505 5779
1485 3670 29
466 2461 1361
2639 2994 9640
4028 695 1863
185 1500 5894
169 201 5376
906 667 8074
1343 2136 9187
1132 2294 5345
2602 809 2564
2272 224 7655
2088 1351 6344
2769 3382 9829
445 1473 382
1590 3944 470
2664 1489 285
1418 1673 1403
367 3921 5883
129 2764 2619
390 781 7378
3641 333 1963
2278 4007 7091
3672 2799 509
2535 671 632
1459 1467 2947
1560 781 9261
2022 1665 8576
2968 3480 5636
2807 1454 2684
42 2023 9703
1730 212 1414
1427 3021 2712
2259 3527 7415
1485 628 1054
454 2622 927
760 3014 9661
3570 3596 2781
3213 1373 5352
2574 2434 8847
1159 2747 4477
3362 2521 4267
2077 2298 2854
2165 2291 820
234 2753 4096
1248 467 3235
1073 2458 7642
3781 610 4380
3316 2388 4637
191 1167 3524
1052 3607 3351
2188 2001 8367
1130 1526 1838
1123 2992 441
1799 2554 5227
747 2963 8822
1001 3162 9739
2089 2183 4487
231 2892 7397
1053 2636 5375
3489 535 7171
3769 2399 3451
2288 528 3140
307 2135 6234
3559 1854 866
835 489 545
2942 3785 3512
2199 3213 526
627 4027 9677
1003 959 8864
3036 22 9372
1965 3145 4153
1699 1376 3130
978 1960 8577
2052 678 4973
1133 1206 3577
3864 266 1812
1000 2631 8966
1821 1188 4309
2367 238 2800
3894 1580 2489
3483 292 7659
1103 144 1166
1186 2115 679
2241 934 4451
1148 3635 2745
312 3528 5852
1407 1534 4190
2250 204 7231
1768 3088 3248
3501 1462 5916
386 3341 753
1315 349 6698
2549 2622 5407
1551 3840 6987
1313 1525 7563
2639 1723 5952
656 1227 498
2675 222 8088
1487 1262 5628
2409 1662 5713
862 3187 3812
2931 1382 9781
1364 2584 5195
1 137 2388
2350 2560 1105
2760 3079 8771
147 63 551
1507 2318 70
1816 1603 3079
3410 245 3351
737 3655 8910
1268 3391 737
1845 380 868
861 1289 5940
3353 3172 5188
600 3557 9964
1701 2839 1791
870 3777 5729
2849 1877 7195
3779 709 5038
3947 127 1644
642 3313 7947
936 3308 8088
2055 885 7050
3052 2370 1285
2001 2117 5650
1422 24 9353
2212 1122 8135
584 1241 90
591 446 4981
3094 1503 3847
1478 3426 3901
65 824 1113
2186 3891 9041
2756 877 2640
1299 3881 8569