6752 993031270343826
1341 2145 5720
13 4922 4295
762 4885 8532
2128 5755 4086
3295 583 3157
3058 3717 3418
419 1689 8357
6674 6747 9970
5229 437 8272
1545 1581 8212
1472 6656 3224
1793 129 2182
2118 5504 9747
5019 1220 2821
1278 6572 862
644 5460 8454
2637 2206 1427
6188 3695 3886
6422 2474 5751
3845 3697 5472
148 3981 613
395 5833 6169
2429 563 2188
5249 550 5175
4630 3472 1772
911 1356 4833
858 5040 3129
6204 538 2538
1986 2362 9568
402 1591 236
2821 3961 3117
2987 4606 5287
6751 6239 4531
559 2986 8000
5677 5742 5724
5336 4678 7687
5063 788 1417
750 4286 4080
6619 3070 7657
4014 2873 6040
2245 4176 8643
6045 5010 7232
1781 4873 4573
1012 602 8389
4895 2843 52
2277 6138 1786
1027 6271 3194
1455 1317 7830
306 185 5672
4904 3770 5296
4109 4742 9654
4367 2978 2636
3009 921 1464
4633 2913 8193
6414 5317 4163
4347 302 9588
1523 4717 3025
6038 6689 3643
2014 651 2125
4657 2539 2592
4513 3332 3879
682 2687 5241
6460 6392 4230
3644 4820 4761
2393 6543 9592
699 495 9953
3555 4476 8799
6054 3024 7360
2385 5763 384
4216 545 6455
5488 703 9751
4530 6367 9026
1684 2800 39
5729 4368 4324
2076 1834 3766
5325 4042 90
1412 6216 2461
1615 6605 6959
6262 3839 4272
6380 5685 4484
4898 1018 8607
5154 3955 277
2489 6110 7120
5520 5648 70
2012 2707 8469
2804 6362 1282
5147 1219 9657
5291 4374 1493
3999 4809 1276
1658 3591 1782
6734 6369 437
6362 6185 5154
3014 4133 3374
1866 2770 1018
4083 5722 6266
3154 2425 9318
4069 3852 971
1245 5664 5065
1758 999 6677
34 381 1354
2996 1407 7871
3157 4185 6428
5567 2577 6732
3258 5492 7909
19 5089 7103
5827 6689 497
1739 3343 4351
3993 1520 9563
4126 1101 3808
3411 2186 4974
4587 6747 4047
1786 1924 2414
630 3846 5250
2746 1494 7518
1705 2450 2483
3228 5910 3718
3792 3530 5151
3436 5989 8492
1278 2792 1562
4781 6342 6426
5439 1967 273
3962 4576 1998
3100 1222 7932
2344 1527 9998
3119 5790 3016
1696 1695 4197
4058 2819 9315
2626 3506 338
1108 4058 5613
5513 3881 5992
2795 1921 8043
4672 3908 9836
43 5125 8771
304 3264 4774
1275 4658 7744
4290 3716 5873
5367 754 1623
5557 109 8446
5334 3139 5435
6217 278 1782
6449 4216 3419
5866 2231 5833
586 2054 4195
2839 2181 8668
5174 3161 3350
515 792 3029
447 4992 8737
2825 721 8500
1469 2471 1520
6682 1469 299
2128 653 1278
1354 3504 8144
3720 6297 8648
1453 6536 9209
5728 1538 8142
6107 6427 8015
4008 3842 9757
3108 6669 3808
4928 207 8352
5529 2397 5370
2359 656 9799
2692 4171 2747
4047 6451 1557
6073 233 4921
5997 2054 3872
6084 4937 9300
1097 5088 793
1664 2970 5494
584 2485 4098
812 3423 2580
3392 4864 3627
4665 5788 7516
2725 4304 4764
4314 137 4173
3081 6038 2536
6456 306 8114
5108 1402 7202
5838 3310 1272
3531 272 2965
2390 5074 5073
1388 4194 1570
2313 4934 594
5460 4137 3217
6477 2407 6570
2668 2303 9802
1972 2033 7710
2083 6411 4584
5172 4131 5911
5090 2429 1517
3998 4878 2936
1160 1869 7632
2675 789 7668
4445 4136 2034
2668 5042 9188
4289 3981 2588
5224 1212 5905
3667 5955 4839
4384 1613 9733
631 1048 7751
3404 4092 8936
4691 4459 8664
825 3460 1377
5306 4364 2804
2860 5410 3427
5001 3549 5550
4081 139 1691
6130 6388 7892
6046 3496 9103
5808 4012 2962
5034 4640 7209
4656 1125 4175
546 5945 884
1322 1175 7802
4929 100 3743
5183 4100 7453
234 4051 3956
1002 5063 1452
6137 5346 2036
667 1293 6218
863 2700 9321
6287 3768 1323
758 2773 3849
4190 4035 3340
2528 5027 3356
2154 3738 9388
4890 5789 2279
5075 4835 5613
643 193 4226
2120 2405 8363
5978 3777 3363
2930 1334 9514
6206 1477 7026
4390 710 4739
2809 1679 8669
625 3016 6805
4943 2532 6640
3713 5707 359
5187 6316 1048
4238 68 5742
646 3980 3320
4005 3445 4608
553 1314 9917
6711 3568 555
3254 6747 8762
5888 5027 11
5820 3786 8007
3998 6734 2717
3021 2334 7815
4203 82 6395
1543 3182 5286
4673 6376 7135
3016 1236 4069
4831 5864 9134
5566 3711 6826
103 3455 7425
5848 4460 4873
5253 308 9104
3479 5365 3037
1280 5947 9098
2783 6270 7467
1605 6222 2751
6684 1132 4963
3612 5232 844
667 2431 3841
5926 4200 3631
6160 453 4000
1716 174 481
1390 663 3989
4524 5317 5048
3301 886 6222
3723 4692 3661
3766 952 9655
4156 5121 2490
6709 6651 567
1792 3864 8416
6270 2294 8853
3417 3619 4926
5344 3054 7484
4375 4192 6667
2969 3935 1320
1274 6343 2769
2616 475 153
4636 4512 5388
1072 148 8254
5945 6114 6978
2017 2344 9164
2289 2205 3126
3065 4945 6081
5962 3537 8552
6442 3116 8576
5480 4732 9899
6460 5905 1302
431 4805 3538
3944 149 7095
5005 77 1495
6276 2685 3521
5065 6216 1094
2020 5992 1975
2800 4531 3861
3075 3364 6141
604 3228 4548
2025 3299 7521
182 5509 5796
5227 575 3390
6422 6361 8088
3905 5620 563
776 2002 2242
4040 6013 3013
1517 2230 8047
1794 1719 8908
4128 6397 684
1855 3229 7167
6007 118 9060
3121 410 2423
527 1326 1773
2268 1469 6037
4050 4520 7939
2835 1333 4898
6042 3488 8469
1907 5432 2842
4687 4719 9825
2358 3743 4720
255 3699 4144
3921 2440 3363
5431 3558 1814
2592 4265 1990
2818 2761 3235
5784 3154 2907
5072 2063 3964
2152 5960 7095
3466 3124 9048
6221 300 8511
1803 2617 968
2242 3840 1195
5871 2104 1900
397 4392 9055
4161 5031 8109
1029 2282 493
4018 5304 8419
2955 5897 6155
4453 6069 9400
4773 4416 5454
3824 4181 9674
5697 4400 8459
2428 6527 4228
6436 5234 1446
4043 1932 847
6454 5198 2166
610 3034 2695
1743 5903 5668
5300 6186 5008
5122 5609 2520
3072 6447 387
2809 1807 5503
3864 3434 5882
2592 906 2200
3604 4777 7492
2104 729 5468
4536 6673 5106
5174 2418 1455
4744 6071 2562
4366 5292 505
2460 6076 6317
6404 3050 3529
1518 162 8051
2783 5679 4569
838 6552 8935
1968 1326 6160
4540 6522 5061
5764 700 3705
2157 4244 8666
4842 6609 813
1347 5147 9158
724 2825 8339
5243 1742 9271
3749 2262 3386
3208 2758 6136
509 631 6470
1072 3760 1903
1938 5526 8831
1294 1296 2137
896 6327 6910
3571 2858 1350
3976 3105 2523
2568 4270 2412
4020 5601 3583
1305 920 1074
2685 3551 6255
4794 2942 9050
1655 1551 6179
5276 5231 4061
3465 1674 1611
4796 715 3036
2897 1960 6730
2033 5103 1492
5043 1177 1086
2632 1529 1298
4168 2562 426
636 2442 7245
3724 913 2710
616 5783 4131
5717 2407 5911
4579 4398 3522
925 2798 9640
3441 1521 601
265 1290 9145
3073 5808 9377
2789 3430 6737
2903 212 5614
5479 5356 1280
5804 4457 5567
4772 2494 4102
4598 5360 4541
5853 5169 3268
5929 5768 6624
1383 1124 3305
3454 4196 6850
5668 6288 4049
4946 1283 9559
3344 4324 2251
4029 293 227
4602 3853 3620
103 3658 213
2122 3226 9614
2716 1786 6701
4979 2552 1704
3147 6391 700
5647 2814 7998
2611 5147 8482
2720 315 7944
4071 4 7059
4494 2628 8964
685 915 206
5217 9 6933
4703 5066 4955
6372 6470 807
500 4485 6077
4287 6173 4332
2558 2958 7543
5734 4655 8042
539 5787 1963
453 6085 3109
1180 5198 8495
2479 2386 2855
2869 4403 2728
440 385 1470
4957 3449 6159
5383 6686 9577
2915 110 5518
6556 3459 2070
4519 4750 8179
4538 1746 2096
5622 4911 2041
1730 2136 4743
308 3202 1710
3287 5925 8741
6749 4553 6447
3980 6201 2409
2183 4027 6738
2334 2440 1280
121 29 6704
4283 2371 148
3414 2613 6595
5705 759 6910
4775 4648 7080
5576 727 1549
1105 3427 7716
950 3027 9508
4897 5819 2232
6473 2964 5258
1263 265 3901
1528 4304 546
4699 2816 4718
1117 306 2395
3473 4840 3401
2728 3134 7445
6092 2784 216
6356 2680 9559
5953 4804 3373
2737 1862 5733
1419 4812 1628
6466 2585 7903
1611 2544 7829
1975 1015 3668
5164 4082 2645
4893 5879 5890
1738 4937 2408
6648 4615 5443
3148 96 8298
1117 6515 5497
3543 917 6722
2605 2332 1353
3362 2347 1997
1475 954 3316
546 2387 8262
3571 4304 9076
3048 5320 1217
3249 47 5977
4553 1586 4936
610 4946 3448
4534 4857 7586
4478 3103 5188
878 2323 3994
6154 1676 2303
4634 735 7583
6478 3435 7394
1487 4852 6099
5363 4952 4150
1368 1183 3304
3313 2706 9471
1735 879 9883
2086 3409 1284
3744 2415 7373
6738 1727 4063
75 3837 1303
2300 1909 6370
2260 2674 9952
4919 681 3711
314 2501 1812
6734 6660 4601
5753 3509 5559
4594 3526 8534
2245 4545 5953
617 1041 7555
844 1406 8201
3478 3513 4215
3608 3725 2983
4226 2937 5769
4714 4934 6543
1934 2884 7918
757 5053 9217
12 4501 4129
4239 1993 3105
1276 759 9562
1909 6713 2783
1747 2022 7039
1065 4970 6955
934 5393 8882
5503 1932 7541
2409 5097 6610
3486 5061 4704
3714 4738 7423
380 5986 7893
5601 2492 8429
3261 5381 7837
696 3125 9196
2705 1094 4798
1360 2819 7788
3271 6667 9258
5950 3889 6609
3421 881 8740
4686 2118 1168
4024 5269 1494
4603 4087 4692
4632 591 5075
1045 5938 6047
6569 6531 5258
1815 6315 8057
1645 4794 1815
4998 737 1801
3623 1573 2326
5932 4783 7383
2803 1631 2281
3444 5919 1782
4470 3647 6944
1996 3680 5063
456 2208 5173
794 5253 250
5136 3361 296
1009 780 2713
5038 788 6860
5591 4949 5000
6227 4709 135
3438 770 1104
2613 738 3428
6486 3414 4323
5788 2891 6651
3838 2860 4577
3437 3818 8462
3712 5030 5908
1136 1147 7537
3722 3873 7201
5945 408 3428
1403 2828 9031
5142 3683 1892
1669 2982 8502
2630 1556 1429
2275 5134 3502
67 262 6558
1990 4343 3243
5800 1828 5302
5566 6678 5235
2962 4918 6978
2662 6560 7582
1572 5593 7016
295 2630 3921
6528 1490 8996
1470 1924 2188
2812 5461 4171
163 3419 9292
4704 1075 4900
5344 1704 7382
4909 5814 4291
2401 4121 1386
6006 1099 8485
5870 6317 4070
2950 3494 5708
4865 2558 5136
329 4056 8646
6270 1602 4169
771 302 7395
4449 3801 2534
3318 1639 1369
1597 3617 7174
2524 585 1564
958 40 9613
5862 3025 5675
5893 424 9344
2897 4271 3114
4457 3790 8584
1926 4514 8939
861 17 4767
1336 232 3818
3730 3829 5916
1864 5216 2348
4930 2904 834
215 3381 9836
3941 4730 7695
2543 3017 3021
2385 4808 358
4753 239 6986
1957 173 4273
2631 2417 7739
1873 5467 7628
3840 6125 5658
3230 2457 2576
941 2257 1697
2297 775 7718
3345 1197 4063
3357 5533 6694
5584 6135 1886
4448 3637 7809
5023 3215 9228
3588 6641 9607
2029 5926 4983
1703 1362 7143
1215 155 5571
5549 1765 657
4612 640 6487
6367 5029 8684
2219 6032 9241
180 4721 5425
4858 2856 3450
4891 3207 9410
6563 6051 7692
4437 4583 2149
948 1644 243
3660 3252 3879
1613 4005 9843
4349 1927 9616
3431 5535 4237
5556 4759 3181
4501 6397 3888
6262 4109 8327
4213 3959 808
3414 4740 5897
6093 1265 902
4830 1743 8857
2912 4090 3614
3357 4276 1316
1813 2295 5550
890 2184 1852
2330 5119 9125
6134 4719 1129
4606 974 7810
2750 3437 4107
274 6292 8272
3826 3652 3380
2965 6109 1115
2789 6715 1110
4064 6685 2063
3961 827 6707
1079 3076 2886
2239 4948 1864
4216 6195 6117
1534 3360 6929
1295 3835 364
4893 6262 6359
2827 2920 807
4686 3511 6558
1247 3739 2326
4654 778 5043
3328 2684 6090
150 5140 6213
4301 1224 3370
1792 4760 6898
2908 36 8462
419 3815 623
639 536 5754
5770 441 2075
5630 5976 1939
6129 973 7655
6076 6420 278
2960 6342 1063
219 533 5136
3907 4376 8087
3917 5134 1521
2955 6500 9759
24 5895 1466
5841 56 8987
3089 5100 868
2367 2938 9880
3694 1732 5694
5040 4652 105
5127 6708 8095
3459 6431 8162
3840 3965 7033
1243 1004 4810
2501 125 872
1170 27 7839
119 5536 1368
3593 6256 3198
4456 5551 9234
1917 2485 7457
853 2729 5762
6017 4812 8955
1879 685 706
94 2358 4223
5987 720 5929
3257 2727 2811
2468 5668 2650
6749 1087 7867
2898 3 6818
3447 5345 2927
5263 1375 5281
5783 5377 1953
5829 3106 7366
6266 1658 3153
4737 126 1711
3343 3628 8831
2009 3544 2140
877 323 8930
4575 5184 5063
2918 1106 4185
1171 157 5386
558 2572 3157
1203 1590 2346
3005 4097 2418
3184 3532 7967
6098 2543 3217
3117 1849 6608
831 1323 5686
3074 701 6414
2108 6296 2193
3147 1590 9494
3890 5692 8528
4071 2425 1147
909 5124 6552
502 6455 2750
2845 3159 3428
4498 4854 9362
4725 6241 1751
2004 4291 1294
5468 5775 6179
5035 5819 1030
1818 5243 2927
5935 3327 4483
5069 3126 8395
3984 3009 2431
5107 6285 6193
3563 1451 3577
6279 3943 4570
4776 1688 5122
1785 1535 4991
885 525 5106
5407 954 507
4045 5105 4500
3777 5113 7451
807 6702 9276
2695 5938 8818
6459 3214 668
3979 5746 2236
5242 135 4503
6412 5548 3433
2843 1826 4428
5660 2342 348
2135 4567 8312
2860 6112 1927
821 1248 6899
6446 5251 7414
3840 1025 1706
333 4584 2613
799 5864 9164
4676 5420 2999
1310 4355 5143
6061 3133 6545
5285 1488 2277
2124 6021 9626
1479 5878 1291
4253 3078 4708
3946 6023 2170
3912 2734 4868
3128 459 5629
2725 2979 7292
5780 1015 6210
924 1226 735
6080 961 4150
2217 6705 709
4844 1710 8185
2127 5266 9778
6727 6277 9526
1631 4704 5204
673 5488 8365
2618 3555 380
3655 130 4989
5864 3504 9144
1882 188 7080
927 726 3300
1472 6412 7422
3057 4881 330
5492 4025 713
2100 4126 9127
666 5257 2942
194 5233 6229
3491 1361 8478
6255 738 4437
6541 4876 2773
5909 4367 754
1492 3642 4062
5161 5799 4064
4527 6082 1813
2478 1077 2583
4814 1859 5283
4596 505 7442
6550 4594 9874
1450 1165 7844
4807 4162 8176
3603 585 376
4179 2745 8553
4023 936 2712
3958 5033 6505
448 6495 4430
3032 1403 4268
5783 4649 4869
2164 1079 4810
6170 2336 9256
4460 5769 4012
2094 5286 8241
4350 5125 8907
2583 822 1434
3439 1338 8570
3460 2478 5972
5643 3175 560
2881 1531 7864
5866 856 2200
6096 1051 9037
4479 5270 2300
117 3945 1324
154 900 6143
328 3704 2713
1691 2054 1739
4251 3296 7955
594 751 5295
5277 691 7021
64 2852 5396
4166 5032 1521
544 1544 4865
6748 2707 9923
3614 2010 8248
1148 5365 9769
4158 5279 2635
3628 2861 1104
4618 4406 4198
1011 498 3254
2091 1852 5972
4044 3041 5359
3648 4284 8861
797 3654 6335
778 4389 3599
5868 1191 7767
3366 6474 4120
2777 1230 2169
1456 6551 90
2026 1812 1032
2486 168 6384
5576 969 8641
6005 4572 6420
1908 5988 8683
694 6270 9965
1916 211 2562
2644 1390 7747
16 3109 1703
5010 557 6869
6354 2835 9393
1531 6317 5076
1039 2133 8616
3131 4377 7265
534 722 6292
6269 274 8539
989 4947 5512
4135 5559 2412
5817 684 7525
3405 4762 6615
4503 3429 2961
2358 2548 778
4994 94 8938
5379 6552 8320
6421 250 9638
2906 925 1625
2038 1642 1918
5721 3088 3756
2607 4438 5744
3855 6114 438
3595 1717 3846
4639 367 6775
607 840 6821
570 2276 2486
2121 82 3195
6567 330 1855
4340 1939 2450
5544 4970 2108
2796 4258 5953
5893 2321 505
1210 626 8976
1057 4162 5346
6509 925 1932
1390 1607 7592
4454 1206 2610
446 3983 4575
5593 678 2482
2071 2591 4474
3576 1177 6986
3317 3429 6
3017 5672 7440
4459 2528 9946
1927 1367 7135
812 3673 6378
182 3548 4617
1782 3016 6772
1334 6408 8002
5402 2587 2887
1880 855 527
3643 177 97
2405 298 3324
6554 5046 724
3467 2511 6872
1463 1705 6497
5922 5000 3210
6570 1169 6418
1654 2728 4703
3329 527 2011
72 1257 4877
2266 1375 656
4650 208 8867
3110 4514 205
4790 6553 2353
757 6194 798
2552 4579 4148
6637 4213 1314
5051 4659 1724
659 6585 6629
1398 2534 5787
1784 780 8709
374 3608 2986
5603 1987 3227
4811 3025 5007
3851 2265 120
2677 3804 5956
3569 2760 9623
6379 6348 3243
1509 585 309
4016 3628 2509
603 6224 121
1472 3482 405
6431 5163 2185
1875 5303 845
5900 3607 3628
3547 2268 5033
4853 5702 4054
2490 6247 45
301 4483 6087
2796 570 2416
1390 4228 1274
6208 2422 3094
6263 6002 1283
2085 5295 1478
4564 4200 5446
3552 1340 8432
1983 913 5625
4529 3492 3112
3323 3174 156
1729 3856 8605
4276 4285 8898
6304 958 5216
3070 4864 1590
1403 3163 8476
3355 2758 6574
5089 3493 8061
76 6216 783
19 4551 2549
3029 360 1303
64 1193 1091
1055 2072 5057
6669 1370 1423
5366 4005 1496
5513 4677 3593
2613 4106 2267
3122 2334 1475
6650 560 4977
3986 1280 2672
757 3545 7872
1208 3769 1064
4219 103 5088
3858 4610 9145
346 2322 509
4295 17 2722
2747 4367 6974
2502 5719 5955
2844 3009 7505
3345 4573 2598
3692 956 9066
4837 4766 7660
2775 4497 7554
1154 3799 4315
255 5905 9228
5387 4323 9143
1613 1496 9143
3256 4807 5801
4059 6020 7203
3628 229 9925
684 5279 4701
339 455 8505
3526 3765 1016
1058 5851 6110
2721 5620 6279
6443 6561 8863
6207 4558 9702
5157 704 8546
4532 5019 337
4435 2081 1031
3621 5245 7569
4690 4511 4560
3730 4521 8446
5679 3117 9008
2864 301 3704
4367 2856 8954
1273 5311 1729
5450 4525 677
5594 4789 1260
844 5928 9234
571 5355 9626
2973 3266 6677
4087 1576 3245
996 5866 7179
4117 2613 992
1932 4949 8824
2608 5824 2673
5740 2124 6486
768 5055 977
79 3330 9875
1024 3924 6410
5274 5702 5677
73 1040 4731
3919 11 3777
3076 3464 1786
2971 3465 7362
3192 2749 8991
2284 251 7840
6569 5342 2259
3287 3650 5680
3176 6384 8870
5602 594 9827
1055 294 239
645 5473 7315
6131 4205 8835
591 6186 3943
4828 2218 2620
2724 794 6915
5835 2889 971
2610 6425 3880
2406 857 2500
515 2854 597
1289 5223 556
5048 1152 2097
6605 1973 7775
935 2289 7899
201 3369 7272
5336 4015 6800
5882 5685 4384
2802 6431 8248
2947 3007 6674
3873 3643 7146
1712 3945 3925
6230 1843 7757
5044 3943 922
4662 1906 2062
2204 3900 5118
2576 872 9913
2863 4868 9901
5502 1866 3728
4118 6331 5592
2068 5224 5122
1702 3305 3554
6558 4410 5830
4023 3781 8788
1149 17 8740
1799 2214 6124
6355 1480 1408
4005 1980 5655
5573 4304 7095
4751 6483 1639
2233 3841 4506
2510 333 7691
6147 4577 8546
3089 4619 2954
1907 6631 1817
3540 2018 6445
6370 709 226
5761 871 8616
2638 4723 7180
550 2723 8473
1061 5627 1642
3403 710 4325
493 4504 8749
6008 1635 5750
3016 921 1599
4833 2341 811
2051 2143 7219
5074 4541 1511
2086 4976 7063
3402 5126 946
796 2781 3454
510 6013 2185
481 3984 4499
1498 6187 5635
6025 4564 972
2442 1071 9591
877 5880 1759
1925 5895 8731
5094 4538 5245
3162 2972 8853
3009 4843 369
1330 2774 6102
2194 6733 2895
5761 6199 5267
2751 5641 9056
4124 3264 4711
1383 3671 1711
843 6352 9281
2659 3434 9679
1974 6717 5242
5262 2968 7753
1155 3180 1320
5585 5895 5919
269 1839 2854
1017 2563 3421
889 84 7517
1656 2903 3664
399 5438 639
2562 3879 5379
2620 1317 7078
513 5221 7936
233 2038 5184
951 5259 9262
6685 3316 2434
741 5143 818
4857 4824 6586
4847 3288 8376
2765 3538 2576
3219 1979 1668
3882 3209 9972
5615 4109 7780
3018 5655 8389
1768 3663 6074
45 1457 674
3492 5132 3655
1614 5486 1481
1833 4340 1737
3681 1489 1717
159 1852 761
2217 3388 7767
5223 2878 6958
2464 6422 4865
1162 6043 5438
968 3799 9228
566 3570 7718
5779 1226 8858
1100 5570 6744
4226 4052 7733
5463 5575 5848
3297 2573 8474
773 5114 1163
1224 5978 3783
95 1704 3657
4471 2483 424
2599 3054 2568
486 2915 4475
5428 558 3361
4784 3032 944
6028 5139 3402
3233 671 5029
1799 4472 915
1948 2887 1182
4038 1852 9769
6198 235 6988
6567 2066 1855
2627 5701 3423
6605 6637 8468
6190 433 9943
4328 5413 5139
3766 1874 5580
1631 1285 7709
6626 4609 8448
1813 1071 445
5474 5341 3146
2403 1420 7676
755 3582 4514
2730 1730 8355
4663 6030 4419
4372 4499 8599
2022 263 4202
2527 3963 9245
5756 1379 9761
3356 6650 7984
5682 201 2901
5213 4292 6536
1862 3507 552
3213 743 7375
755 2729 6249
4548 4982 1495
2709 4483 777
6230 3285 7629
5657 1463 2409
2847 4065 8310
1106 6230 7397
1246 1463 5749
562 3843 6516
3414 866 819
986 5174 568
4971 850 6459
1531 1264 2309
5711 524 2500
6419 6725 519
1138 1178 756
5049 2644 9296
4944 1508 3665
1883 3648 4783
3281 6002 3809
2133 5540 8371
1675 1200 9202
2722 5093 8759
2351 1990 2573
2850 4225 4798
5035 4528 4871
4352 4290 556
4986 2377 7698
2217 1531 1407
4311 733 7459
5733 6108 1425
1472 3044 7655
4478 3820 8953
1784 3743 2201
2132 1029 5283
2540 1598 7714
4633 1420 510
6168 2192 9031
5887 3758 9814
5353 5239 7025
262 1173 9849
3948 4435 6733
993 3984 9835
5074 4086 2157
3530 2995 9232
5306 1748 354
1436 3223 9264
5061 3850 8527
574 4223 370
1352 436 4047
5847 6328 8688
967 6639 8740
104 5519 9600
985 6441 7446
748 5945 7664
326 1422 4397
1845 2103 2317
61 6284 8220
5830 877 8446
2796 4744 75
1882 2965 5678
972 2699 9870
2159 5090 4081
2453 936 983
5094 2109 8422
3771 5905 5715
2784 5854 5048
3925 6443 8931
3292 3434 4745
6689 6404 1213
5337 3952 2308
1306 482 945
6714 1516 7945
6373 221 8494
92 2692 9453
2040 5076 7177
168 3492 8847
3537 3684 8716
2159 2356 2055
4180 3038 5568
3094 594 9114
2162 5789 742
2883 4593 660
1515 2949 8713
6311 3547 4540
421 137 8323
3614 6568 9461
1047 4703 3208
5771 17 2894
984 4596 7907
4647 6191 3282
5022 2632 8572
2311 14 7776
5519 2499 3714
6353 1373 5906
1512 6597 2550
6406 1955 9428
415 3196 953
2627 4110 1480
1752 3755 524
2124 5469 8517
3795 2840 139
2368 5513 1468
4342 1319 6461
4672 1377 8633
4728 2197 920
5828 6695 9989
1592 6248 3831
5966 4387 5987
1412 2195 2044
3201 401 5751
595 3706 5101
2566 1548 2785
1862 319 6410
5371 2287 165
1211 4168 7324
5901 6301 4732
3037 6315 9626
3594 3127 531
2153 5926 3978
76 4850 3884
1391 1468 164
6573 3194 2549
1075 1480 8011
4747 6476 3877
5150 3060 4806
2907 3596 560
4268 6153 9656
2016 1214 2110
5704 4485 8392
4196 4562 6531
5520 3175 626
6533 3593 4882
2861 5595 7998
553 877 7086
4949 158 3514
3451 3463 5269
6039 3837 7075
2223 6731 3697
5058 2460 1256
3695 3392 5470
6013 2379 9447
1309 5911 6356
4905 1181 8254
4491 4016 2208
3776 2890 2872
5372 6467 1930
5413 2260 3291
6057 4297 8849
4539 3895 8812
1156 5893 7268
2172 2702 2732
4704 1646 8976
4187 162 6168
734 492 7095
3419 416 9204
2574 3268 973
2525 1279 7654
5902 2350 5212
3076 554 3082
6553 4656 6045
665 4386 1742
464 4996 59
5515 4715 927
5819 232 6092
4841 2831 7145
4934 469 792
4213 4431 1360
2487 3767 571
990 3793 840
2366 5093 2615
1481 349 6040
3524 4871 6638
2247 3465 5322
3688 5408 645
6590 2582 8845
4005 1084 8194
2892 5052 2574
232 2329 8488
1064 5805 3394
4142 2086 1386
3607 2892 2107
3045 6404 6126
5057 2695 6713
2497 2457 8275
4540 5326 3220
5163 439 2268
682 788 5599
755 788 7225
4867 3726 7479
2684 2603 5033
2777 5366 9622
3691 6166 5573
1172 2301 5091
3645 1071 6900
4600 959 1664
6249 1125 8587
2826 739 7691
2722 1872 3023
2769 2403 5509
898 4084 4883
2612 5147 1990
1313 4421 7900
6016 4629 1520
2092 913 3663
2677 3697 8545
2347 5209 6717
3041 5594 8208
1461 6569 7470
6438 5864 1556
2446 377 1602
4558 4620 5207
6536 1966 3662
778 46 4079
3812 5449 8271
154 4563 1936
3363 5321 7298
3054 4237 539
1054 3957 3887
1648 621 874
5712 4240 4369
3475 4954 8919
5201 1654 495
2170 2857 9941
3640 4983 4009
48 1595 7394
3260 880 1604
1264 729 8948
3172 1181 1437
4155 1266 979
6384 1521 4456
5635 3898 6319
3406 3209 9320
983 1129 2356
4360 6743 4190
6505 3236 9334
302 4975 7252
1934 4460 906
5027 5592 7542
4989 624 1073
6502 3971 2461
1890 1511 5495
581 900 2632
5006 3821 2475
4895 223 9573
5277 3213 7254
5310 1069 762
5057 2798 3222
6089 784 7792
753 4302 4648
990 4410 4095
1428 5829 8513
1386 1494 3566
4292 3377 4590
1076 179 8453
3571 6469 3927
895 6427 1983
2621 606 6409
2199 5235 2874
1413 1355 3419
1457 3075 3739
2433 4284 3681
1289 3890 6089
5178 6397 3058
1149 4500 6036
43 5349 279
535 3585 8743
3724 4343 9639
1608 3562 1184
2907 185 6284
6604 4134 7064
1713 815 9997
2481 1147 8130
824 4963 6047
4928 3932 8823
1002 1179 7702
3151 556 3300
3463 5921 9584
1324 2851 923
184 3620 7444
5612 2415 4232
2158 158 1370
233 2028 5956
3610 752 7797
1144 4041 5959
4042 475 4408
6108 1915 8075
5823 1193 4293
4813 3414 7168
3969 1421 948
1618 211 4064
5737 1985 906
6063 4105 4629
3694 2785 152
5999 3752 315
1804 1006 7016
1363 1882 6782
453 3637 9058
5813 6519 3007
6384 2008 4318
5581 2657 1693
4992 248 70
3451 2065 4314
2370 5110 9823
3608 1568 6116
3992 4315 3136
4367 5761 3876
5453 4845 5767
1986 5498 9071
2732 6503 1151
1518 4523 3210
346 2248 3302
5987 5231 2520
4087 549 9165
432 495 7451
5413 34 4830
2 3788 9925
180 3283 5525
6144 598 5474
5017 3310 3444
2140 1297 6473
4516 6640 9537
1100 1740 4350
2459 5824 7453
1112 4472 6041
5425 3963 1016
759 5501 820
6370 25 2822
2615 2988 6425
1663 194 3826
5898 1052 7139
3004 681 4470
3083 523 247
6202 6474 7804
4107 4907 644
1766 3162 2714
6213 1592 7291
2279 5283 4519
2115 2056 8481
5815 2566 6362
2016 4876 2021
6600 601 1690
5700 3414 9663
804 4047 4540
1748 6320 7207
5486 3576 3465
1114 1855 5721
2941 1521 3483
6227 5855 8990
5688 3558 1195
2401 4403 6926
767 5338 1814
4109 644 731
670 3702 7627
4304 5366 9266
4546 542 3123
4285 5466 8643
5298 5277 85
3502 5562 5945
1933 346 1419
4053 1315 263
5217 1815 9435
1147 6535 2240
6604 2192 509
828 539 7239
2513 117 2883
3533 4379 3223
5385 2536 4529
3401 1035 3754
4666 4861 8055
5016 4061 7242
4219 5430 5774
6495 4402 6096
4787 3186 3257
908 1837 6666
1423 1706 3302
3082 1861 6721
6461 6419 2386
1022 3932 3136
3417 5827 5710
1947 6182 3580
2856 5373 62
4752 2936 7523
2241 1824 663
287 5415 7688
6134 1163 3140
1820 3 3785
1666 141 2682
3114 3811 9577
6138 5336 6081
3354 2252 4101
3311 5266 9839
434 6186 5516
4023 5967 6340
3621 1202 6699
2234 800 9106
5472 2567 5575
3130 4095 9921
2096 2365 9986
830 3013 9328
1808 6604 4327
1693 6649 7228
1725 4343 1453
6045 4076 423
3441 625 484
3500 3860 8118
1331 6449 76
4331 301 7204
6097 6027 6856
3036 4093 3212
313 2478 9266
1882 2190 6787
3801 3761 9625
2138 1686 3140
2195 6575 7449
6419 4926 7312
1327 409 6280
4459 2966 7586
5623 1104 9994
3904 2892 5856
5253 2597 18
3402 5057 446
4738 2375 2046
2352 2351 5533
3920 6685 3137
5699 342 8744
1359 1044 990
4329 5802 8711
5323 2895 5017
1973 3223 976
5955 1355 4390
6185 3678 9343
1999 227 4555
151 5658 5843
1371 4717 6117
3265 6710 5038
4502 5912 312
5935 5642 2545
5605 4599 8593
2378 3089 7167
3185 4311 5756
1526 5310 4210
2194 1344 3954
4571 1902 5380
2134 4390 7350
271 4017 7754
6449 3483 9043
2554 3289 3629
6456 462 5339
3802 6598 5388
6020 3012 5836
2438 5047 1709
2127 5490 5833
3283 3420 4233
1783 2373 7241
2639 2245 5322
4031 4101 2976
2547 5434 4583
4264 964 384
119 6544 4344
6466 1231 5558
1598 6507 4774
4125 5394 39
5279 2156 112
2102 1223 6968
4922 6435 6155
4995 5477 1501
1590 1071 7279
3117 4814 8699
3501 2399 6445
5735 5107 798
5784 5130 806
4649 4045 655
5107 4928 4751
322 4976 2537
6419 2762 4356
324 4000 2504
3867 3719 1580
2367 3572 4336
5853 5687 4195
4881 1763 6967
4964 4993 171
1900 4123 5903
1067 4432 9152
1823 4754 755
2500 460 9495
49 5564 4473
1100 1252 82
4796 4054 4077
648 2390 1208
4117 1620 4426
4813 1891 5986
5839 4367 5981
5347 1473 4464
3764 4383 2449
453 1981 9300
6625 3233 6970
3966 243 3949
5682 2473 6579
331 5482 2021
1722 5455 6746
1335 3269 7376
5270 6171 9178
108 4990 3752
3253 5637 8478
2064 2335 1715
6601 3904 8107
4921 1525 7333
4048 223 9646
1538 4786 2442
5417 2288 1527
5187 2830 6612
1362 4083 2612
1268 2275 7429
1631 5554 2115
6108 5588 9718
965 772 3276
2296 1290 2939
6434 2320 9799
3984 4846 7352
5525 2279 4147
4526 4254 4224
5598 5895 9690
5479 5744 6479
2780 4715 5039
4959 2980 2138
3153 2335 5779
2794 6046 8361
4573 4485 2439
3643 2255 8709
3596 1251 6733
998 1349 9184
2948 362 2436
1076 4518 5910
1041 6655 9287
5021 2201 913
1317 6177 3976
1366 5098 7393
1171 4367 8245
1188 4260 3621
6701 3798 9834
139 3157 6124
4184 3995 6585
1673 301 8797
6412 3546 3552
1202 3666 8699
5271 6516 8514
1403 3282 3179
6114 4077 7990
742 6623 8312
4641 5676 6883
577 5325 2136
2218 3589 2536
1756 1285 6572
4012 5028 8614
2745 5679 3926
2914 3035 5061
4336 1403 4392
3997 1119 2286
1965 827 3851
3797 547 3100
6474 888 9018
1668 3704 9386
5289 4759 5535
6504 5004 1280
2996 2510 8672
4520 4832 2799
6455 3133 5255
2856 1972 6064
3760 745 1044
443 5187 5228
268 916 5897
3146 1088 7167
4337 2695 8164
64 2545 4693
4435 130 7070
5072 5127 6862
5203 3996 3206
750 2487 6601
3510 3418 1203
1892 2697 1518
4230 5730 3483
4430 5199 3338
1878 2382 405
5682 1154 6406
3763 1384 1952
5662 6612 682
1958 5661 1466
3307 6637 2695
6349 1206 2968
4675 145 5317
6245 3982 2147
1236 6658 8337
4888 6272 4702
5755 4692 7681
942 4061 5968
4704 6003 3374
19 1876 6832
5116 42 7575
6083 1971 9437
3861 5584 7875
82 3396 2802
3074 1345 5334
94 4589 1393
2893 222 965
3058 6619 6378
4274 884 4814
2511 4622 4178
6162 995 9584
6173 4845 1414
296 3398 5381
406 3304 7453
5465 3725 4896
870 4249 5070
451 703 4209
4050 1940 1301
2903 1275 3373
754 1570 4890
3569 4163 9119
4173 3843 6068
4398 1134 4209
6289 1002 4435
3094 3666 8214
115 272 8898
2868 6614 5488
435 6397 2246
3705 266 4865
6027 6218 8861
4122 6166 9077
2967 5594 2439
17 311 4650
4039 2086 3303
3626 797 1592
430 1104 6335
6185 3999 1047
5799 5956 8908
1697 6321 2712
2962 2443 5861
1963 4492 9438
6143 3757 8647
3367 6122 7274
383 4611 1170
5883 1123 6099
4410 2188 8522
1711 697 6239
3857 5828 307
5661 1272 9822
156 145 9612
6320 2439 1549
1166 5414 8940
847 3516 2031
5376 5355 5757
3782 3318 9726
185 675 6596
5039 2043 4654
912 1829 5214
2469 5690 5193
3786 791 5871
3940 5172 4074
3065 5253 622
527 1978 4661
414 5616 8723
2368 5401 276
4415 3012 2605
6070 3827 1409
4486 552 1323
6218 4633 1512
3733 4182 4121
355 343 7183
652 2257 949
6249 5847 9119
3405 5886 808
6493 1542 8470
30 6745 1570
2456 4201 9329
5655 3475 4709
4536 1303 8228
975 1375 9151
5052 192 672
1648 5886 9776
6306 3422 4442
605 5806 9054
5465 832 5533
4634 2876 4168
3194 2207 5649
3763 6390 6538
54 5562 9381
1171 1946 7193
1860 2449 2408
609 6074 9806
6029 3376 7814
5174 1213 3421
3467 3055 4881
3579 4752 8090
4965 472 6025
4779 567 6289
5537 3149 5764
1793 2935 3888
6107 5214 6761
2706 1578 2946
3270 4346 1189
3001 3122 5880
1556 6020 105
938 3573 9658
1034 3647 7449
4628 4903 9434
2718 4768 718
3227 5149 5676
1866 2824 4936
1567 3428 1389
647 2630 1804
923 3144 5729
5176 1760 442
767 4003 7336
5075 2345 9896
5885 6482 2442
4514 2770 225
2434 3042 5628
6630 5945 9635
1521 806 8985
1538 3825 1786
4558 1884 3800
3785 1347 2405
1232 4595 3018
1640 3765 8241
164 3563 8429
5492 4936 5658
5329 2192 4004
2771 5578 8668
2879 2618 2419
6523 3777 3301
449 3661 9856
479 3055 4650
1050 5627 3406
2945 6456 9514
1114 2870 8450
4672 4019 9191
642 5564 231
3534 4803 477
3950 3105 4126
5660 3475 1620
2556 3415 2280
346 5512 9854
5986 2317 8413
6089 5433 5967
4209 3889 6102
1950 449 7207
4103 5654 2544
3030 197 8081
4088 3254 3193
2777 3499 1528
5531 1591 6218
5080 2226 6992
664 5839 284
490 3886 9235
2185 6419 1585
3907 1809 5064
1964 4782 4893
602 4467 5588
3332 106 3731
6259 5619 3663
4617 2711 5241
5298 5846 3587
3298 856 8312
3486 3600 8646
5707 1172 3100
5593 5595 3113
6437 6169 7836
988 4125 3330
2137 1516 9941
5460 2999 8313
5684 4198 1301
3343 3529 2221
5160 5572 4518
6251 692 6066
2183 5113 4539
3381 3846 619
814 592 3272
1960 2272 7082
2655 241 5052
4709 2062 2816
3058 2069 4961
3671 4281 1269
2691 5813 6159
6540 2392 5244
795 5455 504
1939 5492 7743
2026 642 307
3090 6232 5396
1133 5297 9683
1598 5576 4038
5926 6650 5410
3788 5586 4923
6019 1736 7624
6578 939 73
3859 3006 9920
2455 5835 7075
2432 2022 3185
4416 478 7755
3371 1255 404
1115 3350 3125
2390 6163 2419
3899 4404 8057
6634 5223 1697
3339 3232 6936
3401 5632 474
2690 5288 2588
3092 2241 3907
1132 3002 3745
6249 73 6021
128 5030 8958
3070 6523 2912
3495 4921 982
1939 382 6578
2180 891 9070
3903 6610 6225
3753 1455 7081
1055 5824 6813
5069 6253 2884
4200 3976 8828
1500 4811 6495
2932 5080 6921
569 5519 4237
5109 1419 1417
4713 3970 896
6208 2759 4309
393 2061 1336
6538 2246 7970
5312 5852 3845
2810 1215 5442
6078 6687 4725
5402 6345 3322
225 5136 4212
2314 3620 9133
5847 6639 1370
5119 3445 1147
5874 3715 9606
1877 6527 3957
1646 4096 1405
574 3345 9702
421 2148 6330
54 4823 362
6671 5905 2613
5567 6674 7311
764 3118 6940
3612 1681 1683
674 5913 9887
1415 633 372
2034 6149 4847
201 5020 2770
6009 1516 5552
1292 693 1341
1585 417 6042
5435 4599 6140
1094 3712 9109
4690 2165 3289
3843 2128 449
1647 1752 6796
1476 345 7610
663 6093 645
621 2209 2237
3245 954 2335
2504 2946 318
2581 6116 2800
2442 6267 7819
4815 1340 1688
6629 6747 3946
6592 4541 7425
4276 242 1996
2915 5317 5351
5075 508 7126
2931 856 8325
4633 2440 2064
1373 6280 6091
4655 1965 1987
367 3636 5355
3032 5389 7773
315 2432 1874
2159 2080 5727
685 2250 2619
5573 4358 995
3510 3365 7630
6449 6272 311
2316 3241 3389
1672 6503 3769
3387 4133 9419
3897 446 6677
6698 1623 569
3673 2997 6214
4658 2550 4287
1626 2333 1214
1472 2538 4802
1239 1053 2973
5572 1342 7883
2355 6542 7601
6606 590 791
1233 3347 9570
2096 5293 7898
4538 4360 8215
6079 519 7918
4913 2270 9600
2559 5938 1693
775 5764 6242
6730 2997 8016
4142 2990 7783
4680 3552 8229
2640 5762 3370
5867 15 1907
5119 3277 6454
1902 3654 5448
3742 3751 877
6693 1912 7448
2935 2430 3077
3545 1082 1187
3520 3097 7188
1603 4859 6846
3584 5689 6957
5388 3807 3865
2750 214 7414
818 4480 3170
5813 5145 4503
5795 3432 4979
1220 1690 4323
5213 2907 7475
92 312 2862
3254 6223 8275
2140 5263 4617
5755 966 8783
105 2971 2524
2886 4269 9184
2558 5894 6700
6030 2185 2124
1206 4375 7228
2216 1520 9294
6254 6403 6491
6747 2378 5010
1343 1757 3874
3113 2910 9860
948 4875 3268
6716 6198 327
4349 6181 1660
6107 2308 4144
3513 2154 4126
283 1810 4736
2617 257 1682
1502 5974 1314
4721 6511 7933
2593 5788 8638
4934 2457 1530
1737 3971 1699
4893 6670 8159
6152 2396 6032
800 4799 6677
2118 3673 2481
3794 721 9858
4347 6722 9538
3376 3070 7107
5813 4836 4474
811 84 4673
1 6427 9630
4705 5646 9
2152 1249 1372
7 3090 8105
2156 2924 7236
6217 6542 665
3241 1941 4595
5555 278 8597
1140 1997 890
21 5244 807
3140 4453 1864
3754 856 1216
4828 2680 2466
66 5409 2359
6385 1252 1694
6722 5656 3553
4856 4143 4040
4474 3166 3007
482 5549 1486
4972 3067 9029
6504 4305 4536
1137 4659 9536
5724 2493 7187
584 3929 6919
3871 1496 6212
5910 2717 9667
4606 6425 6776
4585 1202 2102
3481 5411 6773
4656 1437 7601
2259 2320 6774
4896 3022 2755
5152 1183 3962
5284 624 4497
5132 4051 859
905 3158 1197
3802 761 1514
4731 201 5454
2725 1489 6146
4494 3153 2403
6119 6106 6260
3479 6246 8009
4400 4819 9971
4040 6331 8725
6637 906 6720
686 6347 1664
2194 2247 8629
2515 5013 7111
178 4804 1022
3902 6367 114
5129 223 6140
3410 1260 1909
2981 1168 6001
1578 3134 3326
6660 4792 8827
1768 6295 2213
4363 1429 9345
1530 1216 1954
2441 5494 666
3702 1076 6117
2571 2859 5906
564 3808 7439
108 4626 8871
4158 3061 9867
114 4811 1935
1610 705 6082
4935 1026 7416
151 2266 9800
3134 4894 1535
1722 2561 3561
4202 6719 2203
5043 565 7794
91 287 7921
6078 335 2173
2477 5101 2870
412 6294 4640
3784 5666 188
3430 3695 1498
492 6274 8103
1458 1278 1209
6232 4010 7964
4872 6490 4242
6583 127 3117
4614 578 3964
3336 3011 7567
1420 2073 8295
4208 1442 2528
723 1457 6911
187 393 6600
5676 3516 3193
4715 5955 9380
1653 2793 2505
4536 505 6983
3098 5871 4602
3922 3185 8724
5069 1083 8918
1910 608 683
4107 5949 6139
2839 2751 5069
5594 1168 2217
519 707 6051
4147 6558 7271
902 1550 6362
4693 2942 3971
3692 4662 5795
3117 2131 5583
3069 2749 4963
3789 354 2334
6682 213 3433
3041 6100 3065
3752 1074 3542
4685 5888 7748
5242 4389 7306
4985 1107 3010
1312 5339 1711
541 2808 1224
1553 3242 1304
3641 1494 591
358 4896 8135
4715 634 7903
5143 2888 3783
2517 1019 3866
4682 2347 6760
6145 4485 766
2573 2837 8467
583 6345 5483
4966 5133 6035
6164 5876 5502
6279 914 7973
4398 1060 1103
2100 4807 4070
5424 733 4023
2661 3850 4726
2772 5144 432
4696 3355 4345
3457 456 6872
2621 1806 2366
547 512 9307
481 1237 9206
4699 593 5798
1075 2067 8723
2558 258 9099
1998 2119 3545
2567 3096 6028
5591 6014 2109
1927 357 1608
5286 4741 3604
1504 3456 9764
640 4274 2198
761 407 8090
1868 1435 4019
4592 815 2332
3348 1747 1955
6381 6439 778
3877 1615 9449
5317 6609 6773
3005 4444 2612
139 731 5483
3734 6098 2274
444 4062 584
1005 1341 2938
484 563 6344
53 3528 958
1919 1378 4015
1753 3056 3127
1040 51 5302
134 6646 886
1887 5120 5492
3561 799 961
2307 714 91
2516 1483 7642
3639 2241 9683
98 946 5542
4663 492 7538
5479 2785 2063
3245 4146 7650
3608 2894 9145
4343 2799 5666
5362 1728 3765
5248 4820 7694
4315 6380 3755
3709 2580 7783
2944 6432 6378
4357 2878 2061
1095 5914 4912
6175 5970 5826
5095 5145 8833
3741 4568 3875
402 6037 7661
6481 6012 1107
5711 3966 810
4213 4605 6950
2333 1256 7450
5739 3079 1767
2712 2785 964
4538 2147 6928
1828 5174 3421
929 4517 8201
1480 5405 2419
1348 4177 4381
5395 2158 4644
5177 5999 60
1085 534 4063
4372 1724 185
4582 1888 7598
6659 5316 2477
4867 5490 7834
4449 596 3094
118 2126 8142
6299 265 7950
1765 2293 7140
3111 6519 8248
5808 3827 5733
3285 2472 3517
1622 5908 308
2285 112 6996
4426 3498 9342
2572 4262 5493
2077 4343 7223
6113 1377 3354
2762 3301 6599
4293 2943 8032
3824 2389 303
200 3278 400
4802 3613 9799
3378 4390 1266
1661 5892 7327
4674 3068 9571
5604 196 9467
1805 1564 6097
2788 6531 3951
4405 2823 462
5052 6489 2509
2177 5479 4365
4395 2537 646
5304 3040 6458
5308 6161 6842
6031 306 4831
2125 1195 9551
1694 459 1335
181 2764 2780
5432 1613 3042
657 2241 5935
5498 2037 8512
4243 146 6558
4587 1862 2594
6234 489 1860
2180 6062 2252
6637 3046 8086
4945 5577 9082
6348 1775 5605
6260 3238 1036
3012 2929 7113
6745 1382 5908
2018 1427 7787
5416 593 3263
1885 1637 3525
3251 468 5113
1468 1601 9185
2997 4643 9343
5141 3076 7562
2071 5241 3135
4599 2376 9804
2466 3476 70
4490 2136 3852
3813 2978 449
5919 4106 2879
5291 6209 693
63 6187 5279
3820 1989 8781
3089 5048 8379
5206 4587 4411
5586 5496 1823
5499 6199 4313
3685 6046 9274
6020 6330 8380
3511 378 3259
6222 4508 1133
2915 1330 631
3480 5274 1344
4042 5721 6566
1398 1409 2588
1030 79 8732
1441 3071 31
3856 4079 4847
4288 3393 6518
4837 3466 9645
2432 2825 4723
3954 2119 7983
2273 6590 8830
2442 355 4066
1036 5939 5544
862 3322 8316
3572 4514 221
4964 1521 1965
249 1001 2167
4066 224 7022
2626 5942 4843
1524 2716 9211
5479 827 8652
1551 1561 3623
717 1736 7590
4468 6208 3062
4505 1569 1797
2414 6123 8254
1677 3925 2336
5984 121 177
5004 6548 1512
3477 6131 3468
1905 3550 7159
852 2491 9208
5931 3173 6386
1722 3008 6098
4151 1474 7939
4105 5119 6416
3048 6439 944
103 1257 808
3244 243 6060
5793 897 5667
1264 6506 8790
6527 2695 1241
2532 1171 6084
3407 3617 685
4231 5077 9557
3774 3583 6304
8 2648 2649
2250 5249 8075
5360 3492 3325
1680 5028 3843
2432 1844 7286
4774 4012 1977
182 5071 3818
2093 283 1227
4694 2735 5038
348 501 5614
4618 868 9480
5638 5761 3725
6158 2862 5790
6287 3447 7344
468 4987 3545
4553 1221 9301
6745 2877 2903
1325 3854 9930
2057 4366 5398
6208 3407 7193
954 6036 2697
5355 5202 2694
6749 3397 8000
3074 5229 5108
6645 6485 8360
5336 4023 6790
6580 866 6349
6254 5155 4443
1646 4242 7474
1521 620 2257
4532 166 746
531 3745 6475
353 1278 331
4234 1591 423
4669 2510 317
513 1596 7616
3890 5089 8751
3223 6589 486
2146 1103 8842
2378 195 140
612 6386 6100
6594 6628 4674
4303 471 3865
4547 403 8241
1950 3728 2017
1071 1159 7409
5370 1532 7541
2089 1920 1271
6214 822 3690
1579 802 9291
1383 3753 8463
1783 5074 6386
5358 1164 1984
6039 2476 6462
554 5116 1493
72 3737 6695
3458 3596 3251
3359 3697 7841
4785 5865 1137
3394 394 7077
3425 3136 97
813 2583 8234
4929 533 3551
2462 1893 428
173 2290 5008
307 2298 219
2650 5322 4395
4496 2728 3758
3574 5142 705
3789 3960 3237
846 3023 3898
6521 3553 3156
637 1237 7910
3917 2202 4114
4862 3886 1396
6473 5985 6278
2215 2307 7874
3136 1069 5289
6120 519 3900
3756 24 1563
4420 5906 931
4836 6555 2362
4353 3113 7948
3046 394 2914
5813 1578 8823
4199 1405 9440
408 841 5960
5432 3082 8426
5831 5440 3633
3757 131 7096
3053 3034 1854
2590 3389 81
4399 1778 1681
1272 2627 5404
2558 3996 6860
5067 3460 3041
3102 2384 1974
5977 4629 1255
1613 5594 6798
6457 4247 9030
5219 2133 4491
476 1916 7047
982 4181 2185
1943 1828 8752
905 843 7512
1952 6229 3581
5766 3945 1381
1355 5398 5385
3867 5910 5221
5841 6164 5280
5041 676 6947
5797 1027 6151
1812 236 3993
4467 1247 4894
5889 4104 5416
5277 6262 2815
808 3554 686
4863 999 1375
5345 5171 7592
3646 4458 670
3732 349 4822
3577 3877 9445
4388 829 750
103 1313 6502
3647 6252 1200
402 4360 7610
2822 5096 5894
5361 1278 9526
1636 1469 8864
4345 4949 2692
3528 6415 8555
6203 5454 9706
3764 553 6090
793 408 740
6108 185 4809
1563 3958 3602
3306 2662 672
332 1184 2541
3456 4427 8986
3089 1090 2244
1113 1875 7820
4385 509 2285
6297 5099 8394
800 296 1812
1733 5159 3530
2977 1346 161
2788 3180 978
2896 4703 4215
5306 513 1535
5039 3635 4922
461 3212 1236
4135 3909 6356
2904 5008 4366
5961 6169 1986
5308 676 9209
427 906 5566
806 716 9595
3448 138 5103
5993 4565 5091
5311 6649 4810
833 6036 4146
839 4100 9997
2628 3549 867
6250 3971 235
1650 3606 7088
3904 2253 5675
3100 3437 188
2914 2688 4111
3927 3384 8215
6088 1084 5526
478 2503 6354
2382 3232 2386
6177 3910 7810
3266 275 1099
1698 5594 549
5220 6561 7691
4194 2513 1259
1900 4271 7878
1667 1525 8258
5117 6466 2793
1935 2747 2799
4844 6197 9493
3198 799 5500
2375 5493 7165
2825 2804 1478
1886 6621 4709
1110 2094 9082
5299 3990 7424
2259 2537 6163
4599 496 524
5744 2223 2233
682 3060 308
5874 3267 6872
2688 711 3099
6456 3648 6894
5264 1896 3960
3322 6375 5125
1031 4925 3434
3043 858 8070
3491 4423 3339
4932 1786 5311
199 2342 4424
1891 4991 2076
363 1215 3120
2792 1659 1874
1447 6668 2624
4465 5189 7162
6140 4920 3133
1879 4697 502
5602 4935 5419
6609 1683 2277
2629 6022 3300
5029 2740 4912
6233 4707 7777
3685 5765 6816
5761 349 6389
5350 1372 8837
185 6422 2249
911 20 165
1498 2785 4999
103 3299 2772
5607 5927 2397
2104 1842 1658
2919 4998 9644
3242 1106 1848
2230 6029 4903
938 631 9955
545 6641 3324
401 5119 8336
3450 5699 8024
6566 4931 3015
3499 3659 3646
2354 2873 8799
5880 5849 5090
5581 4863 3117
3087 1072 7025
3178 2500 7714
2738 3181 279
6458 3373 157
5097 5975 4567
1058 6218 5697
5008 2668 2433
785 5939 4218
568 4444 6960
2918 5156 6561
5740 71 1034
4143 2344 3349
5265 4805 5397
4398 369 3282
3585 6536 3513
4107 5125 6747
33 3775 2406
511 5325 2261
4595 2875 8404
238 316 8401
3717 2427 460
3315 1957 9659
4465 1094 4707
5021 6317 3784
6698 1686 4346
6366 897 2730
1158 6577 6798
5866 5236 4344
4738 4386 7881
1899 3125 8239
3890 5580 3812
4440 6532 1257
5327 751 5952
2936 5662 442
2504 5404 1413
2407 2838 6870
3931 4627 2491
6422 5402 197
2295 4285 1088
2845 1325 9450
4356 914 6758
2212 4798 2121
5782 6027 2798
5314 5387 8506
5596 3108 1754
4941 1995 2662
2003 3905 5253
2641 4581 511
4126 1616 1275
6064 3775 8
5711 638 8911
3463 1792 1734
4725 2813 6018
364 4249 3617
3239 2953 1869
461 6428 364
2833 5875 2699
5932 704 5018
1992 11 4707
6038 4703 6931
3906 3939 3257
2094 58 4870
6086 3413 8187
2250 5458 5560
2786 2882 5312
826 5573 5951
6604 3371 2430
6010 5946 7802
2514 5614 6147
4382 2134 3517
1147 5213 7251
527 1957 9256
79 2652 5637
4937 5336 6401
503 727 7762
4229 3499 3742
5772 2295 9062
1545 3279 9366
1008 6042 4253
3175 2748 6688
3051 5363 5725
5455 3826 9515
6564 6667 8422
1501 1570 1743
6547 2155 3132
226 6622 290
1359 653 2106
1122 1759 2182
1180 3248 1660
5593 5487 3164
2905 1272 5464
5215 772 4916
2245 3514 8033
2755 4381 2
4319 3958 475
5829 6412 3344
5539 3276 5952
1287 4487 2904
199 2258 7497
3597 5141 8450
3475 551 6420
3830 981 1100
138 3879 7706
2198 6194 8408
5702 1726 7500
5318 6347 1819
411 5884 2150
307 4267 2913
4585 1466 7536
351 4201 6402
78 4924 9601
272 6608 3260
4070 2509 2268
3654 4296 4374
6188 1750 5002
2899 222 1751
1312 4196 1015
1576 6584 7107
1792 3994 3932
6678 4893 2674
5386 1104 6622
1554 6040 5747
1741 4574 7589
3892 1743 4655
5914 624 5748
1827 6340 8064
617 3386 4350
899 3510 8051
3081 3633 7319
1078 2122 8199
4795 1294 6501
6035 4367 3739
2243 6047 9298
1471 2011 558
3677 1261 8498
5690 3672 6797
3610 3119 8728
4955 1492 647
6410 915 6061
4946 6080 6263
2221 3053 3400
1127 2311 2013
1187 6207 9522
697 6672 5668
5390 1752 6386
3820 6406 4524
6389 4783 7418
5884 4417 7401
1278 352 7982
3972 3521 7702
1227 674 6426
4124 345 4604
3058 3230 3448
988 6550 4015
1857 1199 5610
6163 5725 5548
569 6462 8430
5235 1969 6311
1048 2576 3598
1430 5509 5748
2582 6751 4509
1828 6149 98
5068 993 5838
3918 843 3806
5714 434 7007
2035 4503 4336
282 6619 6954
2654 266 5734
1172 2045 1334
1356 1043 9367
6149 960 1996
216 816 4734
3640 3446 1379
2220 6039 1518
113 3131 6753
2811 2286 4117
589 2263 2393
4736 687 4170
6109 5957 7869
1623 4175 6726
3609 3696 8223
1568 1332 4294
5861 128 7681
5741 2613 1671
6669 5877 8308
6183 6328 9642
5729 2727 3570
713 3441 3089
3646 5929 5953
6307 4057 7167
2412 1755 5189
2737 1904 6813
5146 5135 3617
389 4857 1026
5360 3646 6971
6380 5138 623
5744 3687 1713
4690 2661 276
1037 5175 6357
2138 6542 3047
2070 1607 9642
4524 6363 4704
1966 2554 4132
5847 1920 7373
5825 5162 2573
6604 293 884
1393 2725 7841
3504 336 4965
570 4376 1405
2096 3179 5709
5396 4063 8043
2809 5437 9628
6173 719 2
3921 5323 5723
2376 4362 7650
2776 4321 4662
6261 4423 5365
2438 3546 1219
2833 3801 7750
6615 3203 7669
5746 5380 4737
4481 101 2938
1319 5925 4481
6244 1335 8353
5892 5267 316
921 5885 7803
3389 3740 5328
3765 4197 2028
3358 5008 8079
2222 634 8036
6077 6335 5074
5190 2033 4072
2922 6678 2739
5459 4749 5557
3484 395 7796
2320 1075 5312
1720 5834 6440
6429 5283 5636
2292 927 6628
6199 3302 7845
4922 3376 7696
6402 6060 4670
897 5429 3824
4783 2487 7698
5899 5368 393
74 5279 7825
1590 934 8711
6474 291 2109
2075 5738 9043
252 1076 6460
4898 6497 6129
1671 1253 131
1965 1858 5750
5005 1801 6961
5212 4400 4836
859 5875 6065
5032 5213 4764
3337 1835 163
4687 6653 4444
258 4882 9194
6633 2697 8198
3896 6015 5870
1312 3817 3265
4666 6332 936
6691 1734 1426
5230 1013 7413
4903 2570 6247
6421 2257 7866
142 3463 9400
819 1829 2875
1525 4097 2062
5515 1533 7096
4957 3700 3896
306 4589 2237
2763 52 1145
1088 2307 640
3944 519 61
2743 4244 9855
4116 243 2748
2763 6189 5455
1365 2071 6314
1124 2191 5228
3191 3329 5585
5076 6521 8415
2173 3424 2189
4874 4350 420
359 4568 831
544 2930 6952
1947 4302 6934
2442 2279 5275
741 6242 2497
3679 4589 5131
6577 3231 1144
5760 3916 2113
3065 2087 2419
3964 6108 8921
1216 588 9525
6092 5958 5017
3971 4117 3138
3690 5375 8925
110 5411 4243
5262 4366 5199
388 4519 2372
4007 715 8139
4181 2572 3787
5106 1003 3516
5791 1749 8778
3609 4152 3847
760 3917 3370
6682 3283 7878
1128 2413 9301
582 5296 6035
6134 6747 3105
3236 1196 1238
913 3336 4450
5874 6122 5293
6539 4845 1657
4475 2670 5280
1795 1726 8596
3533 1193 8591
2179 276 6906
2092 1558 1092
3497 3306 73
5804 585 8049
6482 878 9557
4998 2861 2491
1666 676 6970
6072 3283 9081
3516 89 7508
4524 3941 107
8 5369 4357
928 3577 1750
4670 1028 1658
5531 3616 6728
6697 3727 9888
2234 564 5444
5561 648 243
4313 1011 5018
3035 2805 5643
1120 2962 3612
6582 26 2895
4336 5858 1295
6034 5795 5999
6204 1930 2351
11 5998 2532
3730 897 448
774 3745 3996
4013 3103 541
6235 6111 2079
492 3512 2591
5508 5953 9131
3853 1752 8985
5500 3599 35
3614 4209 5555
6749 910 7033
2649 4182 9591
138 6349 8046
330 3247 354
6036 1539 5023
6711 794 1905
4573 2016 6813
4161 81 9380
79 1840 3654
6175 2052 4822
1419 1773 2459
359 4510 9894
6449 5712 265
4505 1320 9054
194 4404 1263
4191 1632 2259
413 290 9017
1226 4005 4157
1903 4112 3554
5641 2557 5015
4801 5957 2859
5321 91 6085
5158 6373 5462
1008 2602 6854
5211 5360 6625
1980 3735 7541
4727 921 5797
660 5683 2107
5625 4554 6525
5815 5468 5831
1656 5923 4014
5321 1493 9909
4213 1106 1773
2305 5561 2059
2194 6564 6615
3605 2424 6795
2423 6640 315
4660 6263 3427
466 782 2526
4244 6074 3968
6467 3872 8248
425 1240 4985
4298 907 213
3391 5432 4864
6153 4178 4038
2102 1270 1475
2831 3022 3475
615 607 3054
5568 6310 1983
2923 6027 7028
5909 5745 4421
1169 444 4842
5995 3059 9464
606 3203 9882
5196 4405 1695
185 3956 2441
4945 1016 3774
3673 2415 7491
1735 628 899
6401 5299 6650
4783 2068 9673
2448 3570 4912
6164 1564 2911
6360 4228 1445
331 2840 6970
6447 3692 9525
2678 1982 4592
759 6193 7284
1109 1994 9303
976 3091 7117
1220 5088 7604
3725 2523 3902
5399 1046 8453
6344 4428 4168
1000 2317 5117
2045 6739 8842
6108 6594 5643
2681 2395 8591
4525 3388 8248
2742 5182 3977
6117 6150 1970
3241 3071 2668
5902 4500 8818
3156 6048 1434
4018 3518 8901
1612 4813 6865
1959 6138 226
183 585 2675
501 1507 707
84 5306 1124
3879 4495 5676
4309 258 380
1595 3101 6036
5339 4778 8586
4432 5553 8176
3217 279 9357
1075 162 4462
2012 397 2767
5449 1891 2993
1964 6474 116
6416 1657 6236
3692 306 596
4963 5073 4017
2579 4825 1040
3630 4311 1115
2788 5748 5486
6671 1628 6234
5708 3414 6757
458 2446 428
3106 6157 4481
2072 2208 734
1447 473 2398
1761 6291 3500
1262 3149 5903
5751 5428 183
4493 4259 2400
2574 2676 2767
1660 5027 408
2298 2286 1426
5345 4487 3474
1503 1226 1531
1431 6003 7102
1122 3192 205
6472 4377 7566
5777 3239 2039
6718 1993 8380
1572 65 3275
519 1710 2853
4582 6571 7499
519 852 6267
4114 6446 2968
3359 6126 86
2149 2457 3214
2440 6491 3337
1889 6531 1125
6430 2513 4328
462 5273 8822
3593 57 7358
453 405 1085
2754 1121 5601
366 2753 8190
1395 4958 8170
170 5920 4350
1871 3915 1689
2321 33 424
6528 3748 4532
5081 1545 441
1700 514 9543
4349 4578 1291
2957 4089 1866
831 4860 9368
4500 2490 9174
2859 4002 5319
6213 2307 9572
4919 6249 3091
4862 5488 3710
6400 4414 4303
938 4688 6365
379 367 6562
4464 3765 8153
4768 6679 2631
2307 1036 9529
1854 2695 8238
3746 5944 5844
362 4609 2865
4834 4417 5715
3342 1655 6524
2131 1422 8038
4991 5269 9424
4698 4391 3960
593 4706 3639
4266 3174 7614
1455 388 2129
3346 1890 4340
4516 4859 5654
3554 6717 8904
3216 419 5224
5200 6434 2446
930 1086 8446
5543 4210 6514
1841 5420 664
5706 227 7813
5104 2320 2039
237 1730 2334
5951 4346 3736
4999 4909 5130
3557 213 6043
4213 4472 4391
1869 3552 7846
3445 887 2604
3929 2787 2543
2994 3275 6829
4634 4961 8485
5663 6594 781
570 2378 9024
2244 418 7701
654 307 6495
2214 5294 5547
4447 5164 5739
649 4350 2270
6738 6278 9506
768 2177 5729
4480 3548 6235
1002 1578 1634
287 6724 6420
3498 573 8241
1709 1426 6890
2192 4155 1643
5448 5985 686
4011 2558 5335
2803 5675 4509
1090 1525 7701
5845 3337 9500
6535 2176 6547
1127 6517 35
3833 6286 9587
4022 1302 8028
3621 4758 6077
6383 5146 3977
6714 3890 5874
1244 2420 5033
3054 605 6520
2825 5436 2702
2239 528 9869
2837 1452 3652
5925 1488 1725
61 3702 7569
3166 495 6498
3262 4018 7272
3689 4285 9659
3525 3060 8767
5123 1947 6777
6409 3844 1739
5808 3492 5002
5594 746 4763
2628 6128 8159
6500 5448 3242
5698 5413 1652
999 5741 9801
5268 6604 279
3147 4761 3338
377 1753 4309
5638 5197 7980
6142 843 9189
6277 187 856
3017 3958 8014
4220 1959 8776
768 1023 8883
4839 5544 442
290 804 2752
4222 5513 1108
6220 5074 1826
3951 853 5623
4416 3089 3809
2161 1778 1694
546 2252 9274
4720 4885 5534
1254 3353 9263
6279 3471 5771
6262 4322 9157
803 3581 8921
6147 761 890
5723 1432 2285
2598 1269 660
3257 2458 2243
5822 4460 7047
4811 741 8818
3611 2308 5484
4780 4236 5050
276 756 4970
3058 632 2114
2 175 4740
3684 4726 9279
2196 5779 93
3800 6076 3928
3281 2404 6486
1559 490 4458
2402 6581 2703
5107 2098 5368
5166 1877 4900
6275 4617 1807
237 836 2828
2033 406 3077
256 2714 7429
5110 5527 6636
6620 2503 4771
2165 4920 3055
4950 1855 8521
6538 5355 4033
6557 3448 5177
2528 5859 7677
334 6164 9305
5523 6161 6066
6364 5297 6314
4667 309 9964
3235 2038 8308
2626 4291 9712
4531 730 5133
2442 6336 143
1637 2407 4762
1298 3388 103
231 4361 8609
6509 3064 9501
3932 5952 9381
2842 3059 8701
5534 4707 9780
3972 4613 2218
5945 16 9511
945 3776 8835
6038 6744 3937
1128 4018 4410
1146 5835 641
4026 4895 6764
5465 2848 3838
5899 1882 4421
2239 6108 3400
5844 5492 8608
4135 1980 7475
6196 545 8272
323 6 2640
3345 6049 2652
3579 3866 2301
3878 5832 8297
5860 2993 5069
2372 4033 8614
2945 3530 8260
4543 3526 9729
5678 4903 8325
1519 653 9745
6066 4586 6223
6351 196 3086
2124 5781 9847
2995 5732 4831
3716 845 8938
2456 3559 5579
462 5888 9884
2059 4277 5070
299 3652 7796
185 1154 9394
990 1812 3904
4910 6435 8084
210 2560 155
6375 2390 4544
4487 4009 4848
5202 2917 3992
6144 3810 5316
6094 4588 8247
2860 4721 2600
3088 810 2791
2710 4984 6518
1147 2409 1591
1772 4071 1794
3515 358 8818
5789 4154 9887
86 3087 6862
4238 772 3783
5754 2106 4499
1771 529 2942
2334 4271 2108
4880 521 4243
4306 4518 9165
3351 3361 1545
3946 2210 441
2252 4725 3995
5713 2384 6835
3740 911 2371
6237 2182 3878
5073 4829 1904
562 6534 6518
3960 2754 3271
345 1216 5807
4141 3987 4601
6075 5418 3425
5060 4101 6702
101 6674 9448
3089 552 3769
2377 801 2017
5856 3798 4046
812 264 6368
5727 1793 1159
5298 3194 6916
2696 2010 4310
6428 2022 2952
5847 4973 2085
4433 6412 4197
909 3916 6166
5761 419 5868
2500 5664 5047
5957 2364 9107
2135 1979 4327
419 2197 5641
5590 5629 4623
6166 3452 5871
2195 3261 6081
5592 4942 8618
4857 1763 2705
4364 5510 4803
3308 6093 8847
4042 4092 960
4117 3911 1320
4766 2985 8470
2806 5419 3118
1538 1497 2272
6279 2945 8246
3667 692 6171
5791 6153 8072
4492 1753 2014
2197 1464 8188
3052 1377 8469
5155 3967 4733
3695 6166 5698
4618 4889 5384
1213 3575 9043
2159 1639 5002
3623 5915 3821
1597 3461 3239
570 3088 1167
5813 143 6040
2597 625 4637
3666 4484 6625
367 6293 366
1349 5225 277
2444 1299 1248
6221 6356 6236
3139 4414 2709
5622 1939 6217
2236 5635 5293
5952 1600 7511
994 3491 1415
3470 6674 6252
1796 4038 5182
4586 1939 9884
1752 5272 9370
6551 3361 3805
2758 4102 4482
2405 4751 5540
33 4351 1876
6500 6642 6495
1692 3929 79
3545 4811 345
2714 5965 7580
6045 2766 2129
6516 191 2080
1690 5720 6622
4834 5568 7130
3842 1883 5900
1980 1505 6212
1812 4377 4648
3875 364 8291
1583 5927 848
3888 3667 1272
6475 947 8656
4324 1060 1124
6180 3221 8871
3500 4115 1244
715 3718 3832
307 5122 1439
5721 3819 2888
5179 4831 7694
5779 4112 2854
4485 11 5491
5799 2384 9227
4976 6329 9089
332 4284 1212
3440 542 3031
3956 6510 3570
2295 781 3104
1924 1374 4907
611 5018 6417
4715 3558 3182
6065 5791 1603
241 1916 3996
3881 880 1662
2780 3631 34
3144 3250 6969
1660 5825 5143
2241 4598 5934
3492 4439 3180
2300 1943 9790
4667 1166 576
5886 1288 4027
233 1396 7414
1811 3544 9232
3368 3102 1502
996 3779 2636
242 4580 6827
3977 2226 1685
5610 5330 4075
6228 3426 6066
5954 3291 5730
6536 6617 3280
6480 4325 1556
3386 2294 4956
337 6022 2368
1051 1068 2768
449 5774 7986
1400 6351 2290
1823 5317 5871
1693 5758 9244
5972 6217 5058
1926 669 5404
5471 470 7198
3546 356 5405
5288 6605 7066
5789 5624 7232
4005 6564 2373
3887 2689 2208
3087 1002 9517
5035 5354 1904
2291 557 8350
373 5895 92
3583 5636 2282
2903 4757 5763
1936 6412 5675
6330 3770 135
6488 4721 8398
1617 519 8853
321 3960 1819
4914 2234 8824
1977 1880 4918
3698 1455 7548
2027 5679 2103
4537 1185 6474
3870 640 8855
263 1409 823
1346 4298 9241
4274 4606 3192
4120 3826 3112
5546 5324 5111
3463 84 2436
3810 6530 4521
4485 570 6866
2930 2479 5985
22 5553 6277
3513 220 3931
4488 551 3216
5253 4079 8649
2572 5244 2491
2327 3388 2732
1419 6561 6904
258 6243 840
3508 3250 9176
2295 5084 9185
3519 1132 2954
4165 1792 4850
3837 4298 9319
3226 1538 7703
627 2355 3703
1626 4811 7489
2540 6261 6527
2022 6602 8620
5119 6123 1388
4059 4520 8629
1534 5246 5093
6456 2217 242
4556 581 5803
2676 778 685
1538 180 3433
6527 1966 8914
3431 1576 2147
6313 2294 2220
6339 4877 9786
136 1635 9013
2059 2934 8205
3375 6217 6062
3361 265 9295
6074 5384 7772
1937 4443 1062
6347 6035 8137
160 6749 6856
2249 3029 7965
3354 4446 5328
5944 1300 6031
3250 5486 3501
541 799 8281
2390 4372 7232
510 3865 9171
421 1792 5984
6747 1069 934
1967 1457 6659
1084 5999 8862
1944 3374 5906
1547 2347 8046
926 3059 3842
1029 3688 7350
2884 1048 4639
1109 2559 9645
2952 5315 4387
941 1194 8072
6391 385 4910
3605 3395 6533
5911 1652 6643
6443 3540 4696
4002 3847 1897
1771 5663 1199
6712 2964 7109
3633 3383 1192
4997 4520 5323
941 4680 8171
6164 185 9328
2853 4815 2178
2527 3788 2487
5945 4005 1008
5249 1491 4560
6030 3847 5988
6512 6214 9288
5757 226 1791
5588 4033 5158
1221 5686 1623
6121 677 9077
3716 691 8169
4827 3647 484
2241 2940 4982
147 2671 6214
1687 1357 678
87 25 8683
4360 4518 853
246 2251 322
5933 3878 3069
6752 2018 5276
1922 5980 5231
5885 5133 9602
4052 5348 8270
2751 6041 6278
4560 5711 1498
5801 2401 9469
6481 2102 3387
626 5837 9041
3656 1410 1143
1989 605 7909
1357 2094 4721
225 1438 3320
1318 4485 6747
37 2661 5728
4498 2637 7879
1411 5322 2734
2926 3879 1367
4796 426 9669
5229 6296 4244
428 4471 2990
1577 2549 5097
2936 1165 2412
2788 1182 9825
312 4330 6430
3177 4838 4977
1253 5182 6854
4050 4899 5113
5002 939 2181
172 5946 7175
5625 196 4533
4413 5132 7456
2656 2205 8758
3628 2054 486
3931 2152 2078
99 1722 1387
3050 6054 8336
4318 270 7898
527 366 1125
4705 904 7376
5932 2047 9040
274 1280 9033
3177 5613 8448
1849 6741 2359
5583 6330 2132
1979 1798 4175
5860 2598 6589
676 4005 4865
386 3080 1894
3805 1548 2609
1014 3361 5460
1149 4452 1235
3772 4608 7706
5519 6108 4223
6399 3567 7411
4158 66 4135
1063 5804 9200
2535 2047 4265
1130 1280 9247
639 3003 1380
1401 1948 1439
6549 363 132
2891 2856 5188
5441 271 6548
1541 277 617
1138 1468 7265
6745 5910 7935
6501 6468 8952
237 1873 5162
2364 4312 5411
3371 4509 2680
2641 5518 4201
36 3974 796
6422 2545 1127
5003 1315 2911
1198 4619 2927
3648 5528 1654
4443 4055 9499
2669 6442 4143
3596 236 3547
2909 2565 2107
6020 272 9603
900 6054 4781
6190 5688 6164
5957 1870 3825
4630 6669 2191
6232 1902 299
5173 1620 9376
5569 1214 6455
2907 2965 5897
5865 3958 7108
575 5186 4246
4895 3847 6028
5446 6069 2295
4138 5364 7145
4252 2040 6645
5491 533 9559
657 5840 1431
4623 4201 1948
32 6252 1072
1813 4404 6842
758 2254 4627
5160 1546 1624
2962 3952 7637
2308 1130 5754
5191 4302 4534
1901 5254 563
6302 1094 7407
2528 3014 384
584 3993 1057
5610 3895 953
840 1847 8842
4800 3576 659
1928 4022 5733
3539 4977 5006
3039 182 836
3117 6593 4275
4802 4384 1656
962 4435 6563
718 3712 730
3125 2238 7552
5651 1402 3670
6634 4576 4975
4300 5886 9932
1560 3608 5964
2597 4367 2119
2015 143 2928
3242 144 1874
1510 6397 3550
3521 5202 4875
3890 4005 2945
4117 4575 6743
6437 5340 9502
5350 1128 920
6444 6537 4379
6303 5019 1607
4469 376 5453
4125 4052 1293
6037 3528 9013
2725 6591 2188
4762 6596 2349
1406 185 6317
1444 1313 1030
5964 3306 9360
1535 5340 8401
6114 2135 2387
6129 5594 6547
592 4209 2675
917 3816 4042
6281 5943 3109
6300 432 9756
237 1841 7945
658 5029 6779
3942 408 4730
1455 748 7876
3724 667 2742
1303 2518 3201
5367 3169 7155
5895 3290 968
1325 4158 3102
6517 2383 2030
4034 739 264
802 5072 9844
5579 1584 7883
5489 4202 1184
1542 331 574
6522 1617 5841
3211 3055 2988
3714 1351 8218
2671 126 1205
5264 3679 5176
5893 6562 566
3196 2100 7521
3538 3050 2557
4082 4208 6277
6157 1339 2273
5377 2274 1295
6505 4361 2823
2779 6678 4947
3072 90 1688
4944 4339 5932
3783 3592 4703
5238 6689 9632
3704 4404 9062
1931 1988 5784
265 501 3860
1391 5250 8155
3158 4795 5336
6450 5594 1014
505 6618 9122
1838 5617 4789
6729 1745 9395
3590 488 9386
5866 359 984
2139 4765 3629
611 1618 6921
3666 3552 1557
5137 6257 9469
4029 3973 9908
119 1068 6126
3065 5565 673
3463 1448 1435
6264 3273 3044
6380 2725 4545
6684 2254 343
799 6039 9320
1604 6188 6817
610 4929 1637
4126 1308 8495
539 1967 8116
2716 4038 3324
3046 789 778
2401 4908 9170
2467 1435 9308
1285 2282 9839
5275 3542 4953
2332 465 3167
2807 3551 4345
1584 1743 6641
5679 4700 532
1241 3551 3467
5443 5564 7781
1989 2359 6279
1747 1779 9204
2716 3058 8765
1934 1537 9907
2345 2193 6124
3225 3230 6673
4608 3045 5728
1109 876 2383
5776 3648 2799
799 6560 2752
510 353 170
645 5699 5842
2445 3415 7297
3406 1422 512
1877 298 1513
1787 3578 4113
3453 5571 2149
4526 3596 7
4995 4996 8580
3066 5207 1824
6693 3686 784
5634 3032 7749
2600 4287 1131
6692 6521 6974
3983 2583 9054
5303 41 4297
402 6496 1319
5475 3061 5694
2062 6717 1181
1616 2496 1137
5933 595 3474
176 327 7459
3376 1531 6692
6321 1069 2238
3233 3022 3717
970 5014 9167
2892 2936 5263
5824 448 5796
2377 2379 1549
971 4617 8061
5889 3352 8548
1629 66 1718
2768 5433 254
4183 2590 5844
4711 4201 8582
158 5799 1766
5779 4845 6308
6189 939 730
3565 685 8125
1996 424 4888
2013 5572 8905
4976 1153 5260
585 5218 2636
3478 5118 36
5014 5704 2234
2613 2793 1689
3956 1665 684
894 1510 9904
835 3963 3734
1283 391 1864
6616 4497 1040
998 5107 7208
1983 4320 5674
4034 4776 7731
5426 2257 5797
2511 1888 5743
4962 398 6897
350 4828 7411
2394 2307 1538
4501 4159 4797
1820 5691 5471
2528 196 85
600 5628 2867
544 3930 2076
5986 4466 2280
1002 6414 1448
2607 2407 194
1660 4548 8588
2777 964 8529
2325 3878 8318
432 2617 9827
4642 5834 7433
1895 5631 3577
5600 6196 2462
3240 674 7468
6148 2095 2162
4232 6693 503
4724 5002 4504
2107 5554 8417
1788 934 4236
2515 2745 2719
5884 3394 9456
2761 4440 7795
5989 6340 8393
2385 2451 3538
1150 6356 3592
967 1711 487
6623 1465 6786
5010 4940 1002
3959 2863 2024
6524 1864 7935
2126 2321 2825
2489 1820 8461
3234 429 801
6703 1575 4900
4181 4436 740
2315 6520 8600
2714 3185 5093
3255 1338 5679
1929 5109 7128
5955 4269 9762
2942 4371 5505
179 2042 4560
5785 4839 9691
5412 5055 4319
1695 1472 8380
1223 4085 1852
5279 1583 4821
1225 4414 2883
219 6587 269
5733 6305 9056
2217 5239 5601
5298 4139 6076
584 1452 6851
527 5027 345
2138 6543 5966
3059 2334 6794
3730 4001 831
3129 306 9103
3803 2799 4147
1774 1632 9207
137 4347 7037
432 4250 6971
5154 4660 7667
5019 6604 4189
1260 5335 8223
5752 4482 4758
4463 1808 2788
654 396 9667
6750 5192 6789
4476 2907 9915
493 3869 5781
1840 4460 8645
6672 1151 827
6538 3187 5471
2780 18 2963
2406 2673 9206
4449 6091 7322
4707 3017 4135
2921 2613 8440
1064 4646 3942
2689 1209 3191
2868 4405 4040
695 3431 6370
772 5091 6393
3065 2124 737
1419 5027 8687
1484 1721 3186
5985 2899 1567
6375 152 7789
6502 3708 3684
226 1649 7125
2809 4716 4826
2901 3580 7007
253 6556 1143
3969 5432 5366
2925 755 1581
1993 1188 5901
3861 2228 8154
1394 4069 1247
3351 3914 9041
2266 1821 8068
156 4686 7027
6148 1725 7685
5794 2846 5246
5802 684 8849
2102 3394 648
796 314 4451
2266 1175 2523
5871 3828 4782
3765 6067 2890
5135 5246 2816
3157 5171 4324
4623 6387 3282
4206 1058 9185
4093 1172 7068
553 6053 4018
3448 5627 7871
5784 4828 6605
386 6750 1936
2044 1514 5660
215 6607 289
5441 3541 5413
1359 5723 6837
2589 812 7295
3978 6499 6555
1773 3997 8554
6446 766 8875
3078 2035 2455
2702 4569 6707
4806 3614 6473
5650 5439 1495
6090 4671 1127
93 2500 9852
6337 2075 5532
6661 3664 6372
1513 1331 8700
5062 4999 6179
2849 6661 7175
3859 1934 1222
1548 4661 7312
1394 3609 6416
6228 4633 4038
2452 2915 7988
5052 4674 9697
481 2343 9574
4411 902 5055
3321 2607 66
5185 3803 7445
6571 6141 1660
753 5718 8354
5174 3456 9456
3966 3168 1948
6153 5789 3766
2315 1419 2644
310 1535 5594
4333 252 320
6720 5821 1197
6528 3016 4468
1699 5916 9127
3119 220 7904
5026 184 940
4021 3220 6973
1802 6383 5382
5347 4781 7143
1098 3898 8856
4233 2653 1753
1332 1180 5843
176 2548 1386
4635 1420 5279
44 2578 3416
4113 5806 8698
177 5170 1695
2725 3323 3805
5875 3927 3037
5986 4207 7743
3045 3762 3379
6139 3403 8091
1753 5838 4161
2100 5257 7175
2673 4847 9750
5541 2428 8866
4803 3402 6630
1545 5537 8049
5434 1854 8983
3812 6268 5625
5530 224 3642
4261 5368 5654
4634 5479 3173
1020 4227 4461
6378 4419 4780
4412 5106 7428
1817 2078 1753
410 4752 8105
2825 3003 2809
5621 6163 8895
706 5086 6960
4903 3312 914
4284 6671 4737
6296 6148 8346
1331 4493 6192
1976 6020 4505
5037 1619 3395
2554 4981 4238
5666 1341 8309
6095 2859 6431
424 903 1981
1183 2538 8039
4234 4376 4521
6176 4250 2493
2809 1538 5213
1025 4813 623
6002 2900 1358
3170 6109 8194
1949 3180 5023
3692 4684 340
3270 5836 3818
3685 4699 8665
1164 5606 5993
124 4091 3343
3824 2664 3125
3200 4009 7125
222 1380 770
4132 1333 4877
6308 273 1581
463 881 3579
5786 4486 3772
4370 2075 8540
6346 1376 4492
4600 5330 4860
1094 2528 3237
297 5537 7035
4282 2883 5716
340 5032 2983
496 5736 1273
2530 4145 4025
2309 1449 9413
2001 4429 9605
1793 3809 8415
3846 3645 286
4797 1353 2097
756 1100 3628
5356 2380 7260
1022 4733 3454
4273 487 1821
812 3280 2282
3550 3619 145
5387 515 1991
4542 5108 946
6508 4712 6137
3071 23 5333
1145 2751 423
1008 3886 9613
325 5038 6102
2844 5516 1651
6335 193 1193
5383 5135 6032
450 1441 1774
2929 1898 6085
6397 931 6875
4390 1017 6634
217 1193 9321
3604 1201 262
1770 1850 8701
1056 6266 8656
5970 5711 1534
2693 4814 9077
570 882 8068
2328 2954 7490
4432 3211 7492
6487 4944 4705
5136 6059 9586
5257 2962 1119
5653 4325 8316
1611 5676 9391
1240 1819 9291
6364 4149 598
3058 607 9535
1702 2978 7633
2058 2966 7895
902 2442 2023
4131 4210 9317
4334 2349 4669
4367 4047 1636
2417 1321 1771
2123 1792 6320
2635 1061 2828
1244 3936 7802
3029 4251 8093
4392 2103 8912
1087 6114 1029
668 6185 1078
5537 5063 4585
6410 963 1290
2770 3934 9779
3315 5433 9592
1253 3886 9175
4068 231 5207
4558 4841 4011
2817 3325 6664
1695 576 2698
2269 4062 8716
1513 3246 2601
4156 4587 168
2749 44 7031
4664 3863 1991
1075 5665 9459
4875 3015 3980
335 3259 1525
6229 1695 3443
5330 2203 8227
5249 3442 9899
5452 3077 2760
1549 2994 2895
2959 1035 1534
4311 3474 4530
6244 2744 9214
251 1275 4362
644 5761 8683
1287 2331 3659
858 2705 9625
1405 3620 9711
799 4067 4736
1424 3464 561
2997 1333 1000
241 1070 866
4363 4018 152
2844 3587 174
5036 5613 6073
1823 4708 4163
449 2361 3189
2849 3019 8770
554 996 9230
5574 4400 5789
315 6645 8938
5645 4063 2612
4378 809 7779
6258 5347 4748
1055 5463 6592
5861 5984 5655
2952 2550 8190
2200 653 4818
1731 955 5554
1761 4454 7301
5490 4348 4064
3119 987 7087
2384 5247 1830
2646 1231 3278
5847 258 7800
3193 5041 513
5494 5628 6936
3185 3608 3777
3359 4419 223
2520 3006 8023
2106 6098 689
4760 3337 7575
5464 5056 8889
968 4931 841
5744 4861 4100
4770 4255 1313
5695 394 1355
5933 1811 7289
2245 3682 82
4746 5907 6936
6015 3219 3077
3706 864 5371
229 5015 9547
4460 3030 856
4224 226 6470
5400 6446 2490
3628 5796 2862
6205 4063 4660
3717 3314 3659
1666 3895 8415
6095 2797 1960
4287 1392 7723
2046 3249 1854
681 4743 142
4887 2390 7352
5863 6377 9653
508 1251 7006
3233 31 4287
3016 2823 9781
67 387 3580
4083 1615 8661
2697 2716 470
6148 3654 1154
4640 4797 7549
1234 554 7662
5377 3624 5254
158 2738 8861
1222 140 9016
2959 1282 2542
2078 5281 5295
739 5149 5951
5093 5402 5618
3243 138 7017
1661 5392 1849
1574 5205 2825
260 2402 3487
1837 4916 4339
5238 922 5687
4605 6377 4498
838 2437 4349
3888 1479 4101
6231 3624 6457
2689 5301 2071
5432 5485 2306
5324 769 2950
2541 5164 9422
179 1073 1959
882 2187 9955
3676 1013 60
517 5607 1739
5562 269 3535
3511 169 8721
6740 1046 8560
5772 3629 4688
218 1350 2621
1707 3380 6221
1238 6232 6293
5432 109 7834
3075 4282 1588
3822 2957 5186
3888 1190 3128
1472 2172 3890
4855 6169 7156
5492 5309 6496
4099 1331 5739
5444 2525 9980
4436 5812 9982
2368 3415 6429
346 5640 2018
3750 2642 4479
2346 4592 777
1567 2240 2471
383 4392 7288
2834 6302 2848
702 1585 4776
3703 283 237
3453 6632 8621
3403 5662 6734
330 4826 6544
6397 4939 8681
2189 642 4825
599 3717 78
2754 269 3753
1663 555 3384
5912 1254 1117
3947 2329 6373
4343 4332 5957
3586 4003 3762
5495 5463 4206
3155 3307 7544
837 1834 8947
2538 650 3685
2139 5145 7786
5856 4690 6102
3898 4230 181
6155 6329 3524
2059 2636 2434
1348 4886 162
6053 629 6304
6346 5959 4451
1734 1748 993
3485 6550 3432
5136 6281 6921
3911 1723 8280
2874 3683 2631
4105 6440 1697
1532 262 8516
2907 271 1252
6416 5558 4782
4354 4889 5059
1438 4408 6284
4235 5357 9606
3147 1751 1488
5829 1502 36
4030 1938 9342
4519 867 8957
4414 1606 6408
1613 4704 1650
552 2678 2718
6186 4589 6966
540 2234 9193
4949 4940 1664
6659 6049 650
317 5298 3330
198 1627 4118
1634 3468 830
6658 4140 6853
1531 1976 6551
5992 3885 7344
2313 5599 9508
3315 1250 1001
1613 3137 8336
547 5920 2940
4326 3308 7922
3707 153 6615
6688 5032 5570
919 2264 9618
1901 5555 1482
6498 4489 3173
5001 5522 751
4589 1867 2893
6062 4941 9456
3340 6370 357
5483 1792 732
3035 3184 9491
2086 4498 6050
3059 5710 9688
2242 4507 2251
548 911 7699
1985 6638 2405
786 101 9216
6547 3128 3243
5209 3424 4069
1585 5885 9865
4427 305 6573
4715 5819 8186
820 3256 7047
1169 6353 9777
4626 6151 1088
1951 6056 742
5382 2580 5637
2264 177 2088
4755 6354 9077
5933 570 8576
1386 4409 9
2426 5303 2043
1789 1570 4145
494 5202 5978
3612 6605 9876
1846 2772 3670
4153 6199 6729
3836 518 2768
4793 4186 3125
624 2310 3437
2567 5763 9852
3604 6564 2616
6590 4610 5838
762 475 9539
3405 6683 1218
6139 940 3536
1126 5492 1944
3649 1418 433
2716 3316 3130
185 5122 2364
1521 3309 6649
3975 3872 6054
3995 1010 6901
2586 1765 47
4660 5699 5831
3262 2597 7988
3536 410 788
591 2733 1467
3859 2594 6427
702 728 6216
4745 3072 6394
1591 6569 2788
6671 2339 8258
94 1170 6890
4221 3660 5117
6649 6636 8134
6103 6298 559
1064 4701 1845
189 2064 7253
1495 3429 3684
4849 6377 1633
4883 594 7104
4705 2293 2651
6024 2896 7470
3276 5739 6643
4938 724 3868
5367 740 7357
2598 366 4938
2506 2872 4300
4633 5056 6839
522 3150 3653
4335 1722 7300
5194 47 2892
6647 5336 553
5627 1609 7347
6723 2894 5074
6086 306 4892
2719 640 8134
328 1574 2892
1513 4631 1318
689 2867 4350
167 3717 9285
1992 335 4105
1695 4881 8959
3420 6018 2527
3879 4380 9222
6568 2656 7092
285 201 3085
6662 4737 7418
2024 3554 697
5527 4367 3120
526 3849 5403
6436 629 7800
3576 1385 5770
126 5783 9224
1364 2391 794
1059 2950 5989
2689 2163 2933
4867 3831 2083
2485 1261 288
6674 4032 9771
3078 4616 5735
2965 5587 3940
5935 2057 9014
5501 4787 2639
5253 741 1286
6504 1367 4088
3284 3486 7530
2587 698 5771
3566 1379 6979
1542 2263 5200
2997 487 6472
1402 4087 2616
5828 2371 5656
193 2424 5431
6027 2801 5142
6696 121 1229
3695 346 8874
3908 3783 4578
2653 2741 4999
1814 6107 9570
5165 1375 7698
6689 3087 401
1408 3421 3722
4992 4230 3467
4624 2921 5976
3219 4115 867
5798 4595 9456
595 3385 8908
4561 4388 2950
1945 105 6095
3361 4125 8678
2712 2555 5036
4437 3630 6386
2997 5901 7692
4691 5459 7675
1702 365 7671
2194 5866 8131
2814 6464 1556
1147 1207 9794
5047 5743 1461
6318 3777 3107
4216 136 6265
3811 2235 4076
278 2225 8763
4827 186 8047
3893 4130 5569
6076 4869 6343
279 5850 3273
2010 6288 147
3595 1777 1341
3988 2294 9194
4995 2141 7844
127 2142 8093
6566 3331 2915
3291 3769 7662
5976 3487 4069
4767 1336 134
4243 5955 3469
267 6649 2976
2546 1878 9435
4928 825 5916
224 4428 8006
4367 4837 4470
4710 6357 2301
1366 2463 2049
1768 4470 8496
4246 4325 6324
4656 976 179
5670 3862 52
5507 5864 6117
4573 1096 1639
4887 4901 3158
1554 6514 8733
592 4588 2067
5324 2611 8272
537 5859 3132
5632 5085 3987
6299 1638 4615
2624 6145 6404
6201 4299 4133
5560 1947 5955
1390 117 5597
3483 3676 8328
2903 680 400
1621 2754 4864
1954 6417 2342
2280 2912 4468
3475 6494 4997
2543 3876 5810
3613 3335 3795
6264 2962 783
3632 3614 1725
806 5917 1800
76 5993 5252
1031 1179 378
294 4462 3848
2877 504 3748
6703 2490 6701
318 4057 4026
4599 2333 151
4135 2169 9169
4224 5490 2017
764 1934 3308
2281 5935 7901
4232 6639 435
5480 4225 7932
1120 3087 7384
6020 4903 4421
1186 1157 2546
2737 3099 3787
2519 2067 8554
5122 1174 4852
4738 1104 5736
3490 494 3233
5786 5112 5251
3774 6236 599
5926 3581 5574
6457 3933 6070
412 1689 1947
6315 2998 1384
2783 5597 9865
3312 371 2729
4279 789 9460
2652 6386 8016
6436 2111 7980
2856 4468 9837
3334 4427 1864
4872 5091 8079
4626 3618 6537
4550 4009 2241
5406 1634 8229
2023 5089 5705
4498 4825 609
4930 4442 7889
6039 4503 9958
2704 1025 1043
483 624 5820
2040 5364 7341
6087 1731 5464
5171 3014 4717
3775 5494 7480
2476 6424 369
2445 467 9568
3125 4524 3215
526 86 3601
2447 4548 1171
5910 1716 3813
6456 4005 9175
108 4648 3592
5297 4699 5759
3350 4646 6910
821 2049 9808
2482 207 4839
5833 444 2721
5520 3596 7824
6745 5484 9170
1233 3724 2558
4886 6427 9687
6545 660 7249
3535 6603 5446
3942 198 8279
1813 5023 1829
4887 3750 7503
6542 6574 8888
6102 2151 9717
2312 1513 3812
6312 2108 9930
6459 420 5536
6619 4772 1152
5382 96 1745
3517 4982 6604
3445 4334 8631
3984 1229 2113
3913 182 2524
4297 1535 1845
5280 5259 5714
3032 6234 46
4801 244 2009
6174 6729 1240
3156 362 3637
482 726 4119
5208 3195 8149
3414 5944 3445
4342 6338 8957
1066 2737 869
3123 5586 1268
3160 891 8127
6216 11 9778
1051 10 7306
2958 3657 1727
1641 5449 1576
2679 3298 5584
444 2360 3555
3131 4547 9078
6339 747 823
2944 359 3272
3968 2550 2889
3240 4783 7105
3175 6210 5159
4959 4100 392
1419 5517 8849
3885 1562 1763
691 3569 5375
5303 6186 7314
2761 1908 4286
5799 3207 3571
4839 2861 3027
6623 4944 4331
4515 3389 5580
1080 89 618
3127 5751 4319
6572 693 9698
4288 3467 5118
1555 5915 7763
883 6128 5007
366 261 2338
1337 2954 5382
6254 5674 3133
1880 4884 2116
4276 404 9039
2454 2177 1211
5079 1250 3691
5893 6527 975
1858 2125 4765
4780 1947 9120
4951 3339 1797
4037 6007 4388
2500 2233 8360
4478 6137 5253
998 82 9547
3086 3492 8751
1365 5942 454
5655 5122 7661
3330 3399 4125
524 2840 7767
3443 5884 8298
2632 6657 7696
4042 3939 7145
4158 5159 8980
6605 218 9627
827 5676 7762
6192 5595 3298
5231 1206 9324
3183 3263 2879
5631 3277 7413
1457 249 682
1961 3424 5216
5793 1928 9146
2951 5107 166
4478 2947 3683
6079 4653 8185
4702 757 1376
1355 1454 7373
6367 552 5511
3787 5839 2493
3371 3669 2844
2049 1871 7307
4166 5403 6880
3915 2295 1203
1267 2580 8912
1921 4158 2778
5869 4059 6306
3141 6367 9365
5148 4836 6790
1304 5111 6782
4978 6596 7131
2754 4686 5087
5839 742 4477
249 5835 4275
5076 6682 418
6060 6639 4103
5937 4290 8388
2466 827 68
204 5891 9779
1685 4222 1266
894 890 3832
5098 4213 6812
1743 3503 6481
2782 2073 2977
3226 6390 6978
1908 4092 164
593 2902 7513
4026 4005 4705
3115 3220 3888
2949 5076 3023
985 5456 7197
608 1712 3084
3829 4603 6682
5332 4821 4077
2932 281 638
6393 1888 5593
4810 808 3206
6563 2827 6943
2010 5271 1309
1989 850 9996
3371 1868 3725
3653 5513 8439
2448 5807 5082
3555 370 4553
4361 3425 9065
1817 3487 1852
2419 1204 5008
4552 3303 7452
2715 785 1919
4852 5222 1138
3469 3196 8717
995 3949 5750
1161 570 7949
3221 6728 1549
2963 3337 5078
5072 6684 4926
382 1567 8064
3214 6076 2591
6585 5772 5983
5182 1831 1952
6323 161 1965
4171 6322 3179
1154 1244 1387
3545 6373 8646
2462 845 3607
2488 3319 2024
2645 2200 590
5233 97 6813
453 3477 8967
649 5571 1898
2048 3379 6808
5596 2050 2691
4649 3693 6688
772 3175 8241
6530 1351 3595
6395 5874 5752
6430 5747 92
4587 4900 8602
4417 1089 9555
2079 2379 2010
1081 1420 9739
4277 5235 4623
722 102 4111
2962 920 7688
6133 4272 6172
3465 1008 9189
5763 390 8965
5311 810 4235
6749 3097 1779
1887 2668 4947
1783 3454 2538
1850 4033 3743
5027 978 4478
6184 518 3924
196 4006 8741
2973 2392 8084
80 6447 5948
1358 3073 9330
2726 6184 4896
2373 2590 1266
5265 1728 1228
2793 6498 1703
3424 5238 308
2533 3784 7915
1378 4605 9944
6370 2094 3902
3548 2484 19
5240 1937 6387
2421 4076 2504
3710 1675 9573
6676 6678 8397
5431 4570 8594
3661 2115 4196
1971 2916 8859
949 5819 6281
2827 96 6719
850 2806 8047
1318 4612 1598
5838 4338 953
3898 6639 6177
4609 44 2896
2771 4917 9843
2036 5107 6272
2614 6254 7373
6646 2683 118
3202 6694 5012
6565 539 5457
4695 3452 2417
1934 4026 693
3883 4822 352
345 5672 3682
127 6178 8272
5994 1181 8407
3891 376 3989
4044 4119 2539
6559 873 4702
2551 6262 4243
5322 6453 2557
4793 3204 1088
3817 4892 3098
2701 1883 8481
3048 2744 5836
3021 3923 1691
653 5142 2676
1988 123 4695
1709 5107 4324
2939 6011 5746
5291 5689 2741
550 2832 5921
4394 3940 3051
208 3179 8918
6372 794 5168
5934 497 2893
3537 957 1541
4851 5679 2541
1449 1890 3010
5048 3237 6552
1792 3862 4349
4670 4247 1779
1048 1100 3596
6111 4718 1052
5904 6599 5460
4957 2249 1868
1377 1170 9458
590 5447 5801
5089 5452 4406
3644 4603 511
1221 5759 43
6342 203 3314
946 3213 1599
4084 482 3140
2983 2647 1794
4866 3524 7434
3688 6471 1182
338 3510 822
2226 6654 2128
2831 3210 5505
3846 1662 6567
5795 594 1221
2410 5937 7777
6427 4235 9617
2262 661 6490
6215 5749 2945
6680 5536 8861
6352 6119 8030
1757 5621 5485
144 3221 8223
336 823 4581
4166 3341 6185
3094 88 1
6090 349 4528
3829 777 7236
6627 3899 1812
3454 4200 6395
6039 1482 3046
5829 5677 7612
3747 1849 7152
641 3274 3556
414 2215 4006
1189 2097 465
5193 907 5154
4777 1277 3497
2010 507 8611
3293 6745 8940
2195 4870 4679
1848 5292 9432
5945 590 7419
3667 6720 6535
4392 6309 2350
473 2869 8639
6635 4663 4312
776 4725 8319
205 1072 5128
1855 6373 7256
2623 5480 7179
5366 2157 3157
1704 6709 9092
4003 947 1753
4535 1983 4089
2836 6584 5276
2987 3165 1753
1029 5164 8617
3144 4263 8863
2692 3761 9917
5433 69 1363
893 4003 1908
2945 2950 7528
2777 4689 8515
1035 2529 5464
1783 6168 7886
5552 406 5331
46 3601 6969
869 263 7734
5959 2928 3941
5981 4555 5908
421 2752 8764
1767 1069 9724
1093 6550 3327
788 5481 5299
516 6437 2074
6746 6243 1965
3881 4672 9610
55 3270 392
485 3436 3445
1911 848 3217
2871 6271 3922
5304 26 2953
4152 1029 2308
1015 5486 5675
85 5192 7042
5027 905 3935
3094 3042 3779
4023 331 2010
3274 653 2797
5422 5140 3695
631 2973 9724
3435 5736 4705
715 171 7575
679 4398 4590
4232 4838 6520
2850 3454 1812
1117 1793 9921
259 6041 3488
2259 3567 9545
1914 5998 213
4103 3703 9396
4927 2023 8309
5494 2976 9937
1776 5291 9074
6044 2604 9959
2358 5219 2010
5225 5983 7390
6611 4228 5920
4365 4837 8753
4566 4705 834
1996 1499 9136
230 6365 2674
2536 6618 139
4793 1976 7795
689 6413 4700
60 5182 3532
1839 6497 1729
4571 1880 8479
2299 4055 1893
635 2866 4525
2602 532 2173
4129 4679 1616
1820 196 5581
3987 4559 6099
2071 908 6206
996 4880 2100
2505 5988 7910
3697 1812 2478
4791 1064 5588
5451 5794 7455
6256 3953 2690
5352 522 1335
4722 4002 2115
4018 6023 2626
1425 4262 6760
2983 502 2073
5974 708 987
706 4193 4149
185 6710 7992
6020 1540 9739
2861 303 1335
6594 3071 3479
5659 2394 8765
4721 715 1473
888 3551 1273
602 2250 9816
4005 3283 5004
5986 741 3001
2150 2054 8294
1242 961 3248
5371 293 3877
3230 3422 6819
1059 1522 4863
5524 1175 9458
5199 6427 2917
672 5874 7420
2581 401 1557
1315 4232 7179
4704 286 9897
2141 6163 3496
2119 3088 985
4715 2407 2587
5915 4764 1182
1485 1954 3099
4272 2502 1564
2007 442 7941
2653 2245 1523
5988 1107 2551
967 582 8442
1971 967 5866
3901 5867 8641
3927 1552 6128
2166 2772 9344
181 5162 3757
3143 5928 7600
5778 2185 616
3662 1741 3573
1828 5598 8955
1036 2757 3616
4092 677 1866
5679 6108 2202
1572 573 7492
6563 1235 5036
5594 2182 3416
3257 5427 3301
2776 4271 4305
3229 4373 836
2340 680 4858
6358 427 1483
6325 3663 732
2779 1440 4705
3822 278 2467
1130 3467 9670
3075 306 5887
3842 6357 1917
6082 6542 7586
3151 2203 179
6011 6418 3439
736 6545 136
3467 5137 8620
4047 3154 5656
5671 4275 5128
2841 2385 4747
1890 5006 4999
2319 6730 8885
3989 1972 8698
1052 118 5614
5886 2480 2457
3873 6508 4004
2624 1797 5581
2095 798 674
3315 4412 2557
5139 1049 9424
6470 662 2062
1760 2491 5973
5463 3900 2725
1307 1202 6366
4500 1891 3160
6165 3355 7582
3510 1123 4200
4900 2337 243
3705 3781 8638
1897 694 3018
3759 1618 6265
1430 4129 4524
6684 3065 4934
1639 4341 3850
246 1203 1055
2929 6290 4724
2726 3586 337
5462 948 9674
2563 5694 379
4699 3152 5464
5901 1131 773
4211 4833 1729
5399 6342 4348
4725 4172 5822
1238 5818 7342
5721 2045 3156
2489 3703 9826
627 6690 9274
2341 2515 182
4214 1593 8734
6237 5242 8697
2938 3823 2243
3137 4143 1058
4721 4642 1421
1325 3583 8608
4769 2379 4217
5673 5970 5354
4097 2475 9159
4856 6547 4460
6436 3062 344
4959 5980 2176
5702 3057 724
854 2398 4867
3485 5626 3461
6142 2531 925
4817 554 2273
3150 4257 4536
1913 5828 1261
3796 6399 1947
5566 603 1266
3675 5703 6724
2875 875 9071
1215 2131 2994
4657 1315 7424
4699 5594 4892
6465 1930 6687
5474 4225 6931
3742 1315 1069
3019 195 5960
1632 4205 7112
5041 3332 9803
6368 6227 1008
2417 888 9354
1341 151 860
3606 6448 8781
4698 73 4313
763 905 1429
2626 1246 486
1459 4800 3471
6165 6456 2240
3217 1966 829
1678 559 1998
2402 6536 9315
1828 934 2048
4541 2683 5458
722 6700 239
344 6063 4320
4736 5131 9993
151 187 1499
5317 5155 2618
5051 6560 1258
2885 593 4574
446 2306 1688
4651 1823 603
4958 5480 1997
1844 3459 2932
117 6132 7289
6143 1707 5280
273 4595 352
5611 4268 9600
210 3971 2391
3063 5408 154
3442 2698 608
510 5963 8097
635 2996 7366
5056 233 5740
228 5258 8761
521 587 5146
1258 5817 6225
4117 1035 8584
6004 1481 7385
4445 1982 7054
1678 4001 581
5901 425 6699
5578 5915 5453
2074 1934 2391
5328 4782 6937
5210 3508 9772
2075 2307 2383
5442 6364 4787
1025 4308 2390
6495 944 9993
399 5063 9360
2707 5211 429
6175 6101 595
408 5619 7709
822 1660 9712
2862 2613 4236
2262 1861 2988
4646 329 64
5728 1506 3835
84 1445 1730
6351 2549 6569
6217 4460 794
4294 4672 6178
644 1054 3934
26 6663 6533
4422 93 4939
3482 1202 9079
499 3905 2758
316 1631 3522
5588 3263 2815
794 1328 6163
3863 3089 454
1943 6579 9513
3630 3473 1615
3259 6729 2844
128 3622 2801
2651 2426 7738
1281 64 1579
1299 2532 7587
1575 1825 6479
610 958 1571
3226 3535 3299
4325 6699 3260
1719 6717 8517
1348 3938 7359
5083 3162 2971
908 5652 2752
5664 1286 346
2634 480 3034
6404 1743 2939
3757 1992 8427
1191 2843 9603
4660 5773 3732
1524 3615 4605
1327 4630 9888
5025 1246 265
3971 2943 9543
4591 2501 5319
6529 958 9374
2950 473 9416
1088 5973 8133
1851 3214 5536
3150 6384 9869
3297 3848 3998
1610 6384 3502
5332 5939 2713
3672 6262 6798
3626 5852 1239
1648 2398 4291
6523 2540 737
3879 5011 7718
2920 4967 2213
2637 1714 4035
4023 3129 977
628 6491 729
6484 902 1393
2631 341 299
211 117 9833
4219 1815 8090
558 3392 3333
937 911 2771
4617 6020 2868
1284 6150 9287
4764 2800 6502
240 4594 7472
6319 2955 9174
6115 4617 3118
1259 461 3366
1451 5331 4492
1449 462 2491
3315 5476 2781
6398 4190 8977
2408 103 4378
788 6446 9002
5601 5946 2974
1411 1830 7879
3456 3580 8066
5592 6577 9771
163 4195 5470
1181 1809 8708
1702 1986 6859
3013 613 9539
2192 3614 920
6167 2573 7245
5265 4603 6867
1478 5860 8000
1156 429 4989
3293 5716 7165
5151 2158 4184
3171 5229 9430
6359 3824 6849
6644 4184 6954
4753 2071 2298
5549 1538 6135
2010 1217 9808
5144 4376 9769
1813 2899 5309
3104 436 2925
2625 5124 9487
4506 6225 6152
4644 3220 1768
985 3439 2267
3167 2113 1480
6303 4683 6145
4715 4729 7620
5330 4214 4453
3100 3185 376
1033 4327 5685
5302 522 576
1261 2514 5845
6083 254 4392
1923 534 7434
2732 6586 5383
1415 4179 1663
2170 3353 1031
236 4098 2249
4340 3692 6015
3129 6283 6019
3935 3521 5765
4937 1434 198
2700 2472 5449
3554 1973 2614
1014 2175 3504
5366 3291 7746
1389 5082 8748
575 5432 3311
6608 1970 3866
2019 1375 408
5103 1715 2587
2021 4338 3352
1725 5351 2912
1984 116 4354
2171 5535 1971
4756 2308 4391
2545 6546 6851
3773 1693 9590
312 3400 8844
4516 1592 7226
2466 6348 5275
4138 4248 5771
6613 4603 9422
5 3523 6018
5483 4607 9556
2363 1060 4804
3231 1991 7681
3881 997 586
992 6059 3404
873 6230 3695
6367 2005 6605
4061 4079 9168
5305 3555 3892
5891 837 2053
5594 5479 1781
3193 1143 7395
6344 2911 6150
2684 1166 6881
6326 533 7057
3319 5562 15
6282 2978 7288
881 6424 9644
1553 1633 3367
1102 1505 199
1424 384 349
1566 6263 1689
3047 664 942
3490 749 3551
5715 2131 1278
3673 748 6137
1331 4424 776
3880 1785 2904
5007 1912 1907
5360 314 6549
6624 6482 8922
5030 775 1462
6571 2090 1352
1044 6055 2954
218 1091 2048
2126 2954 1107
6039 1117 6648
5317 262 5004
2168 2234 275
1462 5753 6891
5366 6745 7056
2856 2086 8407
4435 5257 638
3373 6599 9557
4567 228 5287
2279 4649 7694
2793 2634 9571
5269 4280 8927
3430 35 3689
2395 5711 9289
5115 2459 5477
1979 6726 4038
4906 4307 977
5509 4058 6418
759 1206 3940
1764 5032 8607
4001 3252 2554
627 3670 4716
6433 6307 1510
4251 1867 4460
2790 5246 7616
787 5758 6783
194 4974 2274
2250 5560 8968
543 4713 9736
3462 4653 673
584 819 6426
5083 1934 6383
5359 161 5676
6238 1799 3052
1918 6204 3274
2391 2033 9083
967 3745 1459
3543 5050 263
4144 6025 8639
1020 2353 3097
4091 1670 7956
6537 3054 4561
3955 4317 8375
5873 6752 1645
372 196 3850
3050 6005 3852
4983 2192 2034
123 6296 1178
96 810 269
4434 3353 5973
2734 3714 9784
4738 6664 9175
732 3885 7040
1857 1068 7646
444 1291 3634
5054 2300 4656
2259 1682 4428
6230 5180 2259
3608 3652 9975
3766 1821 4164
6437 5820 2931
138 2731 2752
1944 3596 6898
6626 1092 4958
1264 2688 5804
4638 6448 171
3385 2130 4040
5680 3059 3614
442 6521 6785
6390 4969 9030
2161 4769 3062
4976 4260 4741
618 4776 9943
523 2840 1437
2271 4194 2737
5843 5729 3792
1404 3089 5288
4514 5497 1122
5628 690 1321
1059 4980 1908
1791 4073 3446
4954 4111 1105
5009 3430 1082
5877 1565 6838
4378 5006 5102
2744 4087 1068
1421 5064 1493
5391 2484 9529
2060 3145 3326
1613 5136 7819
5933 3020 3692
6737 6469 2609
2565 4850 570
4852 1105 590
5669 5363 7566
6317 5181 2725
5288 1389 7112
2595 4512 7958
6230 368 6338
1059 597 3897
1457 2633 3339
6314 4940 9400
1405 4903 4989
3971 5637 3281
631 3139 836
5629 5791 7725
1821 5418 3424
4507 6600 2475
1790 6681 5198
5787 1369 4745
2684 1783 4382
5056 3119 8643
2989 1138 2201
5107 812 5464
1366 3674 5480
622 2139 7302
6001 3149 6531
1443 1808 3324
4935 2846 6830
5111 3294 6208
2672 5580 7494
4984 6710 6874
6736 4351 8816
6534 1062 4416
6735 3190 3815
2568 1823 6382
1098 36 7140
493 1164 926
6734 1264 691
6388 6270 3478
2211 1894 1174
5795 3303 4029
2014 6199 9229
4178 5255 2514
435 3964 7310
893 3283 64
5270 2549 238
297 445 733
113 3224 8890
3806 5017 1787
2748 2267 5477
1399 2100 3271
497 2899 430
4212 4698 4029
2144 6747 5086
2413 5941 2261
3531 1439 1330
2666 5386 1616
5378 4274 5585
5560 2234 4512
3198 4604 4176
4681 1422 3078
874 4482 1385
3113 1447 2991
6365 6324 3845
1275 5931 1551
421 3010 5724
1832 1306 985
4441 6673 2476
3501 4476 6414
6747 4216 814
6279 542 2
6732 398 6795
734 5290 42
4393 4479 2515
6278 423 4104
2815 6413 6457
5381 3638 9105
6717 2564 1188
5136 1002 5346
6338 4621 891
1969 5703 3017
3552 5087 8616
5331 1020 7672
4304 4072 7045
2628 6525 3702
6496 1661 9933
62 5302 4727
1452 3027 1669
6362 4404 1869
561 6026 9238
1838 4419 5844
5400 2374 1298
237 2604 6974
2508 4539 5187
979 572 5143
477 2218 8524
5969 6414 910
1725 83 6127
5490 3000 7351
2974 62 3676
3596 2213 6940
3972 2470 3704
1570 216 470
5971 1277 6981
6749 1468 6219
6521 1557 4573
6098 3416 9789
1836 2957 1675
3195 1540 2112
2983 289 5134
991 6422 8917
1918 6639 5128
3197 5485 101
1706 5687 6589
6430 6050 2173
2311 1204 154
5584 5667 2873
3483 1433 6899
5639 3002 1823
5627 2129 4741
2732 392 2488
6115 3975 4018
4550 2517 6038
6596 5948 9461
3995 2151 5556
6117 6545 7532
3656 3135 4336
2261 4959 6466
2134 2048 3658
4879 5215 1686
1993 4073 141
5474 2117 6949
5991 4013 1742
2510 70 6962
4169 519 281
829 2155 4312
6706 642 7886
1954 3648 69
6456 314 5986
5092 4416 9997
4060 3539 5202
6124 2788 1254
3028 4120 5125
5724 5677 5303
510 5154 7842
5343 3322 3649
5299 2754 1808
3564 1239 7066
5204 2138 547
4708 6396 3630
737 1588 8158
4277 4686 3034
4415 1228 4000
1518 4533 548
3185 1881 8846
888 3987 9555
3775 2566 8079
1957 2755 9533
245 3993 2372
4526 6147 1737
6750 6677 7570
3433 2809 8864
6730 2767 8685
1646 3508 9311
6041 2856 5825
5486 706 5318
593 5037 3622
2992 512 3710
466 6163 5386
4825 28 5959
1486 1106 59
4738 4895 588
5252 239 7213
5711 2229 5183
2407 2465 2242
2668 2540 1406
6079 5226 8831
6081 4538 4049
4450 5078 8472
4325 3137 5729
1575 6426 4031
1660 3884 6629
4292 3189 5114
3742 2956 4382
1580 5744 7176
1906 2498 311
2663 4088 288
2700 2665 5255
6523 6226 9843
625 66 2660
6452 3411 3343
1923 3593 7412
3120 3 7875
502 4179 8379
3780 3289 6723
1051 1007 3700
3934 830 3696
1624 913 6696
746 2703 3761
5630 5532 5434
1792 2965 2655
4895 4036 3819
5981 6298 6021
1570 1560 9867
3235 2324 5353
5676 5286 4614
5959 2965 1272
4160 3407 535
5256 1963 5014
6357 91 6095
324 6427 2615
4645 382 5396
6474 1608 2724
3465 4210 7728
6610 5303 9777
4076 1853 6251
6278 5141 8038
6444 506 65
626 582 7857
838 4794 4232
4104 3572 9076
3985 4642 7551
2865 3955 1644
2118 5739 6950
5706 4546 2282
314 5824 4718
39 3093 7001
4772 5810 2329
4537 2358 1413
1617 2558 7114
2658 1243 7762
4500 2953 4067
5423 4123 7284
4220 725 134
1984 5604 3933
5336 2606 8989
851 5060 4747
6411 1472 1557
4690 6028 9523
4734 6068 6113
258 2304 7651
314 3605 2138
3129 4227 1508
1304 1414 6726
154 2084 6217
5940 1083 7637
4367 444 9329
3164 1433 607
6222 284 7701
6702 112 3537
5184 3370 4838
4850 3218 3128
3417 860 1088
1446 1147 2833
3964 3608 6429
2039 736 9721
5224 5511 7550
988 3758 9782
1111 2027 2049
4949 1792 5315
4847 3665 6895
5228 3129 9811
2220 2256 9381
292 3691 530
375 117 9944
5857 672 9666
6240 2792 9518
1018 5726 1043
5102 5462 7574
4688 6374 9041
6167 1953 7155
3670 5792 5224
4707 2613 7530
3413 5167 8662
4215 4155 8302
2300 3382 98
3112 6322 6298
3350 789 3982
4593 1311 704
3527 255 350
831 1741 7518
5365 1032 1894
3185 653 9829
1006 2554 4957
1777 803 4726
6704 1377 6258
5582 5614 4677
5968 3609 8628
2461 2827 2391
2388 5551 6726
5547 5233 3942
5114 6244 9285
2235 4245 2888
1144 1405 3322
6665 3679 9814
2732 3879 2831
1387 3721 9339
1657 2055 9332
153 5374 3873
5382 2057 6912
2650 1278 4724
2477 3307 7379
6211 1498 8488
5671 5154 8605
1025 2689 6041
3721 182 6789
4287 6179 8702
3310 4505 8690
4080 5565 7122
6149 5809 9406
4130 3506 9040
6085 4947 4639
4976 977 1299
5804 3142 8868
1105 2615 5948
2507 381 2376
3190 6751 1477
3937 4656 624
3203 5750 1003
5286 6423 3867
3276 5831 3701
474 3963 4944
247 1278 9503
6384 6206 6588
3277 3731 4618
2617 3859 5669
2914 2673 5771
3201 3085 3956
5012 180 1352
2997 5417 5995
4615 3775 868
6537 5134 2427
4687 5521 3374
933 3886 9355
1553 1755 1031
5336 6732 9414
2396 3859 2495
4968 3174 9732
3542 5559 8103
6639 4005 9616
3078 4788 5489
4877 5761 3494
2416 4656 606
111 5142 3139
3643 6153 8714
1024 3703 6553
4768 4401 1867
3205 2022 6542
5712 566 3529
508 1780 2869
3995 2358 409
1989 2118 7229
5154 817 7813
3984 2283 6263
3709 5261 169
4776 4070 8782
4726 3505 1931
5207 3248 2291
3573 6334 2737
5505 3835 9634
5992 5884 8285
3608 530 9956
6333 5482 2060
4397 3695 1658
3736 842 5662
112 408 3090
6245 4369 7423
5317 5932 8156
4752 4327 9174
4230 288 1878
2387 5490 4123
5707 5024 1014
3479 1902 1723
2713 5535 1081
2521 4946 505
2586 6006 436
472 3643 3985
6159 2049 2371
3543 2027 6978
4477 6199 7513
2202 655 5239
818 1863 3738
2219 3569 1094
5811 3087 9403
4471 4914 6352
242 2318 7614
5945 4057 8184
3837 3272 8283
4153 3729 9904
5550 3560 7273
4547 3326 4268
3648 5195 8188
4504 1700 7228
2751 1997 6328
2369 5837 6198
564 5514 2890
2575 508 5769
3238 3487 9972
402 1068 7397
6517 1625 1294
1481 6576 1849
3926 5159 7872
5076 2088 8660
6225 4164 3572
1536 1418 5304
6058 6299 9164
2573 520 359
1040 2667 9288
124 4544 7886
3634 4202 3688
1275 1250 3153
376 2814 9476
512 682 7425
5672 2569 4246
2237 5996 5231
1617 2346 3777
1839 838 8211
3834 3390 9766
901 1154 8411
1987 1079 8114
1817 6456 7038
2728 1985 2678
6052 949 2653
553 4536 4266
4862 3342 5357
6086 1086 5202
247 4735 3507
5903 3349 1126
206 4072 5174
6721 1408 7255
364 1568 8771
932 4103 3374
1962 3063 5126
4549 2794 7430
5464 488 3297
1390 2994 6781
5159 1462 2945
3915 6588 3656
1684 5696 6069
4956 2706 830
6738 3251 3695
730 1571 9221
4148 6742 306
5348 6458 1120
6500 3034 9818
3222 4189 5536
4380 5618 1248
4763 6146 8028
2565 5153 5301
1149 3026 6010
597 5059 2493
4234 5729 8691
4188 769 5039
806 4425 5145
4517 605 2956
5147 5977 396
1587 316 6699
2502 4974 2814
4167 6060 7873
5704 4848 1872
4788 3894 68
6398 2933 6643
117 1972 5245
3702 2336 1546
5828 1416 425
2495 2707 4894
3596 337 8326
2597 2440 3369
5538 5277 4901
2669 1167 746
5413 5237 4199
2224 4117 8595
3556 525 9966
161 6163 4504
5060 4487 6066
1027 5788 6135
3150 2512 6391
2126 1701 7313
6504 5513 4162
2159 2935 1691
744 3143 9674
3651 4058 6654
5313 2879 381
2071 6456 4713
2946 1347 8151
1525 3093 9688
570 4813 1460
2996 3656 4849
3414 2397 8853
6456 4196 9332
4218 1766 3072
2870 2053 5273
519 107 2326
202 3504 4668
783 6165 3170
2082 5464 2750
4244 2381 9561
3234 1937 1495
4674 493 6119
1460 986 4461
5397 2217 8593
5388 5791 317
3231 834 3056
6442 3217 8558
6693 4771 1172
6409 5581 9121
5464 3598 1045
4866 5681 7562
3644 5187 2786
4871 4412 5206
6298 1916 5604
4763 2827 2459
1301 4038 8212
6083 1231 2337
6218 2855 3523
5345 1536 2714
1736 4958 2024
5474 2930 4982
2051 1591 7562
1379 4526 7229
5340 2307 4313
918 1986 6985
4419 4369 2501
3230 3353 6639
180 4202 1652
849 172 5670
2371 3283 5740
4461 6466 1213
3733 1613 3516
1594 5365 1858
1543 3953 2025
5752 180 2108
2278 4941 2174
6279 5069 1432
2284 3286 7018
605 6669 9697
2178 6388 6905
4873 3025 4414
153 4304 7258
2400 2749 9690
5147 1612 9619
2292 2436 9214
2227 4650 8500
4057 892 4182
3921 2553 1550
5883 208 2023
1142 2569 3247
6099 2953 9925
4256 505 7004
1475 1877 7160
3226 4336 7153
1514 5460 7669
1909 3222 4144
2348 5772 6005
6501 4643 659
313 6479 5796
4310 1355 8026
5056 5444 6398
2903 6616 3360
5946 2080 1542
5914 653 8256
6495 5333 1736
3325 6271 1
812 2041 6781
1135 6549 3168
4204 1672 3370
3539 2727 6478
401 1744 6424
4049 4982 7783
3644 1118 87
5125 3272 2465
5280 4744 3754
4752 6350 9300
2321 196 964
586 1103 4287
957 2334 849
2031 4699 9338
3333 3928 7534
6076 6217 774
3851 1104 6342
6657 1669 4693
1622 2991 4278
6382 458 362
3103 3868 8837
4637 5063 283
3138 6443 1020
6327 5356 984
2619 1471 8308
5484 2912 7417
5940 2244 4343
4557 3332 6201
2936 5340 2024
4227 4420 6078
3153 6213 2554
3665 3791 8805
6595 226 5597
5761 865 5923
3901 406 1634
5119 2984 2020
368 2736 58
209 2664 8072
1518 2411 4484
3578 3307 3811
5307 2714 7372
4820 3814 1800
254 1582 8097
6043 5452 4572
6444 1938 1137
438 996 5630
5751 457 1697
1754 3412 3830
5770 4903 6675
4470 3206 5975
6513 4139 543
454 498 5511
5594 6324 2609
2072 3438 1562
195 805 6494
4816 5999 916
4486 2739 5331
6371 1072 7188
887 4601 3469
561 5875 7354
1860 462 9617
4534 4875 6022
2542 335 2510
4359 6675 1566
5421 6251 8296
1942 1240 495
6404 2790 9937
2601 6650 8353
4399 4960 8567
6526 2549 773
2618 4473 2163
6167 367 5938
3861 4174 2572
4155 6518 6612
3012 2105 509
6590 4158 60
1535 5982 8593
6083 5644 2206
1382 1948 242
5455 1742 5267
5241 4953 4532
3529 5454 784
5203 5966 7129
3479 525 7140
239 2880 8698
6118 4996 3622
2513 846 4407
3440 452 4028
5890 6259 7161
2584 5021 7875
2545 943 7733
1710 6154 6778
3031 4453 248
6448 3355 243
858 3051 4695
3607 2114 8544
967 5955 737
2660 976 4631
2530 1170 6896
2160 6405 5655
5647 3648 5403
2873 1664 5411
3467 5549 1592
5527 6742 7974
6554 5568 2022
619 6650 8453
4304 3220 4386
4913 859 6966
2398 2882 7010
738 2640 4627
2961 5372 2233
614 758 7893
2129 5260 1762
1648 3608 5713
5168 3993 5032
3682 1886 459
38 4466 5687
1902 4776 9438
129 320 4486
416 2159 2847
5286 4483 3665
3602 2991 8571
1035 2746 5976
1660 2385 3912
1068 3647 5165
1612 3439 670
1657 1381 2455
6127 6750 5901
5470 5111 5301
1531 4890 9351
712 2478 7908
6235 2128 7055
646 4603 4761
4244 124 5851
2335 1192 5029
1776 4625 3134
4589 4428 4303
3408 5705 5766
2526 4735 99
1316 5927 7664
6296 180 392
2234 3226 8683
5842 6296 5556
6568 3188 8505
3599 6207 4396
5924 3706 587
2099 52 8964
4334 4190 82
2180 5238 6377
4052 4406 9801
2521 5816 9280
6212 3448 41
4133 5936 8371
1413 5911 5256
5511 2302 3952
5096 1592 3535
4283 3522 2277
1226 4157 6407
4255 839 5788
245 3049 3929
1918 3178 2109
3627 966 3695
3813 5918 984
4455 4154 3221
6406 3199 9545
763 981 2364
237 2558 6354
2971 1324 200
1218 1161 8129
4479 3701 2804
589 4065 7863
2632 3988 4872
2456 1094 7839
2825 635 9771
1523 4812 3376
6233 2232 8586
5767 4304 6709
1417 5871 2339
6191 1203 5019
2506 5772 3085
5693 6345 2140
108 5942 4298
3709 4590 3125
4768 3673 6862
1743 5608 5905
6074 1038 3429
6105 436 397
4522 294 8182
623 781 6187
2272 3067 2536
5709 2884 2110
3906 4004 8295
779 2000 6230
3038 5019 3093
4127 448 7867
400 5910 2126
1816 5853 1808
580 2031 572
3324 3673 2325
3372 1185 9936
1260 6299 3375
5731 4747 6540
2571 2670 4807
26 2097 7565
66 6637 6310
6147 5684 4535
238 4075 6150
1822 4509 3018
1271 6399 6873
2540 1021 1168
3320 3757 2455
2831 6265 5364
881 330 5466
1813 4841 5579
2891 5872 8578
190 1136 7722
6705 3249 5359
4360 6266 8974
4565 2174 5903
5287 3797 1545
6215 3058 1509
1259 765 4365
6413 6647 6191
6723 2338 4090
3608 5953 3809
5585 270 409
1925 491 6215
2381 543 5617
4933 104 980
5422 2935 8540
5518 1234 5552
5425 339 707
3440 122 1431
5604 1856 6711
6463 2646 8271
6499 3847 7740
4752 5005 1245
3922 2112 4421
2619 3234 7109
5847 4512 4469
2335 4094 1940
74 683 9563
6341 6503 6185
5282 6050 3757
1956 1557 1494
3447 8 4762
2525 1042 1479
8 1630 6852
4388 6445 87
6681 2371 3733
280 185 4749
1286 5896 7947
211 6297 8097
2975 242 7291
2388 2154 2036
6068 1312 1906
2580 4396 7700
4069 6156 8250
5399 1911 7522
4294 4818 8679
1616 1718 3141
347 558 9425
2245 5062 9385
3848 1139 4571
1069 2311 2487
6376 2891 4008
3761 6107 8662
6595 5188 83
4241 4342 8428
361 3934 5771
5930 1727 4552
5340 5925 6719
2927 4275 5333
1032 3084 7088
5853 3385 6828
5298 6122 6826
2772 4902 1849
3436 5452 8306
842 3765 30
5922 2178 1935
3489 3018 2038
73 4247 4778
1486 5045 9881
3991 4859 6487
5080 527 8420
5376 3034 8268
4589 3027 8392
3113 4597 6119
3750 4747 2869
4690 465 2265
1541 4917 1150
3185 6225 6010
4924 2425 8041
3075 1741 6886
5990 3076 6932
2307 462 528
6314 5633 893
2804 2110 1946
84 4923 610
127 4553 5672
5299 6394 7716
4346 1084 1513
2030 6745 2391
5177 579 9400
945 1176 8600
5960 6029 9218
2272 2820 2578
1071 273 448
779 6115 3875
4988 6637 2607
1721 2074 8734
4759 1087 2264
4307 4181 3736
514 6104 4966
6068 4078 8750
3969 449 2155
2259 4915 9585
4095 5040 3493
2532 6000 4626
5440 2167 2454
4084 132 5757
3073 3979 2127
2043 2103 4815
1612 3625 3798
2558 362 9012
6504 5073 8098
5672 4328 677
4487 5542 9905
6456 570 43
2670 1467 1286
4858 6514 5576
1595 5175 4110
1677 2643 2799
3144 4429 7966
4323 685 3510
1634 466 1398
5128 4876 3535
5467 2829 6087
6243 4640 8198
5078 3436 7409
2962 1011 8693
1400 2032 3283
1834 6703 9673
3619 4355 8780
4605 4108 4601
3846 6219 4774
3008 5881 7286
1072 182 4185
6666 61 8267
50 3932 1911
3272 1105 2990
2622 207 4023
1342 5060 4037
1521 4694 7804
4344 5330 4172
2991 2315 3049
1800 2583 5902
2266 2387 4848
3584 1154 9305
3388 6707 5944
6364 4748 2486
4788 4170 4880
6172 1964 54
3132 2966 1636
366 4174 2846
1820 5915 9915
59 3325 9385
4955 3047 2732
6200 510 6001
2761 4028 3934
185 6127 6493
6056 6394 1045
1695 1272 3569
1202 1531 2517
2526 1708 6176
5277 2357 8169
1595 1512 7290
2118 6033 3461
2694 6256 8705
1100 980 5556
5942 2686 5372
2320 4514 1695
4827 572 5931
6717 2101 5760
4951 4828 5850
4589 3179 6454
4100 4553 5160
366 138 1751
2621 2608 7654
5116 2682 4464
6629 6652 4047
2174 3727 139
4779 993 9344
3776 4367 452
3969 4418 8126
4594 585 8541
3151 5907 366
1413 1894 7510
958 1304 7624
1864 1090 2718
5325 1589 1444
3429 3593 4116
1844 3949 114
6434 3778 5012
2433 6047 6632
362 4453 6289
1474 73 9532
3508 2861 3922
3017 3788 9749
2970 1902 4588
5778 3333 5829
4400 6059 1472
1004 194 2634
2632 2522 1759
6330 3874 7232
5 1764 8484
2363 3971 4565
4284 939 8743
1352 2226 6586
1023 6198 2218
5136 1813 3207
3595 4912 632
3668 3122 8708
1643 3922 8902
1865 1719 7435
5888 2597 6833
2588 6405 3794
3339 165 4152
5820 1762 694
6229 200 1417
2499 5461 6869
4228 1731 2137
6407 3725 5533
3033 1640 6982
6028 4954 3500
3366 4798 8516
268 4380 3270
5070 4944 9383
4996 4451 2437
1381 2010 9371
1239 3987 3971
620 2326 4618
1129 4101 842
1783 1397 6604
5445 3399 6376
957 6273 4425
4217 5422 1439
1317 5996 7292
3300 1744 3168
5649 5820 8025
1595 6456 5861
3024 5979 2726
6643 641 5008
3411 3333 4568
1599 99 1627
3178 2784 8795
6011 4249 7752
2145 133 5420
5506 4505 2946
4633 3829 8446
2435 1449 3188
5056 3412 9815
4360 1752 6934
1981 196 8720
5671 6127 3148
1699 3513 6786
6286 2031 3588
3531 2756 6418
1002 103 6168
6675 2475 6024
5281 5589 2140
2707 499 6490
6136 4010 641
3634 2638 2981
4224 5077 3094
536 2116 3369
2018 1141 7406
2577 4668 4532
1648 3987 7012
2609 5694 573
3338 3532 8908
5803 6047 2873
1675 4263 9650
3310 6747 268
4736 3145 7440
3832 6598 1276
2699 2449 9062
5826 4208 1544
6549 5471 3047
1813 5545 2007
5780 4046 6341
1116 4459 2586
4407 582 1821
1047 6343 3274
2805 3835 7658
6545 4047 4969
3059 3883 6411
909 5301 1245
471 4210 7738
3390 6165 2579
1157 2558 7268
5457 1879 9877
6712 4150 9068
6671 4161 4261
790 5049 9209
953 4850 8513
2113 2895 3981
5375 479 6614
1515 3107 9397
5563 1105 992
2006 2282 3538
5672 2235 8304
120 43 3864
4316 1399 3187
3560 2008 4923
688 1022 7656
4278 4919 814
5278 2239 3984
1205 4586 9199
6330 5295 212
4781 3299 5991
4536 6114 1891
2708 255 2798
5076 4736 4163
5699 6492 5164
422 6394 455
2948 4063 9131
5083 2791 7927
788 1651 8051
6747 2245 3220
2337 1483 6857
4776 5319 1670
5478 4075 9448
4800 2596 5924
2100 2160 5930
585 578 8657
1605 6345 789
3095 2165 6262
1329 276 5270
4739 4989 185
4074 4822 3606
3524 1769 5160
4669 2778 4840