670901638
953236662
319220003
602233561
181555980
672163106
530161341
374445414
361909008
760556315
202549555
656196950
34791775
393331680
311997353
727537263
450512701
1303096
812066964
833776068
752349444
876280424
871715385
593525581
54973530
885601223
637759251
48976103
382289612
556568420
152317299
45541945
78058694
542218761
961301218
33715743
313288949
834312413
935719907
362489559
284517405
174052924
543670617
674611043
672163106
370889809
442768707
201450442
524783224
86926936
273036849
754189328
282765433
157774710
79590507
30091574
438951831
628158672
830400388
3310353
240346795
448092484
302087386
340441269
872454464
576356975
139570410
238150987
952176788
866647922
766511210
524783224
516987712
942031988
133970699
622541043
764403428
362489559
241609169
7969242
981438723
989727010
117636648
386562415
752560595
838937612
911446120
530599193
151503946
27601017
361362325
709384768
564831002
759795533
528159328
450512701
274884636
99353685
896154882
567046486