92309 1
184910 1
302313 1
528087 1
316442 1
833688 1
700641 1
367152 1
225478 1
675826 1
39708 1
917378 1
769691 1
800381 1
755368 1
369285 1
988495 1
737866 1
561352 1
173460 1
460476 1
898834 1
92407 1
549239 1
675181 1
706229 1
967336 1
942688 1
158406 1
710191 1
503140 1
748847 1
559640 1
597286 1
544618 1
989994 1
223241 1
836141 1
174504 2
578822 1
687284 1
336848 1
58548 1
285042 1
855288 1
151182 1
999967 1
478152 1
488043 1
632696 1
235636 1
578560 1
555781 1
152616 1
559999 1
638933 1
503508 1
392619 1
129997 1
119021 1
105879 1
847170 1
845919 1
427792 1
916174 1
838800 1
405047 1
532695 1
556172 1
999758 1
95437 1
77371 1
214178 1
664623 1
212024 1
413987 1
449178 1
817674 1
172134 1
333114 1
151499 1
738810 1
933847 1
634728 1
852580 1
174148 1
456829 1
224868 1
227204 1
899074 1
456651 1
762523 1
999725 1
183652 1
417397 1
941875 1
862083 1
908288 1
631636 1
542669 1
29641 1
6952 1
83257 1
61044 1
11570 1
522747 1
514039 1
726099 1
155467 1
44018 1
418619 1
297591 2
300340 1
328495 1
730414 1
573995 1
19367 1
297358 1
894664 1
867043 1
159325 1
942164 1
146954 1
420593 1
204230 1
880025 1
401319 1
120811 1
951404 1
355123 1
423418 1
328048 1
979760 1
150103 1
189649 1
341204 1
361547 1
204229 1
261929 1
496437 1
997351 1
786659 1
545453 1
601496 1
187007 1
791202 1
234493 1
805049 1
171697 1
970593 1
266604 1
722225 1
257629 1
357247 1
276115 1
710451 1
73725 1
221451 1
668903 1
910069 1
389151 1
34427 1
235928 1
550349 1
343495 1
634830 1
658952 1
750765 1
160322 1
485496 1
525807 1
167037 1
179730 1
719562 1
920629 1
342233 1
226464 1
51499 1
999657 1
140098 1
1381 1
862910 1
896072 1
169146 1
826700 1
992825 1
759178 1
999988 1
263637 1
462161 1
484626 1
185364 1
210599 1
487166 1
794678 1
463674 1
627061 1
551322 1
255205 1
521172 1
889732 1
565056 1
743693 1
672967 1
741590 1
440827 1
778666 1
744030 1
773674 1
174695 1
992359 1
270600 1
865082 1
590523 1
627081 1
684457 1
409002 1
963881 1
544328 1
112497 1
444815 1
559281 1
72912 1
55892 2
524578 1
116159 1
965272 1
170536 1
999972 1
116113 1
196889 1
374986 1
331165 1
47938 1
659442 1
410438 1
901323 1
640179 1
306962 1
810916 1
69404 1
819144 1
37572 1
137384 1
370807 1
895886 1
32832 1
12544 1
85276 1
901678 1
317897 1
393912 1
787149 1
636664 1
218730 1
145443 1
414365 1
24847 1
717155 1
553809 1
701282 2
347332 1
786139 1
849540 1
527868 1
189735 1
895716 1
429067 1
286294 1
475757 1
131184 1
119237 1
580480 1
450609 1
933091 1
605797 1
889531 1
543858 1
197298 1
998466 1
357649 1
517366 1
126381 1
993616 1
650931 1
651586 1
729820 1
477702 1
462736 1
81520 1
166312 1
411438 1
987147 1
249423 1
242252 1
263403 1
116492 1
443663 1
461545 1
31374 1
890453 1
588018 1
566234 1
516971 1
775518 1
768590 1
972164 1
245746 1
377047 1
675931 1
932823 1
857557 1
214233 1
763242 1
299258 1
826043 1
852795 1
408437 1
81611 1
527276 1
351754 1
109765 1
410891 1
517680 1
624330 1
976652 1
409495 1
84701 1
325345 1
268521 1
99191 1
447315 1
281164 1
988693 1
107508 1
559337 1
406968 1
432874 1
452218 1
137601 1
826214 1
344353 1
328929 1
870747 2
983685 1
225234 1
868838 1
753281 1
173010 1
290029 1
376638 1
537142 1
519365 1
71732 1
921064 1
280488 1
139143 1
773891 1
938868 1
474319 1
382106 1
300005 1
927557 1
676947 1
925889 1
660068 1
38572 1
627283 1
401066 1
950065 1
729383 1
173846 1
804733 1
849785 1
651581 1
212511 1
911352 1
990582 1
570643 1
365221 1
345938 1
354133 1
790601 1
372418 1
510037 1
238110 1
222402 1
539182 1
771653 1
595285 1
361140 1
286917 1
91533 1
987397 1
451395 1
224819 1
357419 1
294770 1
458916 1
397484 1
883600 1
999686 1
758649 1
562993 1
5606 1
232269 2
714906 1
714206 1
709513 1
359259 1
517451 1
996039 1
999802 1
286492 1
398349 1
620015 1
999482 1
661022 1
544603 1
990832 1
57362 1
653466 1
234874 1
561994 1
532429 1
309949 1
936294 1
486294 1
734160 1
666677 1
690861 1
41052 1
651712 1
856813 1
983404 1
5733 1
319990 1
641115 1
998916 1
525031 1
885867 1
474516 1
295239 1
418800 1
345199 1
497332 1
971858 1
819010 1
718320 1
259425 1
957378 1
622332 1
374592 1
389335 1
388462 1
263175 2
602011 1
409628 1
51038 1
588581 1
1034 1
54166 1
293348 1
583753 1
102768 1
37862 1
483354 1
139212 1
792507 1
892091 1
18245 1
858809 1
658380 1
694577 1
381782 1
636308 2
77398 1
800810 1
477974 1
772562 1
362094 1
477795 1
776610 1
243877 1
250859 1
430737 1
791682 1
340519 1
329732 1
424260 1
246297 1
909874 1
9559 1
711502 1
193233 1
42585 1
983953 1
434059 1
288617 1
655268 1
375575 1
874279 1
360107 1
498004 1
457961 1
124696 1
714835 1
653508 1
346717 1
999681 1
111594 1
361353 1
973348 1
875290 1
255996 1
169261 1
590688 1
839592 1
121620 1
559933 1
345691 1
89795 1
302748 1
891461 1
825613 1
931405 1
144521 1
443611 1
338602 1
424479 1
859645 1
745715 1
106118 1
98070 2
839918 1
414754 1
561546 1
183474 1
800094 1
363452 1
928311 1
813239 1
223143 1
745059 1
861800 1
649226 1
921215 1
820254 1
485692 1
648744 1
389452 1
697275 1
227136 1
580078 1
837041 1
737420 2
805058 1
681419 1
520609 1
612464 1
425329 1
964756 1
188513 1
198655 1
517244 1
291261 1
140206 1
580972 1
597248 2
107134 1
778197 1
383710 1
584916 1
501271 1
260511 1
36707 1
31613 1
994913 1
999489 1
303159 1
494389 1
641194 1
969223 1
633303 1
538491 1
819823 1
392717 1
11850 1
916306 1
15279 1
907867 1
236065 1
876 1
63066 1
338238 1
508748 1
510347 1
986244 1
999478 1
407989 1
153631 1
959253 1
248723 1
54610 1
999482 1
631228 1
612185 1
894642 1
343367 1
599507 1
971857 1
963148 1
37807 2
663695 1
174977 1
513571 1
306096 1
538078 1
921169 1
274552 1
915267 1
172171 1
870696 1
106216 1
682689 1
90957 1
254215 1
937039 1
703947 1
794158 1
371331 1
916920 1
169377 1
671282 1
290352 1
212554 1
154924 1
481162 1
39907 1
592212 1
987352 1
985535 1
429252 1
937949 1
478702 1
371038 1
947186 1
106934 1
841564 1
591043 1
492861 1
711123 1
548066 1
999819 1
138824 1
896394 1
626787 1
269579 1
158443 1
902251 1
999800 1
687678 2
280349 1
191162 1
927989 1
310031 1
817713 1
461246 1
979352 1
493392 1
298811 1
543000 1
641194 1
355154 1
550171 1
981552 1
723616 1
823455 1
194171 1
81349 1
480828 1
12594 1
226179 1
988307 1
569054 1
340510 1
645158 1
94509 1
902747 1
155261 1
314954 1
542034 1
607304 1
991460 1
284082 1
11082 1
931239 1
173849 1
899273 1
980213 1
255736 1
965921 1
6380 1
912011 2
575591 1
480729 1
732334 1
579269 1
156196 1
999586 1
479077 1
312464 1
339508 1
859227 1
503209 1
894877 1
706155 1
993943 1
650400 1
280448 2
684533 1
300084 1
819384 1
508833 1
617440 1
180944 1
436321 1
934303 1
94638 1
224108 1
42698 1
157174 1
564581 1
786848 1
470343 1
706924 1
341236 1
117085 1
675364 1
162718 1
115060 1
167085 1
119460 1
460580 1
225094 1
450945 1
93204 1
370728 1
825597 1
999780 1
971479 1
709997 1
901818 1
662952 1
107934 1
460653 1
23722 1
602970 1
158687 1
23848 1
291657 1
168317 1
327800 1
492670 1
812054 1
340776 1
121417 1
610580 1
403623 1
38589 1
854778 1
751499 1
773319 1
572984 2
986606 1
381585 1
485745 1
418322 1
824650 1
223483 1
622761 1
260404 1
510698 1
203356 1
999706 1
26682 1
253106 1
126260 1
758996 1
75908 1
317630 1
243734 1
553819 1
552766 1
632259 1
609683 1
144262 1
382123 1
369707 1
855596 1
700183 1
572064 1
635873 1
915059 1
616047 1
297444 1
732533 1
132200 1
464546 1
297864 1
100920 1
930924 1
375901 1
995040 1
993677 1
999607 1
660548 1
770804 1
558246 1
253671 1
723202 1
270581 1
604744 1
376623 1
252558 1
805020 1
769203 1
238094 1
539218 1
49493 1
594477 1
829221 1
240298 1
451877 1
577116 1
8701 1
110621 1
84870 1
263186 1
428083 1
871012 1
336251 1
223540 1
413894 1
466358 1
476373 1
968913 1
54320 1
692050 1
891950 1
178457 1
934481 1
328399 1
210284 1
835890 1
423869 1
237937 1
137621 1
900649 1
793123 1
23450 1
578073 1
733571 1
716433 1
432668 1
940010 1
828311 1
294542 1
116002 1
316484 1
720116 1
680844 1
162176 1
978126 1
478557 1
212199 1
712057 1
875279 1
279047 1
979086 1
790824 1
315130 1
427685 1
316720 1
124860 1
450739 1
134050 1
906596 1
440823 1
141888 1
942111 1
717898 1
925565 1
999867 1
465437 1
63592 1
48908 1
28840 1
375534 1
814082 1
749629 1
139070 1
972261 1
295200 1
504084 1
616675 1
440457 1
299987 1
50217 1
972549 1
136584 1
619678 1
527389 1
332192 1
362874 1
717801 1
680366 1
418253 1
989371 1
250195 1
692763 1
551085 1
399864 1
52883 1
817490 1
516791 1
862085 1
342600 1
810734 1
107173 1
189932 1
497695 1
229307 1
975060 1
187984 1
177204 1
367341 1
732481 1
999467 1
346458 1
141118 1
972573 1
531645 1
559741 1
208326 1
354055 1
229550 1
918075 1
664993 1
383570 1
44771 1
183712 1
825685 1
482938 1
624895 1
490594 1
836051 1
81874 1
489381 1
298785 1
198824 1
692787 1
553324 1
862039 1
728280 1
198250 1
97380 1
623442 1
659780 1
999624 1
846489 1
854964 1
955588 1
874047 1
431085 1
237721 1
16678 1
303204 1
956087 1
419318 1
369962 1
702275 1
434545 1
999476 1
905222 1
519187 1
753665 1
632898 1
596480 1
563103 1
808903 1
142336 1
105614 1
220223 1
147179 1
793440 1
389981 1
377176 1
68863 1
649696 1
305019 1
1000000 1
57620 1
960522 1
644083 1
238705 1
440194 1
461106 1
343699 1
875295 1
544478 1
398010 1
771234 1
515148 1
824181 1
403892 1
807794 1
321799 1
240305 1
791277 1
274743 1
845020 1
479271 1
421565 1
306911 2
311344 1
369252 1
152430 1
653155 1
553637 1
820812 1
662234 1
927017 1
723127 1
865068 1
949668 1
723986 1
209293 1
155813 1
314035 1
986248 1
924970 1
489728 1
458334 1
450294 1
523913 1
363509 1
641599 1
208577 1
321443 1
288670 1
182395 1
952209 1
843944 2
644516 1
638677 1
561671 1
536086 1
594160 1
497820 1
96107 1
114647 1
922920 1
43565 1
319107 1
985627 1
313377 1
250861 1
902422 1
180391 1
603895 1
281728 1
138133 1
538504 1
228296 1
227529 1
598902 1
596125 1
999806 1
206027 1
155747 1
151553 1
115267 1
229888 1
228670 1
975047 1
159248 1
278230 1
805891 1
770262 1
357739 1
658851 1
102331 1
488461 1
220358 1
149112 1
532767 1
876817 1
161715 1
503027 2
561919 1
788789 1
237578 1
764908 1
407520 1
959398 1
421314 1
359195 1
308783 1
811933 1
824980 1
700958 1
739298 1
478481 1
536303 1
168899 1
695730 1
808294 1
323993 1
539206 1
990925 1
506147 1
587809 1
999993 1
851034 1
786124 1
257624 1
425956 1
290039 1
180568 1
294259 1
395743 1
200685 1
780374 1
960700 1
55560 1
514066 1
125371 1
136382 1
447993 1
378381 1
293886 1
301776 1
357332 1
467486 1
634320 1
510777 1
529094 1
995366 1
888772 1
766223 1
591863 1
427104 1
783127 1
108518 1
411589 1
691474 1
840395 1
999488 1
893267 1
741482 1
290307 1
296587 1
712568 1
164386 1
466233 1
927398 1
885906 1
244150 1
460717 1
340899 1
41441 1
789110 1
203518 1
879200 1
370921 1
707396 1
164813 1
966685 2
341446 1
933318 1
204913 1
400216 1
639251 1
553697 1
497863 1
553295 1
335785 1
207184 1
888501 1
631209 1
11556 1
147827 1
750054 1
657645 1
683407 1
240649 1
165865 1
173411 1
618627 1
614014 1
498139 1
48825 1
575985 1
129978 1
43080 1
125399 1
316823 1
261011 1
999881 1
930284 1
411403 1
739096 1
604708 1
217144 1
701855 1
838572 1
392927 1
734761 1
724323 1
369664 1
839791 1
131447 1
750049 1
942728 1
472329 1
616797 1
346953 1
583586 1
529350 1
911673 1
434861 1
316234 1
705969 1
756118 1
857794 1
999954 1
803288 1
73398 1
999444 1
865060 1
198210 2
907269 1
119678 1
336185 1
401064 1
367269 1
906259 1
893655 1
924939 1
117854 1
878571 1
999993 1
593688 1
341410 1
653408 1
100291 1
922787 1
67413 1
895868 1
819921 1
939914 1
293219 1
722232 1
408293 1
529657 1
327846 1
859327 1
59285 1
630785 1
677432 1
749775 1
156524 1
999619 1
319181 1
237151 1
186585 1
843132 1
825505 1
460260 1
388122 1
946956 1
683895 1
169496 1
894514 1
6039 1
990140 1
999317 1
788655 1
406869 1
14419 1
847161 1
673855 1
25735 1
441169 1
681336 1
608406 1
966918 1
999827 1
95369 1
520746 1
445980 1
688125 1
399377 1
999613 1
266743 1
30744 1
736868 1
511072 1
999939 1
821896 1
682600 1
163423 1
119678 1
239141 1
103057 1
468703 1
637451 1
897140 1
28162 1
848482 1
999950 1
282039 1
694274 1
593098 1
300243 1
967507 1
194618 1
154556 1
984511 1
469675 1
165406 1
808277 1
333259 1
109862 1
395170 1
205881 1
959116 1
67144 1
366275 2
787227 1
417565 1
261531 1
503983 1
392656 1
451718 1
144210 1
187838 1
999996 1
768843 1
26814 2
261392 1
444832 1
357108 1
869317 1
561226 1
584589 1
466714 1
858580 1
185434 1
562578 1
145332 1
423743 1
813316 1
394559 1
588834 1
468257 1
999960 1
557206 1
146995 1
95201 1
822279 1
11935 1
42039 1
710231 1
999964 1
923964 1
256728 1
885398 1
515226 1
57976 1
168719 1
590288 1
206191 1
911339 1
529275 1
796550 1
969904 1
590432 1
383059 1
52215 1
151521 1
975726 1
395253 1
957647 1
3420 1
356802 1
688728 1
920347 1
89493 1
997362 1
150923 1
371340 1
999916 1
389210 1
918712 1
462659 1
486657 1
601288 1
239380 1
422902 1
77662 1
77310 1
879247 1
726416 1
227306 1
776977 1
53463 1
993671 1
426622 1
913507 1
616160 1
278120 1
983295 1
50258 1
999427 1
398136 1
38017 1
393416 1
256500 1
172944 1
899174 1
999716 1
93055 1
550575 1
621332 1
446954 1
983684 1
999697 1
607048 1
108758 1
549827 1
549323 1
952449 1
65018 1
198769 1
920613 1
418210 1
347786 1
995164 1
999489 1
583559 1
627577 1
209371 1
335497 1
394625 1
501154 1
45430 1
499061 1
903818 1
78235 1
498124 1
706559 1
568138 1
423798 1
69942 1
353190 1
196347 1
900516 1
477498 1
575554 1
751854 1
805355 1
662092 1
808307 1
519570 1
78630 1
999587 1
815155 1
182600 1
995239 1
956502 1
988186 1
617067 1
469783 1
885213 1
301076 1
323644 1
312792 1
585447 1
572969 1
597601 1
207895 1
752130 1
682237 1
620635 1
217523 1
459244 1
578776 1
373702 1
383264 1
821795 1
45323 1
63368 1
310626 1
995788 1
663055 1
19475 1
892007 1
246447 1
593568 1
488305 1
569755 1
952845 1
501799 1
69657 1
79302 1
805121 1
81445 1
391867 1
80140 1
283048 1
241148 1
560237 1
132135 1
322277 1
367207 1
453056 1
67300 1
891350 1
41034 1
60050 1
962233 1
32284 1
608268 1
576697 1
291726 1
368706 1
637015 1
159822 1
414532 1
402095 1
999958 1
990192 1
456333 1
999959 1
791971 1
960577 1
123906 1
944723 1
503663 1
213189 1
872837 1
645863 1
486567 1
593912 1
205973 1
841005 1
690631 1
706244 1
808763 1
516813 1
336485 1
952812 1
33947 1
365851 1
588542 1
297126 1
376836 1
969648 1
528766 1
536426 1
53685 1
433151 1
77804 1
651692 1
327064 1
542461 1
309853 1
45579 1
857037 1
794894 1
701931 1
202576 1
945054 1
193739 1
314531 1
305345 1
678139 1
169564 1
552060 1
820195 1
217153 1
501887 1
483738 1
990217 1
583061 1
365166 1
226932 1
530064 1
472755 1
604657 1
398652 1
360433 1
408586 1
279821 1
305797 1
264964 1
371033 1
538971 1
999437 1
419164 1
132191 1
263097 1
589547 1
802984 1
494898 1
419149 1
84109 1
117779 1
610763 1
522799 1
470738 1
776475 1
519572 1
189504 1
425035 1
345608 1
403576 1
793379 1
551727 1
999588 1
634600 1
6029 2
139280 1
476440 1
243267 1
744654 1
289189 1
738999 1
279707 1
296538 1
361205 1
63226 1
328810 1
347455 1
231591 1
999964 1
333167 1
929896 1
7279 1
706142 1
172121 1
977895 1
652864 1
676066 1
528221 1
698624 1
432747 1
828553 1
301147 1
189221 2
342636 1
182571 1
291692 1
285493 1
353304 1
784021 1
911173 1
404179 1
931056 1
594280 1
555923 1
866487 1
406314 1
312857 1
969486 1
792609 1
787044 1
520581 1
813496 1
610067 1
458460 1
867016 1
999732 1
990430 1
213779 1
81159 1
251336 1
496812 1
555154 1
736165 1
13375 1
336461 1
184597 1
578306 1
165268 1
230506 1
83681 1
191794 1
158627 1
999996 1
451987 1
344202 1
999884 1
60143 1
107536 1
23610 1
668779 1
997466 1
84352 1
196941 1
385897 1
411134 1
202784 1
984278 1
721830 1
628597 1
734140 1
383059 1
562349 1
603797 1
133132 1
340765 1
446025 1
644476 1
668699 1
921776 1
207654 1
478882 1
967542 1
946880 1
184273 1
762551 1
104408 1
507608 1
588045 1
626463 1
171599 1
108221 1
125358 1
724965 1
46743 1
901535 1
730043 1
835035 1
908413 1
184677 1
456230 1
429864 1
769108 1
786838 1
982344 1
208610 1
449125 1
662178 1
78477 1
942630 1
519329 1
151899 1
288335 1
499500 1
430389 1
714225 1
613440 1
999960 1
960739 1
999482 1
739970 1
11217 1
333984 1
80467 1
438915 1
761755 1
678165 1
965782 1
300382 1
768865 1
939537 1
316796 1
284525 1
885667 1
388035 1
104141 1
347979 1
51335 1
884059 1
397278 1
689500 1
997461 1
993177 1
593933 1
999935 1
944353 2
387017 1
163071 1
209359 1
704223 1
331629 1
194837 1
866282 1
706001 1
382096 1
310185 1
29078 1
894197 1
178074 1
894570 1
542770 1
52895 1
61136 1
625034 1
983720 1
702894 1
806789 1
535626 1
652400 1
636785 1
704543 1
802237 1
58177 1
363655 1
517153 1
999613 1
728358 1
351594 1
446298 1
10220 1
825530 1
455115 1
641203 1
999665 1
500545 1
140291 1
908555 1
326014 1
863697 1
80184 1
287941 1
486503 1
220507 1
797430 1
269671 1
800166 1
175695 1
513701 1
280113 1
137037 1
714383 1
599477 1
322236 1
860630 1
539114 1
641708 1
272193 1
477527 1
206579 1
112274 1
987780 1
999837 1
905908 1
586885 1
490491 1
920018 1
675710 1
228570 1
649094 1
305401 1
368743 1
640009 1
155734 1
988958 1
840974 1
139019 1
812218 1
308763 1
368048 1
907181 1
814481 1
916417 1
801334 1
85403 1
377644 1
541220 1
445678 1
693436 1
47684 1
507345 1
884556 1
653304 1
984736 1
690618 1
19392 1
714955 1
278165 1
457054 1
41360 1
44054 1
301856 1
234287 1
529648 1
999516 1
337994 1
32225 1
197557 1
664002 1
775255 1
937383 1
938127 1
423854 1
540933 1
465657 1
532921 1
865455 1
192619 1
348917 1
387084 1
275307 1
235507 1
223259 1
787680 1
680832 1
960199 1
304445 1
865569 1
472668 1
109748 1
1000000 1
193702 1
488311 1
431749 1
105092 1
380238 1
881676 1
999514 1
414756 1
274509 1
673348 1
130581 1
10318 1
717187 1
189761 1
751034 1
651597 1
10937 1
39430 1
734101 1
90150 1
947238 1
448615 1
954279 1
810547 1
844817 1
110725 1
996802 1
354861 1
71416 1
938480 1
608283 1
675166 1
105117 1
81919 1
485764 1
379494 1
996985 1
662987 1
56864 1
662862 1
999746 1
762829 1
629168 1
45799 1
999985 1
637989 1
606657 1
231672 1
710082 1
335412 1
73514 1
268048 1
547479 1
839149 1
600429 1
350149 1
281813 1
19253 1
357491 1
502554 1
187808 1
166089 1
406695 1
97851 1
263117 1
38038 1
826946 1
823976 1
696377 1
935555 1
56030 1
149825 1
122681 1
206272 1
697187 1
563375 1
999644 1
926116 1
625667 1
786403 1
876980 1
165158 1
635592 1
385317 1
526525 1
452967 1
305678 1
425999 1
449919 1
419433 1
391323 1
715050 1
410691 1
665093 1
553923 1
542774 1
765894 1
75933 1
698765 1
785728 1
784157 1
342422 1
134154 1
719103 1
120466 1
124613 1
998949 1
905198 1
304146 1
420396 1
405160 1
566707 1
626242 1
83428 1
763736 1
237116 1
246070 1
999996 1
45802 1
399469 1
880317 1
96852 1
818291 1
704480 1
456896 1
698305 1
801096 1
900635 1
536911 1
46099 1
919171 1
116802 1
907863 1
504342 1
46371 1
430257 1
507692 1
610802 1
146769 1
9827 1
950569 1
777249 1
691598 1
627157 1
564714 1
353976 1
957647 1
283504 1
698756 1
593751 1
950118 1
999694 1
320803 1
68304 1
933026 1
459918 1
668888 1
89595 1
317790 1
253845 1
255206 1
892818 1
544352 1
979441 1
999996 1
703804 1
988979 1
563647 1
477076 1
794388 1
882504 1
580484 2
752659 1
76869 1
717417 1
590037 1
108873 1
615802 1
64404 1
21529 1
945170 1
905639 1
432347 1
713891 1
338966 1
764822 1
940841 1
433723 1
700583 1
359649 1
968173 1
641017 1
999471 1
171454 1
537454 1
387931 1
513682 1
258239 1
341107 1
18362 1
583403 1
239712 1
394312 1
720507 1
95007 1
211245 1
2270 1
359430 1
134117 1
102712 1
526919 2
722836 1
542610 1
450866 1
340585 1
126698 1
604730 1
292407 1
970439 1
758550 1
999663 1
869550 1
818835 1
434042 1
284470 1
77223 1
201412 1
858415 1
615445 1
156093 1
21205 1
480711 1
334711 1
336167 1
268025 1
151435 1
288869 1
910964 1
382993 1
545731 1
462975 1
38403 1
776187 1
13660 1
886228 1
999781 1
204018 1
766390 1
282005 1
745599 1
917409 1
976466 1
251135 1
259199 1
416231 1
536543 1
69052 1
265302 1
187839 1
308194 1
799158 1
887917 2
770632 1
520766 1
120587 1
96885 1
557609 2
443028 1
542181 1
497317 1
57677 1
773027 1
696819 1
740028 1
999969 1
573193 1
2134 1
492648 1
75503 1
989542 1
681326 1
699503 1
575075 1
836769 1
728252 1
873583 1
885901 1
441828 1
15413 1
244261 1
952288 1
918926 1
829798 1
482451 1
217334 1
858214 1
999939 1
737008 1
119440 1
504594 1
904886 1
999939 1
608933 1
999910 1
359709 1
527792 1
999673 1
421893 1
791960 1
811176 1
916698 2
37442 1
301203 1
11830 1
77456 1
774445 1
422355 1
559287 1
843928 1
663367 1
868499 1
33545 1
305269 1
171709 1
876105 1
437417 1
196208 1
872622 1
149351 1
999732 1
390938 1
513627 1
154223 1
241509 1
329569 1
720909 1
106272 1
255917 1
362652 1
934449 1
407768 1
84339 1
254227 1
80728 1
197844 1
422373 1
116278 1
745048 1
251446 1
648294 1
278120 1
4259 1
697044 1
903011 1
562731 1
376873 1
491640 1
367651 1
2845 1
633832 1
728599 1
332944 1
383842 1
93545 1
231242 1
313189 1
749797 2
980008 1
498972 1
73513 1
984405 1
66789 1
788010 1
561369 1
619094 1
311703 1
399333 1
899459 1
143016 1
123718 1
857935 1
732557 1
755092 1
597693 1
172461 1
552812 1
30791 1
806086 1
43271 1
245640 1
676567 1
94671 1
609336 1
181873 2
127167 1
213794 1
145635 1
995669 1
487444 1
275368 1
286367 1
664990 1
153457 1
454589 1
589472 1
309606 1
811355 1
631744 1
717142 1
722747 1
999883 1
189240 1
367158 1
221979 1
378960 1
872795 1
837143 1
502663 1
999991 1
789587 1
194240 1
416760 1
529768 1
355737 1
176293 1
189386 1
990766 1
625416 1
273583 1
433742 1
239472 1
823862 1
132955 1
642968 1
34665 1
912963 1
967548 1
391616 1
240133 1
635199 1
878776 1
999993 1
379533 1
166069 1
686457 1
754279 1
237866 1
999881 1
726187 1
902032 1
473152 1
875880 1
363183 1
486159 1
339407 1
832545 1
243414 1
552139 1
226410 1
382383 1
87536 1
249258 1
880375 1
353985 1
991251 1
355928 1
389942 1
599382 1
389173 1
211024 1
749461 1
540956 1
572442 1
295405 1
479974 1
909591 1
308670 1
785480 1
986954 1
77931 1
25291 1
695334 1
73474 1
726102 1
498330 1
745715 1
43235 1
822813 1
20001 1
224763 1
681286 1
79137 1
828305 1
942162 1
740330 1
510845 1
321435 1
188976 1
305274 1
993308 1
186780 1
38340 1
772707 1
606340 1
246461 1
440043 1
409300 1
217579 2
717901 1
999685 1
210418 1
957264 1
684589 1
388967 1
612600 1
149995 1
958373 1
789777 1
6931 1
413100 1
705406 1
97132 1
855431 1
379193 1
999488 1
609542 1
210552 1
263800 1
598870 1
119167 1
895196 1
733106 1
999973 1
436479 1
363961 1
875291 1
573338 1
392830 1
339132 1
600912 1
969766 1
983629 1
264142 1
842493 1
79715 1
116533 1
529916 1
489653 1
439855 1
791275 1
120044 1
56014 1
211683 1
183156 1
415279 1
490810 1
468864 1
654310 1
504756 1
311404 1
768299 1
115409 1
262131 1
846394 1
350656 1
413195 1
476653 1
955386 1
85158 1
485402 1
999954 1
491815 1
188386 1
335864 1
934146 1
880295 1
40096 1
361445 1
865558 1
999958 1
254157 1
783369 1
899900 1
300804 1
261605 1
1170 1
473355 1
413347 1
107693 1
975304 1
803962 2
454391 1
883647 1
454662 1
528236 1
571280 1
503690 1
711541 1
341643 1
319976 1
104216 2
669061 1
443265 1
798134 1
678641 1
331528 1
813314 1
246095 1
806413 1
60182 1
209255 1
38964 1
854839 1
998224 1
586586 1
881739 1
115512 1
999486 1
114512 1
418320 1
160555 1
274560 1
577970 1
680480 1
375974 1
545411 1
791046 1
663803 1
858250 1
102970 1
375507 1
535415 1
561970 1
433433 1
986526 1
74583 1
924795 1
757688 1
492455 1
476030 1
903457 1
813972 1
519793 1
436447 1
910306 1
420440 1
692936 1
929770 1
327237 1
429452 1
234600 1
10311 1
541772 1
307616 1
371565 1
589211 1
11365 1
887606 1
413873 1
471385 1
752627 1
168529 1
848243 1
422180 1
800508 1
53800 1
129584 1
994420 1
190738 1
97592 1
614950 1
84375 1
355274 1
151312 1
761062 1
907140 1
466849 1
228224 1
330914 1
402919 1
796814 1
727431 1
56969 1
969447 1
360934 1
29717 1
29295 1
754286 1
392056 1
944977 1
241925 1
219474 1
636050 1
349785 1
803232 1
999901 1
999750 1
436596 1
107970 1
736204 1
557013 1
745532 1
68811 1
33025 1
825439 1
217593 1
290793 1
237582 1
782244 1
757615 1
858941 1
392575 1
248158 1
427725 1
296873 1
348392 1
214998 1
854748 1
942052 1
623664 1
864855 1
705655 1
755935 1
725517 1
40557 1
137253 1
347084 1
835306 1
353961 1
537343 1
927926 1
146966 1
314768 1
826634 1
681419 1
335533 1
938165 1
548123 1
210556 1
533593 1
56409 1
319837 1
373943 1
624219 1
603713 1
35216 2
129193 1
112479 1
196327 1
520721 1
736095 1
401030 1
488809 2
533944 1
597063 1
400414 1
92506 1
612630 1
761771 1
149532 1
272811 1
567290 1
913181 1
999441 1
58469 1
699582 1
307587 1
222067 1
928329 1
983697 1
958617 1
931969 1
562047 1
880762 1
365814 1
83893 1
723206 1
188285 1
984985 1
663883 1
583930 1
510646 1
537497 1
289407 1
684940 1
139092 1
416928 1
105055 1
621930 1
625502 1
61012 1
616264 1
904831 1
987934 1
407569 1
225034 1
289893 1
815485 1
720065 1
304105 1
657217 1
290433 1
135828 1
774544 1
996172 1
618133 1
872674 1
100700 1
786112 1
983696 1
784544 1
183611 1
999514 1
9922 1
404390 1
615586 1
596712 1
587345 1
999581 1
544193 1
140379 1
653298 1
477416 1
178065 1
565811 1
192613 1
601872 1
528334 1
513129 1
856504 1
377939 1
793184 1
27385 1
182578 1
723376 1
413219 1
895411 1
81133 1
499921 1
730458 1
998344 1
999699 1
93386 1
163060 1
169005 1
218223 1
404664 1
887298 1
835583 1
959584 1
891046 1
61596 2
627769 1
295234 1
633090 1
220120 1
361225 1
13880 1
468654 1
471139 1
728495 1
197701 1
432161 1
102990 1
12793 1
251539 1
104246 1
603051 1
999481 1
644818 1
999647 1
131763 1
999264 1
222548 1
70844 1
158963 1
337864 1
239129 1
722945 1
8973 1
246353 1
753606 1
695754 1
210414 1
376285 1
999967 1
746209 1
983764 1
655543 1
384426 1
494163 1
161480 1
346881 1
894913 1
594631 2
500386 1
851673 1
703104 1
733927 1
909849 1
365563 1
354927 1
973773 1
881239 1
582414 1
82724 1
722922 1
300722 1
948606 1
549047 1
395119 1
393072 2
11467 2
999651 1
960547 1
990282 1
664740 1
714388 1
738832 1
463945 1
257184 1
551059 1
173136 1
125674 1
86571 1
348016 1
256741 1
493360 1
311186 1
529654 1
278433 1
39533 1
630313 1
155695 1
301352 1
974287 1
796422 1
449384 1
806927 1
886650 1
733047 1
176669 1
489647 1
999657 1
920185 1
999936 1
786901 1
967214 1
748330 1
461757 1
313965 1
782304 1
571442 1
344227 1
537440 1
899812 1
675423 1
796490 2
898177 1
465453 1
5788 1
388723 1
560688 1
37128 1
700290 1
104508 1
241353 1
865426 1
167677 1
458110 1
24067 1
735817 1
290976 1
296717 1
889053 1
250937 1
198895 1
739436 1
456793 1
767132 1
2929 1
130096 1
995614 1
987059 1
849084 1
225706 1
478750 1
133306 1
975497 1
365766 1
30256 1
808475 1
916611 1
944520 1
280023 1
847103 1
725101 1
534209 1
784021 1
449353 1
767897 1
711936 1
494011 1
582838 1
815039 1
459114 1
999948 1
451392 1
530739 1
890439 1
602515 1
458023 1
985135 1
601770 1
935394 1
235645 1
989678 1
243705 1
988939 1
54135 1
889263 1
807723 1
356735 1
323267 1
121079 1
373112 1
343783 1
416274 1
655032 1
309905 1
555418 1
293415 1
220851 1
999520 1
925009 1
759196 1
112082 1
429414 1
312716 1
296410 1
84469 1
305231 1
674300 1
56576 1
242835 1
556246 1
44109 1
568563 1
324162 1
405258 1
691490 1
531856 1
93758 1
298788 1
332711 1
148257 1
473415 1
332693 1
738784 1
118326 1
349411 1
419014 1
346775 1
236297 1
77608 1
425469 1
722028 1
524049 1
287084 1
943977 1
999849 1
617212 1
982591 1
184359 1
918602 1
240713 1
33879 1
237093 1
118856 1
999954 1
456658 1
999610 1
38409 1
66705 1
911233 1
344515 1
994321 1
61039 1
175249 1
104853 1
460026 1
999619 1
763992 1
354258 1
629422 1
138653 1
82840 1
204990 1
710309 1
394481 1
191166 1
114343 1
976994 1
57473 1
586940 1
214788 1
696053 1
340731 1
470638 1
781813 1
927916 1
477690 1
582902 1
874420 1
855217 1
323310 1
228661 1
966407 1
231025 1
747421 1
160386 1
301886 1
758012 1
208460 1
45353 1
390119 1
491551 1
162364 1
378544 1
183487 1
136003 1
789151 1
629362 1
836313 1
432195 1
869562 1
851799 1
107692 1
893739 1
565963 1
246583 1
556952 1
559747 1
468108 1
279065 1
544737 1
142899 1
906511 1
458748 1
31954 1
203105 1
508363 1
954368 1
683483 1
256135 1
59400 1
847384 1
6185 1
854487 1
793312 1
696270 1
508369 1
487629 1
114931 1
72047 1
301552 1
984014 1
934655 1
338417 1
926147 1
886435 1
946147 2
633368 1
251994 1
956894 1
565223 1
150166 1
627588 1
95423 1
471871 1
169162 1
509183 1
401297 1
149479 1
857551 1
130783 1
540368 1
301892 1
17177 1
652956 1
493084 1
645252 1
378157 1
398167 1
22593 1
162347 1
501386 1
268673 1
59171 1
730602 1
974510 1
785458 1
16473 1
627117 1
110056 1
333703 1
562365 1
884746 1
739600 1
48572 1
729830 1
452552 1
667779 1
189513 1
356742 1
207821 1
307775 1
161370 1
700371 1
59573 1
974188 1
684025 1
865919 1
898648 1
693614 1
647882 1
786690 1
263305 1
97036 1
70740 1
238422 1
823534 1
689502 1
590647 1
706692 1
885142 1
854327 1
316509 1
674557 1
96230 1
480455 1
391869 1
268005 1
921367 1
237209 1
61387 1
779534 1
665873 1
310176 1
651718 1
222152 1
612881 1
794282 1
40419 1
226069 1
812651 1
977525 1
49838 1
222744 1
999882 1
420049 1
568548 1
28069 1
250277 1
188543 1
619876 1
323986 1
912094 1
978872 1
285988 1
999544 1
130761 1
41461 1
902084 1
118191 1
852984 1
174215 1
667279 1
629152 1
693563 1
993210 1
224860 1
101014 1
316843 1
609698 1
23580 1
626101 1
643334 1
689133 1
117534 1
211943 1
736414 1
756069 1
298128 1
647768 1
351932 1
135864 1
407460 1
981021 1
474830 1
20977 1
740800 1
608982 1
56552 1
316313 1
999900 1
885804 1
800798 1
674686 1
956728 1
76677 1
26545 1
141458 1
999782 1
408779 1
798012 1
870898 1
757672 1
519048 1
993803 1
30673 1
361472 1
694792 1
274041 1
439965 1
889846 1
233684 1
673814 1
759786 1
117026 1
704717 1
984139 1
439965 1
159619 1
533232 1
999885 1
445837 1
459023 1
84496 1
293653 1
505600 1
949693 1
904084 1
463467 1
828751 1
44740 1
437625 1
673185 1
324892 1
999959 1
949960 1
855478 1
266007 2
572121 1
62177 1
685809 1
529381 1
92716 1
741880 1
555118 1
3240 1
731372 1
958869 1
998379 1
819240 1
247678 1
579964 1
228570 1
665266 1
645494 1
540938 1
399674 1
74486 1
895423 1
634985 1
253232 1
680311 1
500305 1
234429 1
773873 1
365349 1
876573 1
542826 1
783791 1
298562 1
408882 1
874097 1
904308 1
925810 1
400633 1
809182 1
781366 1
318485 1
100040 1
561671 1
269941 1
277021 1
359466 1
45068 1
255040 1
920332 1
998016 1
837022 1
880001 1
926233 1
730748 1
366337 1
801984 1
887828 1
108164 1
457727 2
992058 1
252387 1
787092 1
763758 1
952386 1
80301 1
413089 1
336551 1
724433 1
495582 1
28726 1
510476 1
800000 1
992821 1
11660 1
347445 1
974052 1
29845 1
637497 1
116656 1
91972 1
359033 1
878360 1
811729 1
27190 1
712683 1
648185 1
629400 1
237076 1
516892 1
240767 1
530977 1
755841 1
477785 1
102608 1
999991 1
161038 1
162367 1
123577 1
941804 1
22004 1
231506 1
205356 1
103974 1
112064 1
523234 1
725856 1
234211 1
22403 1
156588 1
596408 1
996243 1
266224 1
138281 1
651727 1
31841 1
39202 1
189558 1
398973 1
882484 1
238917 1
909294 1
154457 1
719094 1
650056 1
355330 1
6384 1
101051 1
139924 1
664471 1
308628 1
372046 1
64542 1
992194 1
990011 1
159377 1
214270 1
433855 1
626374 1
995012 1
143096 1
447438 1
140226 1
957887 1
458157 1
479767 1
252561 1
753313 2
41821 1
306102 1
525529 1
825329 1
658392 1
764216 1
751285 1
656186 1
722116 1
207776 1
770948 1
573770 1
18585 1
362187 1
843138 1
896763 1
336598 1
397431 1
5517 1
864163 1
906356 1
499008 1
987264 1
315658 2
520601 1
905965 1
969689 1
8617 1
81854 1
193067 1
397164 1
935812 1
772863 1
484277 1
451233 1
965109 1
279494 1
508918 1
703323 1
254223 1
137004 1
216358 1
852470 1
749927 1
134083 1
133076 1
736033 1
765220 1
534180 1
290900 1
535420 1
321229 1
172935 1
146699 1
313800 1
495941 1
188245 1
417222 1
260455 1
530273 1
618702 1
442844 1
482153 1
680914 1
931837 1
564225 1
701901 1
353603 1
355505 1
228454 1
8743 1
900703 1
37746 1
984459 1
155112 1
466812 1
989925 1
508137 1
997636 1
978223 1
949693 1
45507 1
993032 1
815374 1
558236 1
558902 1
807269 1
482465 1
999613 1
213381 1
767117 1
318261 1
906184 1
424292 1
631854 1
258377 1
589303 1
329581 1
540386 1
508842 1
274012 1
602223 1
301828 1
615031 1
392582 1
791187 1
310277 1
251029 1
218619 1
18415 1
29289 1
411201 1
129045 1
509101 1
729242 1
188559 1
427112 1
741444 1
621671 1
177283 1
375418 1
994981 1
951867 1
49078 1
999537 1
989347 1
954572 1
266290 1
519026 1
321834 1
310283 1
471800 1
805943 1
167428 1
211407 1
999619 1
187613 1
506994 1
935049 1
842692 1
203701 1
469597 1
650773 1
940616 1
441437 1
213674 1
526671 1
857397 1
55915 1
82346 1
277147 1
861660 1
487008 1
922310 1
372794 1
322077 1
315115 1
979174 1
311097 1
643112 1
941006 1
364548 1
785310 1
491098 1
727867 1
759814 1
835125 1
440780 1
496993 1
999815 1
999462 1
22628 1
464290 1
29810 1
17489 1
411869 1
333758 1
944357 1
663926 1
463998 1
172754 1
359839 1
663379 1
496267 1
329319 1
741876 1
739321 1
805897 1
999960 1
601834 1
469138 1
846662 1
272155 1
9914 1
934784 1
777702 1
722253 1
431145 1
646921 1
988504 1
719040 1
153268 1
385853 1
340683 1
431077 1
723038 1
312166 1
476209 1
392367 1
722862 1
184495 1
999944 1
299517 1
834671 1
169977 1
337382 1
580347 1
319269 1
986418 1
893325 1
639840 1
32138 1
658247 1
358289 1
56546 1
125036 1
379473 1
596007 1
484635 1
617924 1
666565 1
987507 1
230331 1
48118 1
964904 1
353952 1
228070 1
95539 1
82853 1
637321 1
253299 1
976227 1
263360 1
999475 1
35946 1
805080 1
646451 1
313202 1
643990 1
161156 1
403313 1
714713 1
178992 1
274800 1
53968 1
991311 1
237376 1
13055 1
224436 1
654108 1
20484 1
362351 1
435017 1
626650 1
247194 2
242438 1
275571 1
847348 1
483866 1
685138 1
478670 1
477556 1
265634 1
478464 1
941612 1
849038 1
451400 1
999936 1
580765 1
299303 1
441794 1
105255 1
75452 1
580938 1
557079 1
587891 1
653739 1
549103 1
148518 1
565318 1
362435 1
934591 1
594329 1
228723 1
1000000 1
999767 1
89130 1
202347 1
666040 1
708464 1
252232 1
617413 1
688549 1
906499 1
574332 1
753917 1
485803 1
15352 1
458368 1
153539 1
830580 1
999964 1
144071 1
987587 1
999482 1
147753 1
456829 1
502409 1
639261 1
13784 1
701337 1
164016 1
926597 1
586182 1
808957 1
5973 1
996824 1
275384 1
15065 1
562829 1
894205 1
173612 1
501971 1
97208 1
204560 1
414314 1
824495 1
999993 1
797708 1
423459 1
725791 1
974647 1
250357 1
271974 1
822814 1
160417 1
852605 1
608374 1
444141 1
267223 1
401401 1
339488 1
869501 1
777941 1
654553 1
686320 1
420479 1
176350 1
108377 1
902558 1
586161 1
373590 1
323792 1
811762 1
739639 1
988067 1
999936 1
951404 1
373045 1
336219 1
104399 1
68809 1
474348 1
921238 1
527987 1
997941 1
379163 1
442716 1
218145 1
332280 1
777697 1
136083 1
879439 1
117829 1
866887 1
438231 1
993240 1
672005 1
314077 1
617934 1
365439 1
433249 1
250611 1
247838 1
831192 1
20991 1
212179 1
825841 1
895351 1
469056 1
914493 1
965984 1
116416 1
289953 1
327517 1
566103 1
250086 1
300631 1
943871 1
999996 1
987412 1
628546 1
140587 1
1302 1
927343 1
583690 1
6054 1
999767 1
435619 1
966595 1
826469 1
409315 1
202938 1
203738 1
918279 1
978550 1
613429 1
904998 1
326121 1
822664 1
367788 1
310634 1
983807 1
475902 1
645475 1
17862 1
980438 1
226165 1
442443 1
282610 1
661051 1
710724 1
366722 1
113231 1
727932 1
11449 1
884327 1
983563 1
110122 1
825111 1
472137 1
297935 2
999657 1
29052 1
780858 1
200407 1
819012 1
283704 1
894435 1
881429 1
102695 1
846566 1
43423 1
152880 1
857448 1
683345 1
101865 1
577087 1
693258 1
855052 1
456012 1
857561 1
44050 1
999662 1
413812 2
123007 1
562848 1
203306 1
663451 1
34603 1
256920 1
793867 1
371474 1
656104 1
13485 1
202414 1
986501 1
160021 1
438297 1
999568 1
2035 1
123491 1
358110 1
463827 1
642759 1
305957 1
521099 1
188137 1
524725 1
853063 1
901184 1
417779 1
812520 1
404676 1
582101 1
504164 1
398605 1
276382 1
475594 1
618419 1
956360 1
164944 1
991146 1
341495 1
943024 1
999877 1
779486 1
566779 1
440091 1
367468 1
340505 1
89644 1
584171 1
163193 1
384751 1
695077 1
284086 1
9452 1
176764 1
830531 1
222381 1
413549 1
254489 1
718976 1
372758 1
908918 1
641772 1
352030 1
70317 1
276358 1
874294 1
999957 1
166189 1
212592 1
194705 1
257181 1
675556 1
717806 1
686063 1
425981 1
998275 1
44609 1
82309 1
436585 1
812724 1
761265 1
551011 1
704343 1
130198 1
155988 1
827407 1
758732 1
479341 1
51280 1
652961 1
399238 1
12848 1
921115 1
161779 1
483605 1
76613 1
689931 1
43325 1
604862 1
202366 1
370471 1
440792 1
19840 1
221909 1
720703 1
491143 1
795843 1
361927 1
643366 1
136003 1
143301 1
749775 1
999665 1
869812 1
166908 1
13862 1
548935 1
491013 1
839125 1
202950 1
82206 1
151274 1
849378 1
704456 1
37527 1
358855 1
656609 1
861854 1
975905 1
954600 1
819329 1
871732 1
873664 1
870647 1
196772 1
328134 1
11896 1
445615 1
608809 1
893932 1
315210 1
101907 1
273789 1
963037 1
280524 1
499782 1
890013 1
551934 1
346077 1
794854 1
941852 1
48796 1
144412 1
72397 1
75452 1
782435 1
237341 1
670122 1
843971 1
430265 1
282192 1
690221 1
727314 1
40477 1
90947 1
842107 1
770404 1
486653 1
759356 1
841567 1
187882 1
243850 1
839815 1
628870 1
219658 1
245127 1
119909 1
110678 1
927003 1
365044 1
139605 1
198387 1
130526 1
525888 1
746049 1
990243 1
997994 1
408198 1
267409 1
594323 1
777535 1
457767 1
802286 1
37624 1
564262 1
154709 1
48103 1
985972 1
104454 1
611109 1
257303 1
528737 1
324015 1
999746 1
970856 1
598406 1
989202 1
43990 1
424492 1
500116 1
358629 1
352668 1
901118 1
933685 1
483420 1
999514 1
926523 1
556111 1
101260 1
708635 1
519493 1
198277 1
544896 1
147313 1
485016 1
684067 1
453838 1
342094 1
381047 1
159705 1
43447 1
462600 1
826792 1
827269 1
141550 1
102310 1
932421 1
275239 1
51385 1
837133 1
181253 1
541699 1
417119 1
439617 1
16051 1
171400 1
832655 1
92259 1
930380 1
394791 1
995734 1
526853 1
574569 1
501288 1
149718 1
172036 1
794562 1
233055 1
654168 1
576353 1
444259 1
806585 1
795759 1
460718 1
403842 1
981512 1
114504 1
494790 1
46261 1
125428 1
500614 1
672731 1
80231 1
795988 1
389449 1
421012 1
556074 1
16335 1
564258 1
344119 1
968766 1
24277 1
462924 1
765986 1
712083 1
297045 1
997150 1
142281 1
809037 1
560422 1
593244 1
999724 1
398971 1
24966 1
433944 1
502794 1
119991 1
429824 1
162710 1
479140 1
679418 1
996991 1
999644 1
407082 1
675061 1
998969 1
556171 1
259661 1
520872 1
310417 1
677796 1
255340 1
404876 1
218435 1
56237 1
900716 1
635111 1
319885 1
284177 1
434023 1
878920 1
125420 1
424902 1
597805 1
316150 1
104603 1
999973 1
879506 1
876939 1
709408 1
842877 1
700234 1
846060 1
840688 1
632074 1
471234 1
985596 1
297872 1
698304 1
51064 1
8390 1
749014 1
328517 1
382774 1
520524 1
999459 2
760477 1
348525 1
430548 1
398703 1
501139 1
71767 1
403892 1
812121 1
441452 1
530861 1
202075 1
989477 1
739522 1
281091 1
933146 1
297572 1
378104 1
536509 1
201555 1
628467 1
453485 1
752468 1
672308 1
567002 1
988030 1
500432 1
92748 1
699803 1
670204 1
236008 1
960122 1
132011 1
684523 1
897581 1
581581 1
162134 1
21472 1
295034 1
372339 1
506228 1
628829 1
475724 1
904620 1
584945 1
765199 1
715352 1
316078 1
973928 1
325739 1
96450 1
927511 1
332808 1
401252 1
526033 1
97144 1
326661 1
236222 1
461592 1
819225 1
61290 1
325474 1
505812 1
465301 1
55455 1
417657 1
877481 1
679931 1
521148 1
653588 1
815835 2
983046 1
86775 1
153752 1
315157 1
564971 1
532419 1
309701 1
866532 1
999863 1
121222 1
165755 1
511609 1
526515 1
289586 1
589283 1
166075 1
525763 1
884325 1
490337 1
985728 1
162797 1
475055 1
564170 1
999950 1
444146 1
647303 1
999944 1
96973 1
279158 1
348091 1
196535 1
215204 1
848746 1
710257 1
447736 1
158067 1
25186 1
999936 1
375686 1
287418 1
929231 1
107931 1
22273 1
203344 1
636538 1
675822 1
328217 1
528130 1
647412 1
949792 1
910214 1
59009 1
126291 1
683757 1
722674 1
736747 1
828317 1
91255 1
377830 1
3647 1
999960 1
146918 1
797178 1
250955 1
762581 1
819902 1
214516 1
568328 1
665898 1
126705 1
23708 1
557135 2
541699 1
309901 1
653447 1
54678 1
172893 1
859703 1
591495 1
825285 1
563779 1
513446 1
893171 1
647615 1
415456 1
104816 1
799355 1
999939 1
128987 1
326497 1
54679 1
119651 1
241158 1
565071 1
532929 1
665447 1
590196 1
850756 1
279956 1
452767 1
457417 1
692617 1
608936 1
893635 1
657918 1
265775 1
833296 1
829253 1
242672 1
381892 1
678353 1
395459 1
999782 1
478761 1
669504 1
844527 1
244980 1
396626 1
726166 1
136798 1
343882 1
534672 1
933907 1
369073 1
515887 1
436827 1
268341 1
795617 1
592073 1
476098 1
67938 1
999882 1
119573 1
657115 1
57452 1
472693 1
381711 1
999856 1
229751 1
708764 1
5178 1
293849 1
402669 1
993693 1
634630 1
999517 1
305674 1
519415 1
706986 1
313569 1
183675 1
461026 1
215725 1
614243 1
401352 1
278287 1
785816 1
725967 1
617831 1
316067 1
155261 1
511880 1
932295 1
588389 1
79221 1
242571 1
222538 1
585798 1
489646 1
963876 1
999562 1
307172 1
952693 1
227623 1
990649 1
815150 1
933031 1
513493 1
601851 1
903502 1
172217 1
821328 1
802835 1
864588 1
337985 1
528264 1
701291 2
642398 1
943046 1
110083 1
656668 1
176948 1
291170 1
348286 1
122129 1
762837 1
613361 1
132838 1
90870 1
240655 1
864118 1
553749 1
824492 1
155793 1
536637 1
921067 1
536658 1
135390 1
376362 1
677479 1
292105 1
885183 1
514975 1
304798 1
605791 1
301002 1
899841 1
320020 1
999608 1
492174 1
366958 1
352847 1
399332 1
152416 1
705403 1
342760 1
868419 1
21379 1
819586 1
230089 1
973174 1
758385 1
661493 1
738389 1
710906 1
597685 1
20604 1
631198 1
94534 1
11862 1
465678 1
871507 1
66319 1
664314 1
796555 1
367106 1
999957 1
260450 1
978254 1
913567 1
258528 1
950725 1
999996 1
350782 1
512760 1
795507 1
71425 1
74351 1
173462 1
393806 1
869202 1
36642 1
800562 1
502600 1
561890 1
146438 1
562252 1
847586 1
83172 1
889342 1
30045 1
677120 1
956982 1
124007 1
560898 1
927633 1
874458 1
260902 1
704276 1
437418 1
744383 2
327657 1
706351 1
493667 1
873523 1
867124 1
203898 1
998775 1
542969 1
45344 1
999490 1
345507 1
558461 1
639509 1
113839 1
990945 1
802944 1
515251 1
995495 1
317512 1
260000 1
949097 1
857307 1
308068 1
174150 1
997497 1
583661 1
714077 1
172009 1
719833 1
707200 1
429531 1
944571 1
892358 1
946046 1
884097 1
558511 1
140269 2
999619 1
833342 1
437314 1
999711 1
85879 1
883799 1
999678 1
377266 1
781579 1
839140 1
931035 1
169365 1
198605 1
411160 1
440338 1
695911 1
699045 1
46476 1
488300 1
964691 1
512059 1
346551 1
405592 1
309832 1
94747 1
91168 1
568293 1
765405 1
943297 1
199635 1
779026 1
254622 2
63130 1
301079 1
238555 1
195534 1
466883 1
787405 1
645192 1
643649 1
363370 1
757338 1
457172 1
392857 1
369815 1
706321 1
408265 1
520156 1
382028 1
59515 1
463410 1
125587 1
29848 1
603837 1
657000 1
914632 1
727371 1
797469 1
949525 1
866131 1
979687 1
69826 1
411247 1
648246 1
184907 1
251194 1
281217 1
387283 1
999639 1
328605 1
988891 1
95184 1
745499 1
447110 1
141107 1
157138 1
458323 1
704801 1
879648 1
51578 1
169902 1
628205 1
677133 1
86294 1
230923 1
141052 1
68560 1
390037 1
303191 1
999973 1
30153 1
312942 1
742054 1
38187 1
534013 1
193603 1
544850 1
441192 1
438482 1
738950 1
378826 1
346777 1
943539 1
492457 1
535313 1
769464 1
821602 1
949698 1
12939 1
913702 1
538136 1
4165 1
395815 1
403162 1
567836 1
224160 1
562039 1
416517 1
587715 1
714947 1
747257 1
464996 1
999985 1
931967 1
864141 1
590688 1
168340 1
547444 1
608998 1
158092 1
74493 1
662549 1
160480 1
278537 1
690495 1
999993 1
295904 1
648984 1
999739 1
116865 1
345731 1
814301 1
505681 1
67379 1
389520 1
761561 1
158890 1
350997 1
747149 1
999925 1
480414 1
605802 1
185789 1
368408 1
365848 1
671104 1
843025 1
346447 1
481966 1
699356 1
835108 1
557545 1
920939 1
905795 1
564105 2
15080 1
104594 1
330607 1
999864 1
713606 1
695570 1
698375 1
562323 1
980773 1
27671 1
522975 1
654800 1
894502 1
663884 1
998386 1
676483 1
288264 1
407532 1
986720 1
451989 1
935160 1
420942 1
87559 1
723616 1
927429 1
413863 1
703973 1
663010 1
374272 1
985089 1
515954 1
558071 1
287816 1
514899 1
85205 1
896763 1
420760 1
882202 1
609523 1
471973 1
29773 1
429084 1
78143 1
173485 1
979027 1
68603 1
398256 1
604689 1
391866 1
467714 1
851800 1
96466 1
199255 1
511092 1
189017 1
871706 1
206520 1
275378 1
588075 1
211888 1
991378 1
535686 1
998289 1
485393 1
996131 1
793530 1
413187 1
812074 1
976506 1
690842 1
365345 1
520130 1
999471 1
466665 1
218036 1
309217 1
489591 1
298414 1
564635 1
559039 1
395273 1
343238 1
490378 1
910406 1
490642 1
738556 1
293359 1
231242 1
757306 1
331922 1
176943 1
999261 1
349060 1
881187 1
630517 1
173117 1
671468 1
278854 1
389540 1
496172 1
644042 1
86179 1
999364 1
751935 1
721273 1
334076 1
960535 1
789494 1
86745 1
405339 1
674387 1
243415 1
999509 1
256901 1
902161 1
68176 1
999554 1
400595 1
269202 1
535953 1
183753 1
210071 1
284796 1
429941 1
30371 1
328005 1
222830 1
890446 1
222695 1
121030 1
902976 1
999969 1
17277 1
374017 1
245587 1
439405 1
501205 1
983966 1
469902 1
663334 1
441301 1
548581 1
2460 1
857710 1
258450 1
161217 1
81469 1
28968 1
832145 1
797253 1
598445 1
508639 1
214292 1
102568 1
128298 1
978108 1
999972 1
201358 1
975438 1
425305 1
206060 1
740124 1
423442 1
460313 1
983589 1
415946 1
491487 1
164646 1
272050 1
293720 1
271247 1
809580 1
382740 1
352034 1
54749 1
454566 1
539887 1
1007 1
168844 1
892340 1
64778 1
976378 1
235126 1
696383 1
409707 1
835458 1
199207 1
865193 1
550813 1
186520 1
240152 1
821228 1
426400 1
123633 1
110461 1
757846 1
776573 1
953688 1
710019 1
712243 1
566858 1
38230 1
503423 1
422762 1
416957 1
992933 1
200224 1
313366 1
368780 1
343589 1
329549 1
355184 1
913111 1
353645 1
509505 1
798286 1
107961 1
104320 1
522842 1
77819 1
352818 1
884172 1
589628 1
681203 1
772201 1
17974 1
889535 1
271895 1
115055 1
107228 1
592511 1
547519 1
429430 1
89366 1
231673 1
514467 1
400928 1
467903 1
732830 1
808033 1
912516 1
115962 1
354207 1
279051 1
973995 1
184866 1
456671 1
716795 1
704064 1
247048 1
999761 1
240425 1
395963 1
354015 1
999593 1
565730 1
767678 1
451926 1
361642 1
265567 1
416409 1
285105 1
957554 1
999833 1
163014 2
503952 1
287879 1
188699 1
459030 1
25356 1
468701 1
49287 1
197761 1
218441 1
999985 1
198997 1
751251 1
678082 1
999566 1
963963 1
793130 1
255206 1
926648 1
490070 2
659280 1
229648 1
638337 1
381351 1
13590 1
187016 1
203329 1
528101 1
56279 1
281127 1
895582 1
959389 1
305549 1
246295 1
269186 1
612772 1
130035 1
520857 1
11363 1
643104 1
999647 1
84857 1
559000 1
144247 1
732466 1
140251 1
852523 1
168495 1
97472 1
964029 1
570940 1
687962 1
660139 1
334958 1
733836 1
129870 1
115830 1
999851 1
22202 1
263610 1
680267 1
262085 1
971269 1
503389 1
61566 1
852165 1
384620 1
387559 1
27207 1
714088 1
530905 1
345674 1
17670 1
163273 1
464232 1
198271 1
14034 1
299399 1
244756 1
63734 1
282419 1
324608 1
710547 1
132963 1
942425 1
248932 1
871725 1
872287 1
223030 1
157499 1
975916 2
525618 1
980883 1
76888 1
197321 1
451551 1
238891 1
815155 1
303929 1
703933 1
861993 1
759971 1
999996 1
541463 1
492574 1
351774 1
942058 1
930489 1
78393 1
324815 1
274343 1
504513 1
164863 1
259152 1
951509 1
396024 1
998586 1
928484 1
58361 1
572029 1
38918 1
983658 1
821601 1
529306 1
788057 1
773510 1
647317 2
347807 1
681457 1
712663 1
38756 1
181279 1
233394 1
817141 1
873810 1
948414 1
985748 1
303291 1
597216 1
506682 1
496073 1
842858 2
432947 1
673511 1
556724 1
419985 1
146482 1
995542 1
821114 1
302710 1
79199 1
83711 1
403429 1
450091 1
130620 1
106068 1
926725 1
59758 1
900913 1
970176 1
512758 1
806458 1
45875 1
654313 1
371374 1
949866 1
72082 1
544997 1
656268 1
742086 1
617946 1
888778 1
742659 1
932866 1
515172 1
548911 1
423501 1
164681 1
366121 1
11332 1
821600 1
636451 1
815237 1
999488 1
99371 1
127563 1
878338 1
184407 1
272516 1
287987 1
110649 1
620349 1
749434 1
570497 1
877682 1
345978 1
692877 2
799621 1
30605 1
977698 1
450345 1
737786 1
461106 1
498203 1
799066 1
35971 1
826610 2
933218 1
218277 1
845767 1
812151 1
370377 1
488863 1
121897 1
715327 1
60093 1
186128 1
138835 1
717298 1
814149 1
543841 1
232197 1
227155 1
999783 1
778158 1
323222 1
128585 1
995136 1
148962 1
564964 1
205231 1
542751 1
140317 1
61957 1
418370 1
999934 1
886666 1
115433 1
991912 1
395526 1
988339 1
948125 1
766080 1
322037 1
489426 1
211720 1
278486 1
326952 1
790596 1
243026 1
471150 1
999920 1
51687 1
788128 1
769019 1
795629 1
942467 1
999537 1
132775 1
59805 1
14496 1
999985 1
463125 1
999966 1
181176 1
467319 1
109689 1
879028 1
463153 1
157113 1
833483 1
350708 1
250200 1
282520 1
554570 1
819744 1
851209 1
634124 1
85480 1
401815 1
27431 1
118915 1
380962 1
269448 1
167095 1
419698 1
63993 1
671635 1
371013 1
950974 1
664980 1
392016 1
616882 1
221045 1
169611 2
999932 1
494766 1
229682 1
69004 1
919957 1
680468 1
600909 1
7494 1
302862 1
855201 1
311914 1
341331 1
865970 1
892604 1
714074 1
197853 1
477371 1
493227 1
888768 1
136795 1
131036 1
850104 1
334593 1
438036 1
909217 1
833255 1
744276 1
314386 1
431825 1
966928 1
523279 1
883899 1
685701 1
999566 1
895715 1
573558 1
998155 1
969473 1
837844 1
402616 1
285730 1
999936 1
274200 1
824746 2
67082 1
178963 1
272803 1
117989 1
313023 1
211286 1
765798 1
164209 1
878794 1
612538 1
711348 1
733800 1
510302 1
294548 1
791727 1
369708 1
751668 1
74374 1
116780 1
180457 1
543718 1
587672 1
149613 1
442849 1
999568 1
629684 1
577202 2
753741 1
848638 1
372389 1
984179 1
259929 1
748535 1
526515 1
628137 1
453322 1
920828 1
764166 1
581638 1
984395 1
409099 1
364017 1
327684 1
293137 1
223362 1
835943 1
689541 1
38375 1
462689 1
786309 1
596315 1
287404 1
1032 1
252360 1
492779 1
639086 1
929174 1
950351 1
316050 1
999568 1
354253 1
219750 1
306030 1
848161 1
85986 1
734146 1
338874 1
599414 1
124837 1
592678 1
948542 1
872229 1
421126 1
331211 1
840799 1
692091 1
874645 1
197701 1
32981 1
182280 1
158493 1
988226 1
413202 1
865520 1
785248 1
118222 1
930207 1
659164 1
186870 1
935915 1
295314 1
28045 1
937826 1
553741 1
498565 1
154550 1
165113 1
594880 1
227297 1
784242 1
981604 1
455779 1
659434 1
988292 1
64477 1
135057 1
637036 1
480823 1
512115 1
999676 1
961973 1
492964 1
340550 1
981150 1
169927 1
563283 1
231678 2
656685 1
153671 1
953465 1
987381 1
739695 1
48940 1
897161 1
383372 1
238877 1
356035 1
828947 1
241118 1
542159 1
999722 1
571564 1
922451 1
342408 1
565549 1
261438 1
908019 1
612750 1
959859 1
927379 1
654219 1
315190 1
577566 1
797253 1
853546 1
999578 1
990691 1
953018 1
829969 1
19766 1
536957 1
861512 1
342829 1
773188 1
15685 1
89935 1
653308 1
142788 1
120988 1
809340 1
131333 1
762098 1
852642 1
908575 1
999811 1
388569 2
999690 1
996126 1
10938 1
999749 1
17813 1
417728 1
84213 1
430101 1
164455 1
861053 1
407533 1
748971 1
579170 1
382798 1
670144 2
516167 1
424248 1
538584 1
481398 1
675033 1
735938 1
176622 1
861660 1
478085 1
67309 1
77488 1
799213 1
473583 1
386047 1
56823 1
250949 1
505331 1
994117 1
374909 1
109175 1
465179 1
511284 1
690318 1
548707 1
151650 1
588993 1
379654 1
855685 1
493190 1
240380 1
808829 1
9799 1
237483 1
141168 1
713343 1
870369 1
284396 1
223187 1
45396 1
650842 1
186478 1
908529 1
978686 1
791818 1
671622 1
194700 1
999566 1
281313 1
181318 1
119021 1
490749 1
140350 1
913961 1
250392 1
236669 1
130900 1
134831 1
156538 1
942174 1
28134 1
908477 1
496795 1
578217 1
205524 1
19718 1
35842 1
579696 1
742902 1
714438 1
276922 1
655724 1
372256 1
914814 1
437286 1
260923 1
76606 1
44401 1
121580 1
227579 1
526919 1
380285 1
515593 1
500463 1
546807 1
207932 1
755386 1
15495 1
145080 1
764602 1
626980 1
598269 1
498613 1
871895 1
587676 1
888937 1
232185 1
594068 1
740072 1
892439 1
905639 1
389080 1
559943 1
330803 1
641969 1
352066 1
860244 1
275360 1
39778 1
383039 1
34653 1
365878 1
237107 1
424183 1
138437 1
999960 1
707783 1
892679 1
916315 1
844713 1
181137 1
636115 1
999076 1
241775 1
345584 1
175846 1
566266 1
733710 1
680091 1
872426 1
588237 1
510600 1
999517 1
220426 1
996306 1
962418 1
789042 1
476011 1
306739 1
85499 1
636419 2
941804 1
187130 1
315029 1
176350 1
966830 1
576285 1
370631 1
723183 1
354815 1
383669 1
282541 1
489817 1
696359 1
255166 1
693214 1
760443 1
5687 1
67987 1
738626 1
283951 1
355720 1
5700 1
108139 1
419114 1
190617 1
124881 1
418932 1
242738 1
682468 1
999967 1
370965 1
289345 1
525141 1
355003 1
321197 1
161346 1
270487 1
438587 1
983576 1
321232 1
380654 1
320612 1
504635 1
709657 1
299725 1
170345 1
280370 1
710065 1
999931 1
126569 1
538366 1
179230 1
999670 1
986937 1
765087 1
772562 1
652183 1
721609 1
427816 1
597755 1
982626 1
603705 1
464946 1
468517 1
162130 1
579299 1
49654 1
981402 1
200621 1
190232 1
179357 1
650834 1
21263 1
253775 1
287825 1
891804 1
342831 1
197514 1
89189 1
856898 1
538713 1
7476 1
999490 1
733666 1
273648 1
562243 1
514569 1
230004 1
999974 1
511494 1
463709 1
558585 1
14268 1
925535 1
958198 1
999957 1
119481 1
358476 1
621344 1
508774 1
224738 1
13856 1
325364 1
817389 1
599742 1
897496 1
926228 1
369377 1
19065 1
688773 1
820459 2
90653 1
999867 1
916404 1
159631 1
168079 1
643144 1
90744 1
510181 1
997331 1
686053 1
848771 1
307092 1
687021 1
792697 1
30289 1
772554 1
57187 1
17122 1
318077 1
665622 1
946369 1
772285 1
353545 1
8400 1
73680 1
241746 1
65568 1
849345 1
369133 2
272415 1
999427 1
929613 1
574983 1
603129 1
881576 1
704459 1
899068 1
325479 1
215001 1
904475 1
515911 1
957765 1
471164 1
917980 1
688162 1
938309 1
615654 1
985515 1
517351 1
419255 1
713222 1
113742 1
413822 1
649152 1
28478 1
508304 1
694388 1
416380 1
375249 1
159866 1
179098 1
260859 1
447295 1
481036 1
137111 1
8623 1
858705 1
317985 1
470061 1
904581 1
904298 1
988708 1
256386 1
137848 1
389422 1
19111 1
999674 1
375536 1
906057 1
344820 1
729168 1
239131 1
598761 1
833189 1
432850 1
530865 1
317063 1
888617 1
224400 1
713456 1
275062 1
136739 1
564566 1
559743 1
239889 1
100229 1
866398 1
888346 1
27456 1
483662 1
109892 1
978717 1
838590 1
219817 1
652695 1
725719 1
999717 1
446361 1
812319 1
40616 1
914957 1
27427 1
354446 1
210862 1
385671 1
233181 1
969734 1
477589 1
408176 1
37413 1
145995 1
75406 1
844923 1
82908 1
598543 1
173850 1
522396 1
475426 1
413200 1
495442 1
516272 2
90873 1
999974 1
322892 1
343637 1
615403 1
784655 1
8737 1
360249 1
373366 1
371799 1
607270 1
726516 1
190232 1
129635 1
522751 1
999451 1
72361 1
508675 1
896824 1
293404 1
306050 1
292524 1
140780 1
473866 1
300373 1
379934 1
883570 1
672626 1
23124 1
712755 1
198463 1
124086 1
70391 1
522360 1
635792 1
949591 1
685922 1
903209 1
525672 1
470958 1
179540 1
211804 1
56546 1
843240 1
876306 1
999967 1
142269 1
299415 1
916103 1
644390 1
336053 1
102984 1
481785 1
57129 1
597016 1
764199 1
776322 1
863672 1
959334 1
990530 1
166121 1
840186 1
520911 1
835402 1
271867 2
719638 1
213422 1
997412 1
375306 1
586599 1
361111 1
998591 1
50930 1
346682 1
613310 1
486082 1
999460 1
988198 1
999973 1
892313 1
205174 1
58077 1
133898 1
214650 1
487881 1
323153 1
825808 1
475102 1
982217 1
585347 1
896285 1
9363 1
433356 1
106956 1
872969 1
357079 1
202846 1
801815 1
306496 1
145049 1
31772 1
632259 1
438723 1
999984 1
861524 1
477391 1
967986 1
727188 1
104033 1
829996 1
323430 1
896449 1
999502 1
541077 1
144216 1
956634 1
131052 1
55062 1
241197 1
961193 1
421879 1
451268 1
989911 1
263697 1
143136 1
536896 1
884233 1
242140 1
151609 1
818598 1
376726 1
40467 1
500427 1
263774 1
645901 1
440456 1
169844 1
474308 1
278672 1
930879 1
883387 1
411179 1
499321 1
492931 1
765800 1
976202 1
927378 1
706058 1
895381 1
55714 1
781914 1
59008 1
212837 1
638942 1
316113 1
197877 1
867995 1
704543 1
465691 1
16326 1
100148 1
596093 1
321743 1
46475 1
939303 1
721219 1
438855 1
351205 1
26308 1
321053 1
999514 1
115904 1
987188 1
641555 1
775407 2
784699 1
641394 1
57707 1
999936 1
374120 1
166012 1
335188 1
710053 1
983909 1
987234 1
599984 1
734145 1
525275 1
88520 1
999982 1
320646 1
791639 1
535321 1
836713 1
179955 1
871801 1
431391 1
540363 1
999936 1
435250 1
508528 1
467619 1
22699 1
529807 1
673928 1
250775 1
392059 1
681063 1
59411 1
977010 1
999947 1
943428 1
150569 1
406186 1
915770 1
27505 1
152385 1
550368 1
831440 1
584767 1
195527 1
764676 1
930691 1
293057 1
785342 1
791707 1
314917 1
299760 1
671306 1
805705 1
718075 2
907796 1
999655 1
187429 1
990697 1
776 1
18103 1
834171 1
12710 1
678033 1
548174 1
197437 1
275241 1
639368 1
646267 1
997845 1
951008 1
189233 1
318176 1
410547 1
234123 1
150093 1
477757 1
156312 1
59950 1
85185 1
556967 1
684975 1
252482 2
794538 1
270989 1
856375 1
495969 1
604000 1
578490 1
65800 1
393785 1
517891 1
823366 1
11798 1
973916 1
574901 1
812804 1
468860 1
368670 1
91561 1
297089 1
536519 1
570007 2
249092 1
988761 1
776787 1
809947 1
676260 1
851068 1
603259 1
924761 1
716620 1
384291 1
175906 1
409090 1
233399 1
220533 1
532392 1
999864 1
991827 1
713403 1
401203 1
41046 1
226045 1
996549 1
253149 1
788189 1
770362 1
883410 1
454889 1
986989 1
991866 1
925176 1
999706 1
354433 1
194981 1
337862 1
457628 1
158632 1
77979 1
254613 1
204971 1
780888 1
850377 1
427785 1
556824 1
249439 1
989366 1
129391 1
999974 1
457405 1
435893 1
629868 1
381917 1
436885 1
791478 1
114520 1
240660 1
398821 1
415956 1
47096 1
803789 1
401853 1
985475 1
308882 1
364220 1
893494 1
392314 1
546607 1
150875 1
131685 1
588498 1
101098 1
456924 1
351168 1
380776 1
971289 1
402201 1
31737 1
999939 1
926093 1
507561 1
864636 1
706627 1
928214 1
574234 1
999973 1
783797 1
319862 1
304205 1
321754 1
745162 1
15296 1
537534 1
512413 1
701902 1
287238 1
445142 1
208081 1
228180 1
4576 1
851477 1
163044 1
658381 1
446600 1
999586 1
570269 1
51568 1
344707 1
561280 1
832683 1
465963 1
638222 1
454606 1
521734 1
119056 1
786674 1
96268 1
999974 1
765775 1
664473 1
484236 2
84246 1
64060 1
434157 1
453209 1
427722 1
678182 1
445407 1
846981 1
231958 1
557441 1
52380 1
470644 1
423756 1
22643 1
444682 1
902053 1
980917 1
652719 1
451426 1
22761 1
811832 1
635322 1
245452 1
57742 1
61201 1
113228 1
860454 1
768253 1
833856 1
553196 1
322601 1
466693 1
541086 1
343994 1
546452 1
325561 1
331973 1
591887 1
241720 1
379089 1
999049 1
838421 1
905443 1
542362 1
6229 1
717502 1
261526 1
748864 1
899203 1
740490 1
207838 2
54358 1
832775 1
377395 1
533680 1
517642 1
135288 1
987896 1
218050 1
91618 1
370722 1
999954 1
631623 1
581744 1
867166 1
336038 1
411756 1
599093 1
938256 1
17206 1
47583 1
914945 1
385354 1
873543 1
571218 1
385991 1
712070 1
154557 1
316771 1
269781 1
238877 1
890976 1
431561 1
195393 1
855568 1
999437 1
108773 1
388413 1
121429 1
186465 1
529077 2
259425 1
15965 1
478287 1
507493 1
146154 1
238023 1
709249 1
929035 1
50260 1
307933 1
337526 1
582071 1
404824 1
999557 1
773160 1
716694 1
873857 1
999782 1
550810 1
808683 1
360710 1
516779 1
952017 1
812891 1
2072 1
96340 1
153200 1
357262 1
760835 1
271363 1
995386 1
999883 1
869255 1
492108 1
353429 1
579054 1
299693 1
821312 1
18188 1
999493 1
704287 1
580040 1
501941 1
127401 1
567437 1
676301 1
959643 1
977845 1
983469 1
543920 1
166178 1
160328 1
979925 1
167010 1
748974 1
439356 1
421868 1
717148 1
484757 1
960812 1
967446 1
540424 1
779856 1
834651 1
599569 1
74121 1
118349 1
999854 1
957630 1
240089 1
99115 1
498363 1
632842 1
700836 1
535784 1
900516 1
549197 1
551605 1
161644 1
820449 1
769101 1
307335 1
155916 1
894296 1
58475 1
192377 1
881423 1
610224 1
186964 1
102788 1
921756 1
540560 1
531476 1
137340 1
127018 1
307320 1
225827 1
137346 1
444115 1
867201 1
83494 1
362747 1
379710 1
73506 1
346007 1
534907 2
102031 1
368504 1
987971 1
427137 1
693912 1
772397 1
374792 1
841749 1
423154 1
412287 1
998685 1
243573 1
339403 1
831011 1
718011 1
681526 1
609578 1
148478 1
46979 1
633334 1
881460 1
300247 1
887296 1
485877 1
663332 1
327923 1
543832 1
999960 1
495687 1
723115 1
651380 1
334660 1
394471 1
122400 1
238805 1
494770 1
61463 1
41139 1
142819 1
426423 1
217913 1
4046 1
840895 1
544241 1
898457 1
317793 1
344272 1
607103 1
38378 1
147404 1
721096 1
304157 1
418669 1
524153 1
251006 1
888216 1
505957 1
962387 1
272280 1
123500 1
604005 1
889685 1
191557 1
551661 1
469459 1
977130 1
147887 1
329197 1
51723 1
999960 1
763065 1
713388 1
625126 1
89990 1
398006 1
139918 1
934931 1
472780 1
737056 1
16689 1
355983 1
64983 1
357168 1
73643 1
659320 1
730763 1
835065 1
993766 1
728510 1
920603 1
126557 1
387483 1
219525 1
132718 1
73657 1
99574 1
998708 1
596161 1
587332 1
620140 1
826899 1
532407 1
341762 1
999959 1
422578 1
760015 1
160450 2
729925 1
814288 1
91196 1
465150 1
306715 1
999471 1
809367 1
962567 1
952736 1
805750 1
137918 1
426014 1
999882 1
454160 1
511333 1
247031 1
344208 1
936340 1
150817 1
939601 1
756252 1
903295 1
872155 1
549831 1
586607 1
534888 1
999554 1
16781 1
554276 1
957924 1
942957 1
481499 1
584982 1
597965 1
928445 1
529217 1
613691 1
469304 1
719272 1
244438 1
726802 1
252480 1
662623 1
192771 1
44595 1
823425 1
285619 1
460504 1
48302 1
540019 1
111765 1
7714 1
856946 1
619019 1
196051 1
753861 1
669580 1
671908 1
300152 1
227029 1
710530 1
180726 1
928746 2
160601 1
421005 1
592698 1
510906 1
902153 1
666961 1
478156 1
889327 1
205245 1
708436 1
550620 1
769828 1
461256 1
987507 1
774185 1
818461 1
210229 1
289952 1
815814 1
488188 1
518463 1
219913 1
407634 1
85966 1
181586 1
339705 1
107909 1
925033 1
867287 1
375046 1
999521 1
553721 1
650319 1
736803 1
612717 1
131422 1
360258 1
828287 1
697417 1
137332 1
50040 1
415113 1
301498 1
155083 1
47302 1
741262 1
633326 1
339285 1
968161 1
919362 1
527508 1
265907 1
315973 1
500310 1
96365 1
975569 1
571658 1
891161 1
135659 1
95796 1
3889 1
635532 1
201344 1
917673 1
144830 1
431145 1
402068 1
991331 1
274364 1
283836 1
670464 1
733710 1
91634 1
826435 1
166771 1
221081 1
321333 1
390427 1
650008 1
403771 1
474588 1
295284 1
202857 1
307281 1
161031 1
545731 1
672466 1
907955 1
508360 1
46696 1
361217 1
579072 1
70216 1
999599 1
586927 1
160716 1
368933 1
866356 1
896519 1
192231 1
661079 1
999722 1
498417 1
888912 2
488182 1
983817 1
719868 1
119183 1
554210 1
988602 1
585189 1
219903 1
999580 1
887438 1
775067 1
302469 1
999658 1
426599 1
685949 1
522055 1
74169 1
350573 1
969641 1
633595 1
16568 1
819260 1
27810 1
556814 1
714465 1
510047 1
578298 1
325096 1
49236 1
497926 1
346745 1
79329 1
917414 1
230138 1
170660 1
111424 1
982227 1
555746 1
448127 1
503157 1
413592 1
558469 1
689608 1
916096 1
286190 1
767353 1
843449 1
987626 1
36107 1
547936 1
421814 1
761351 1
369681 1
181661 1
79416 1
240669 1
651181 1
647376 1
112072 1
141912 1
219864 1
80656 1
286356 2
523041 1
493950 1
467214 1
999967 1
620022 1
646542 1
641399 1
402160 1
238606 1
987182 1
535160 1
773227 1
989559 1
3091 1
947386 1
250470 1
280373 1
378605 1
999557 1
436179 1
171153 1
285094 1
780809 1
988100 1
718529 1
489250 1
257765 1
836053 1
574705 1
978791 1
148370 1
21377 1
127766 1
677129 1
900119 1
574760 1
87270 1
266055 1
700398 1
333436 1
649726 1
999780 1
76486 1
616802 1
199634 1
949717 1
459798 1
529335 1
393171 1
211056 1
666291 1
559949 1
495063 1
975887 1
85201 1
181986 1
535157 1
505624 1
992124 1
56644 1
780009 1
238770 1
999763 1
408714 1
999958 1
96792 1
68625 1
443903 1
354397 1
287640 1
982364 1
308538 1
625397 1
941480 1
241709 1
255571 1
141894 1
512452 1
444186 1
833598 1
277937 1
688662 1
652409 1
635878 1
157831 1
568660 1
999593 1
885740 1
320254 1
255201 1
463214 1
853154 1
146864 1
475749 1
653196 1
721678 1
985468 1
25130 1
9916 1
963706 1
267098 1
828529 1
33667 1
266260 1
963812 1
611025 1
250541 1
638077 1
579607 1
358762 1
445954 1
256130 1
764656 1
827538 1
77361 1
479699 1
773355 1
281845 1
14860 1
464578 1
350867 1
128803 1
110382 1
326327 1
8103 1
944069 1
897081 1
265431 1
350154 1
163453 1
229689 1
156974 1
694357 1
999991 1
700451 1
106497 1
844293 1
487222 1
60464 1
726825 1
280760 1
512623 1
940588 1
362298 1
957326 1
993047 1
889128 1
163249 1
963823 1
484396 1
279263 1
698413 1
806310 1
573576 1
489479 1
989143 1
7228 1
230243 1
311256 1
196633 1
152343 1
722755 1
251539 1
252697 1
448160 1
813794 1
351104 1
830630 1
666699 1
986102 1
360308 1
245148 1
457507 1
703520 1
128178 1
811858 1
703262 1
502432 1
966844 1
342735 1
202479 1
235533 1
741029 1
396068 1
634754 1
777432 1
668741 1
672080 1
184896 1
62411 1
181521 1
258178 1
844571 1
201811 1
583382 1
739799 1
689376 1
331750 1
300302 1
734202 1
359591 1
363903 1
894969 1
444959 1
408510 1
54201 1
807481 1
191554 1
195864 1
989095 1
135809 1
770532 1
409009 1
994625 1
76253 1
524617 1
437558 1
32571 1
582924 1
12958 1
52346 1
634914 1
951872 1
704117 1
314767 1
624841 2
843652 1
130148 1
999486 1
391484 1
105606 1
518797 1
160073 1
924570 1
740998 1
630195 1
247410 1
443176 1
554001 1
221474 1
145929 1
615721 1
211818 1
506232 1
785458 1
611670 1
439757 1
699981 1
916357 1
592796 1
445377 1
59830 1
263387 1
406882 1
619160 1
998774 1
860742 1
364063 1
321162 1
929247 1
311140 1
806175 1
246167 1
990005 1
305206 1
573232 1
823120 1
681135 1
530268 1
664337 1
698325 1
736615 1
406356 1
412512 1
724472 1
78248 1
82659 1
552214 1
56585 1
736846 1
706328 1
318140 1
801253 1
418227 1
341416 1
389861 1
31417 1
798523 1
436375 2
264251 1
380986 1
996068 1
262580 1
262897 1
618370 1
196576 1
780171 1
461943 1
338230 1
932920 1
727065 1
411285 1
566993 1
400109 1
113783 1
229472 1
824915 1
546465 1
522662 1
83359 1
808648 1
963175 1
454202 1
231134 1
999957 1
52357 1
572181 1
999925 1
352947 1
242064 1
350706 1
966257 1
94108 1
639141 1
5927 1
625033 1
755094 1
188925 1
296565 1
152613 1
941623 1
522789 1
827451 1
97743 1
512364 1
250256 1
869342 1
567210 1
255716 1
715725 1
757570 1
832803 1
927168 1
7116 1
360338 1
391391 1
313273 1
370722 1
40554 1
46347 1
967325 1
131339 1
532552 1
577130 1
562611 1
987690 1
873656 1
426286 1
386139 1
958057 1
999781 1
999643 1
840649 1
507038 1
158650 1
614965 1
22745 1
551983 1
600429 1
760222 1
800023 1
788315 2
991529 1
821294 1
761682 1
400822 1
900887 1
828229 1
795496 1
188323 1
31460 1
803187 1
861839 1
389757 1
286522 1
203416 2
187443 1
421359 1
170480 1
597860 1
161716 1
776171 1
596291 1
118470 1
387952 1
999651 1
228052 1
183206 1
999877 1
825962 1
704596 1
18190 1
408154 1
148723 1
772624 1
877263 1
577836 1
213843 1
792754 1
531442 1
990318 1
292056 1
235903 1
993969 1
253833 1
713995 1
935288 1
58570 1
604379 1
92856 1
153171 1
658550 1
768090 1
105406 1
507772 1
429251 1
89822 1
848964 1
150133 1
647915 1
97607 1
615031 1
733554 1
666282 1
705393 1
102512 1
193080 1
991966 1
682923 1
590724 1
306724 1
39343 1
690131 1
110154 1
868239 1
247494 1
103570 1
591143 1
813133 1
819285 1
194934 1
478122 1
265581 1
160714 1
143765 1
467631 1
365877 1
999959 1
384190 1
827696 1
709354 1
952426 1
64939 2
138869 1
600274 1
328132 1
134317 1
748666 1
999884 1
146410 1
647153 1
999900 1
938935 1
974989 1
403297 1
880309 1
708299 1
937492 1
342757 1
17518 1
981136 1
634330 1
87807 1
999958 1
135415 1
213116 1
519964 1
722922 1
12293 2
16944 1
984792 1
275711 1
289862 1
770057 1
496709 1
999815 1
992570 1
969320 1
587801 1
429313 1
725830 1
675443 1
775135 1
793399 1
3998 1
825672 1
481437 2
517363 1
518300 1
724779 1
792485 1
457534 1
304410 1
999706 1
392503 1
538090 1
855431 1
75470 1
584422 1
511016 1
289969 1
94766 1
401081 1
95938 1
600720 2
677587 1
464261 1
15406 1
758342 1
35787 1
496463 1
889906 1
126047 1
399628 1
983575 1
889413 1
256017 2
714748 1
972296 1
402293 1
524126 1
172342 1
938152 1
898918 1
810067 1
623589 1
573993 1
823075 1
922052 1
29492 1
956247 1
455952 1
999972 1
734348 1
798589 1
585725 1
882377 1
231527 1
634390 1
999948 1
501000 1
682169 1
648135 1
664829 1
572424 1
861380 1
995606 1
315781 1
386109 1
846729 1
983578 1
681172 1
142873 1
900376 1
81834 1
481679 1
627035 1
836016 1
123782 1
565084 1
449725 1
749097 1
942018 1
999427 1
965988 1
187263 2
53510 1
290740 1
649283 1
654807 1
886654 1
83710 1
904204 1
246776 1
225792 1
842036 1
518060 1
770504 1
856592 1
241940 1
66790 1
873028 1
87475 1
638174 1
864395 1
372583 1
426108 1
999958 1
330139 1
118871 1
344213 1
848169 1
716242 1
999972 1
935601 1
405780 1
485931 1
999969 1
569122 1
163940 1
81145 1
769918 1
999916 1
14824 1
146016 1
999957 1
598642 1
186809 1
993942 1
483926 1
42153 1
977382 1
181833 1
814518 1
817474 1
72324 1
444646 1
234576 1
889598 1
450126 1
319254 1
960235 1
887007 1
887381 1
176027 1
417594 1
421668 1
646464 1
637801 1
303159 1
350528 1
798921 1
486476 1
15521 1
488253 1
422740 1
983973 1
979274 1
438382 1
442637 1
504471 1
8537 1
523911 1
779777 1
516169 1
883749 1
410245 1
602563 1
93583 1
469966 1
837233 1
707202 1
816036 1
134755 1
909102 1
350791 1
484397 1
776556 1
932750 1
181901 1
994041 1
57952 1
568888 1
868827 1
638559 1
138730 1
694083 1
606698 1
882042 1
847753 1
919680 1
486334 1
787832 1
999959 1
357719 1
879407 1
737039 1
260117 1
125154 1
987693 1
75495 1
530608 1
539390 1
721160 1
853732 1
242070 1
997373 1
13957 1
716692 1
463720 1
732431 1
606298 1
648870 1
138534 1
605156 1
432615 1
47722 1
608922 1
68128 2
301640 1
280796 1
168212 1
558631 1
652086 1
673930 1
685027 1
109572 1
602811 1
108043 1
890478 1
456182 1
690593 1
373493 1
160374 1
930090 1
847909 1
295088 1
38595 1
491695 1
911301 1
997313 1
632885 1
999985 1
900631 1
23902 1
128354 1
86087 1
546464 1
858143 1
794665 1
22696 1
168774 1
944980 1
624502 1
896989 1
279059 1
39005 1
115760 1
142698 1
999950 1
750049 1
986976 1
480276 1
899743 1
16505 1
682186 1
133628 1
318432 1
595589 1
538910 1
345237 1
150191 1
790345 1
615748 1
408810 1
483259 1
401702 1
925681 1
983404 1
745567 1
648970 1
878678 1
300549 1
460653 1
901611 1
451231 1
552004 1
414889 1
17446 1
532050 1
174652 1
897763 1
260295 1
459336 1
87331 2
733290 1
453235 1
228378 2
37707 1
955945 1
346346 1
148844 1
522557 1
503842 1
520433 1
980136 1
639875 1
824983 1
788633 1
991164 2
813575 1
475061 1
12024 1
234868 1
494805 1
667771 1
792354 1
602171 1
930989 1
646852 1
730077 1
580660 1
30570 1
813224 1
666748 1
961728 1
255604 1
515042 1
430765 1
452374 1
860951 1
730868 1
999487 1
41873 1
254633 1
104783 1
118298 1
359451 2
193898 1
756101 1
72374 1
645151 1
207599 1
905015 1
661435 1
71271 1
376658 1
988328 1
244033 2
402514 1
524339 1
413873 1
916479 1
885897 1
749661 1
173991 1
893773 1
28062 1
215359 1
718379 1
66385 1
789421 1
724774 1
19830 1
425869 1
396164 1
828162 1
216485 1
451265 1
330124 1
599984 1
999905 1
687436 1
969003 1
999652 1
515561 1
508304 1
391522 1
508304 1
658150 1
119733 1
966921 1
150692 1
290566 1
162772 2
293164 1
132720 1
893408 1
307929 1
999705 1
66931 1
909010 1
552630 1
369412 1
342775 1
418131 1
476542 1
830830 1
30537 1
561501 1
602476 1
198659 1
555792 1
226028 1
261774 1
965365 1
514684 1
624062 1
324020 1
1264 1
461582 1
512949 1
516164 1
120544 1
752216 1
19118 1
230783 2
984113 1
363845 1
221562 1
790412 1
489655 1
887360 1
254999 1
675518 1
771458 1
604062 1
855346 1
269700 1
586275 1
301801 1
427118 1
299799 1
3739 1
620754 1
619744 1
390468 1
96553 1
37033 1
982052 1
365959 1
741370 1
641929 1
997865 1
445368 1
252580 1
748774 1
409385 1
290067 1
134311 1
855390 1
382309 1
38626 1
538003 1
999954 1
999995 1
632744 1
728994 1
377374 1
883249 1
613238 1
723527 1
999750 1
211680 1
171242 1
750581 1
292645 1
417164 1
409518 1
372278 1
783900 1
633902 1
166319 1
997615 1
347203 1
942480 1
876651 1
690051 1
479156 1
665953 1
795021 1
734959 1
3114 1
73609 1
287967 1
560748 1
966973 1
310941 1
423011 1
830967 1
429209 1
563946 1
682014 1
609700 1
263336 1
11830 1
619791 1
500254 1
926278 1
768777 1
639436 1
508473 1
612165 1
441601 1
129198 1
140546 1
77265 1
508808 1
819374 1
986713 1
145314 1
117144 1
361019 1
208816 1
332323 1
304606 1
734174 1
321876 1
760402 1
146808 1
802582 1
147821 1
256877 1
359022 1
348018 1
644720 1
612138 1
781366 1
586286 1
598429 1
550157 1
281919 1
140027 1
909874 1
832160 1
50806 1
543468 1
63587 1
770751 1
999903 1
855702 1
490288 1
307802 1
587257 1
725404 1
570551 1
408673 1
701146 1
735303 1
199608 1
966224 1
383986 1
271627 1
121284 1
180570 1
191782 1
284338 1
221686 1
411451 1
657020 1
525969 1
677898 1
999433 1
212380 1
7759 1
529359 1
883049 1
817301 1
606866 1
187319 1
375916 1
662686 1
362425 1
901746 1
55101 1
806720 1
479295 1
460594 1
633109 1
760180 1
483752 1
74475 1
408952 1
176715 1
261422 1
375217 1
185054 1
757472 1
552711 1
505285 1
321969 1
650084 1
364771 1
865451 1
329277 1
691983 1
14501 1
793100 1
163414 1
339333 1
233171 1
479112 1
327982 1
426335 1
366853 1
805398 1
812075 1
908452 1
447127 1
210670 1
383841 1
796442 1
545710 1
531113 1
762578 1
993077 1
866149 1
62122 1
762089 1
263183 1
438048 1
917707 1
954421 1
923529 1
378178 1
444655 1
278202 1
51949 1
467984 1
474441 1
144892 1
699210 1
996260 1
772640 1
169965 1
332682 1
212169 1
243901 1
680398 1
381938 1
823503 1
231611 1
154169 1
735416 1
807618 1
759002 1
506447 1
882111 1
999554 1
580621 1
878108 1
336818 1
470120 1
191382 1
673891 1
596397 1
987091 1
163065 1
17281 1
322101 1
628087 1
113928 1
773368 1
616153 1
535273 1
879125 1
935499 1
256507 1
701916 1
983359 1
508465 1
655887 1
229691 1
482161 1
532092 1
987729 1
598954 1
593865 1
138187 1
590787 1
74140 1
183637 1
632208 1
130108 1
696772 1
750653 1
651727 1
997041 1
608092 1
861421 1
127108 1
591079 1
560970 1
188072 1
622854 1
579171 1
377685 1
836783 1
8034 1
606433 1
461895 1
532960 1
555137 1
641170 1
107067 1
462202 1
622539 1
440449 1
207757 1
28543 1
644083 1
345742 1
709611 1
744139 1
475742 1
637016 1
932027 1
445785 1
4388 1
56370 1
872620 1
903671 1
96204 1
796989 1
121056 1
228256 1
264736 1
212108 1
472491 1
69142 1
248890 1
529399 1
965258 1
924306 1
595633 1
571606 1
992501 1
71624 1
84398 1
129704 1
987297 1
555477 1
643680 1
955107 1
816422 1
580766 1
722836 1
999982 1
821781 1
840850 1
171099 1
449885 1
54022 1
999936 1
861808 1
88845 1
206350 1
838381 1
747780 1
922520 1
692443 1
277804 1
472199 1
749506 1
565519 1
616308 1
738100 1
943131 1
768535 1
825711 1
213670 1
482681 1
676404 1
290858 1
556587 1
977565 1
420777 1
367529 1
312464 1
371962 1
772781 1
654923 1
115693 1
578591 1
239582 1
26275 1
868880 1
814701 1
289575 1
374446 1
867112 1
697632 1
690871 1
398911 1
765481 1
554358 1
908704 1
663457 1
29848 1
357274 1
272926 1
466848 1
507313 1
784381 1
137590 1
919228 1
969521 1
954333 1
691369 1
954471 1
730291 1
386571 1
270112 1
952472 1
848487 1
893097 1
294584 1
61214 1
643722 1
647318 1
756948 1
573403 1
815258 1
709292 1
686515 1
370212 1
825369 1
797431 1
673456 1
52439 1
861232 1
960987 1
108165 1
499500 1
998801 1
172914 1
844215 1
731899 1
835713 1
949762 1
999639 1
285319 1
394029 1
686417 1
965610 1
59567 1
515663 1
250715 1
359460 1
487906 1
933569 1
375020 1
689642 1
979079 1
985599 1
707710 1
862869 1
778756 2
241277 1
700374 1
365346 1
650586 1
108482 1
61493 1
73791 1
684807 1
618884 1
795077 1
624761 1
82907 1
858847 1
841402 1
510807 1
316716 1
849815 1
545088 1
926135 1
999948 1
791870 1
810580 1
275107 1
419817 1
840469 1
510399 1
194808 1
289256 1
903816 1
293320 1
598392 1
56549 1
998522 1
999568 1
319944 2
152538 1
331181 1
726843 1
685760 1
243023 1
444421 1
301594 1
579244 1
594600 1
936728 1
656403 1
530094 1
805824 1
344857 1
74356 1
954311 1
947789 1
814062 1
887982 1
83255 1
40098 1
557229 2
582153 1
938953 1
323064 1
637867 1
204736 1
443372 1
414422 1
168414 1
17807 1
180728 1
845514 1
118957 1
7217 1
172734 1
361076 1
602490 1
276020 1
445678 1
839793 1
13953 1
39237 1
963693 1
957941 1
916010 1
308130 1
886837 1
133794 1
722440 1
786896 1
999927 1
698330 1
65699 1
511509 1
516602 1
171404 1
384606 1
829575 1
228636 1
732102 1
416967 1
909504 1
888378 1
847135 1
153322 1
393302 1
999939 1
476788 1
987307 1
984748 1
93809 1
29282 1
202724 1
265434 1
814290 1
499302 1
97210 1
213819 1
132407 1
915401 1
216549 1
773562 1
120171 1
430720 1
809625 1
365862 1
498967 1
323237 1
918118 1
925644 1
767357 1
424387 1
242138 1
645647 1
625710 1
850252 1
83841 1
344468 1
592468 1
70171 1
750832 1
376029 1
355737 1
909505 1
926066 1
492650 1
286818 1
924009 1
819727 1
327434 1
372737 1
85406 1
356135 1
220243 1
923184 1
242443 1
603410 1
776759 1
580240 1
935077 1
158606 1
111934 1
418023 1
464102 1
999490 1
509514 1
752493 1
926597 1
967170 1
850507 1
586158 1
358094 1
850978 1
916773 1
632557 1
609318 1
420749 1
365058 1
999800 1
846867 1
125733 1
75297 1
13269 1
822265 1
505914 1
351860 1
226506 1
810908 1
631333 1
595003 1
974652 1
301164 1
798511 1
705771 1
494447 1
98805 1
859943 1
315761 1
151703 1
378410 1
759716 1
865587 1
689574 1
413347 1
781091 1
194818 1
124077 1
637760 1
835441 1
373085 1
320437 1
194371 1
272567 1
507464 1
730796 1
347966 1
334634 1
577361 1
428049 1
859313 1
212904 1
283566 1
182217 1
115409 1
730369 1
455393 1
804252 1
135911 1
222952 1
881488 1
579524 1
56731 1
751263 1
939509 1
552948 1
970803 1
697950 1
818529 1
639402 1
191449 1
167420 1
854111 1
214545 1
391970 1
343137 1
420085 1
132931 1
447821 1
485298 1
400206 1
742341 1
289440 1
62031 1
775781 1
425830 1
809250 1
711698 1
509805 1
603144 1
210372 1
751594 1
842652 1
392468 1
124574 1
215027 1
597609 1
24988 1
81215 1
884752 1
999962 1
308219 1
229689 1
120613 1
776018 1
999923 1
92270 1
395240 1
863655 1
761365 1
566958 1
509124 1
38529 1
922151 1
702269 1
999651 1
334935 1
988323 1
263650 1
999115 1
774877 1
27491 1
814426 1
206615 1
612536 1
510784 1
918797 1
975485 1
669860 1
409067 1
443766 1
21096 1
746684 1
817758 1
293378 1
176347 1
440289 2
879354 1
32195 1
774798 1
915500 1
774053 1
555931 1
496463 1
462204 1
505295 1
117432 1
376724 1
2620 1
146023 1
623637 1
564528 1
37826 1
180662 1
675356 1
916025 1
317009 1
319950 1
147024 1
347253 1
835225 1
471697 1
912032 1
382020 1
133974 1
133240 1
540168 1
368652 1
529768 1
492115 1
813610 1
95816 1
909884 1
347107 1
345503 1
623719 1
521926 1
48973 1
423970 1
381027 1
839994 1
131889 1
161546 1
351626 1
540121 1
132852 1
861331 1
471372 1
524785 1
79355 1
578734 1
534817 1
343223 1
538587 1
18610 1
999995 1
740427 1
378626 1
422067 1
367498 1
622800 1
58091 1
983656 1
507633 1
575312 1
359612 1
206087 1
22964 1
735964 1
235094 1
340091 1
839450 1
7915 1
306631 1
813072 1
252422 1
379346 1
579713 1
986027 1
635189 1
787898 1
999816 1
632376 1
558888 1
130100 1
356579 1
179617 1
810458 1
807134 1
427170 1
426704 1
42535 1
267656 1
945132 1
913820 1
992741 1
856147 1
681805 1
622996 1
941186 1
188965 1
999152 1
228547 1
795454 1
959737 1
720201 1
725860 1
544830 1
958632 1
221488 1
678987 1
442511 1
372952 1
954644 1
999993 1
265394 2
66083 1
731975 1
346619 1
527866 1
359724 1
999948 1
707057 1
471747 1
529139 1
61786 1
469823 1
999647 1
992899 1
804865 1
20129 1
203637 1
531449 1
822524 1
280318 1
996296 1
796182 1
572823 1
730945 1
473647 1
384887 1
229424 1
533510 1
301266 2
773902 1
225189 1
678008 1
60259 1
385949 1
90242 1
994332 1
157322 1
430584 1
333047 1
544113 1
347044 1
659233 1
671898 1
788127 1
768412 1
294776 1
322830 1
785114 1
112955 1
759788 1
838301 1
566697 1
268917 1
656224 1
760907 1
1717 1
712127 1
316252 1
22761 1
812675 1
561795 1
415250 1
868688 1
116777 1
96986 1
999934 1
191374 1
841445 2
520442 1
388615 1
571062 1
251856 1
158391 1
999958 1
731686 1
979599 1
175376 1
60005 1
531992 1
612730 1
468271 1
610068 1
999982 1
571102 1
309901 1
367243 1
690616 1
830688 1
853180 1
291974 1
22777 1
566010 1
755748 1
586125 1
979490 1
727885 1
400324 1
519452 1
352835 1
709238 1
664898 1
897718 1
105214 1
218893 1
523546 1
38050 1
25156 1
178282 1
738575 1
190537 1
164969 1
220506 1
816905 1
742085 1
635253 1
895085 1
556694 1
245576 1
459212 1
623423 1
359335 1
416498 1
356370 1
184060 1
356909 1
61005 1
725371 1
808701 1
867414 1
330154 1
981492 1
163388 1
774289 1
292433 1
580011 1
551259 1
833203 1
605573 1
238905 1
200787 1
130648 1
418735 1
322004 1
827519 1
574330 1
771910 1
857442 1
300447 1
493319 1
575099 1
635719 1
491571 1
255271 1
502782 1
314509 1
239714 1
603541 1
727050 1
953328 1
510423 1
777739 1
733311 1
716957 1
497680 1
14905 1
999512 1
149246 1
827525 1
526976 1
465373 1
413081 1
446111 1
60960 1
241949 1
43164 1
871248 1
354876 1
868871 1
138830 1
919899 1
926581 1
989150 1
633390 1
414204 1
429769 1
616645 1
88851 1
784417 1
820637 1
30520 1
199711 1
718398 1
885798 1
20094 1
185638 1
610055 1
150485 1
521975 1
414366 1
668703 1
998780 1
977903 1
189766 1
135753 1
857785 1
236821 1
500961 1
70181 1
790349 1
377637 1
613620 1
101666 1
579323 1
207319 1
860153 1
938918 1
251150 1
799449 1
906902 1
846278 1
994321 1
440507 1
299387 1
507459 1
810126 1
666721 1
24138 1
825602 1
482156 1
838982 1
503442 1
318566 1
72153 1
218097 1
708999 1
930660 1
736323 1
403944 1
470749 1
433473 1
43228 1
830119 1
284994 1
83913 1
282826 1
985687 1
193766 1
706805 1
124862 1
229027 1
509698 1
140156 1
999467 1
77769 1
5154 1
601008 1
969112 1
797260 1
33421 1
172677 1
255357 1
803964 1
426376 1
951741 1
682606 1
542771 1
173875 1
987494 1
685209 1
240182 1
843603 1
339677 1
999947 1
247031 1
391191 1
817406 1
10766 2
701200 1
435407 1
11149 1
490856 1
440316 1
684346 1
414173 1
535048 1
394160 1
141816 1
264123 1
743093 1
116792 1
678942 1
803111 1
237194 1
638377 1
591916 1
645438 1
909499 1
604257 1
407094 1
176208 1
118303 1
292785 1
228705 1
982946 1
485553 1
529271 1
358373 1
97961 1
792127 1
100371 1
736539 1
371179 1
573283 1
468531 1
763621 2
555062 1
580461 1
314146 1
445708 1
969697 1
999948 1
291645 1
505462 1
830321 1
999565 1
596809 1
93840 1
743508 1
800185 1
918254 1
524968 1
927537 1
226522 1
282916 1
69101 1
608308 1
82778 1
329611 1
999643 1
228378 1
363951 1
235622 1
353317 1
563786 1
196942 1
877372 1
649356 1
401191 1
410422 1
528092 1
1512 1
295427 1
51718 1
37282 1
347089 1
931137 1
165037 1
451045 2
101237 1
934165 1
779311 1
548278 1
175533 1
840907 1
407221 1
671732 1
527611 1
378538 1
329892 1
636557 1
208420 1
928815 1
468033 1
126534 1
511510 1
927682 1
481570 1
832017 1
720629 1
752428 1
115264 1
891657 1
490209 1
315490 1
838486 1
922454 1
854724 1
241886 1
774785 1
684261 1
702502 1
247382 1
76537 1
275028 1
917561 1
478720 1
500659 1
312845 1
487894 1
854540 1
419183 1
856567 1
867195 1
563599 1
139436 1
670478 1
422572 1
382145 1
413149 1
991112 1
461273 1
262560 1
910842 1
446654 1
431226 1
488180 2
703274 1
598543 1
947149 1
267889 1
720614 1
993430 1
935853 1
739348 1
195946 1
524994 1
253916 1
233940 1
50591 1
193186 1
382867 1
732436 1
292588 1
857175 1
499269 1
573560 2
66322 1
403036 1
602171 1
359655 1
827856 1
690694 1
397316 1
553785 1
288638 1
460354 1
399922 1
99502 1
633830 1
944704 1
103940 1
411404 1
560248 1
987887 1
54316 1
782897 1
452371 1
509761 1
166489 1
118783 1
647892 1
761740 1
414911 1
935801 1
646396 1
140082 1
590178 1
832489 1
384357 1
999768 1
638542 1
946820 1
271314 1
223911 1
483304 1
65255 1
875825 1
946718 1
480621 1
974774 1
899122 1
35120 1
188221 1
116006 1
153311 1
915307 1
874710 1
996198 1
561258 1
501496 1
314992 1
534052 1
867880 1
270101 1
861445 1
282617 1
50759 1
570883 1
607920 2
303259 1
91539 1
66083 1
281542 1
55764 1
692700 1
171404 1
223378 1
179383 1
972784 1
327833 1
581154 1
439668 1
841980 1
765620 1
445536 1
77525 1
379043 1
196344 1
733223 1
330557 1
232974 1
94003 1
559185 1
637212 1
996974 1
81474 1
922749 1
584723 1
467137 1
131796 1
997018 1
119571 1
165164 1
966094 1
21747 1
600951 1
94850 1
774022 1
39254 1
604641 1
130990 1
67317 1
756169 1
161918 1
805275 1
311898 1
331010 1
608473 1
382106 1
253851 1
563908 1
872632 1
645417 1
552373 2
990341 1
139593 1
755215 1
478883 1
740333 1
499469 1
169766 1
456188 1
551115 1
885721 1
72717 1
96907 1
596009 1
649523 1
565458 1
680777 1
943418 1
346008 1
28868 1
716889 1
908941 1
610050 1
724356 1
19738 1
364884 1
324849 1
638594 1
627998 1
942486 1
807476 1
107645 1
442038 1
281243 1
179817 1
845833 1
798975 1
94202 1
39387 1
635047 1
98003 1
487865 1
728251 1
849531 1
114882 1
129308 1
941850 1
216910 1
539818 1
758425 1
126189 1
196253 1
941297 1
27868 1
584479 1
476572 1
761047 1
709569 1
88113 1
170621 1
264496 1
478083 1
230656 1
306718 1
618724 1
794997 1
224879 1
646765 1
565502 1
480714 1
522767 1
431660 1
999476 1
326991 1
648515 1
8619 1
583931 1
797229 1
852508 1
735446 1
84097 1
999706 1
123552 1
195558 1
963348 1
61096 1
635948 1
83285 1
369106 1
522687 1
152106 1
462326 1
194976 1
460718 1
358167 1
463798 1
338119 1
169883 1
341877 1
105313 1
535082 1
999969 1
356369 1
350628 1
829076 1
968822 1
165887 1
37856 1
636770 1
999929 1
912259 1
8799 1
729888 1
518689 1
597968 1
377588 1
241507 1
551221 1
242159 1
26091 1
255806 1
742868 1
426654 1
493922 1
53524 1
820446 1
870703 1
791223 1
820002 1
860675 1
439688 1
492776 1
336918 1
225270 1
387290 1
598246 1
557660 1
603042 1
467849 1
507836 1
577382 1
20444 1
361164 1
190302 1
732140 1
584630 1
999705 1
643232 1
412234 1
455471 1
215972 1
26009 1
176380 1
757639 1
105640 1
369834 1
650114 1
693353 1
313037 1
578910 1
127078 1
910642 1
606188 1
587845 2
841924 1
837043 1
179819 1
976138 1
653572 1
999521 1
999578 1
999486 1
141907 1
740880 1
824119 1
990861 1
264924 1
813246 1
256870 1
156214 1
786291 1
492394 1
785653 1
517417 1
908298 1
999693 1
144784 1
612947 1
724124 1
209682 1
105542 1
625179 1
380548 1
999488 1
790594 1
795203 1
333489 1
272928 1
274878 1
54408 1
397229 1
113644 1
835614 1
506031 1
751218 1
152297 1
562990 1
181309 1
215446 1
761062 1
585658 1
362621 1
485254 1
63911 1
359840 1
387804 2
394378 1
221035 1
317746 1
548444 1
602742 1
866604 1
330685 1
999985 1
198354 1
99798 1
999967 1
928259 1
382096 1
884046 1
817123 2
101790 1
981898 1
550508 1
695638 1
730195 1
607425 1
958841 1
572566 1
983794 1
797787 1
699403 1
223907 1
590166 1
208859 1
565643 1
184071 1
719286 1
87081 1
639304 1
437793 1
725635 1
997964 1
907321 1
880533 1
780015 1
152972 1
431589 1
657362 1
266767 1
744246 1
654764 1
914893 1
545534 1
783396 1
506381 1
793905 1
980278 1
318289 1
148753 1
395526 1
89719 1
379579 1
715409 1
555900 1
990427 1
620100 1
617398 1
786839 1
583482 1
709069 1
744173 1
28886 1
963827 1
527955 1
180554 1
427449 1
112402 1
491381 1
127101 1
445486 1
338119 1
134660 1
316470 1
790620 1
949757 1
719726 1
470665 1
914397 1
801827 1
887460 1
50113 1
146924 1
298628 1
765374 1
764805 1
612667 1
386320 1
97894 1
256177 1
647472 1
98125 1
404004 1
524558 1
875612 1
401576 1
980631 1
784654 1
774763 1
572760 1
986456 1
936099 1
272899 1
685068 1
216369 1
889199 1
587969 1
119555 1
194708 1
204085 1
795102 1
228307 1
550271 1
362223 1
223950 1
51139 1
951297 1
214736 1
953690 1
388924 1
861947 1
590379 1
609748 1
189411 1
668580 1
4294 1
15322 1
619294 1
522725 1
43517 1
999959 1
976924 1
582125 1
583832 1
995221 1
700605 1
644395 1
135196 1
354840 1
179718 1
332298 1
737205 1
38602 1
247541 1
92242 1
550557 1
813975 1
913994 1
364376 1
75261 1
985499 1
88479 1
966589 1
818879 1
934757 1
764841 1
398743 1
603593 1
663647 1
536757 1
732332 1
176539 1
319805 1
328573 1
723483 1
82343 1
975923 1
107033 1
649446 1
854750 1
135788 1
166037 1
999993 1
726571 1
596001 1
864140 1
131965 1
788444 1
717067 1
869668 1
481725 1
620646 1
529512 1
973309 1
522951 1
795272 1
873109 1
512781 1
129885 1
649232 1
205069 1
787159 1
218334 1
851569 1
997418 1
140526 1
977411 1
987855 1
265662 1
172995 1
795037 1
925904 1
813176 1
632789 1
948049 1
206777 1
506866 1
396290 1
635825 1
344002 1
768286 1
824732 1
495119 1
529517 1
284527 1
949664 1
191721 1
363721 1
681227 1
742084 1
280133 1
900090 1
161188 1
3010 1
626084 1
992514 1
240634 1
258698 1
213968 1
194885 1
337361 1
703157 1
50093 1
76356 1
478347 1
857853 1
48675 1
617151 1
409040 1
393887 1
686486 1
242868 1
990393 1
53583 1
359858 1
520324 1
249813 1
464709 1
556618 1
607765 1
500227 1
227579 1
538852 1
555805 1
408389 1
623404 1
700143 1
995758 1
586556 1
776625 1
207659 1
835500 1
886350 1
711204 1
873445 1
463421 1
863961 1
311472 1
158937 1
200662 1
17008 1
47928 2
968366 2
854486 1
424225 1
632168 1
497134 1
33038 1
984525 1
839651 1
641594 1
379488 1
172643 1
46658 1
465356 1
738474 1
148557 2
204505 1
231852 1
22578 1
364360 1
299861 1
546057 1
792715 1
677514 1
688283 1
42842 1
86759 1
333133 1
760861 1
398594 1
634434 1
330688 1
552690 1
766317 1
450315 1
259340 1
475729 1
435504 1
954384 1
350909 1
935415 1
985404 1
276811 1
67918 1
186172 1
944286 1
585084 1
142156 1
373698 1
988780 1
47657 1
630123 1
344300 1
541018 1
555225 1
112259 1
777844 1
999665 1
708950 1
956892 1
206442 1
654655 1
611425 1
278106 1
720099 1
161433 1
555048 1
263999 1
242953 1
484002 1
66406 1
752960 1
999853 1
861742 1
540126 1
298163 1
408239 1
856767 1
80514 1
67045 1
765776 1
288874 1
390362 1
657955 1
889430 1
126963 1
159119 1
483060 1
851439 1
431289 1
359162 1
528633 1
427345 1
249173 1
557346 1
956683 1
673700 1
229124 1
937164 1
532790 1
215417 1
905654 1
743313 2
401505 1
443546 1
684317 1
637717 1
106198 1
636159 1
560568 1
937767 1
543467 1
935385 1
128107 1
309328 1
474514 1
667841 1
87936 1
31874 1
155453 1
487862 1
911092 1
822758 1
90072 1
340947 1
490807 1
89871 1
169143 1
10405 1
594422 1
224334 1
441143 1
952307 1
379871 1
23523 1
742967 1
535839 1
279572 1
761762 1
933134 1
999711 1
411 1
845417 1
742427 1
288355 1
122498 1
461474 1
305422 1
879986 1
488396 1
999654 1
852735 1
891752 1
919801 1
627458 1
359674 1
635002 1
59733 1
674547 1
107016 1
712951 1
213953 1
399056 1
57349 1
726383 1
228045 1
268480 1
514234 1
851742 1
443002 1
428104 1
999985 1
999644 1
554969 1
420024 1
243554 1
327875 1
465717 1
631981 1
571238 1
10430 1
459837 1
867815 1
58709 1
543938 1
322422 1
333018 1
443686 1
932856 1
465146 1
214121 1
856847 1
690224 1
652023 1
346933 1
612246 1
606404 1
653599 1
474962 1
393493 1
57555 1
919688 1
82786 1
902422 1
999686 1
796755 1
361346 1
529252 1
404347 1
84354 1
751385 1
989446 1
860777 1
72984 1
382740 1
667188 1
598807 1
637431 1
191922 1
588132 1
26551 1
943553 1
301267 1
597103 1
561884 1
217922 1
519991 1
816253 1
999056 1
579963 1
675748 1
498260 1
724009 1
174465 1
497993 1
189675 1
186706 1
702158 1
372655 1
181337 1
3935 1
794761 1
948822 2
803722 1
195598 1
391760 1
869266 1
383121 1
950508 1
801255 1
838934 1
375247 1
880531 1
109902 1
861979 1
714592 1
927115 1
878853 1
119237 1
871178 1
882138 1
439617 1
80385 1
713979 1
197669 1
599968 1
882838 1
117330 1
750335 1
699011 1
361855 1
244349 1
470428 1
472851 1
685677 1
433577 1
363547 1
999510 1
528991 1
