0.479432624113
0.719939117199
0.259587020649
0.005037524417
0.049749779217
0.743612891577
0.167691676917
0.035780669145
0.446304044630
0.502629237117
0.068547717842
0.463375796178
0.775581511431
0.232653061224
0.618922470434
0.050128015092
0.524289099526
0.479784366577
0.812704649640
0.714958775029
0.406422220589
0.179592481441
0.827969805324
0.753619691120
0.132841328413
0.084414140666
0.698943661972
0.424433717044
0.109231084124
0.731720527171
0.059752603257
0.216065170029
0.379105000438
0.867538374076
0.076836555360
0.620396600567
0.719695272238
0.154373927959
0.236647493837
0.060483091787
0.247073913741
0.476352395672
0.212974603973
0.135334584115
0.843388960205
0.584689837220
0.681181289071
0.149552273520
0.226633581472
0.211726384365
0.108071135431
0.478271666253
0.752819548872
0.895367412141
0.720224348400
0.386826347305
0.510579874011
0.058928571429
0.146637265711
0.505674653216
0.990196078431
0.395229436303
0.163546984307
0.825281270682
0.814580598974
0.128306691187
0.741987829615
0.587379635321
0.920504731861
0.110236220472
0.064004697592
0.808973080758
0.492875647668
0.314125495504
0.182441700960
0.519595860833
0.161237518415
0.295392953930
0.045275181724
0.826403771967
0.172995780591
0.741563055062
0.020217564341
0.655430711610
0.797437461867
0.411123853211
0.385430463576
0.049575070822
0.232227488152
0.088435374150
0.357665420257
0.148895138610
0.104758701866
0.040298293417
0.383238287736
0.463492570698
0.260898370213
0.032286520819
0.034417253324
0.047619047619
0.056697258037
0.761397058824
0.345794392523
0.581400437637
0.374604544147
0.010882708585
0.300016173379
0.134128878282
0.214830397055
0.048530868273
0.559854897219
0.006571630775
0.557568186550
0.478323353293
0.048455056180
0.307595256119
0.287616715139
0.717019822283
0.425149700599
0.017584318247
0.398821218075
0.333333333333
0.493172435694
0.222720478326
0.020590868397
0.812927075165
0.292285508291
0.022549676267
0.541252194266
0.323924268503
0.052820053715
0.299504417151
0.013157894737
0.386839481555
0.581000848176
0.840883977901
0.782593972232
0.167105098334
0.630502302667
0.319453742134
0.495061072756
0.267643142477
0.131971286582
0.437609841828
0.225500526870
0.871835216707
0.267304860088
0.718007662835
0.335773392743
0.398133082127
0.878117048346
0.009168735120
0.231390652048
0.512345679012
0.393748358287
0.397762863535
0.115091565299
0.752633490737
0.307822324386
0.196440199696
0.593189964158
0.226354747327
0.624291902699
0.189629629630
0.273311897106
0.621609504595
0.038318127727
0.075739920764
0.390688092295
0.156310679612
0.096065873742
0.592136150235
0.673719794666
0.006532784902
0.255562619199
0.894376312010
0.300575263663
0.098459127710
0.665413533835
0.692022263451
0.370472895040
0.063455657492
0.382316869216
0.717763408140
0.431851206045
0.862091574691
0.081030224627
0.311781888997
0.221276595745
0.839076376554
0.460193003619
0.044244217321
0.065846033607
0.300484461775
0.039064224233
0.290743155150
0.278656126482
0.004426197960
0.558232931727
0.001828153565
0.521318336385
0.269486490310
0.582172701950
0.570661896243
0.835755322744
0.535502958580
0.182972880192
0.053986414015
0.806899544370
0.010909674314
0.627497062280
0.595926231764
0.111804688584
0.357593885012
0.162745729939
0.025794189519
0.184420182945
0.183153069264
0.523688663283
0.841184387618
0.415414444983
0.021160695579
0.386962552011
0.630547203848
0.887268307505
0.411320754717
0.490864799026
0.008121827411
0.775749423520
0.587322695035
0.341296928328
0.031337487582
0.806110175607
0.083462934163
0.202739157502
0.568832462036
0.139784946237
0.498736576121
0.086017357763
0.525252525253
0.317030567686
0.648055716773
0.275801988316
0.447019248739
0.800897203398
0.214057507987
0.519117220017
0.129339946585
0.628180508881
0.126107792293
0.622945320362
0.278919631094
0.254071191814
0.032017508308
0.438390092879
0.980797277589
0.743134769751
0.807489941195
0.410953212000
0.641454545455
0.787028073572
0.127913587265
0.059821153253
0.629801894918
0.561208757323
0.393004562242
0.135916714864
0.636887608069
0.079292719989
0.040768841679
0.068249258160
0.596250901226
0.310344827586
0.116705183229
0.636644653646
0.797481108312
0.321554770318
0.321739130435
0.222164681512
0.319460390356
0.648623569440
0.014084507042
0.230813287514
0.189559047136
0.352861035422
0.894897182026
0.977272727273
0.660249150623
0.979371628055
0.073856975381
0.074583301329
0.524916943522
0.979863784424
0.550168977975
0.869753086420
0.665605095541
0.341263940520
0.019130434783
0.292377701934
0.099489530159
0.847660868097
0.362630966240
0.889767553319
0.678937381404
0.661852166525
0.034854842853
0.047133757962
0.135371179039
0.194799519283
0.027673161945
0.100815100815
0.159969673995
0.927652733119
0.098746383799
0.419909044972
0.610566601325
0.641478212907
0.049050184293
0.262908883269
0.134648293254
0.164465786315
0.283630470016
0.436232831916
0.077128166064
0.347874471400
0.667173714633
0.225549255847
0.043137254902
0.200908283147
0.117818642993
0.239766923243
0.273268398268
0.500710563714
0.078041686864
0.719420289855
0.701907437528
0.581462187893
0.128327849237
0.723742838956
0.206228788181
0.250371839365
0.170768223075
0.900644671976
0.003951319741
0.128031931225
0.949820788530
0.209058777327
0.065349985478
0.184903331962
0.447226569292
0.269313426083
0.024807971767
0.259541984733
0.246067985794
0.410574070843
0.130809101291
0.073807721423
0.555212653101
0.031141487075
0.350898203593
0.573789173789
0.066873224890
0.191843137255
0.313143445436
0.541860695532
0.318443804035
0.160254732618
0.549634273772
0.354995331466
0.318619989853
0.143343653251
0.194122067296
0.432854864434
0.712248628885
0.740740740741
0.878516305701
0.762591886741
0.661586421891
0.136036625245
0.102575015961
0.633900721861
0.664308681672
0.515244841392
0.889725821030
0.239606953893
0.948275862069
0.988819875776
0.445385744945
0.382440216443
0.150269457325
0.061034275406
0.275307683779
0.241569390402
0.070918278446
0.280660026758
0.141734346345
0.126984126984
0.051291205522
0.745682888540
0.372402770378
0.571786120592
0.141997744078
0.943124269575
0.022645099905
0.608457321848
0.559770350625
0.176470588235
0.706700810926
0.083779409934
0.005796903771
0.383682983683
0.034031132582
0.606504588633
0.172501268392
0.502886994776
0.263175312319
0.141239939860
0.175465838509
0.032967032967
0.501722158439
0.146096993014
0.164549116827
0.810725552050
0.360760154537
0.472779369628
0.077995642702
0.227125119389
0.622544283414
0.021515571439
0.644546147979
0.946238799750
0.194805194805
0.052112556321
0.829760403531
0.598215708141
0.800464037123
0.991957535789
0.827144120248
0.966654035620
0.235923309788
0.465669612508
0.112598673824
0.751771793055
0.590459045905
0.888444537992
0.679012345679
0.599353796446
0.833333333333
0.705246506723
0.119231960359
0.675079209003
0.345021755823
0.016464176223
0.152767527675
0.697536810238
0.366747060597
0.324626865672
0.065677738364
0.436438497169
0.463693706909
0.127200652909
0.388815320363
0.517928286853
0.474587458746
0.124912033779
0.404450122432
0.566134775155
0.481915933529
0.046438853423
0.385724090597
0.240041928721
0.053764779091
0.323193916350
0.038355625492
0.285147910948
0.050780202692
0.671491228070
0.797983371661
0.747741935484
0.670853462158
0.130572827094
0.344074844075
0.686708860759
0.360998138830
0.118440779610
0.315953766979
0.278901098901
0.266900913563
0.770120920556
0.202483285578
0.250098360656
0.716989247312
0.742531622858
0.315332690453
0.092906615715
0.997732426304
0.003994313181
0.131776480400
0.427692805697
0.833973412112
0.699743170675
0.056379821958
0.431030677555
0.878808705613
0.870138654041
0.224380871050
0.418733273863
0.163962425278
0.094480412597
0.584459459459
0.206260396189
0.545621234611
0.089171974522
0.402012553552
0.345332373410
0.261766473062
0.968984962406
0.696505404555
0.684210526316
0.315134099617
0.789422135162
0.262236513040
0.264006290545
0.330782963530
0.238137276539
0.191947291362
0.868949352899
0.404963112005
0.447299423178
0.126980817348
0.076142131980
0.514852705534
0.738636363636
0.018483330454
0.661971830986
0.599324012905
0.148974668275
0.303876244666
0.965536409116
0.113068711784
0.088429388473
0.213969503197
0.131092704683
0.290955706834
0.127000144155
0.047530446549
0.367598437030
0.652173913043
0.781440343963
0.544368600683
0.677954388390
0.867914144194
0.328818202572
0.494926719278
0.505665450355
0.191194657433
0.064814814815
0.340160394818
0.533118510562
0.290842954294
0.356756756757
0.500000000000
0.502919320594
0.080272491046
0.217740777953
0.172840473021
0.072260705290
0.031253288435
0.466593042518
0.982692307692
0.043704891740
0.449320388350
0.325586642599
0.320765495573
0.063545797466
0.779746087983
0.251201160366
0.640195869704
0.476186139696
0.702140927042
0.170719961474
0.246006389776
0.528263011735
0.625695498230
0.941764969389
0.019144602851
0.786526684164
0.859143815348
0.702821096899
0.358890701468
0.088465031789
0.013052134798
0.497636919655
0.144062688366
0.058823529412
0.035489896417
0.019403880776
0.114862471963
0.042877077255
0.284269421132
0.419167940774
0.041306319927
0.066735200891
0.516202724427
0.393364928910
0.566963866729
0.671698113208
0.242060227086
0.469294487289
0.344741163253
0.261517716683
0.101439101439
0.069698354662
0.215526046987
0.273222184416
0.174177831912
0.014065639652
0.531477978925
0.512195121951
0.130966143683
0.168280554829
0.659480862297
0.157204372309
0.094880729027
0.466316710411
0.045966651645
0.040173362227
0.277437927312
0.225372736954
0.025366019748
0.647850854480
0.069088477825
0.091821222256
0.108779774701
0.252447192169
0.581081081081
0.677047012144
0.640016400164
0.396773036931
0.869491263337
0.258855585831
0.291230005516
0.066666666667
0.250018410781
0.613242249080
0.748113595829
0.195042714475
0.887850467290
0.384447832716
0.580607814761
0.736763609247
0.522691352450
0.538083968797
0.333333333333
0.032258064516
0.516012595039
0.082434934117
0.120854826824
0.142857142857
0.954070981211
0.287860931055
0.031570055960
0.240366459193
0.203815869170
0.045141545524
0.092550790068
0.989748480153
0.367355487294
0.128107825177
0.825097760398
0.155854753162
0.001703809719
0.027449408936
0.395748530077
0.056983869832
0.306133933596
0.075936271467
0.229762314847
0.393404907975
0.136211421848
0.078198397347
0.159902991108
0.989361702128
0.040878299463
0.046432616082
0.111294993794
0.077376140432
0.950341402855
0.616582583900
0.144109589041
0.264694154239
0.788223891447
0.113135914958
0.224230254351
0.126731657260
0.290322580645
0.472449536279
0.696860582874
0.429805615551
0.326052422558
0.458484323302
0.114257009773
0.044148563420
0.295804343243
0.777902306902
0.451119171901
0.390306122449
0.009461551694
0.045246868091
0.182335897692
0.012104480781
0.563218390805
0.024904942966
0.724924609938
0.257008736472
0.991412496298
0.826140950016
0.618817852835
0.181346347509
0.030543388185
0.021393643032
0.108635425877
0.945975344453
0.154651631091
0.413665835411
0.514324693042
0.093484965305
0.344224037340
0.498316234631
0.222832369942
0.406907502977
0.085552629012
0.020765220465
0.989110707804
0.224417495572
0.429665071770
0.092379361870
0.870004814636
0.041713641488
0.469284357188
0.310464863297
0.007407407407
0.857303511183
0.887218045113
0.998472991029
0.488679902473
0.879581151832
0.252878190162
0.130997715156
0.005283240387
0.112900575185
0.549935301729
0.148162859980
0.733583489681
0.084841174105
0.785107772698
0.316100724914
0.126278073932
0.939611486486
0.769521843825
0.881559942224
0.689106487148
0.614274385408
0.660694536607
0.095812363498
0.004160363086
0.295496094399
0.517966462603
0.301236174366
0.578273482045
0.825932171632
0.236158345803
0.401096163428
0.205431229570
0.910523150932
0.773528048215
0.019914441658
0.032596478082
0.561936013126
0.330010242404
0.771137952956
0.150324775750
0.309379569668
0.023880597015
0.490399748190
0.363775510204
0.631429113684
0.194668200997
0.068011958146
0.030121105476
0.603133159269
0.477609277431
0.511947863867
0.128678134903
0.259368111683
0.762614552280
0.695377235063
0.133565621370
0.783339701949
0.330422666047
0.403087205602
0.838674514934
0.079469691164
0.132173692230
0.130520764667
0.474393766961
0.590990820479
0.614671163575
0.074978938500
0.363785814937
0.457707392881
0.841753050781
0.246244575498
0.525031685678
0.426698809703
0.225515270047
0.057370722923
0.222735233243
0.751120485104
0.599795160671
0.653691275168
0.199763126727
0.667466861497
0.214400000000
0.648007165249
0.475713645195
0.038374717833
0.090782554903
0.803254654743
0.069225928257
0.459970887918
0.857052498419
0.031391402715
0.463470319635
0.325911294667
0.303290019353
0.050779441272
0.604666355576
0.134767836920
0.018204645323
0.235622112474
0.108063371956
0.092401079137
0.856910569106
0.239829993928
0.166532062672
0.535028541775
0.710976837865
0.252300172513
0.326664582682
0.147094119664
0.191547464239
0.145985401460
0.534246575342
0.448179828924
0.003843689942
0.002570694087
0.663716814159
0.238876078230
0.471547154715
0.402480865664
0.016088666428
0.072568940493
0.007579585649
0.363693864643
0.486697124429
0.130574786669
0.240401311981
0.172081146262
0.058955015367
0.603660565724
0.707150688269
0.631534211645
0.117873158232
0.950391925266
0.290773742387
0.972335231896
0.547433698377
0.298186344239
0.219872875859
0.261086240392
0.101979604079
0.137765205092
0.651992343832
0.574484412470
0.676923076923
0.102751465945
0.201049868766
0.209066947812
0.871986926324
0.161956852021
0.438645980254
0.102720627025
0.515597752374
0.060532687651
0.481492953384
0.084112149533
0.349274583557
0.891446106636
0.925170068027
0.135525260626
0.909003831418
0.271196816651
0.189675740158
0.114116094987
0.312893982808
0.147757087093
0.042866192722
0.437948904446
0.286962649753
0.577133007756
0.053833605220
0.125243720610
0.118418027133
0.519230769231
0.407005003574
0.574104234528
0.203936577365
0.113636363636
0.117959253552
0.357863220927
0.000479484896
0.083424980361
0.191269385411
0.104585070102
0.375641025641
0.089877010407
0.795771479982
0.576113360324
0.967913230143
0.640943969886
0.039164490862
0.534900630150
0.397964649170
0.099168975069
0.099658961728
0.600870038064
0.222387243024
0.303571428571
0.806211918561
0.171583978902
0.001055520372
0.887151733814
0.935395189003
0.138430784608
0.873254564984
0.697108502720
0.186405943130
0.279258036627
0.273138899987
0.813236118901
0.011308950914
0.594046306505
0.122331413080
0.112211784799
0.627522779528
0.268744354110
0.642413257380
0.828810020877
0.054697437761
0.699678226671
0.400888303997
0.054480764954
0.704245973646
0.803548247512
0.100473243538
0.216951296648
0.386581469649
0.589435774310
0.085109693481
0.799271806237
0.427304964539
0.830389577853
0.739130434783
0.153488372093
0.113342898135
0.843298484671
0.193109700816
0.003627569528
0.942665446783
0.949439142809
0.193641393283
0.113349390555
0.697030363697
0.717480646086
0.022967880854
0.259391063662
0.103146457406
0.928143712575
0.636363636364
0.090464547677
0.682703872985
0.290422644436
0.119120342089
0.548969072165
0.264395297868
0.104451857817
0.400939947781
0.548327137546
0.433498275604
