2494
10 33 21
9 60 34
11 15 3
14 39 24
12 1 7
13 48 37
10 19 27
14 2 1
20 55 25
0 23 33
3 53 41
8 22 4
8 39 22
4 42 35
21 52 27
16 35 0
7 12 19
2 17 28
21 37 3
22 31 21
3 52 33
3 45 37
17 47 16
4 50 23
6 1 0
23 17 35
15 14 28
13 57 36
12 41 4
2 2 14
6 18 6
20 6 9
24 52 36
0 61 28
16 31 11
10 28 41
6 2 12
5 47 6
20 45 17
14 53 17
19 5 20
19 61 22
14 7 18
7 62 34
12 1 32
3 59 32
0 14 39
1 24 22
11 17 1
24 55 2
7 53 37
1 23 25
11 35 31
19 46 29
13 4 30
20 4 15
3 57 31
14 19 29
9 23 19
16 29 21
7 40 25
5 13 3
15 31 29
17 17 34
16 27 28
8 55 6
6 30 16
0 7 0
9 14 33
2 32 28
18 45 0
1 22 38
2 22 5
16 11 8
11 56 15
22 12 2
9 22 22
9 46 11
17 62 1
12 42 37
21 9 30
9 54 30
20 20 13
25 36 15
1 61 34
22 63 9
1 32 10
5 35 1
14 19 23
15 30 33
14 32 10
20 5 11
13 3 35
5 24 28
14 35 15
26 26 11
23 20 17
22 42 22
8 13 7
10 39 22
23 38 24
10 2 31
17 21 20
13 36 3
4 42 22
2 3 1
20 8 14
11 63 36
19 38 5
16 3 29
8 6 9
21 25 37
2 52 20
21 13 7
1 2 5
1 6 11
3 2 40
0 34 40
13 4 11
17 16 41
3 17 2
14 50 40
18 40 17
25 51 25
12 56 9
18 37 16
23 31 32
8 32 13
14 33 2
18 23 34
23 43 21
8 60 39
10 9 33
9 21 38
26 37 40
1 31 22
6 2 28
13 36 19
5 56 34
0 24 7
13 50 27
17 56 15
6 37 27
17 38 41
26 18 39
8 63 2
7 63 1
8 62 22
26 50 39
25 21 14
25 47 27
7 10 23
10 51 33
9 15 16
26 48 26
7 38 24
11 9 8
10 52 11
9 17 30
3 35 20
3 1 29
8 61 31
2 56 22
21 6 20
7 55 39
22 26 6
23 27 20
0 8 9
25 28 23
26 46 25
5 7 34
1 21 12
0 56 38
26 15 16
3 27 20
8 15 9
21 36 13
12 9 32
11 12 1
12 11 0
25 14 4
11 27 28
7 33 32
24 17 25
19 55 4
12 54 21
5 54 36
0 30 14
3 54 26
12 3 41
23 59 18
19 35 28
9 52 7
2 28 25
25 52 20
0 5 2
12 48 36
21 16 11
19 57 26
12 29 21
26 58 15
9 33 38
12 53 34
7 56 31
12 58 11
10 7 30
22 41 6
11 22 17
20 41 11
26 45 12
21 40 38
21 45 19
13 21 34
2 49 15
1 26 17
9 37 41
15 31 11
18 38 22
12 60 5
19 28 13
6 61 1
13 20 19
22 28 9
24 33 2
13 59 37
20 52 39
11 32 26
25 58 41
17 52 11
4 55 7
4 62 0
4 32 23
11 28 35
6 62 25
0 2 2
9 0 22
6 56 18
0 33 39
6 14 10
2 59 15
1 33 20
26 42 19
15 19 2
16 37 40
16 7 35
9 25 1
0 27 27
19 7 0
20 42 26
16 32 14
13 1 34
11 30 21
4 32 37
12 38 30
21 53 9
13 28 23
25 20 31
12 6 7
20 59 38
1 36 17
25 4 6
11 15 13
2 42 32
17 17 0
0 0 18
11 4 12
6 47 39
22 46 40
25 48 17
3 27 9
15 10 21
5 60 35
7 13 34
15 0 12
3 14 5
15 49 10
12 36 3
22 17 38
24 35 36
23 54 29
11 24 41
13 34 25
11 5 1
10 38 33
26 30 11
15 57 30
25 5 19
23 20 13
8 1 19
6 17 39
6 5 10
6 4 9
0 31 23
26 24 18
5 62 22
8 46 38
9 40 6
25 51 1
0 59 6
15 0 2
14 36 32
26 55 25
12 29 27
9 27 13
2 43 4
3 48 11
11 23 12
4 19 3
14 44 39
16 28 38
0 50 28
1 50 0
15 41 14
7 46 30
17 9 30
17 51 0
2 56 32
26 13 41
6 11 29
26 9 23
25 2 38
24 21 30
8 62 16
1 24 32
8 5 8
0 19 28
5 56 31
2 57 25
6 19 33
16 11 21
7 38 23
9 56 2
5 19 39
7 52 4
11 8 36
20 23 38
24 61 3
25 56 32
22 48 38
5 10 4
26 32 32
4 55 24
17 8 20
15 59 15
22 30 18
16 3 41
3 12 25
22 6 8
11 44 10
3 35 30
11 10 17
23 60 7
15 21 1
14 18 35
17 39 22
16 34 16
20 54 33
6 63 41
1 26 27
20 49 11
20 2 32
2 13 40
4 49 6
11 21 24
23 61 30
3 18 14
13 9 14
25 48 32
5 2 33
17 26 8
5 25 21
14 23 7
8 63 34
1 36 25
23 38 31
10 18 1
22 54 1
3 33 6
17 14 30
10 30 30
12 60 12
8 58 33
25 63 34
22 44 13
23 60 19
2 9 15
12 62 0
23 33 31
19 51 20
11 28 18
4 36 34
4 22 1
7 51 40
1 56 21
9 26 10
18 24 35
20 34 26
21 18 6
15 35 20
20 39 10
16 59 2
25 21 8
23 16 33
9 56 6
25 10 33
4 33 5
1 11 5
6 53 17
10 49 34
13 9 4
11 15 13
12 59 27
6 39 0
23 18 27
21 44 13
10 25 4
23 54 31
15 57 40
0 6 21
22 21 23
21 59 6
4 43 26
4 20 17
12 40 20
9 40 15
13 12 1
12 35 8
21 63 38
2 3 18
11 51 40
19 19 9
5 59 3
3 38 30
19 42 38
14 23 27
19 47 18
22 63 6
3 49 37
6 55 10
11 39 31
10 16 34
8 57 24
3 15 19
2 29 7
25 46 22
18 44 25
17 16 36
20 3 7
4 3 40
21 34 12
15 60 31
23 63 9
16 14 27
3 43 13
15 44 29
7 40 24
26 32 10
19 9 40
20 11 12
20 12 1
18 31 36
9 53 40
22 26 28
14 44 35
10 5 0
9 24 24
4 45 14
19 60 38
21 32 20
10 17 10
13 42 5
26 37 37
10 17 33
19 52 1
0 15 10
10 4 28
16 15 33
23 6 32
12 43 41
17 43 38
21 36 5
26 4 35
17 34 7
7 30 2
0 45 32
25 28 25
4 43 34
16 21 24
17 27 1
20 48 16
24 19 30
22 62 24
23 54 32
5 24 31
3 57 7
21 58 20
11 23 19
8 31 25
13 18 36
25 29 37
0 44 31
4 3 18
18 37 2
4 48 34
10 54 29
4 55 6
4 14 13
2 49 10
0 12 34
0 34 15
23 61 41
0 16 3
1 24 26
24 32 26
20 54 22
16 50 29
6 22 26
23 62 27
23 17 39
10 47 10
18 26 14
13 0 38
16 57 13
6 21 32
20 9 17
20 29 8
5 47 0
5 37 34
14 29 5
8 63 32
22 7 38
11 20 31
23 35 5
16 5 37
21 39 0
22 9 21
25 63 31
19 3 0
16 13 20
8 35 2
26 36 38
2 63 9
4 7 13
23 50 23
24 31 27
2 52 24
2 58 14
20 59 28
22 11 5
26 17 34
7 31 41
13 55 18
8 28 10
18 57 10
23 63 6
15 18 10
9 23 1
6 2 22
14 61 18
7 46 18
15 21 21
25 56 19
13 10 14
12 32 0
14 6 7
22 26 16
13 48 18
22 47 0
4 42 35
11 25 14
9 10 31
1 26 25
8 24 21
8 30 23
16 8 17
0 17 3
19 57 37
23 2 37
0 46 23
14 57 1
6 11 3
10 22 40
6 19 20
25 43 28
1 33 18
15 27 28
26 37 21
25 52 6
8 32 5
6 9 35
17 33 33
18 20 11
15 1 39
12 11 24
24 29 0
20 1 40
22 20 6
6 63 21
20 0 31
19 35 17
20 57 7
21 56 38
5 7 36
18 23 35
13 38 13
20 61 39
21 0 1
7 46 16
18 38 35
7 10 36
9 16 6
19 45 7
4 23 10
1 12 25
9 47 38
7 13 32
1 41 4
9 39 10
0 41 36
6 59 10
18 36 30
16 50 41
0 29 2
17 23 6
18 32 17
15 55 40
9 63 38
3 55 0
9 13 10
14 54 40
14 24 26
7 35 1
11 43 3
9 32 29
11 3 15
4 25 35
18 16 18
0 30 31
22 48 26
19 8 19
18 39 13
3 10 38
16 34 16
4 22 34
17 45 27
14 51 34
25 51 41
10 28 36
4 53 4
2 28 28
2 13 10
4 39 23
3 35 6
8 59 38
23 48 0
2 56 5
1 51 1
12 60 4
3 49 36
16 3 37
0 49 23
0 61 3
0 55 16
18 49 40
0 0 41
22 18 37
8 62 24
22 32 24
14 21 13
4 1 16
5 22 33
0 31 41
11 59 33
15 4 39
10 35 39
15 53 25
20 15 11
13 12 12
10 29 32
15 25 37
9 4 9
23 58 40
4 16 16
2 57 38
6 30 27
19 38 35
5 26 21
5 54 40
16 56 35
21 27 26
0 50 8
0 36 23
7 1 30
15 23 10
23 29 30
4 12 35
2 56 29
25 13 2
6 57 32
25 44 40
15 54 5
21 36 25
15 52 33
17 51 41
11 34 40
1 55 19
21 20 9
3 8 15
24 61 6
25 22 19
26 47 26
18 3 17
14 22 20
10 2 33
12 50 18
25 48 41
1 20 34
26 50 39
2 28 33
3 17 38
2 49 39
10 18 12
20 2 35
5 26 26
23 59 8
5 1 37
18 10 2
8 52 9
16 20 18
21 17 21
26 50 5
9 61 29
10 49 8
20 9 14
8 9 25
12 5 27
21 29 37
23 36 6
3 51 29
2 17 14
6 53 21
5 17 26
18 40 5
4 26 31
15 43 32
21 50 7
11 51 4
22 12 34
7 5 22
26 32 0
0 53 26
11 9 35
18 29 6
6 35 15
20 33 17
15 37 3
16 33 5
25 61 35
0 63 12
18 42 8
2 19 0
7 30 1
1 44 29
0 20 17
21 8 2
7 47 19
6 22 14
13 20 34
0 43 34
22 9 17
16 2 29
6 15 26
1 57 31
8 61 39
7 8 20
26 30 27
8 4 33
8 12 35
15 20 25
17 13 24
18 50 7
21 46 23
4 37 5
10 30 16
20 61 10
10 14 38
13 15 30
6 6 31
9 51 20
1 9 32
5 59 23
2 45 10
7 53 24
22 53 24
23 36 5
15 48 25
23 58 22
8 22 3
16 26 39
7 32 24
12 12 31
10 40 17
7 0 1
19 2 40
25 8 28
6 26 4
14 16 13
5 15 33
17 32 5
1 15 26
20 20 18
20 52 32
4 26 41
5 30 28
25 44 41
5 17 28
3 16 34
20 17 1
24 13 39
18 60 4
8 47 19
25 40 17
16 62 20
24 61 28
8 59 7
8 20 8
20 27 6
22 17 30
15 8 19
18 62 18
17 21 10
13 42 19
12 0 37
15 0 36
17 46 33
20 43 25
8 34 30
24 41 8
23 62 20
2 46 10
6 63 14
24 60 8
16 51 9
2 0 14
8 61 23
17 47 1
0 11 6
5 33 37
4 21 34
18 46 10
22 26 15
13 7 39
20 23 22
9 23 41
4 9 35
2 26 7
24 35 17
18 61 0
17 18 26
23 56 17
11 48 17
22 40 1
6 7 22
3 48 4
26 8 11
14 18 23
16 10 1
3 9 39
26 7 35
3 41 2
7 20 32
26 58 35
15 33 13
11 17 1
15 49 2
10 49 12
4 27 7
21 33 13
7 1 7
14 14 37
19 15 12
12 36 10
24 54 34
11 39 6
24 42 28
7 24 12
12 26 4
23 5 13
26 47 12
21 48 15
23 8 38
18 35 38
21 52 31
1 19 17
1 48 31
3 52 6
24 34 29
8 28 19
0 22 29
26 28 24
24 56 36
17 26 24
26 18 24
21 51 29
23 7 7
12 16 14
9 15 6
22 7 11
4 52 15
19 53 1
15 14 7
7 25 12
13 59 35
21 51 40
19 34 4
17 29 27
21 40 24
1 41 40
13 51 4
9 61 10
7 31 15
22 43 37
0 61 27
13 20 39
6 19 17
11 63 2
10 17 3
19 53 23
24 16 23
4 32 40
26 17 36
25 36 27
4 52 32
20 61 0
4 54 21
19 26 0
23 47 30
13 56 10
0 12 0
9 3 20
0 9 9
6 42 4
2 50 10
14 1 5
18 27 30
4 27 22
14 28 14
5 40 36
24 18 16
12 13 11
10 19 5
13 2 25
2 49 40
22 48 37
24 50 35
22 11 23
26 14 11
20 45 40
6 41 15
11 52 29
0 18 26
19 29 34
22 60 34
14 34 14
1 59 36
17 17 19
9 2 5
16 45 30
0 27 30
25 10 27
15 40 6
20 36 18
21 25 25
21 0 38
22 46 26
10 6 23
24 46 12
5 29 36
24 38 1
1 8 11
18 39 30
24 1 4
0 59 16
0 20 27
1 39 5
15 62 11
25 38 4
7 6 2
26 35 27
7 27 18
20 56 26
1 47 3
13 38 27
26 19 39
2 21 28
21 20 35
9 13 32
9 22 24
3 53 30
24 46 1
13 11 24
14 4 11
5 35 16
25 42 8
23 36 39
11 55 1
24 0 0
11 40 21
25 52 1
2 56 13
23 0 7
12 62 32
14 39 41
0 7 4
7 41 16
19 52 2
17 0 2
16 21 39
3 25 20
23 7 7
15 20 31
4 11 23
21 62 0
0 40 38
11 14 6
15 3 32
7 30 23
4 60 16
0 43 20
7 12 19
9 15 6
14 28 22
13 61 33
1 40 26
19 62 31
21 21 11
5 43 0
15 16 1
10 42 6
25 40 17
8 45 21
17 44 18
2 40 15
14 8 34
9 18 26
23 29 23
25 31 3
6 32 32
9 60 15
2 54 26
18 11 16
15 13 38
22 32 3
13 60 29
17 60 15
19 30 18
6 9 9
13 44 36
22 22 5
24 26 17
14 20 25
2 51 38
9 17 16
0 56 4
19 51 23
12 54 3
21 56 2
0 38 32
0 45 23
12 9 29
10 44 36
14 4 15
12 26 18
7 58 35
21 32 25
26 40 7
14 41 35
12 6 36
4 28 27
0 27 4
0 27 16
18 32 25
21 61 13
26 24 39
6 8 30
24 47 24
7 49 20
12 18 2
16 23 33
17 14 5
24 61 24
1 44 0
25 8 11
25 12 30
12 57 21
12 1 17
25 44 16
6 44 13
1 17 7
12 28 23
7 42 14
6 36 26
2 4 0
26 62 24
23 58 33
4 32 2
14 39 21
25 29 41
10 43 24
25 63 6
14 33 41
10 34 13
11 30 38
19 19 33
6 45 3
23 41 26
4 10 10
23 34 35
3 29 10
24 2 36
1 57 6
25 41 2
14 20 27
9 52 10
2 8 11
15 22 22
17 9 27
14 55 32
5 41 19
14 12 1
22 10 14
13 55 0
20 34 39
25 33 36
18 52 24
2 22 20
11 13 23
1 32 2
0 61 26
22 40 25
16 24 8
20 10 41
15 44 10
0 54 15
1 4 33
4 15 12
26 29 9
1 62 41
9 40 25
9 23 32
15 1 27
12 48 12
3 46 35
21 62 5
23 26 35
5 49 30
16 18 11
22 17 28
21 1 19
12 26 5
13 40 33
15 21 37
1 33 14
24 55 24
11 21 29
11 62 2
25 59 10
17 10 8
11 19 40
0 58 0
19 35 29
21 8 2
10 48 4
3 37 41
25 63 8
2 24 4
14 13 0
20 20 30
23 13 20
1 25 38
16 33 20
24 14 10
23 27 17
22 27 39
3 54 23
1 12 40
26 15 38
22 35 16
19 40 35
4 62 10
7 31 19
7 42 30
21 43 34
12 7 33
24 24 10
3 29 2
13 4 34
3 61 22
16 26 41
19 28 19
21 13 25
17 44 36
18 23 37
23 60 36
10 51 12
6 19 21
8 25 29
10 7 17
12 58 2
8 35 5
13 59 16
24 58 26
3 54 34
25 5 10
25 45 31
3 4 38
20 17 36
24 19 15
8 51 16
26 11 22
14 9 3
14 28 29
15 37 15
6 40 23
4 49 33
10 34 32
0 46 36
12 40 2
21 46 19
21 29 8
3 15 11
25 11 33
21 58 39
1 56 18
23 27 30
0 7 32
21 34 12
4 17 35
19 59 26
2 4 30
19 9 13
9 59 8
26 41 31
2 31 35
12 37 1
24 62 33
1 55 32
18 41 7
11 63 26
11 19 24
1 7 1
5 40 37
1 54 9
23 43 18
0 18 37
16 19 2
21 59 0
20 39 4
3 36 30
20 24 38
5 19 15
4 31 33
0 28 25
13 23 18
26 26 38
24 29 21
3 46 14
16 38 0
8 60 17
1 33 11
8 35 18
23 13 2
19 60 11
12 29 4
16 22 11
2 10 14
11 48 38
7 56 40
8 55 4
12 12 6
25 1 34
16 13 13
6 10 12
12 58 3
26 46 33
1 43 28
8 38 17
26 43 21
20 7 3
14 21 18
8 56 15
0 45 11
10 52 24
21 1 36
19 0 40
2 1 6
20 45 34
18 27 10
9 17 39
1 27 30
22 2 24
18 1 17
22 19 13
12 36 36
17 19 35
14 7 31
5 2 37
25 58 33
9 22 3
19 51 4
1 47 33
6 44 4
9 22 41
0 0 1
25 60 26
11 1 41
12 48 20
5 28 38
18 34 23
13 48 35
14 23 7
15 44 3
11 44 10
8 40 2
25 15 16
17 5 22
18 59 0
0 7 38
17 52 13
2 51 7
23 3 2
14 37 3
22 50 15
0 52 19
8 10 7
5 8 2
17 12 3
4 59 21
7 46 24
2 47 38
6 24 0
8 47 8
16 30 10
5 10 4
24 62 13
5 44 8
7 29 22
23 62 12
3 63 40
1 63 17
15 5 34
13 35 38
0 42 5
8 44 27
18 63 23
19 8 33
24 38 20
23 42 3
8 14 15
1 43 41
19 46 20
8 35 8
23 4 20
19 4 40
11 14 22
9 55 27
10 9 9
9 58 40
4 41 28
14 56 29
19 25 22
6 41 39
0 52 35
22 45 0
24 4 34
2 36 14
1 58 18
9 17 3
5 46 26
20 47 28
22 24 14
20 19 20
13 15 18
21 3 41
7 0 4
12 22 12
10 50 0
13 13 2
10 57 39
8 48 33
26 56 39
9 45 20
14 27 6
11 45 32
12 20 13
2 56 26
1 21 30
25 12 40
6 14 0
10 56 38
12 41 37
18 62 22
14 3 36
1 41 26
6 44 2
20 44 22
24 33 39
11 60 12
5 9 7
1 48 40
26 46 8
16 22 9
24 61 8
11 24 17
21 0 23
20 16 32
24 26 29
21 41 37
16 4 10
25 55 26
9 6 7
19 24 28
18 57 9
21 11 3
23 59 21
15 16 38
26 51 21
26 2 23
19 7 18
10 49 10
21 27 26
16 4 40
18 12 27
17 14 34
16 44 1
16 46 21
20 63 17
26 44 5
16 54 14
17 17 40
22 43 11
8 7 39
21 29 39
25 51 18
23 45 22
25 15 25
26 24 22
23 11 11
11 55 41
16 37 14
25 52 18
9 7 36
8 15 24
15 33 11
14 17 6
26 7 8
13 15 38
13 13 0
0 34 13
13 33 27
5 37 28
13 41 16
3 47 3
23 29 16
19 18 21
5 38 12
6 21 15
24 56 27
25 46 5
12 46 4
18 2 29
3 36 8
12 32 0
6 25 28
3 59 17
19 4 6
23 40 6
5 55 18
22 24 8
5 51 1
5 23 35
2 10 39
18 5 12
19 59 30
6 19 35
7 11 5
9 1 31
6 32 18
12 22 9
16 35 22
16 32 14
7 21 40
25 46 32
1 49 38
18 11 14
13 3 16
0 60 6
12 8 30
4 60 0
6 8 36
1 55 28
8 48 11
3 5 12
0 51 24
7 41 34
20 35 23
22 9 35
10 11 39
6 46 30
24 16 32
21 63 9
4 7 33
25 58 13
4 25 4
23 52 30
19 22 14
14 18 28
14 22 40
4 7 10
13 22 21
12 16 28
22 18 27
11 45 32
15 30 29
10 34 37
6 11 12
23 45 11
24 55 39
12 9 38
12 52 40
18 35 26
26 29 27
10 28 24
22 52 34
25 0 30
2 0 39
11 4 2
18 39 2
6 6 14
0 7 31
6 0 28
25 26 12
2 13 26
7 10 10
23 33 20
20 17 13
14 3 21
12 21 25
18 13 10
10 3 27
25 38 25
9 42 36
16 61 41
12 26 1
18 10 6
13 61 19
15 1 12
5 53 40
5 23 25
24 56 32
2 57 20
10 40 35
1 10 20
2 55 36
12 28 22
23 57 28
11 49 12
1 11 1
0 51 7
14 35 34
25 50 2
17 56 30
4 29 31
10 21 1
5 3 36
3 57 12
3 11 10
22 50 28
18 49 6
23 58 28
1 2 40
6 16 18
7 27 31
3 27 28
15 30 30
13 59 19
12 53 14
11 49 36
22 12 36
5 50 10
25 8 41
16 6 31
17 13 31
10 38 6
0 47 39
19 22 5
5 55 23
25 0 15
15 26 2
6 18 28
16 54 5
4 25 5
21 13 35
26 31 25
3 5 17
9 2 5
3 32 0
24 22 39
19 56 21
16 60 0
20 62 3
5 3 9
12 51 35
17 63 1
18 39 16
17 41 5
24 50 5
11 54 26
5 48 26
6 58 0
14 1 12
2 63 14
16 1 32
9 33 14
26 3 31
24 45 41
6 20 31
9 58 18
19 46 25
23 7 12
0 58 6
10 23 41
25 11 8
26 9 28
2 24 18
5 59 9
14 56 21
15 32 10
3 36 35
22 32 7
19 40 40
15 48 29
22 42 24
7 51 37
17 32 0
12 16 28
13 11 39
5 20 27
12 57 37
4 10 16
20 59 17
13 25 2
24 34 5
12 30 23
17 0 23
18 10 14
4 29 20
20 61 16
20 56 35
7 36 15
10 0 31
2 16 40
19 18 13
17 24 7
26 52 25
16 49 41
11 17 2
17 12 7
14 55 28
18 47 25
25 15 32
12 23 11
10 28 34
9 13 20
13 54 40
14 7 18
19 7 8
0 1 33
8 6 40
12 28 30
13 52 12
25 55 37
17 20 10
26 12 9
15 47 10
5 13 25
11 7 17
16 0 4
0 27 31
6 23 31
22 27 24
12 19 2
18 45 33
26 27 7
5 33 14
22 24 14
8 48 21
16 19 26
17 59 39
4 18 17
12 1 20
25 48 41
19 33 27
24 59 40
24 18 31
26 19 30
23 33 20
12 0 40
25 42 18
10 20 20
7 25 22
25 2 27
26 33 27
12 62 34
5 61 2
10 21 1
1 38 7
14 15 7
7 21 27
14 3 38
21 59 11
19 58 14
9 62 4
8 7 22
8 53 9
17 38 9
5 38 29
10 20 20
8 63 26
14 46 31
4 19 11
25 14 23
1 22 7
5 34 8
25 27 13
18 13 16
16 13 31
17 3 1
22 43 40
3 31 24
24 8 28
8 8 28
13 2 0
18 5 27
20 2 26
12 29 28
26 53 37
10 51 11
15 9 22
10 33 32
18 43 31
1 19 38
19 63 36
0 38 39
4 32 21
14 1 19
13 25 1
2 51 15
2 36 32
14 14 8
12 34 36
17 3 22
18 27 18
10 62 32
20 55 3
19 5 12
10 60 32
3 12 40
17 10 13
6 27 15
20 20 14
10 35 9
23 33 34
26 29 25
24 3 35
17 37 28
9 22 23
22 22 29
24 60 41
12 39 17
0 23 4
24 5 0
21 7 9
22 49 1
24 38 10
17 27 31
22 1 41
10 63 16
11 24 1
3 1 0
8 24 7
19 4 29
2 24 20
4 16 37
7 17 17
4 36 38
16 34 1
22 25 18
16 4 39
4 56 14
11 10 16
5 29 27
21 29 25
0 13 41
17 54 7
19 20 7
17 27 36
9 35 25
0 30 28
26 41 9
20 19 0
19 47 39
21 16 14
20 57 3
19 43 24
23 27 2
21 48 23
4 26 4
14 33 41
14 3 35
11 50 27
2 16 0
4 4 18
6 57 19
23 33 15
9 23 17
5 55 17
19 0 18
5 25 8
22 30 37
25 52 40
25 18 36
4 14 20
13 8 10
17 5 8
22 27 12
26 5 9
18 44 25
26 10 4
0 62 29
17 24 9
24 20 25
15 56 23
5 13 9
3 53 0
10 0 17
21 22 7
26 19 9
10 29 2
22 33 10
19 1 30
25 13 34
23 39 6
5 32 15
4 39 27
22 42 30
23 61 7
24 23 22
8 13 5
4 16 13
25 28 4
18 21 13
0 11 5
11 24 24
3 21 10
14 29 0
7 12 1
15 15 21
2 16 23
18 37 12
2 17 23
14 54 26
0 6 30
17 25 18
6 45 21
13 1 31
1 5 29
12 23 27
12 9 6
9 25 30
15 46 36
7 50 10
0 31 6
22 27 7
14 56 16
11 50 14
13 1 23
16 25 15
8 44 12
4 17 1
10 17 25
15 22 33
4 41 12
11 61 0
18 9 23
10 12 32
12 32 22
12 26 17
14 50 14
5 40 27
0 23 26
14 63 24
5 47 8
22 11 36
19 39 32
20 55 28
13 49 30
20 9 15
21 0 21
23 0 6
8 2 21
10 43 4
7 34 12
14 13 23
0 61 4
17 47 20
23 36 19
11 5 0
9 18 36
4 5 13
26 47 35
18 3 10
26 5 9
8 17 28
1 2 23
11 22 35
21 46 27
15 46 14
15 45 38
2 1 35
13 56 30
16 39 34
12 24 10
19 59 24
6 36 8
18 61 12
20 60 29
10 46 39
23 5 36
19 39 30
16 38 20
17 57 37
3 3 11
17 11 37
1 57 34
10 48 31
5 27 27
8 8 41
1 43 26
26 25 23
19 27 32
23 46 38
23 5 3
20 47 27
0 40 8
3 1 7
3 38 3
15 33 27
0 58 24
20 60 5
3 62 21
2 17 33
23 29 14
18 10 30
1 21 5
9 24 38
16 48 9
17 13 22
1 3 19
20 62 14
6 40 8
15 26 10
25 56 5
6 5 38
4 11 40
25 56 26
5 52 8
21 29 36
8 55 19
6 38 41
20 13 16
20 46 37
3 27 26
7 20 1
3 46 0
9 20 2
5 59 36
5 39 19
19 21 22
26 29 22
6 46 18
24 56 19
17 18 20
4 11 36
12 33 0
10 19 4
26 13 14
9 22 16
9 20 17
22 58 4
11 62 7
12 40 28
11 26 5
3 34 31
8 53 29
8 33 23
7 27 11
6 51 40
12 17 39
22 19 31
11 19 28
16 10 36
23 11 21
25 5 15
9 18 11
7 56 38
9 43 12
4 50 41
13 60 6
8 2 6
7 15 16
18 10 40
4 9 35
11 33 29
21 42 39
8 45 25
19 5 24
21 1 5
25 0 38
22 53 30
3 15 19
18 4 2
4 44 8
5 43 11
16 27 11
12 63 40
8 29 18
22 15 21
22 49 23
24 58 29
0 18 5
9 18 37
1 46 26
14 50 3
9 36 6
16 29 3
25 1 17
5 25 35
12 59 12
0 10 18
4 45 39
0 18 40
12 21 10
20 40 20
18 11 25
6 55 7
6 4 30
7 57 24
11 7 17
21 21 35
26 47 27
7 54 28
16 33 35
9 44 10
11 14 26
25 7 41
7 43 31
20 50 32
11 48 14
7 13 38
0 15 6
19 15 35
16 55 3
15 27 36
25 8 2
20 32 25
7 24 9
16 54 29
26 38 38
6 55 3
18 30 4
6 27 12
1 13 31
11 23 18
7 38 11
16 55 41
1 53 27
5 58 29
20 34 3
10 47 21
19 41 32
5 13 8
20 24 5
20 23 28
10 10 7
18 49 36
0 34 14
7 61 29
20 11 7
17 58 15
2 46 16
10 30 39
22 52 0
9 49 9
2 62 24
23 45 5
14 34 39
17 20 30
14 39 18
12 17 9
0 3 13
18 18 1
20 20 17
23 37 31
11 29 4
6 18 30
21 2 14
22 56 37
22 6 12
23 43 36
9 3 32
20 13 35
21 42 31
25 43 9
26 61 7
14 26 17
8 11 35
20 19 13
18 42 3
10 11 2
11 58 7
5 23 16
0 24 3
17 63 22
5 33 8
0 32 14
16 41 24
25 8 40
14 59 5
0 12 38
5 18 30
19 44 5
22 24 17
14 43 41
21 30 16
2 40 27
15 27 21
0 1 26
4 41 25
21 42 35
10 62 22
11 9 3
15 39 19
14 21 2
12 11 26
20 46 13
6 29 27
17 63 11
1 34 5
15 18 3
7 37 3
15 51 4
24 56 24
16 9 25
23 45 17
18 50 19
10 20 27
17 29 36
19 55 23
22 44 19
22 19 11
11 10 1
16 24 10
14 9 1
14 35 16
26 1 27
9 58 17
13 37 37
10 9 17
15 39 10
16 28 34
18 13 35
8 29 40
23 20 3
26 15 41
7 5 15
13 10 26
11 23 30
8 57 16
14 4 32
5 17 35
23 47 17
3 20 4
15 53 31
8 6 25
25 17 14
17 46 2
20 53 28
21 15 5
2 39 3
18 40 29
10 25 15
12 42 6
21 13 40
6 57 15
16 40 22
7 38 32
7 20 20
3 42 14
14 27 6
2 38 18
2 1 36
25 26 38
8 34 15
22 35 24
4 13 14
23 58 34
5 32 29
3 41 8
7 36 10
5 16 5
20 43 21
12 24 20
18 40 20
23 54 16
24 15 30
4 34 41
17 46 14
0 25 5
11 11 9
9 17 2
7 62 16
0 60 33
1 16 1
5 1 28
12 21 6
8 53 25
24 7 3
16 32 26
19 36 9
9 46 16
25 10 26
7 51 2
12 16 22
26 35 33
22 40 24
20 17 6
11 50 20
5 40 26
20 35 26
17 40 36
23 23 16
5 34 29
11 51 9
9 53 10
14 63 4
15 10 26
1 3 18
9 14 40
16 32 10
22 48 29
25 49 4
12 27 9
5 34 6
17 52 10
23 16 18
25 22 5
21 34 31
0 13 20
0 40 28
0 17 9
5 50 27
25 4 6
16 50 14
14 46 1
0 21 41
3 56 12
14 31 21
1 38 14
2 5 25
17 25 18
17 16 0
13 5 30
4 47 1
16 47 25
26 28 10
12 42 32
12 52 11
11 19 39
16 16 41
0 10 14
7 40 33
10 50 34
14 41 34
3 43 23
3 20 37
13 15 3
23 25 15
7 43 17
18 53 32
10 0 20
15 10 3
22 57 11
7 61 9
26 46 41
10 20 15
26 25 6
23 15 20
23 23 11
11 7 30
17 34 26
17 6 40
21 14 33
6 38 22
23 2 23
24 45 17
8 55 2
11 39 17
5 54 23
8 5 6
18 14 5
3 54 3
16 20 19
26 4 38
14 31 38
0 49 41
14 3 32
6 19 41
8 13 34
6 44 3
8 0 13
10 13 24
1 14 16
8 45 17
26 25 26
10 5 22
16 43 28
5 47 19
6 51 10
11 62 7
14 2 34
0 32 7
5 6 8
23 51 10
7 6 41
17 37 30
0 30 0
11 15 20
15 59 29
3 19 10
14 26 33
13 52 31
9 61 39
25 53 17
26 46 8
21 54 38
18 56 32
13 12 0
23 34 30
24 31 11
4 47 19
4 8 29
11 19 18
6 42 1
0 55 13
16 17 2
6 48 29
21 10 1
22 59 4
14 3 32
17 60 8
15 35 26
17 56 5
19 43 15
16 17 33
14 14 27
25 1 22
23 13 16
0 25 25
2 23 3
10 58 26
9 32 37
14 20 40
6 0 0
2 31 9
16 14 2
10 23 24
0 61 24
8 60 17
15 55 4
12 9 32
25 56 12
19 51 5
3 45 9
2 38 34
12 13 25
4 60 17
12 55 35
5 62 7
13 13 0
2 31 34
3 16 28
12 53 8
20 61 36
4 58 12
22 39 35
8 3 37
1 22 0
22 63 31
14 31 4
7 51 6
17 4 1
15 52 21
21 14 18
15 38 8
7 41 17
10 52 27
18 0 6
26 15 25
24 26 40
7 43 27
8 52 41
23 54 35
1 31 2
19 27 22
19 27 8
13 56 0
14 53 2
4 28 38
20 30 37
2 4 24
23 13 12
7 21 20
24 23 6
3 29 0
17 12 5
13 6 21
3 20 37
0 28 6
0 11 21
26 1 9
12 26 16
23 45 14
20 22 0
9 42 15
12 30 37
6 15 6
8 48 8
21 60 11
6 11 23
25 23 9
3 11 41
24 5 28
1 1 41
3 43 15
4 18 31
16 39 35
11 19 2
12 9 5
21 34 31
16 23 33
5 6 18
9 0 25
0 10 13
25 31 34
16 22 31
23 52 13
23 16 32
15 30 19
5 51 31
26 29 19
11 45 2
11 5 12
5 62 24
8 6 30
6 14 30
10 27 21
12 15 28
12 15 41
6 19 1
16 56 25
17 48 16
24 45 33
22 18 3
2 11 9
7 32 10
25 39 38
10 19 38
4 21 35
20 19 3
2 26 17
22 20 19
12 45 19
1 47 38
