100
60522 25373 60522
36426 3283 36426
48772 42553 48772
33447 12441 33447
3497 2182 3497
7775 4025 7775
63982 13450 63982
68417 59990 68417
31932 25366 31932
95728 4921 95728
23857 10095 23857
86918 70159 86918
39679 9165 39679
63340 51388 63340
61868 23700 61868
87940 56803 87940
24593 10900 24593
36991 9438 36991
23355 22953 23355
11431 9158 11431
91757 17799 91757
74934 4876 74934
63676 4115 63676
96221 14327 96221
95922 95255 95922
48511 24653 48511
75467 53147 75467
84691 44746 84691
99835 43489 99835
44965 11765 44965
81221 21781 81221
32501 31945 32501
8325 5431 8325
29302 16023 29302
9896 7230 9896
97489 77288 97489
70607 663 70607
74432 67278 74432
53968 44509 53968
87475 36767 87475
84 46 84
79694 35996 79694
7354 688 7354
38409 831 38409
2643 1916 2643
51951 33405 51951
4420 157 4420
28607 7162 28607
72167 29439 72167
63438 14766 63438
6986 3126 6986
76483 41058 76483
9806 7783 9806
76858 14465 76858
56553 2044 56553
23554 8408 23554
72325 53610 72325
9279 1488 9279
27327 12534 27327
29832 9683 29832
8200 1520 8200
87658 51523 87658
89992 66170 89992
26467 14521 26467
7958 4343 7958
46600 27666 46600
61473 18901 61473
79775 12281 79775
89770 27205 89770
83718 61508 83718
16807 2048 16807
81898 45980 81898
86530 52961 86530
79569 13439 79569
3384 1642 3384
8913 4746 8913
16315 1891 16315
89334 20510 89334
1392 166 1392
71008 1905 71008
70962 9019 70962
14850 10681 14850
22061 9806 22061
71588 58773 71588
2980 524 2980
41890 21442 41890
68747 63660 68747
81740 1853 81740
87469 71969 87469
12516 6631 12516
96007 109 96007
3299 2661 3299
57163 50323 57163
63571 32939 63571
87455 54267 87455
93590 75453 93590
14427 9660 14427
41342 38800 41342
84239 80623 84239
65875 5601 65875