58
48 47 11 51 15 3 41 28 60 26 3 8 2 64 55 34 4 40 64 39 61 67 5 67 36 16 45 36 25 41 45 3 18 56 54 33 2 37 3 4 64 19 12 8 25 67 54 30 37 60 69 40 69 16 37 48 32 12 
94
48 1 2 3 4 5 6 8 9 10 12 13 14 15 16 17 18 21 22 23 24 25 26 27 28 29 30 32 33 34 35 36 37 38 39 40 41 42 43 45 46 47 48 50 51 52 53 55 57 37
26 2 12 13 15 16 17 18 19 20 29 32 33 35 38 41 42 44 46 48 51 52 53 54 55 56 58 49
16 4 11 12 16 22 27 33 34 37 38 42 43 44 52 55 56 41
17 1 2 5 9 22 25 29 30 32 34 36 37 38 39 45 46 50 19
17 2 4 5 7 17 18 19 21 24 29 33 37 38 44 46 55 57 12
42 1 2 3 4 7 8 9 10 12 13 14 15 16 17 18 19 21 23 24 25 26 27 28 29 30 35 36 38 39 40 43 44 46 47 48 49 51 53 54 55 56 57 38
33 1 2 3 8 10 11 13 14 16 17 18 19 21 25 26 29 31 32 34 35 36 38 39 40 41 42 43 47 49 52 53 54 56 40
55 1 2 3 4 5 6 7 8 10 11 12 13 14 15 16 17 18 19 20 21 22 24 25 26 27 28 30 31 32 33 34 35 36 37 38 39 40 41 42 43 44 45 46 47 48 49 50 51 52 53 54 55 56 57 58 38
2 1 58 2
23 4 11 16 18 19 21 22 24 27 29 30 32 34 36 39 40 42 44 46 49 53 54 58 12
24 4 5 6 8 9 16 21 22 26 27 29 30 34 35 38 41 42 43 45 52 53 54 55 57 15
20 3 4 5 7 14 18 21 22 23 24 28 34 38 39 47 49 50 51 53 57 20
32 1 2 3 4 6 12 13 15 16 18 21 23 26 27 28 30 31 35 37 38 41 42 43 44 47 50 52 53 54 56 57 58 38
50 1 2 3 4 5 6 7 8 9 10 11 12 13 14 15 16 17 18 19 21 22 23 24 27 28 30 31 32 33 34 35 39 40 41 42 43 44 45 46 47 48 49 50 51 52 53 54 55 56 57 1
43 1 2 3 5 8 10 11 12 13 14 15 19 20 21 22 23 27 28 29 30 31 33 34 35 37 38 39 40 41 42 43 44 45 46 47 49 50 52 53 54 56 57 58 26
16 3 8 12 23 32 33 34 35 37 38 40 41 43 44 45 47 43
46 2 5 6 7 8 9 11 12 13 14 15 16 17 18 19 20 21 22 23 24 25 26 27 28 29 31 32 33 34 37 38 39 40 41 43 45 46 47 48 49 50 51 52 53 55 57 18
56 1 2 3 4 5 6 7 8 9 10 11 12 13 14 16 17 18 19 20 21 22 24 25 26 27 28 29 30 31 32 33 34 35 36 37 38 39 40 41 42 43 44 45 46 47 48 49 50 51 52 53 54 55 56 57 58 15
22 2 4 5 6 7 10 11 14 16 20 21 28 29 31 32 36 37 40 50 51 53 57 39
20 8 11 12 17 20 21 22 23 24 27 28 31 35 38 43 45 46 48 49 53 35
44 2 4 5 6 7 8 9 10 11 12 15 16 17 18 19 20 22 23 24 26 27 28 29 30 31 32 33 35 36 37 38 39 40 41 43 44 46 47 48 50 52 53 55 57 37
44 1 2 3 4 5 6 7 8 9 10 11 12 13 14 15 16 17 19 21 25 26 28 29 30 32 33 34 35 36 37 38 39 40 41 42 43 45 47 48 51 54 55 56 58 49
21 1 7 8 10 11 13 18 26 28 30 31 33 34 40 41 42 43 51 52 54 55 32
18 2 3 5 7 9 12 15 20 24 25 26 31 33 42 46 51 56 58 12
41 1 2 3 5 6 7 9 10 11 12 16 17 18 19 20 21 22 23 24 26 29 31 32 33 34 35 37 39 40 41 42 43 44 47 49 50 52 53 54 55 57 48
20 2 4 7 8 9 12 13 15 22 23 24 30 33 41 44 48 54 55 57 58 37
17 1 5 7 13 15 22 26 31 34 38 40 46 47 52 53 56 58 3
3 12 15 51 15
27 1 3 5 6 10 12 13 14 15 16 19 20 22 25 26 27 33 39 41 43 44 46 48 51 55 56 57 30
33 2 3 4 5 7 9 16 17 18 20 22 23 25 26 28 29 32 33 37 38 45 46 47 48 49 50 52 53 54 55 56 57 58 42
39 3 4 5 6 7 8 10 12 13 15 17 21 22 23 24 26 27 28 29 30 31 32 33 34 35 37 38 39 40 41 42 44 45 46 47 52 53 57 58 6
39 3 4 5 7 8 9 10 12 13 14 16 17 19 21 23 26 27 29 30 31 33 34 35 37 39 40 42 43 46 47 48 50 51 53 54 55 56 57 58 15
48 1 3 4 5 6 7 8 10 11 12 13 14 15 16 19 20 21 22 24 26 27 29 30 31 32 33 34 35 36 37 38 40 42 43 44 45 46 47 49 50 51 52 53 54 55 56 57 58 41
30 1 3 5 6 7 10 11 12 14 15 16 17 18 20 25 27 29 33 34 37 38 39 43 46 47 50 51 53 54 57 43
4 1 22 25 29 6
42 2 3 4 5 6 7 8 9 10 12 13 16 17 18 19 20 21 22 24 25 26 28 29 30 31 32 35 38 39 40 41 42 43 44 45 47 48 51 52 53 55 56 24
26 2 6 7 11 12 13 16 17 18 19 21 28 29 34 35 37 39 40 41 42 43 48 52 54 55 56 3
8 7 17 21 25 36 38 43 51 36
53 1 2 3 4 5 6 7 8 9 11 12 13 14 15 16 17 18 19 20 21 22 23 24 25 26 27 29 31 32 33 34 35 37 38 39 40 41 42 43 44 45 46 47 48 49 50 51 52 53 54 56 57 58 4
6 7 14 17 46 53 57 43
9 10 26 28 37 39 40 45 47 52 48
6 17 26 35 39 45 54 6
34 1 4 5 6 8 9 10 11 12 13 17 18 20 21 23 26 27 28 30 31 34 36 40 43 44 45 46 48 49 52 54 55 57 58 42
21 1 2 7 8 9 10 12 16 23 24 25 28 30 34 36 40 46 48 52 56 58 15
17 4 8 10 12 21 22 24 29 31 35 39 41 43 50 51 53 54 20
41 2 3 6 7 8 9 10 11 12 13 15 16 17 19 21 22 25 26 27 28 29 31 32 33 35 38 40 41 44 45 46 47 48 50 51 52 53 54 55 56 57 15
42 1 2 3 4 5 6 7 8 11 12 13 14 15 16 18 19 22 23 24 26 28 31 32 34 35 36 38 39 42 43 45 46 47 48 49 50 51 52 53 55 57 58 16
56 1 2 3 4 5 6 7 8 9 10 11 12 13 14 15 16 17 19 20 21 22 23 24 25 26 27 28 29 30 32 33 34 35 36 37 38 39 40 41 42 43 44 45 46 47 48 49 50 51 52 53 54 55 56 57 58 31
19 1 2 4 6 7 10 21 23 25 29 30 31 36 37 39 41 43 48 55 6
46 1 4 7 8 9 10 12 13 14 15 16 17 18 19 21 22 23 24 25 26 27 29 30 31 32 33 34 35 36 37 38 39 40 42 43 44 46 47 49 51 52 53 54 56 57 58 38
34 1 2 3 4 7 10 12 13 14 15 19 20 22 23 26 29 30 33 34 35 36 37 38 39 43 44 45 49 50 51 54 55 57 58 46
54 1 2 3 4 5 6 7 8 10 11 12 13 14 15 16 17 18 19 20 22 23 24 25 26 27 28 29 30 31 32 33 34 35 36 37 38 39 40 41 43 44 45 46 48 49 50 51 52 53 54 55 56 57 58 42
39 1 2 6 7 9 10 11 12 13 15 16 17 19 20 21 22 25 26 27 29 31 34 36 37 39 40 41 43 44 46 48 49 50 51 52 53 54 55 58 1
26 1 3 6 8 9 16 21 27 31 33 36 38 39 40 41 42 43 44 45 47 48 49 50 51 53 56 13
20 1 4 9 10 16 18 23 24 29 30 36 37 41 42 44 51 55 56 57 58 23
3 16 38 43 50
46 1 3 4 5 6 7 8 9 10 11 12 13 15 16 17 18 19 22 23 24 25 26 29 30 31 32 33 34 35 37 38 42 43 44 45 46 47 48 49 50 51 52 53 55 56 58 1
3 30 43 44 28
22 2 3 5 6 7 10 13 14 15 17 19 29 32 39 43 46 50 52 53 54 57 58 2
54 1 2 3 4 5 6 7 8 9 10 11 12 13 15 16 17 18 19 20 21 23 24 25 26 27 28 29 30 31 32 33 34 35 36 37 38 39 40 41 42 43 44 45 46 48 49 50 51 52 53 55 56 57 58 44
41 1 2 3 5 6 7 8 10 11 14 15 18 19 20 21 22 24 26 29 30 32 34 35 36 37 39 40 41 42 43 45 46 47 48 49 50 52 54 55 57 58 45
53 1 3 5 6 7 8 9 11 12 13 14 15 16 17 18 19 20 21 22 23 24 25 26 27 28 29 30 31 32 33 35 36 37 38 39 40 41 42 43 44 45 46 47 48 49 50 51 52 53 54 55 56 58 15
56 1 2 3 4 5 6 8 9 10 11 12 13 14 15 16 17 18 19 20 21 22 23 24 25 27 28 29 30 31 32 33 34 35 36 37 38 39 40 41 42 43 44 45 46 47 48 49 50 51 52 53 54 55 56 57 58 22
5 7 16 31 41 49 32
37 1 5 6 7 8 9 10 12 13 14 15 17 18 19 20 21 23 24 25 26 28 29 30 31 34 35 36 37 39 42 44 48 49 50 51 54 55 47
45 1 2 3 5 7 8 10 11 13 14 15 16 17 18 19 21 22 24 25 26 27 28 29 30 31 32 33 36 38 39 40 41 42 44 45 46 47 48 49 51 52 53 54 55 57 33
32 1 3 7 8 9 11 13 15 16 19 20 21 22 25 29 31 32 34 35 36 37 38 41 42 44 45 46 49 54 55 56 58 46
2 49 54 2
36 2 3 4 5 6 8 11 14 15 16 17 18 19 20 21 22 23 26 27 28 29 30 32 34 35 36 37 39 40 45 48 50 51 52 55 56 26
11 1 6 11 13 23 28 30 32 34 57 58 31
19 1 2 11 13 15 16 17 18 27 29 33 38 39 44 51 53 55 56 57 44
1 8 4
26 1 2 3 7 11 14 15 17 20 22 23 24 27 30 34 38 39 40 41 42 43 44 47 51 54 57 6
5 10 13 30 37 45 10
13 1 3 5 12 13 17 18 28 40 41 43 53 58 10
23 1 8 10 12 17 19 21 23 25 31 32 35 36 39 42 43 47 48 50 51 54 56 58 28
42 2 3 4 5 7 8 9 10 11 12 13 14 15 17 19 20 21 22 23 24 25 26 27 29 30 32 33 34 35 37 39 40 42 43 44 45 46 48 49 52 53 55 42
19 7 10 13 14 16 19 20 22 25 26 28 31 33 41 44 45 47 55 58 50
16 3 6 9 15 18 19 24 30 32 34 39 43 44 50 57 58 44
41 1 2 3 4 6 7 8 9 10 11 13 14 17 18 21 24 25 27 28 29 30 32 34 35 36 41 42 43 44 45 46 47 48 49 50 51 53 54 55 56 58 30
41 2 5 6 7 8 9 10 11 13 14 17 18 19 20 21 22 23 26 27 28 29 30 31 33 36 37 38 39 40 42 43 44 45 46 47 51 52 54 56 57 58 30
36 2 4 5 6 8 10 13 16 17 20 21 22 24 25 26 27 29 30 31 34 35 36 38 40 41 44 45 46 47 48 50 53 54 55 57 58 3
35 2 5 7 9 11 15 16 17 18 19 20 23 24 25 26 27 28 30 31 33 34 35 36 37 39 41 43 45 46 47 53 54 55 57 58 40
14 1 2 6 10 16 24 25 26 30 31 36 39 50 54 33
35 3 5 6 7 8 9 10 13 14 16 17 19 20 21 22 24 26 27 29 30 31 32 36 37 41 42 43 44 45 46 47 49 53 56 57 14
56 1 2 3 4 5 6 8 9 10 11 12 13 14 15 16 17 18 19 20 21 22 23 24 25 26 27 28 29 30 31 32 33 34 35 36 37 38 39 40 41 42 43 44 45 46 47 49 50 51 52 53 54 55 56 57 58 31
8 2 17 19 28 40 44 47 56 24
29 1 2 3 7 8 10 11 12 13 14 15 16 17 19 20 22 27 31 32 33 36 37 39 43 47 51 55 57 58 49
13 2 11 14 15 20 23 24 29 33 44 46 51 54 16
5 3 7 8 29 46 15
27 1 9 10 12 13 14 16 17 20 22 24 25 26 31 35 36 37 41 42 46 48 50 52 54 55 57 58 45
41 1 2 3 5 6 7 10 11 13 16 17 18 19 21 22 24 26 27 28 29 30 31 34 35 36 39 40 41 42 43 44 45 47 48 49 51 52 53 54 57 58 46
38 3 5 6 7 9 10 11 16 17 18 19 20 21 23 25 27 28 29 31 32 33 35 36 37 38 40 41 42 45 46 50 51 52 53 54 55 57 58 50
22 7 10 11 13 18 22 25 30 31 32 35 37 39 43 46 48 49 50 51 54 56 58 48
