3327
19
15
21
16
2610
4837
4383
3356
6933
241839817
240501657
240606989
240228562
238998011
240787294
239172684
240005249
240246358
241207577
242449949
240371300
240895270
239413017
240816363
239529675
239896737
241663038
239885982
239719781
240101520
239562575
240810359
239851984
240523948
241049068
238349727
240781854
240136095
241481066
240694816
240356101
239645121
241966068
239193809
239328785
240848318
240036716
239954628
240774188
240193160
239620476
239655763
241624849
241498291
239510864
239811202
241255979
239619997
241690428
240733679
240269567
240698122
240989170
241450184
240408785
240371434
242620145
239593110
240118247
241024859
239872498
240403787
241429603
240676210
240698703
239903922
239823328
241812596
240074100
240530670
241120510
239284420
241170330
240198763
240132491
239757966
242312131
241552511
240569754
241727346
238833640
239430169
240296518
242146956
240681905
241015386
239562323
238702550
240338013
240116198
238982323
239730388
240689511
239483485
241856180
241069461
240280523
240734749
240583495