50
2 4 6
1 4 6
2 4 4
1000000000000 100000000000000 1000000000000000000
6343908480 27227989822176 1918468522510848
9612522816 57757444512768 501277757460480
381096000 344132989200000 17074097104680
3215084544 2456740800000 860707611187200
9008538000 514684800000 949839336230400
12631569600 659834894426400 84601661760000
17353792512 2341820513894400 382532144280000
1485026928 2101422691737600 604414137600
35532000000 3836135410558704 7622745954130944
880294272 550158501150720 108744613205760
6056820000 288848104665120 805934265186960
14311360800 6746428775923200 11821256523964800
774563328 5062827369600 459558510741000
12317184 5603657878059120 553645332486400
70758688 12918245783040 3627410688
1173641400 249919750080 9345205440000
154632192000 1745072609280000 308738026080900
1379169792 25386313075200 2314881676800
7909135560 483846533775360 39099008931840
530334000 1695444810696000 51534576656640
21111552000 59678210592000 113081399340000
2917399680 1010350486978560 17021499440400
74100000 1250548938912 21211938247500
12776400000 12732609777027840 249627452800
4179600 21918241896212480 3186717923840
4921297920 15426582532032 2446790492160000
4184133408 2659784756428800 24546137616000
36211480272 30855595680000 14778257760000
31233986304 20457032601600 457688741013504
211492512 28195110266400 4721536482012000
2278832640 6603632655620000 111022538790240
46740976128 270511861620000 58735272960
15167130 53901750672000 11102276663280
1534896000 2049466492448700 123743305728000
2200352 1191643808355000 4279418797500
576555000 1476914567966208 949307233881600
8074291680 129078337734720 109387006606080
9224551350 381946599460800 176092691040000
13082952960 142884721115136 5455896082560
14289530112 908497354786560 25618337821440
46214415936 1559543980995000 32287609221120
2679948480 2992625364960000 596064352415625
53283363840 3076636923360 1706811345000
523130400 25154290022400 479555277201000
196115400 1299286695168000 3343409465054400
13693680 1144468823097600 242647496910000
