10
87
88828479 598689665 733631605 262637780 88828479 598689665 733631605 262637780 88828479 598689665 733631605 262637780 88828479 598689665 733631605 262637780 88828479 598689665 733631605 262637780 88828479 598689665 733631605 262637780 88828479 598689665 733631605 262637780 88828479 598689665 733631605 262637780 88828479 598689665 733631605 262637780 88828479 598689665 733631605 262637780 88828479 598689665 733631605 262637780 88828479 598689665 733631605 262637780 88828479 598689665 733631605 262637780 88828479 598689665 733631605 262637780 88828479 598689665 733631605 262637780 88828479 598689665 733631605 262637780 88828479 598689665 733631605 262637780 88828479 598689665 733631605 262637780 88828479 598689665 733631605 262637780 88828479 598689665 733631605 262637780 88828479 598689665 733631605 262637780 88828479 598689665 733631605
69
367206416 941791473 231691165 811879675 367206416 941791473 231691165 811879675 367206416 941791473 231691165 811879675 367206416 941791473 231691165 811879675 367206416 941791473 231691165 811879675 367206416 941791473 231691165 811879675 367206416 941791473 231691165 811879675 367206416 941791473 231691165 811879675 367206416 941791473 231691165 811879675 367206416 941791473 231691165 811879675 367206416 941791473 231691165 811879675 367206416 941791473 231691165 811879675 367206416 941791473 231691165 811879675 367206416 941791473 231691165 811879675 367206416 941791473 231691165 811879675 367206416 941791473 231691165 811879675 367206416 941791473 231691165 811879675 367206416
55
416590448 416590448 133298811 590127310 416590448 590127310 590127310 718516681 590127310 416590448 416590448 718516681 718516681 590127310 416590448 590127310 718516681 416590448 133298811 590127310 590127310 718516681 590127310 718516681 718516681 416590448 416590448 590127310 718516681 590127310 133298811 590127310 590127310 133298811 416590448 416590448 133298811 718516681 133298811 416590448 133298811 133298811 133298811 133298811 718516681 590127310 416590448 590127310 416590448 718516681 416590448 133298811 718516681 133298811 416590448
97
530892073 7154661 576668239 19047339 530892073 7154661 576668239 19047339 530892073 7154661 576668239 19047339 530892073 7154661 576668239 19047339 530892073 7154661 576668239 19047339 530892073 7154661 576668239 19047339 530892073 7154661 576668239 19047339 530892073 7154661 576668239 19047339 530892073 7154661 576668239 19047339 530892073 7154661 576668239 19047339 530892073 7154661 576668239 19047339 530892073 7154661 576668239 19047339 530892073 7154661 576668239 19047339 530892073 7154661 576668239 19047339 530892073 7154661 576668239 19047339 530892073 7154661 576668239 19047339 530892073 7154661 576668239 19047339 530892073 7154661 576668239 19047339 530892073 7154661 576668239 19047339 530892073 7154661 576668239 19047339 530892073 7154661 576668239 19047339 530892073 7154661 576668239 19047339 530892073 7154661 576668239 19047339 530892073 7154661 576668239 19047339 530892073
90
186160599 186160599 186160599 649104358 649104358 649104358 649104358 649104358 186160599 296523559 649104358 186160599 296523559 296523559 186160599 186160599 649104358 649104358 296523559 186160599 649104358 186160599 296523559 296523559 649104358 532831349 186160599 296523559 296523559 532831349 186160599 186160599 532831349 186160599 649104358 296523559 186160599 532831349 532831349 186160599 532831349 649104358 296523559 296523559 296523559 532831349 649104358 649104358 296523559 186160599 532831349 296523559 296523559 532831349 649104358 296523559 296523559 649104358 296523559 649104358 649104358 532831349 296523559 532831349 532831349 296523559 186160599 296523559 532831349 649104358 532831349 649104358 296523559 532831349 649104358 296523559 532831349 532831349 532831349 296523559 649104358 296523559 296523559 186160599 186160599 186160599 296523559 649104358 186160599 532831349
96
711589712 711589712 711589712 207708619 207708619 711589712 207708619 207708619 207708619 646981905 711589712 295546751 207708619 207708619 207708619 295546751 295546751 207708619 711589712 711589712 711589712 295546751 207708619 646981905 295546751 207708619 207708619 711589712 295546751 646981905 646981905 295546751 711589712 711589712 207708619 207708619 207708619 646981905 711589712 207708619 207708619 711589712 207708619 207708619 295546751 295546751 207708619 646981905 295546751 207708619 295546751 646981905 295546751 711589712 646981905 295546751 207708619 646981905 646981905 646981905 295546751 295546751 295546751 207708619 295546751 646981905 207708619 207708619 711589712 207708619 295546751 295546751 711589712 207708619 295546751 646981905 207708619 711589712 711589712 295546751 711589712 295546751 711589712 295546751 711589712 207708619 207708619 207708619 711589712 711589712 295546751 207708619 646981905 711589712 207708619 207708619
93
841676497 988811065 485462723 52147379 841676497 988811065 485462723 52147379 841676497 988811065 485462723 52147379 841676497 988811065 485462723 52147379 841676497 988811065 485462723 52147379 841676497 988811065 485462723 52147379 841676497 988811065 485462723 52147379 841676497 988811065 485462723 52147379 841676497 988811065 485462723 52147379 841676497 988811065 485462723 52147379 841676497 988811065 485462723 52147379 841676497 988811065 485462723 52147379 841676497 988811065 485462723 52147379 841676497 988811065 485462723 52147379 841676497 988811065 485462723 52147379 841676497 988811065 485462723 52147379 841676497 988811065 485462723 52147379 841676497 988811065 485462723 52147379 841676497 988811065 485462723 52147379 841676497 988811065 485462723 52147379 841676497 988811065 485462723 52147379 841676497 988811065 485462723 52147379 841676497 988811065 485462723 52147379 841676497
91
277702285 277702285 277702285 659251248 982569775 982569775 496223455 659251248 982569775 982569775 982569775 982569775 496223455 659251248 277702285 982569775 982569775 496223455 659251248 496223455 496223455 659251248 496223455 659251248 982569775 277702285 982569775 982569775 277702285 982569775 277702285 982569775 496223455 659251248 659251248 982569775 659251248 659251248 982569775 659251248 659251248 496223455 659251248 277702285 659251248 982569775 277702285 982569775 277702285 277702285 277702285 496223455 982569775 982569775 659251248 982569775 277702285 277702285 496223455 496223455 496223455 659251248 659251248 496223455 982569775 982569775 659251248 496223455 659251248 982569775 982569775 277702285 659251248 659251248 496223455 496223455 982569775 659251248 982569775 277702285 277702285 659251248 659251248 982569775 496223455 659251248 496223455 659251248 982569775 982569775 277702285
78
756554922 325008282 102350513 730934926 756554922 325008282 102350513 730934926 756554922 325008282 102350513 730934926 756554922 325008282 102350513 730934926 756554922 325008282 102350513 730934926 756554922 325008282 102350513 730934926 756554922 325008282 102350513 730934926 756554922 325008282 102350513 730934926 756554922 325008282 102350513 730934926 756554922 325008282 102350513 730934926 756554922 325008282 102350513 730934926 756554922 325008282 102350513 730934926 756554922 325008282 102350513 730934926 756554922 325008282 102350513 730934926 756554922 325008282 102350513 730934926 756554922 325008282 102350513 730934926 756554922 325008282 102350513 730934926 756554922 325008282 102350513 730934926 756554922 325008282 102350513 730934926 756554922 325008282
87
650545550 445682992 650545550 749567139 99241808 99241808 749567139 99241808 650545550 749567139 749567139 99241808 749567139 99241808 749567139 650545550 445682992 99241808 445682992 445682992 650545550 749567139 445682992 650545550 650545550 749567139 650545550 99241808 650545550 650545550 99241808 445682992 445682992 650545550 445682992 445682992 445682992 445682992 99241808 445682992 99241808 445682992 445682992 445682992 99241808 99241808 749567139 445682992 749567139 445682992 650545550 445682992 749567139 445682992 650545550 749567139 749567139 99241808 445682992 650545550 99241808 749567139 445682992 99241808 650545550 650545550 99241808 749567139 749567139 650545550 650545550 445682992 749567139 650545550 99241808 445682992 650545550 445682992 650545550 749567139 749567139 445682992 749567139 99241808 749567139 749567139 749567139
