1.000000
1.000000
1.000000
0.998632
1.000000
1.000000
0.999250
0.999763
0.999974
1.000000
0.997821
0.999396
1.000000
1.000000
1.000000
0.999808
0.998778
0.999355
1.000000
0.927273
1.000000
1.000000
1.000000
0.998249
0.991209
1.000000
0.980392
0.992833
1.000000
1.000000
1.000000
1.000000
1.000000
0.998601
0.968379
0.997067
1.000000
0.999597
1.000000
1.000000
1.000000
1.000000
1.000000
1.000000
0.996059
0.985199
1.000000
1.000000
0.999453
1.000000
0.991036
0.994425
1.000000
0.952381
1.000000
1.000000
1.000000
1.000000
1.000000
0.800000
1.000000
1.000000
0.999907
1.000000
1.000000
1.000000
1.000000
0.995490
1.000000
1.000000
1.000000
1.000000
1.000000
0.999159
1.000000
1.000000
1.000000
1.000000
1.000000
1.000000
1.000000
1.000000
1.000000
1.000000
1.000000
1.000000
1.000000
0.987970
1.000000
0.997313
0.995708
0.998027
1.000000
1.000000
1.000000
1.000000
0.998130
1.000000
1.000000
1.000000