10
583
374 128 102 563 313 485 502 378 189 361 261 336 15 195 280 340 66 454 78 143 427 149 243 159 491 474 473 499 286 77 37 129 406 349 31 91 569 451 170 321 232 132 368 571 547 238 416 106 432 564 7 6 479 503 291 38 181 367 425 76 539 190 456 46 100 209 263 269 529 495 167 80 249 131 85 431 236 516 411 351 289 356 184 568 64 515 197 412 358 153 369 230 548 235 438 228 270 151 489 437 580 504 567 352 130 337 418 109 113 522 44 136 534 168 55 86 165 320 363 268 210 283 193 480 307 528 27 252 281 444 30 157 229 492 445 302 347 68 470 401 154 51 537 240 419 316 246 472 1 222 171 306 67 29 126 443 47 304 426 329 299 334 191 53 483 122 339 75 60 524 390 305 527 462 124 183 257 16 42 112 496 517 177 247 9 354 311 370 399 442 578 152 110 115 59 139 58 101 562 121 156 134 420 514 199 422 552 500 10 581 494 4 234 62 463 116 254 511 389 523 468 71 220 448 408 417 324 248 36 13 287 219 557 148 362 376 435 145 201 158 22 24 244 205 34 380 160 179 225 54 164 198 202 559 344 277 19 87 176 273 169 196 45 127 458 404 308 410 553 453 206 582 293 379 332 343 265 512 439 95 546 218 388 138 428 328 466 182 28 583 341 371 373 98 88 510 284 572 532 377 103 221 498 579 342 554 274 20 50 48 185 250 558 258 487 413 327 469 436 573 279 298 407 146 455 256 400 200 549 290 150 40 213 508 415 383 484 560 180 214 3 360 18 144 90 395 550 241 423 204 141 530 57 551 192 471 319 488 117 70 478 39 509 172 32 461 174 459 231 391 288 292 140 397 447 497 314 175 317 239 375 61 333 322 41 262 81 135 294 208 414 556 105 507 338 385 255 345 217 386 186 233 574 357 465 166 544 441 276 467 490 253 266 245 96 464 303 460 429 297 99 84 540 331 212 519 365 577 74 312 296 89 194 260 315 384 114 215 330 398 8 187 513 278 566 318 133 450 382 56 123 282 346 576 533 402 65 52 35 394 188 325 118 409 475 69 111 264 505 301 155 405 93 493 535 359 12 25 541 223 565 147 449 72 323 555 251 142 538 224 433 275 525 521 366 137 17 518 403 434 119 545 440 536 242 161 11 446 526 73 285 21 104 350 486 501 107 477 259 482 92 108 520 392 23 424 216 272 481 542 348 120 381 396 476 271 393 310 295 452 5 335 203 267 237 207 173 353 125 457 163 543 506 94 309 162 211 430 49 14 83 33 26 570 326 364 226 575 561 300 227 387 178 2 355 43 531 63 372 82 79 421 97 
52
67 258
307 202
167 332
77 379
179 234
515 157
328 148
241 377
452 146
361 342
153 198
471 204
13 1
131 538
333 577
362 399
18 85
367 184
417 444
329 362
444 28
285 188
175 525
331 43
87 458
152 6
72 39
209 84
389 106
388 138
450 516
303 234
367 87
418 550
297 513
328 157
540 29
111 131
320 441
524 173
315 442
529 153
247 504
3 53
377 157
540 243
439 27
371 373
97 421
374 128
59 139
165 320

584
297 475 416 20 279 53 500 72 234 298 58 203 22 483 280 18 213 179 165 126 115 580 54 504 512 272 392 380 418 243 229 114 117 44 133 395 96 33 466 314 330 523 516 335 405 195 352 17 357 142 471 480 375 407 450 182 267 408 415 524 458 497 334 538 529 199 274 121 198 24 509 360 525 164 275 82 50 170 244 577 93 573 359 396 9 138 319 68 403 562 250 85 251 370 266 259 294 57 34 218 204 292 283 254 462 526 61 438 32 376 445 498 180 473 531 231 276 481 175 26 417 544 161 286 158 444 19 369 583 456 387 48 162 477 494 75 366 530 401 104 432 426 521 507 535 192 511 378 130 513 163 113 384 549 160 270 52 201 107 206 393 1 135 558 238 226 528 324 491 367 69 550 150 125 404 143 566 327 510 532 59 495 295 303 461 584 388 225 3 7 56 194 141 214 447 540 435 156 345 552 172 39 255 576 559 27 486 71 74 31 129 209 257 184 216 398 341 353 437 574 224 8 373 429 139 331 543 342 168 144 554 241 86 350 326 536 541 333 421 309 412 575 312 490 247 374 67 515 152 368 265 304 492 36 476 496 565 413 542 434 389 455 381 6 45 311 282 427 451 154 174 293 499 13 30 361 288 463 454 103 343 99 537 351 402 95 100 391 505 277 242 155 289 65 46 502 149 221 217 169 446 92 253 268 569 147 273 321 239 443 132 42 284 545 306 43 51 28 159 469 211 205 425 539 285 140 98 240 200 148 15 478 572 185 379 220 487 560 332 346 262 414 439 338 484 11 423 196 49 340 94 287 488 79 534 474 358 10 383 73 83 60 547 328 146 354 436 127 210 363 364 136 91 101 453 570 186 278 465 228 189 89 264 157 464 548 517 219 313 386 40 252 390 167 579 120 441 78 122 302 291 362 207 322 80 394 571 236 372 90 97 16 320 411 66 448 459 307 290 467 116 336 305 406 301 258 41 315 177 124 106 12 518 76 514 582 269 4 468 145 235 173 400 249 329 88 382 193 503 109 399 202 110 153 442 38 166 347 271 551 62 433 261 102 14 323 377 227 349 63 452 35 70 188 317 245 355 77 479 123 181 47 230 440 568 472 428 208 561 128 581 183 337 84 248 344 108 563 2 81 567 112 223 422 553 460 397 356 410 308 419 482 134 256 64 151 190 318 470 371 260 21 37 506 409 222 299 25 533 105 87 111 564 215 578 348 233 457 431 339 420 310 501 489 178 5 555 131 556 263 508 191 485 296 520 325 55 281 519 176 232 449 527 385 365 493 212 430 137 237 187 197 171 316 424 522 246 29 23 118 119 557 300 546 
137
250 94
391 367
171 13
295 429
437 263
245 477
577 38
205 303
528 305
267 400
517 565
509 147
251 432
483 136
275 428
305 524
505 95
306 92
107 1
520 528
263 165
420 255
186 25
542 129
313 224
512 245
205 420
392 439
251 274
558 525
117 278
464 22
372 170
113 463
170 32
406 416
180 241
87 365
249 28
477 561
251 389
222 439
224 13
277 475
286 251
415 386
528 279
407 300
432 503
178 17
519 583
416 98
223 486
463 472
513 339
432 180
143 69
18 351
81 295
241 350
545 55
152 472
317 542
187 164
445 348
164 363
346 580
460 553
481 322
424 410
77 271
573 203
340 574
553 404
284 193
170 228
232 305
116 548
246 286
128 106
50 275
452 395
270 328
347 151
65 186
544 125
457 532
328 196
521 280
15 205
473 184
432 104
488 547
67 150
249 178
239 282
437 107
92 122
418 423
256 482
24 215
7 464
162 318
75 83
581 90
271 453
257 118
556 145
65 23
294 297
200 516
578 36
22 69
158 439
491 413
321 499
28 327
378 189
44 453
255 40
526 525
493 198
43 464
342 107
486 35
387 86
535 380
121 556
432 262
411 339
75 131
237 102
289 65
546 300
297 475
447 540
276 481

412
298 274 412 170 321 259 3 293 163 105 127 119 30 41 188 37 323 1 299 190 226 142 150 215 216 200 29 262 102 306 121 396 325 291 324 192 204 354 5 331 80 35 391 288 91 302 409 99 158 248 336 374 55 384 243 290 94 157 411 77 69 289 400 260 189 211 222 214 129 108 196 358 17 92 115 212 383 135 45 107 335 67 353 296 155 249 303 23 25 101 264 258 250 172 93 377 368 58 47 19 138 217 147 346 233 32 229 388 280 139 18 239 281 96 40 282 60 15 340 81 378 195 359 103 319 76 167 26 327 198 322 85 339 227 206 286 95 301 42 381 8 347 130 241 313 57 317 405 171 71 14 393 310 352 176 166 137 39 337 197 348 385 123 68 183 199 404 175 369 62 213 370 111 74 371 13 387 224 380 257 141 164 223 106 307 48 394 27 44 375 118 402 11 234 181 201 341 364 54 20 220 152 267 392 328 124 10 395 73 401 4 360 232 315 168 134 116 403 169 268 312 366 174 202 56 208 265 114 84 284 104 31 160 133 187 98 297 191 43 255 283 52 398 126 292 342 109 193 78 143 333 376 382 231 238 252 251 83 132 156 179 7 145 269 97 194 161 254 311 113 36 245 305 236 63 219 9 21 326 244 279 367 49 149 253 177 273 90 180 82 309 275 159 136 389 338 173 349 207 210 33 316 406 221 379 237 230 266 64 242 22 228 363 205 318 153 261 247 357 6 89 185 151 329 140 256 120 24 100 184 314 50 154 72 110 209 182 263 178 66 308 344 390 372 276 397 12 131 356 399 34 70 16 146 46 330 285 278 186 2 334 51 112 117 343 386 287 345 87 410 277 304 203 218 294 88 53 28 407 165 59 350 144 246 361 225 65 270 75 125 61 408 38 365 128 300 79 272 351 320 122 295 355 240 271 148 86 162 362 235 332 373 
54
404 15
176 222
245 213
177 166
409 220
409 38
164 85
218 141
63 87
20 42
212 312
307 180
62 377
133 179
1 113
141 12
127 316
233 391
136 17
164 153
257 161
190 8
245 16
149 327
102 188
369 333
108 263
101 169
227 253
367 247
365 95
279 100
410 99
98 154
116 262
306 392
30 83
399 294
98 155
209 219
363 185
160 58
35 260
226 281
120 180
136 72
275 2
171 292
120 289
10 395
373 332
298 274
301 42
353 296

368
27 354 262 326 107 205 289 288 266 159 132 173 29 340 192 162 106 55 291 223 330 243 178 65 73 211 148 12 362 304 17 245 145 278 202 114 346 250 236 137 14 40 165 209 231 183 171 141 329 25 102 203 22 131 268 143 261 184 361 68 195 290 38 28 172 129 164 41 168 185 105 254 367 275 26 299 351 242 356 4 255 2 212 160 364 84 46 345 74 200 93 96 128 133 201 237 355 118 170 100 43 103 360 272 219 287 70 306 110 269 166 350 336 56 85 179 277 44 81 124 352 342 308 270 101 239 67 363 232 72 281 296 156 222 331 64 121 188 6 7 140 358 234 175 228 199 233 71 251 53 167 104 109 314 224 176 36 3 196 312 58 60 344 63 20 307 89 42 83 325 98 155 240 214 279 51 82 122 328 134 235 365 11 332 193 286 229 139 181 267 353 136 284 253 256 310 218 283 264 357 154 366 119 276 87 320 92 13 244 130 271 327 32 285 190 259 341 127 206 303 9 57 79 252 189 208 91 318 113 215 204 334 21 61 226 146 274 5 54 153 99 16 88 158 149 150 257 10 322 30 311 15 157 142 343 120 273 45 348 347 95 33 69 37 349 309 24 186 298 293 263 115 359 319 80 31 19 315 117 62 123 111 39 302 47 126 125 248 305 323 225 241 313 152 48 86 217 34 258 52 338 135 238 147 221 333 297 335 324 295 337 108 216 78 112 116 138 97 282 144 1 76 213 66 301 316 280 317 161 198 8 249 339 174 191 220 49 18 77 247 59 300 163 35 292 294 180 227 260 187 207 94 321 50 265 151 230 23 182 75 169 177 246 368 90 210 194 197 
68
19 359
163 232
108 26
270 188
253 284
353 77
257 161
353 6
257 274
54 69
89 34
154 157
309 234
63 18
354 259
23 4
249 185
91 212
67 216
32 175
132 240
251 20
32 235
250 288
364 303
212 308
337 221
96 133
87 158
6 296
48 28
300 153
68 246
220 358
94 251
21 81
122 271
100 153
362 349
297 213
140 364
153 332
217 104
96 303
118 325
230 21
208 17
173 131
119 249
121 68
131 141
148 109
267 247
117 116
84 269
329 223
265 337
42 113
296 137
271 45
317 356
66 12
229 94
193 286
197 194
27 354
308 270
275 26

413
160 170 319 98 232 228 342 82 381 357 87 256 240 151 378 132 13 332 368 251 177 311 303 201 37 323 277 43 334 199 88 90 104 185 321 218 412 288 242 261 27 68 347 64 65 375 250 318 212 313 101 102 100 137 310 377 66 230 48 153 320 224 113 254 222 287 25 50 134 351 4 366 1 335 316 57 106 174 255 206 161 355 204 179 79 28 191 128 135 363 152 83 89 74 388 294 122 350 227 409 78 156 19 133 85 59 115 163 345 358 189 97 158 71 306 186 86 281 8 198 162 103 317 402 121 210 154 385 259 329 94 35 326 268 41 289 12 365 183 315 142 237 107 400 391 11 7 248 265 360 262 214 298 249 181 295 247 333 148 61 168 49 184 47 149 239 296 387 62 271 60 157 337 352 188 241 21 344 54 215 114 17 30 105 165 343 291 34 236 46 140 63 269 108 235 99 169 195 325 376 290 367 324 76 369 349 138 110 131 38 229 92 159 20 126 146 52 69 182 258 176 173 339 282 196 371 384 129 2 141 286 407 354 304 395 125 58 225 273 147 394 51 305 301 208 330 299 171 139 283 336 340 275 246 300 406 77 180 284 253 10 309 353 370 307 187 322 116 408 413 193 272 80 233 31 70 359 244 56 205 167 109 112 292 379 15 401 16 341 245 213 23 380 396 403 260 145 5 302 382 405 338 190 32 124 192 67 93 314 130 150 346 33 117 120 217 127 81 26 24 279 40 364 29 263 175 252 3 72 42 234 328 220 155 276 96 164 53 136 411 45 297 331 348 216 383 308 398 221 392 280 123 389 226 374 312 111 293 118 36 223 362 266 393 238 14 39 202 95 73 207 327 410 209 267 399 231 200 178 270 143 18 397 172 144 84 372 197 390 6 211 91 243 356 55 166 274 194 44 219 373 386 119 203 404 75 9 285 264 278 361 22 257 
88
47 291
44 309
218 135
150 261
51 110
129 155
91 245
391 32
263 393
42 344
58 70
222 375
332 254
105 6
35 361
56 82
124 100
390 341
120 12
74 56
122 203
210 212
333 73
129 182
52 170
112 110
239 219
370 157
359 61
162 393
308 218
61 317
203 336
245 208
348 318
263 355
406 358
153 211
18 281
392 69
37 90
64 161
195 21
317 140
380 364
119 160
54 66
64 142
401 194
349 221
397 84
162 390
29 200
73 345
67 52
413 402
27 363
35 221
269 237
360 121
74 365
281 127
17 230
155 303
10 389
111 406
60 272
268 387
59 341
318 11
392 203
299 304
152 219
112 306
43 357
14 116
308 180
128 324
409 282
214 5
258 210
296 203
68 151
138 110
257 22
160 170
365 183
204 179

486
106 309 69 38 282 355 259 134 279 157 339 295 177 245 41 109 248 129 371 88 478 267 472 305 155 455 392 409 380 72 211 178 457 215 45 326 473 118 143 209 412 12 145 453 298 273 182 479 265 141 156 83 302 474 396 196 237 120 65 308 269 44 108 443 222 225 277 122 328 288 266 278 171 459 342 37 113 11 297 100 5 463 9 200 213 306 442 234 256 373 368 169 111 336 290 131 138 116 107 418 374 257 102 62 461 399 161 465 67 347 356 344 311 124 236 439 10 117 121 299 103 429 349 58 388 280 66 397 315 71 19 381 352 377 268 127 486 421 89 79 401 360 263 57 82 289 484 199 340 313 448 51 385 250 7 173 142 246 230 324 23 376 464 20 34 167 187 338 70 99 353 183 362 475 275 314 476 150 319 400 332 485 32 170 239 110 312 427 292 363 160 416 415 348 406 203 411 370 3 398 335 13 181 471 390 180 303 350 175 359 217 229 477 97 433 386 358 361 417 210 444 59 123 446 133 430 320 247 422 50 456 462 327 434 252 63 25 301 423 441 304 382 4 16 323 437 137 87 90 126 29 258 366 322 184 426 139 445 403 52 26 220 144 316 179 408 420 235 207 261 136 95 379 30 48 395 284 22 466 198 135 47 307 93 240 333 43 254 345 384 271 166 130 460 128 60 221 33 202 78 40 96 2 162 84 53 389 112 414 407 73 91 262 197 341 216 74 281 163 469 468 227 346 244 294 293 219 151 223 193 337 387 101 394 357 98 226 147 186 105 104 24 204 172 231 132 331 205 46 168 458 264 49 413 212 249 369 438 174 21 140 238 85 201 391 419 146 274 285 218 190 378 405 286 55 232 115 375 86 1 81 27 149 435 432 329 189 447 393 253 28 153 194 334 321 404 251 402 39 287 425 300 158 185 318 76 214 191 255 428 77 482 148 206 452 195 440 317 8 383 18 424 192 61 481 431 17 119 450 291 470 15 176 241 296 260 188 276 372 224 152 367 6 272 325 64 283 454 451 159 354 114 75 164 480 125 80 54 365 351 165 31 483 410 343 310 242 233 467 364 208 14 449 330 94 68 436 92 243 154 228 42 36 35 270 56 
145
397 79
299 37
142 338
477 43
78 431
232 194
453 329
263 11
70 1
33 48
138 394
240 40
416 143
191 41
464 424
36 374
195 26
410 336
363 92
378 133
215 302
326 181
144 102
369 391
281 94
130 418
1 369
149 108
204 339
327 181
454 362
246 162
387 348
12 441
439 81
87 167
382 412
348 217
28 408
121 486
15 250
109 193
311 257
479 28
287 319
386 432
372 145
108 272
6 297
404 445
377 5
125 451
108 164
359 313
264 480
312 456
421 420
163 245
368 333
450 346
165 349
292 50
8 399
13 191
209 416
149 277
112 452
419 220
307 292
46 262
463 358
232 89
469 86
26 43
418 475
388 96
30 193
323 215
283 335
405 5
442 246
460 68
389 84
287 387
67 332
163 221
203 86
310 364
349 27
406 280
15 307
67 222
14 389
128 296
415 225
479 370
162 144
437 242
405 237
142 472
83 482
206 463
81 207
32 429
233 437
400 426
436 466
161 141
60 467
128 166
205 298
228 366
441 178
121 52
107 440
37 367
436 420
35 208
141 67
329 65
17 242
4 144
400 343
284 151
323 412
317 41
223 58
98 356
413 396
407 33
349 135
91 298
68 126
198 386
192 40
451 386
281 454
222 194
310 19
345 324
16 323
56 270
106 309
464 20
116 107

417
371 271 29 237 9 103 149 263 365 407 264 361 282 301 32 152 87 209 383 317 101 410 50 31 187 319 199 273 96 201 176 173 20 233 275 169 79 222 207 391 214 120 274 294 321 85 286 1 33 18 42 132 97 278 333 59 354 11 309 161 232 377 394 89 128 104 359 77 204 86 350 80 406 342 323 392 246 390 65 69 41 395 43 341 300 163 411 60 315 401 74 236 208 373 316 196 346 112 151 320 172 385 366 240 358 15 364 313 202 270 245 413 312 353 311 345 217 288 110 44 266 194 168 259 414 184 174 244 141 146 136 91 37 335 398 397 374 327 362 126 170 130 412 297 409 277 285 102 49 63 153 83 119 299 198 304 142 54 5 380 134 93 13 356 19 160 177 242 78 8 73 239 12 17 376 150 51 211 260 158 55 206 92 403 145 22 303 267 2 99 257 14 90 247 324 157 113 159 234 122 137 261 108 330 66 84 28 197 382 295 56 415 291 205 62 386 340 298 71 154 135 39 167 164 68 81 127 332 400 45 378 181 61 269 148 254 235 221 248 289 334 272 417 72 6 107 310 381 190 185 180 243 229 384 281 219 223 255 123 111 171 82 408 118 402 133 191 375 276 225 302 339 314 95 27 349 347 268 388 252 109 393 326 305 38 250 306 284 352 379 195 337 213 58 318 216 24 193 188 76 116 166 23 238 251 210 231 368 348 389 372 139 227 100 256 262 329 144 105 138 322 249 162 325 253 26 224 296 35 183 355 200 192 265 178 283 416 46 287 328 48 241 155 280 293 360 308 203 121 117 143 363 343 331 179 212 396 3 215 57 175 75 67 307 115 98 182 53 94 387 52 218 370 228 124 4 34 279 189 220 147 30 156 357 47 36 40 125 165 351 405 226 25 7 10 64 16 129 344 336 70 258 131 230 186 338 369 114 88 404 21 140 399 106 367 292 290 
139
395 370
360 286
61 27
50 397
176 203
385 35
216 108
178 111
269 157
400 85
75 42
159 90
125 23
359 39
323 280
34 350
233 25
267 342
51 365
321 275
150 338
358 366
77 168
108 394
324 90
62 30
180 269
120 353
340 110
391 295
389 56
227 204
80 76
129 180
23 81
86 173
50 27
170 127
194 326
152 149
415 262
178 226
114 346
162 85
38 184
379 10
240 188
213 368
263 390
130 335
103 216
139 201
291 357
376 67
265 111
264 311
372 24
119 117
370 329
202 407
145 163
416 16
351 261
15 245
282 145
211 16
409 349
217 331
337 175
29 184
334 292
126 289
364 294
37 316
254 238
355 398
401 402
45 383
294 60
259 208
253 53
223 293
33 22
206 370
246 234
136 162
108 262
82 103
138 119
2 391
405 4
20 21
48 402
315 156
244 105
408 296
327 283
328 398
71 329
275 353
48 68
92 358
150 195
127 317
245 149
353 232
201 373
252 249
406 198
36 232
302 27
159 261
358 119
241 61
30 147
413 126
214 88
115 412
331 241
311 158
22 296
21 222
251 272
102 239
102 138
103 403
213 261
295 153
11 167
213 90
313 258
215 110
394 379
104 307
382 295
290 292
371 271
126 170
341 300

504
464 446 233 468 466 467 215 69 310 94 53 349 439 103 138 146 286 18 501 432 411 164 391 218 47 365 443 314 452 479 426 292 155 246 253 493 460 194 298 49 118 15 360 220 152 1 378 169 373 177 76 409 63 165 327 300 104 136 247 78 433 153 242 459 270 366 447 225 55 113 145 45 127 504 278 376 9 319 245 57 394 149 120 54 475 419 29 482 161 483 282 185 237 454 81 179 46 8 291 62 52 417 187 191 437 68 5 124 243 195 415 224 392 61 74 170 293 66 456 487 252 303 27 362 89 414 429 469 335 48 106 403 163 301 396 73 114 368 257 306 343 288 121 457 332 423 355 309 444 91 408 297 386 158 182 380 348 449 453 471 413 438 37 325 35 295 401 491 499 192 341 265 313 67 503 323 90 126 77 406 111 128 473 122 494 333 260 490 109 123 238 302 375 199 201 196 2 34 97 112 271 283 132 451 336 3 219 364 472 188 86 428 173 174 157 190 108 344 239 290 289 24 367 261 404 442 304 231 17 262 305 162 263 156 461 358 6 117 59 116 338 148 476 385 208 64 244 276 275 397 352 58 115 180 205 287 23 445 14 44 168 209 42 470 425 500 72 498 28 167 345 250 20 70 227 150 38 176 480 272 140 159 326 395 186 214 334 363 202 13 84 450 166 356 85 324 371 133 30 307 477 478 39 342 21 427 83 249 329 222 142 354 206 320 328 60 181 204 485 183 217 95 105 421 361 463 135 279 340 32 235 269 80 393 26 110 318 189 93 489 458 232 387 172 171 331 312 4 502 251 139 399 370 284 12 175 151 56 316 435 256 43 40 330 213 285 369 212 273 229 410 402 322 400 311 379 160 197 137 294 495 147 101 16 75 79 36 207 398 31 143 141 455 102 384 259 129 281 351 389 50 203 484 71 424 258 248 486 25 154 390 19 255 99 236 412 339 374 88 134 87 230 107 430 144 357 96 240 388 381 441 267 418 496 353 280 100 350 7 131 420 277 407 492 321 216 65 98 33 226 474 266 200 465 51 377 210 436 431 383 130 223 359 372 405 440 178 462 416 481 221 299 337 198 184 41 82 193 119 382 211 125 422 264 315 317 11 296 497 10 448 228 22 274 92 346 488 268 434 308 234 241 254 347 
86
411 26
122 150
81 118
26 401
192 200
440 151
348 375
330 164
344 236
333 390
129 234
432 405
456 428
381 270
115 96
55 397
121 176
42 73
165 67
473 356
139 280
378 358
150 204
17 493
311 221
250 311
455 178
211 406
101 463
43 87
430 97
483 46
144 20
118 308
463 31
97 238
409 326
260 484
342 120
162 435
370 472
385 43
178 286
15 8
329 477
438 297
455 355
313 346
345 492
176 303
19 144
412 299
469 39
150 179
159 311
109 24
278 493
442 327
146 328
206 474
300 139
139 122
366 451
339 206
438 11
4 328
154 415
498 495
454 143
169 484
325 149
379 474
137 188
168 282
387 374
124 182
384 134
175 245
456 9
450 389
395 325
115 180
347 254
464 446
499 192
52 417

420
85 236 34 327 309 93 115 328 121 179 370 175 147 221 90 48 187 419 211 408 47 384 202 331 167 42 401 344 216 393 249 299 88 213 413 415 334 43 364 380 189 36 341 108 94 340 191 81 258 154 282 40 193 196 20 116 84 241 348 148 159 98 372 382 102 157 4 46 64 373 247 233 259 153 124 31 220 143 18 255 403 250 199 73 160 229 35 61 252 140 399 78 397 83 129 29 405 171 2 394 298 75 280 342 145 176 11 95 210 119 311 307 51 14 27 383 271 5 288 353 6 316 337 225 359 71 302 162 335 381 217 56 127 238 13 257 123 285 181 39 135 274 205 313 222 279 122 65 374 9 297 68 118 182 325 240 197 17 21 293 260 66 267 144 281 231 106 345 184 149 206 25 146 50 294 110 362 350 204 254 287 104 396 59 256 289 180 269 275 219 324 207 132 305 295 265 347 239 390 30 214 28 49 188 100 111 391 45 12 263 278 218 266 237 326 414 89 60 80 215 264 304 7 276 409 284 376 379 201 262 86 375 96 41 16 358 292 113 133 243 315 126 230 185 410 407 183 74 92 320 368 361 389 91 26 22 23 107 329 79 318 10 321 356 330 141 270 190 369 248 245 253 150 54 406 314 166 332 198 303 170 246 32 200 19 38 301 411 109 37 128 349 44 125 169 418 87 227 117 395 53 310 155 55 70 261 130 165 235 365 251 272 392 103 209 164 97 3 192 366 33 8 52 296 177 286 224 15 152 322 339 223 151 120 208 317 76 387 161 174 323 158 212 186 195 402 404 244 268 136 234 336 338 24 69 163 112 228 131 306 242 105 378 134 57 114 346 343 388 377 99 420 168 232 139 273 333 277 308 226 367 101 82 400 386 416 385 62 352 142 194 138 58 300 67 355 319 357 72 412 77 173 203 1 172 178 363 283 137 291 156 360 351 354 312 371 290 398 63 417 
73
169 260
145 328
191 284
260 285
114 251
107 294
370 54
372 19
170 205
170 272
97 119
270 58
319 292
12 376
394 300
305 143
11 321
342 201
185 181
357 298
303 44
43 252
389 415
143 10
71 184
281 167
302 2
97 72
166 108
28 139
279 332
153 289
104 74
361 288
126 298
38 9
213 372
132 181
366 274
62 308
37 342
55 210
216 151
282 381
130 309
99 280
92 252
148 195
197 380
355 195
257 264
75 49
215 206
101 33
352 162
340 260
376 266
50 171
288 331
131 289
91 101
148 182
352 167
248 1
127 182
195 383
317 269
304 112
278 218
417 63
85 236
135 274
160 229

525
509 16 487 438 460 94 370 411 248 435 255 450 332 19 202 327 166 278 26 310 502 226 346 115 270 242 45 235 120 495 219 135 457 108 70 25 477 249 363 186 150 169 181 351 347 80 497 56 522 333 401 88 54 95 132 289 214 102 484 349 10 66 395 11 519 326 236 356 488 385 524 144 187 470 467 243 419 49 298 415 358 151 480 388 245 86 458 164 281 128 127 137 121 429 372 453 392 208 428 512 371 350 430 455 386 109 264 513 63 126 232 254 141 266 316 422 416 444 525 27 376 469 272 58 258 172 139 516 414 68 353 523 308 340 60 433 23 162 138 454 37 318 36 321 364 464 171 284 210 206 107 34 76 167 101 406 408 197 200 293 220 339 407 360 241 335 373 158 330 499 324 501 257 510 116 439 282 517 175 73 43 2 379 336 471 85 442 394 515 250 268 105 140 131 212 35 78 79 432 273 337 216 301 146 383 445 476 262 451 290 393 328 148 405 201 461 215 38 315 323 483 180 479 237 221 81 504 265 381 465 87 1 154 124 437 348 71 300 448 12 344 222 69 377 441 32 397 412 304 367 482 468 182 286 61 331 183 117 75 190 260 77 227 404 329 296 267 209 42 64 6 130 112 314 472 489 8 382 185 292 246 82 518 247 188 507 118 500 67 184 368 168 176 390 225 317 511 498 7 62 446 28 253 449 72 161 319 398 494 98 113 143 51 322 271 191 189 123 74 305 163 362 211 174 205 195 149 99 463 129 427 59 269 343 365 413 493 252 434 14 217 256 251 239 5 418 462 157 354 153 287 22 21 481 384 53 291 179 466 203 283 224 478 57 244 160 52 207 55 297 447 357 40 421 39 50 387 366 285 231 90 334 89 229 134 410 193 84 17 228 514 259 380 165 341 361 119 240 400 145 486 403 521 111 303 309 48 431 277 142 178 276 29 3 311 452 325 302 275 389 24 306 155 15 443 173 31 459 97 159 279 420 204 234 65 156 506 375 110 474 294 355 359 508 104 312 423 196 20 369 345 218 136 424 47 100 520 33 122 18 374 436 399 223 194 288 425 233 490 409 92 41 13 496 192 93 125 30 83 338 9 417 485 106 103 238 320 473 295 199 177 352 307 152 426 91 378 492 147 280 391 396 198 456 46 274 44 114 261 402 263 299 342 213 4 505 503 475 170 133 230 440 313 491 96 
176
203 501
180 165
69 27
109 32
173 59
155 116
266 193
88 350
67 368
343 252
380 464
240 140
31 499
144 58
370 216
206 47
168 363
189 236
389 297
244 37
333 398
129 73
42 194
422 108
36 217
337 392
132 51
508 162
24 103
196 370
295 402
417 462
239 57
173 79
353 393
115 137
266 221
210 284
391 83
392 403
299 180
269 430
230 228
67 253
330 262
75 99
115 468
35 330
524 184
409 351
52 500
465 294
172 149
52 37
231 420
416 507
74 159
411 303
386 454
8 167
168 82
265 282
24 277
64 22
460 472
349 488
423 288
256 70
413 308
106 96
202 499
77 253
109 464
30 472
370 37
113 12
95 355
270 118
106 333
116 17
256 442
505 154
204 212
200 69
519 282
164 173
255 240
425 364
155 431
310 524
445 422
512 14
228 257
109 333
41 201
327 274
117 306
404 321
517 78
389 488
359 4
112 89
243 513
429 374
418 213
373 337
86 359
328 314
67 413
98 85
88 424
335 205
204 213
502 173
267 365
112 100
345 223
165 62
210 68
435 79
257 259
393 343
70 195
131 136
82 228
197 169
127 6
350 307
195 326
456 461
142 42
36 486
264 177
524 473
245 411
27 501
144 396
295 213
65 402
326 123
82 522
268 208
3 93
491 197
395 422
110 12
463 122
497 179
298 473
103 519
358 106
472 501
501 241
189 17
118 514
139 199
487 407
383 489
476 325
138 345
198 247
356 113
345 305
291 117
252 393
111 84
476 57
36 451
274 201
468 391
166 81
227 404
96 491
509 16
439 282
109 264