100
8753562912709360626187920237592289736129319478450361063206155476569374525474430786884
34920
192664950487172722610615949091771159776736563948129390885096385611598481030444
6631759621785741
897538831896433386048889776430309254059469224775481289368021
711085064625
2284724062
70813110340391969338056640046267569872829960276132159914910758704804296104222055290283804091962544993
750294351743146942264128892888683833380476890687903337326526587960410487086247
29283017891549257499459357081997825349020196212073119056774064748582606646289607010137726452029099451
7788604676097597853383
137874190988584371380979932437122021751
81711170408516621964808102297564637974917060853941541554983
12227034636334439725
402476571333851087635080411359341508356599076376150650812269104274032803700349274252443860
22231834224517571698133379867048481685219960649908931489677371221509040137411303
975654221724165785927364797221630215650034660258950608378210585507382307776911908988
670692177976
815884565684883875245057327213494195741221620229743561
931277981076010251971312068749244591289606409454663995213099134585
6389553860336187051103004542499949816393346156172292812478637723725376813640358
3998024
112006390838731005031
2179103594846929030337949919420659561143
97339244499383295439495573907272905041793621253918870527919636846672741006443734721795689
62159916210532197682064336904851297380923187416
2550126485625269133152694460743790022690355871706041302960935436431910945625917741191
6749313879388400868238505926852836787266297037235178941
43548733
51457078993946455
9062699296553867360269308765240068549468323622470496546425161377121
59013485822063610574200339043342453811315813397544967210137763
10411864347707453072993027995208359656302
8473016757889078031036
922153382858086933743713964202957464912318138924510013300022247985478
20643758109302643867081981648501597062
3502728177979889805202437300158000475314
51300482202458408425427575228660091269482827
777094542239657439440602284311190002576919876511485766914367697609076687766537697264075401
3015
87164953511007081641498622523273901506979289
99363604496641980490550160288498344917576242550529776812032874638049797513780952132733238616091915094
98246534747140483346155466967564300253850566734080815351140118578516091
49014432513260696808675446055391504967430966
258286853401778089783972502480626566341713082901081678821389354122779140
4876808614525938843505934625320009809672144849
741968093638950171982675939979735041941436422761851130644753
273537480016458312295546312065194468108129886820249815646863
8424027201619499694202368928673535959
7905210206369484084482427799398408059091828768489837071963014866661782965943782
876049122246023986869726889881680484429645547057643537328308669719371235702607371847689639
7756052766324360436374942938245432247416168704969516022227361007231074801873471344246498
357274405600403208699235481072499236677469609951730854394623862707
34312475580773779320782071461128871010790769336498469978014359438552
118270526117886774900271620482233272454168048835247475657697032380525151158933678625100082
570150807151339482360907020004081199399126479328756046968968598707858780528572579173969987
765284064
965962887570229138137
3492018634205944919934125726014153577332074768189372706470
41638285920347716554681051891810973912626650543198776873254357565958331996
114025801697051329996064305414585199679059766818929546276717186807866961859661755630259823861
1134096826423050728023543071887422121726360887089984268785983647159442000081719909347317
9531212926
49699409510723328716191214607365224396467462996787526747
180666090587046600626524142010340406227275190062024999503704948
20822562181307721411363866352372656802232482385728877353908165522125658899347011018753066182854396851
7290760073
4071337639695981753807734655589396
7150766816825373551817682477333778964645420977544656514952
47006102586320319266741314911102125735015867190239803157770
20314890513019920073976493380371512213274596490417905566104152435756275745386347139817429855220715632
6885649232722826216089288554898976453576951
6590662776751
19200
475145040377877431307178610830029654370507
842573891199709662881657937455749199490511782868058415110956642551600973062450275239
90067844019181491797144284939836054048440380749838754493888791
680929399979630668335720738721339532483592675631
6528928205410025362397514282829991985735498493249489332973255364764237007066381
21486
75193839425941841779408754092800311626668375461738999986388668821183860807365569
8044937715693807865583579134749446859852311913691349817
4032659237847363692720845355425940405350234062321714990645110
56769414567165419700111376187371940801477395858728969118947874990990
482790668509760809948724814806366547725696764744639623016618545111193672441
85501665976739685327658135389692242519226101082636593306856925160431553365493858607957633247853096341
60449944816501586010717039865145109005606457727328591314290917427557137785657412
31815254557292957960850546507745029574221961178066371327197062676743167583811649276521
70247426390639687968042081854900236991720915873581615033219839052664736049538
1728889133441
9348922971922651770268251507017663656965277464732770795075898
4421102066751508948
2581678668534767897477182193772342401487232618419177087328895052494563488651712841550502383118370936
841614347398160662168496976924119472927868874952360310009891334494806784593980139472
745948492006915691207307748130725231280680371063
25036002835909642760751900306856362
6438889895542
5187388604663145329607728673008717445428904428972034026014536327074818629263270405800
71374907836439314432950110812
84911623516359402845132363557735159431784630770067
