333333333333333333333333333333333333
3333333333333333333333333333333333333333333333
33333333333333333333333333333
333333333
3333333333333333333333333333333333333333333
333333333333333333333333333333
53333333333333333333
533333333333333333333333333333333333333333333333
3533333333333333333333333333333333
3333333333333333333333333333333333333333333
3333333333333333333333333
53333333333333333333333333333333333333
53333333333333333333333333333333333333
3333333
3333333333333333333333333333333333333333333333
33333333333333333333333333333333333
3333333333333333333333333333333333333333333333333
3333333333
35333333333333333333333333
33333333333333333333333333333333333333333333
33333333
533333333333333333333333333
353333333333333333333
3333333333
5533333
3333333333333333333333333333333333333333333333333333
53333333333333
3333333333333333333333333333
53333333333
33333333333333333333333333333333333333333333333333
33333333333333333333333333333333333
3333333333333333333333333333
33333
533333333
3333333333333333333333333333
3333333333
33333333333333333333333333333333333
33333333333333333333333333333333333333333
3333333333333333
533333333333333333333333333333333333333333
53333333333333333333333333333333333
33333333333333333333333333333333333333333
333333333333333333333333333333333333333333
3333333333333333333333333333333333333333
33333333333333333333
533333333333333333333
33
333333333333333333333333333333333333
33333
33333333333333
3333333333333333
3333333333333333333333333333333333333333
533333333333333333333333333333
3333333333333333333333333333333
333333333333333
3333333333333333333
5333333333333333333333333333
33333333333333333333333333333333333333
3333333333333333333
3333333333333333333333333333
333333333333333333333333333333333333333333333
533333333333333333333333333333333333333
333333
5333333333333333333333333333333333333333333333
33333333333333333
333333333333
333333333333333333333333333333333333333333
3333333333333333333333333333
333333333333333333333333333
5333333
3333333333333333333
3333333333333333333333333333333333333333333
533333333333333333333333333333333333333
333333333333333333333
3333333333333333333333333333333333333333333333333333
333333333
333333333333333333333333333333
3333
3333333333333333333333333333333333333333333
33333333
3333333333333333333
53333333333333333333333333333333333333333333333333
53333333333333333333333333333333333333
3333333
33333333333333333333333333333333333333333333
5333333333
33333333
33
333333333333333333333333333333333333333
33333
533333333333333333333333333333333333
5333333333333333333333333333333333333
33333333333333333333333333333333333333333
3333333333333333333333333333
533333333333333333333333
3333333
533333333
33333333333333333333333333333333333333
5333
5333333333
