10000
105 36
335 25
112 69
37 21
193 64
450 76
345 36
145 24
150 45
435 8
105 70
49 77
393 56
434 41
96 3
498 58
199 71
460 34
14 2
10 40
49 36
316 63
4 43
469 77
188 56
292 16
400 15
306 59
279 44
453 58
253 6
226 69
451 65
195 66
492 8
405 68
78 9
203 6
442 25
276 43
42 55
455 53
83 24
430 61
106 5
32 12
160 22
400 35
407 45
196 9
307 80
356 54
251 8
76 51
381 3
266 69
477 69
272 26
429 17
107 63
317 1
278 1
323 44
44 73
215 35
436 29
190 55
355 7
146 49
375 37
213 19
30 35
260 19
90 5
245 22
73 29
237 27
162 50
478 79
178 53
9 21
223 43
29 37
254 7
276 53
236 4
121 69
174 46
93 43
150 58
469 7
265 79
58 58
308 39
307 61
63 45
282 30
5 53
84 44
3 61
119 43
462 11
279 5
18 42
447 77
82 67
390 19
356 65
30 80
444 15
288 6
82 47
98 8
336 20
176 39
130 54
61 29
179 5
143 59
36 77
102 69
315 79
475 14
188 44
461 40
335 77
10 22
190 13
421 28
97 58
431 61
301 64
382 43
364 59
318 13
242 12
362 17
476 24
444 42
332 77
150 45
19 39
465 14
230 53
74 61
166 73
249 48
292 31
63 21
46 65
222 70
136 64
144 48
376 63
55 33
109 60
467 7
35 72
422 61
205 29
405 78
362 18
424 62
27 70
231 6
372 21
295 68
464 21
289 4
438 26
14 39
323 45
470 43
302 54
178 73
464 76
236 43
153 66
139 54
195 7
40 45
247 52
254 47
255 19
232 44
317 64
480 24
495 38
373 68
389 35
151 43
334 1
390 19
440 66
378 42
423 39
207 80
449 27
369 60
353 19
137 55
178 56
370 1
29 28
22 72
134 3
72 71
22 74
251 75
338 75
79 36
109 62
351 65
339 32
310 9
44 69
442 72
357 22
102 79
19 65
299 77
278 65
235 13
286 53
426 49
106 15
102 21
313 68
150 31
183 11
108 4
53 26
107 46
253 18
72 11
301 17
176 5
372 44
311 13
234 58
52 5
405 4
158 28
265 67
33 41
248 60
286 13
450 47
167 44
26 47
451 22
180 23
189 12
56 24
113 23
184 66
136 41
249 75
414 12
87 43
62 75
44 44
202 3
346 69
114 27
360 17
453 17
79 18
351 23
122 3
135 23
82 39
290 15
166 8
21 60
78 4
343 31
342 6
327 29
290 20
489 2
276 52
182 15
465 30
153 37
51 14
88 65
348 2
115 59
383 38
250 20
462 9
75 48
322 43
418 29
143 47
116 25
221 23
172 50
498 55
225 77
349 51
28 60
90 23
393 80
454 14
347 51
162 78
457 63
148 50
132 63
73 53
302 75
313 20
99 2
425 2
485 52
63 48
344 32
453 58
361 48
269 46
194 48
450 11
351 24
19 56
253 15
495 14
289 42
211 10
259 74
86 37
471 31
395 6
150 15
462 23
184 7
203 16
45 6
111 33
222 56
463 57
121 48
93 52
314 1
394 14
491 69
345 63
332 77
12 2
411 17
235 77
92 23
177 47
357 18
166 42
152 69
311 75
378 26
442 55
413 59
343 41
102 68
442 41
136 12
359 24
311 19
341 29
461 3
353 45
161 42
476 22
20 50
123 56
276 64
114 15
418 78
184 3
289 2
234 1
322 48
483 42
111 65
471 45
79 62
147 47
35 69
82 39
389 61
161 1
173 26
424 58
306 45
465 10
262 13
371 22
127 10
429 33
380 6
356 13
247 28
332 45
331 67
380 77
51 5
62 11
429 57
403 58
315 60
34 1
57 3
130 44
48 77
362 77
289 1
402 31
498 51
347 74
436 56
202 70
390 20
164 66
241 45
397 48
122 38
77 4
206 17
255 23
168 15
37 66
158 61
389 46
210 69
194 70
493 28
109 6
303 36
171 52
145 24
230 5
71 73
226 53
462 52
385 17
204 34
347 78
466 18
414 71
68 24
52 3
291 79
172 74
317 76
214 20
259 45
296 24
144 23
172 55
144 72
245 48
150 45
298 20
434 58
137 11
187 78
343 19
425 45
340 9
440 66
336 32
460 39
178 67
355 16
344 23
418 24
470 69
143 42
44 50
167 41
422 16
396 3
359 11
413 27
23 37
407 48
335 37
117 31
205 6
131 32
298 72
325 29
75 30
174 62
234 49
369 9
447 73
8 52
440 63
3 1
255 37
343 40
143 52
83 43
103 73
277 35
344 78
112 1
177 6
318 39
35 25
269 27
423 42
55 57
38 41
401 77
249 26
285 72
16 9
121 34
145 13
413 70
110 69
188 68
30 47
233 69
81 76
9 79
149 39
170 50
171 68
1 75
185 60
165 52
91 52
310 61
409 17
451 35
70 24
123 34
23 50
404 68
156 43
28 72
294 79
478 25
182 6
244 69
48 2
129 73
342 5
366 54
239 77
360 56
8 50
240 20
186 19
414 27
15 14
112 56
130 57
156 50
88 46
142 54
154 3
257 4
387 76
459 17
109 14
69 51
169 16
207 18
395 49
326 61
240 71
325 77
169 76
161 70
321 29
41 8
178 24
437 1
42 40
397 51
441 49
133 59
71 53
82 31
406 31
306 5
176 52
44 14
116 15
469 51
172 32
200 26
179 76
263 43
367 55
13 32
141 12
163 24
430 58
230 6
117 45
171 74
147 48
270 34
225 49
198 2
401 46
140 7
227 69
454 16
170 30
424 63
321 25
459 26
426 73
200 72
198 78
332 7
354 69
106 78
42 80
183 15
150 73
397 19
260 54
67 32
211 74
26 66
243 9
108 50
212 48
228 35
89 48
162 49
213 69
469 37
8 70
458 16
111 12
319 78
38 79
199 64
458 39
165 74
250 5
31 30
243 3
166 18
129 51
115 47
129 41
75 60
104 8
472 30
71 58
263 47
437 22
163 64
114 35
387 55
63 73
279 29
261 69
231 58
117 41
190 47
292 7
437 15
327 32
329 39
28 35
344 72
137 47
101 3
477 70
332 26
469 20
500 59
287 1
36 39
448 55
105 50
86 10
426 53
247 9
315 49
1 67
130 48
186 53
133 77
314 39
406 2
500 52
86 47
147 21
81 76
221 66
194 13
460 39
337 32
66 23
17 10
368 44
248 53
79 49
455 10
332 7
203 6
65 5
50 34
85 52
8 7
336 10
378 5
469 8
434 71
5 79
278 66
51 77
42 32
421 28
367 16
375 63
171 53
141 29
145 23
452 52
226 39
107 59
423 7
396 68
418 72
332 11
419 40
80 10
416 14
171 26
381 8
341 44
39 52
298 5
32 3
233 66
116 62
177 16
176 18
161 40
85 76
352 33
171 80
143 11
286 12
304 80
178 52
352 73
355 5
156 50
29 15
93 72
371 70
289 21
123 40
184 14
214 46
389 63
250 13
429 74
452 72
426 56
425 45
391 72
148 56
485 59
383 80
469 50
313 64
196 54
26 20
461 38
313 62
61 66
304 64
175 54
53 73
87 71
91 63
193 39
5 66
13 77
287 65
269 45
443 58
141 50
99 23
316 22
255 67
282 20
430 74
185 75
110 51
261 56
297 34
11 11
260 37
114 41
499 47
13 25
103 65
321 53
342 51
285 60
108 10
169 41
107 18
9 5
390 60
239 41
179 23
409 25
199 80
443 55
497 80
156 5
25 53
323 61
344 30
484 65
387 49
75 4
274 30
54 21
99 62
188 52
300 22
340 58
166 36
307 32
392 20
407 43
319 73
114 8
290 58
39 76
111 61
389 16
471 18
382 5
101 69
105 62
396 54
150 58
123 76
470 8
97 22
239 2
139 77
222 34
473 80
390 28
217 69
389 39
289 40
219 74
418 18
331 29
321 20
223 57
151 74
278 1
225 15
219 71
486 47
167 69
407 26
365 44
231 2
370 17
359 7
488 5
448 24
316 76
75 15
225 61
247 61
228 31
240 6
492 32
230 54
85 65
93 63
311 36
424 32
87 9
96 33
226 19
113 7
480 79
51 17
395 21
440 6
304 22
485 6
325 55
339 3
478 5
80 53
84 76
77 36
384 37
166 54
382 69
164 45
180 33
332 58
316 18
238 76
235 71
94 62
82 55
200 26
344 18
356 75
254 8
470 10
472 12
312 74
298 33
329 39
152 38
50 54
124 67
321 10
484 43
374 52
287 32
24 64
315 55
162 56
232 3
379 15
409 56
365 27
265 29
428 8
98 29
268 25
149 71
143 64
363 6
112 3
96 23
108 33
276 58
272 38
126 52
267 52
234 45
123 36
99 5
35 43
188 62
408 47
456 32
234 21
28 79
435 26
278 58
52 60
370 25
454 6
220 44
220 22
256 22
270 60
264 18
418 7
280 58
485 60
106 72
98 75
91 3
108 65
210 32
359 7
17 2
316 80
428 75
363 13
270 38
413 27
400 13
342 60
178 34
217 5
432 72
444 34
28 44
411 59
447 80
275 19
207 54
86 44
274 48
133 78
123 62
324 30
265 59
22 39
173 62
288 59
130 41
88 7
114 75
497 66
230 66
202 60
271 59
153 30
133 41
149 75
54 51
18 38
221 33
293 45
78 61
376 72
41 58
241 16
266 79
29 40
188 14
51 4
126 54
148 44
34 42
32 5
118 46
327 6
42 80
260 63
415 75
249 38
392 24
227 20
157 16
12 36
185 34
43 14
259 4
52 28
171 8
19 76
364 17
119 56
230 22
282 39
337 9
378 69
173 28
385 26
260 17
248 20
88 43
443 45
105 4
246 1
379 14
204 4
15 21
225 33
389 52
481 61
133 55
153 10
416 14
493 73
427 45
57 22
252 72
447 3
10 58
460 48
89 47
248 33
62 76
120 38
50 8
271 53
261 21
102 31
56 6
144 21
347 23
245 67
22 1
170 52
68 14
170 60
243 56
313 24
50 7
92 69
477 2
497 20
267 25
373 8
37 73
200 43
256 77
359 70
392 58
100 42
278 52
408 68
404 12
291 27
115 74
236 67
277 33
204 48
492 5
356 61
57 49
223 74
383 14
196 14
485 3
205 16
371 29
443 53
160 61
125 25
188 70
143 10
30 48
389 54
497 50
149 60
348 74
20 35
57 33
135 5
335 23
272 63
313 30
183 10
480 55
439 49
224 14
418 43
393 38
419 7
116 20
263 64
355 13
7 70
16 9
255 67
415 29
163 6
336 1
274 46
13 45
8 67
267 13
249 48
60 50
7 56
139 60
162 80
345 3
440 5
438 21
92 9
412 69
146 65
433 69
83 11
114 80
76 28
253 11
95 21
10 16
237 19
485 75
48 60
285 55
291 21
408 70
164 71
297 49
490 75
332 79
350 19
9 31
110 33
262 80
26 41
411 24
151 50
17 16
66 16
51 58
64 60
131 53
407 49
84 51
66 29
209 59
398 62
71 21
29 25
130 23
63 16
13 74
294 26
8 47
96 20
203 52
426 42
370 51
402 74
172 52
311 16
341 69
222 69
408 63
95 55
230 75
136 22
421 77
207 34
122 41
322 20
187 45
220 45
53 40
241 77
180 54
318 51
318 25
360 80
81 2
167 1
104 4
337 64
487 79
122 53
88 7
225 36
394 16
195 65
367 76
84 43
495 1
294 61
404 16
397 8
353 67
435 3
190 24
467 72
11 58
354 26
321 58
337 62
348 78
100 10
140 80
161 40
492 11
192 54
350 8
272 15
500 35
324 20
241 28
108 70
115 52
148 24
203 14
156 20
149 55
205 31
24 19
118 77
479 64
482 21
320 18
446 26
396 16
108 68
203 29
302 52
260 27
2 71
174 8
319 48
451 69
224 43
341 4
47 49
161 42
112 2
429 35
436 76
464 2
500 44
115 79
374 60
449 28
326 43
243 19
340 80
61 33
10 53
46 80
196 7
143 25
336 51
439 65
188 21
13 39
129 17
308 43
121 32
285 59
199 68
468 61
386 4
124 27
437 75
454 20
182 13
99 20
214 64
82 17
445 5
364 49
313 75
67 57
79 4
246 21
493 49
422 76
286 47
355 8
484 37
219 37
174 50
39 80
194 53
434 3
495 51
165 68
283 4
287 66
304 57
39 61
413 59
477 36
46 56
156 69
186 53
196 31
458 20
251 6
127 6
223 64
94 28
160 48
152 58
200 48
384 56
91 72
32 47
280 40
449 28
495 10
147 7
191 73
187 38
321 80
384 64
168 78
160 78
46 26
453 20
211 56
448 17
238 6
248 8
221 61
241 71
136 1
39 71
2 19
226 15
17 20
418 49
108 3
366 38
391 73
51 49
179 59
282 26
79 65
250 56
91 54
346 27
50 59
225 47
310 37
288 64
235 20
48 79
70 10
397 44
409 25
151 9
493 72
28 80
281 71
109 57
129 25
46 18
168 31
445 78
222 53
421 63
461 71
355 63
98 46
241 31
46 12
374 72
481 43
402 9
139 49
371 27
99 32
396 7
366 48
230 63
8 37
313 6
437 26
383 63
370 53
63 9
169 52
71 52
295 50
407 54
16 61
39 59
210 32
156 71
390 62
297 74
43 16
96 78
294 60
351 78
333 22
444 79
199 26
382 47
442 9
11 73
311 8
386 74
130 18
199 4
477 8
445 22
205 34
167 61
449 39
385 2
17 39
260 61
257 65
299 75
25 60
367 3
5 4
316 32
395 41
245 27
468 80
272 70
27 70
403 49
141 41
232 41
488 8
421 77
260 60
183 23
433 80
152 8
491 80
409 19
129 58
149 66
314 50
487 46
441 9
147 18
185 73
395 73
341 68
343 54
252 4
475 77
354 34
93 55
86 19
200 7
81 28
432 40
31 16
350 26
366 44
133 58
122 13
160 18
391 47
67 56
108 37
180 21
492 55
182 60
310 6
301 51
262 42
440 47
166 16
33 28
70 3
492 12
395 21
358 36
384 41
264 57
448 52
416 67
468 31
340 67
416 43
121 20
460 30
123 41
375 40
478 69
159 2
210 15
239 49
417 12
225 63
252 79
132 65
218 20
233 60
297 14
453 69
63 41
389 42
294 76
190 34
493 35
466 23
485 68
172 35
476 17
322 73
21 8
356 78
105 71
460 74
105 76
387 18
427 28
64 68
317 66
464 76
187 17
412 69
117 49
473 20
83 5
65 14
35 67
438 55
466 5
360 47
307 73
278 2
263 69
318 28
75 56
412 3
29 56
208 20
295 49
413 15
330 16
279 67
14 13
6 46
321 4
269 79
160 60
428 31
174 37
472 49
325 66
237 34
216 54
243 3
406 53
337 39
274 25
136 22
239 20
476 75
75 37
177 53
385 67
423 10
419 36
205 23
184 4
233 18
324 25
193 67
434 79
434 55
157 7
168 44
259 42
287 5
434 3
157 22
413 47
64 62
484 51
353 77
268 36
428 59
470 18
392 55
47 27
319 17
116 61
190 40
491 80
93 55
129 73
214 47
333 37
128 48
500 48
75 32
347 50
7 41
422 80
92 44
370 21
45 8
394 7
136 65
2 38
173 26
17 8
411 35
159 15
423 64
427 20
220 35
419 31
358 30
13 30
379 27
48 6
88 77
36 70
93 60
72 80
18 72
184 15
251 25
75 1
245 34
188 58
173 63
376 19
152 51
287 20
249 60
450 7
355 60
362 1
352 2
92 52
236 9
238 43
135 9
474 16
388 52
14 62
338 27
112 27
472 6
194 61
465 68
443 70
392 76
352 59
199 17
89 28
294 64
143 28
388 38
375 33
305 56
143 47
279 76
94 23
276 35
39 53
480 51
76 48
397 23
380 52
255 66
459 10
454 58
13 21
122 11
92 62
152 73
30 12
488 9
64 30
493 38
231 51
182 8
350 2
11 5
86 54
318 4
207 17
373 53
71 71
101 72
452 52
413 62
359 3
69 55
221 74
190 6
315 25
333 78
313 8
225 66
484 47
274 13
358 6
36 22
247 60
495 9
225 3
104 25
449 61
5 9
461 74
297 28
261 74
428 76
499 68
199 77
481 52
100 19
118 12
392 79
324 67
264 39
498 76
186 63
106 2
99 63
169 47
449 50
113 69
274 38
375 74
161 34
108 28
205 19
138 66
397 66
93 43
257 64
224 29
308 51
192 73
141 73
482 56
345 55
243 45
218 19
133 9
207 36
430 76
389 68
177 53
400 4
78 39
103 24
195 4
115 74
140 69
481 60
114 66
253 45
119 57
225 62
329 65
46 43
333 55
404 72
183 17
487 27
315 36
39 77
388 21
203 53
32 36
300 29
266 50
354 17
71 53
61 54
220 74
64 72
252 62
349 77
316 57
487 58
20 18
156 56
465 22
305 9
107 52
84 73
89 34
245 26
220 72
388 13
250 51
45 38
28 55
258 48
3 71
266 34
212 50
493 68
307 67
24 21
241 77
338 48
470 70
321 61
108 8
467 79
16 31
323 31
404 30
265 52
106 65
454 9
215 19
201 11
9 65
248 74
493 27
151 60
421 69
341 72
199 46
221 76
324 64
293 45
188 69
378 64
277 21
336 32
297 9
309 70
258 12
423 56
470 48
455 55
48 5
201 41
158 65
491 43
357 71
231 23
319 65
328 11
335 67
52 76
500 30
321 28
99 29
358 54
411 15
290 30
215 21
256 9
64 51
231 62
189 33
196 11
265 4
486 2
390 37
487 36
27 40
52 70
88 70
486 62
331 47
130 23
50 57
283 58
50 14
92 3
423 46
110 17
292 65
172 50
304 44
250 23
275 62
468 74
340 50
124 27
49 11
402 73
300 58
170 72
424 29
309 3
365 62
280 18
268 72
180 47
235 17
59 58
249 26
12 21
425 37
87 43
416 44
151 19
347 53
48 52
428 73
426 6
391 74
34 55
75 30
297 38
467 16
291 16
40 31
142 16
299 72
136 16
403 4
113 7
75 73
326 55
222 31
404 2
360 61
282 29
39 10
346 72
416 53
440 56
214 11
169 12
62 80
100 64
33 47
289 46
149 61
462 54
402 65
115 22
489 20
476 5
156 37
177 10
355 28
215 65
448 32
89 29
183 78
14 5
336 2
292 73
335 34
192 9
16 15
417 14
481 66
175 67
111 3
357 76
440 55
488 71
72 6
210 58
489 28
437 18
14 55
150 18
181 66
95 43
19 60
441 39
399 21
3 11
84 2
485 58
22 76
66 59
437 56
62 71
450 65
243 5
433 70
111 49
41 76
423 45
153 34
7 45
481 61
485 35
222 40
357 12
489 10
211 7
109 52
384 53
132 60
220 7
136 70
434 16
233 18
394 24
211 16
195 40
390 32
156 22
309 67
172 55
180 23
373 5
366 60
467 36
224 72
59 44
54 66
313 11
337 6
103 45
472 47
353 22
164 37
496 33
434 62
439 41
324 30
412 80
90 63
414 46
149 26
30 54
212 21
493 5
404 18
3 34
84 16
247 55
231 34
261 45
413 42
252 57
311 55
294 55
345 25
154 36
385 65
47 63
425 77
451 42
303 11
15 8
152 61
262 77
248 71
255 33
350 6
324 2
337 69
113 59
460 60
142 40
268 7
417 25
131 49
269 35
469 40
457 70
255 67
368 22
161 65
212 74
476 6
250 46
147 80
46 75
225 60
291 24
193 59
231 36
103 75
177 54
187 11
416 66
5 43
388 24
320 24
93 12
165 75
315 24
298 54
440 22
427 59
161 29
57 58
277 71
438 51
414 3
442 80
122 67
6 32
395 34
203 73
363 70
246 13
451 15
160 56
475 15
434 51
417 1
78 64
77 61
149 57
204 58
497 70
161 17
386 49
435 59
175 11
337 32
440 3
405 74
361 76
409 33
299 21
63 39
303 73
197 39
115 1
16 38
157 6
129 20
232 7
34 70
240 68
116 77
256 25
145 23
290 51
357 8
12 53
97 58
52 74
500 7
182 67
168 16
353 74
481 75
18 63
162 31
9 56
265 68
220 78
238 6
166 51
320 52
279 7
50 44
496 49
13 48
338 65
81 63
1 25
477 40
486 60
316 18
225 25
25 62
307 40
211 6
128 26
243 2
410 21
260 17
111 69
318 77
391 38
396 67
482 52
262 22
13 61
499 8
180 43
213 44
308 21
260 10
460 69
135 40
443 76
358 35
227 63
397 54
154 40
299 45
168 45
44 71
313 72
16 21
484 64
444 2
120 65
116 2
38 67
382 7
107 18
252 19
344 16
160 57
220 19
264 30
430 4
71 3
63 39
412 25
195 68
158 63
123 78
131 64
423 71
474 31
435 5
495 64
156 21
133 25
161 26
280 25
55 77
190 8
214 20
5 27
37 46
409 47
21 14
91 6
286 57
120 38
126 48
150 34
215 35
27 42
482 2
228 79
411 31
487 14
397 45
1 59
140 8
208 49
406 80
108 79
313 9
43 80
59 54
343 79
428 25
164 42
272 36
154 55
196 52
13 72
24 67
370 39
26 78
213 36
348 52
242 23
183 36
203 69
246 22
73 11
109 31
44 7
449 59
153 50
210 8
86 38
364 40
72 48
285 1
319 76
315 47
44 2
468 44
235 32
305 62
36 67
492 58
159 56
162 20
151 4
234 17
196 8
305 26
248 61
466 20
161 21
358 14
170 72
167 37
427 37
307 64
210 78
13 50
218 62
387 52
167 4
230 74
147 52
91 6
157 60
136 52
297 63
165 47
302 44
297 15
428 14
400 35
400 55
303 13
3 31
396 62
336 19
44 10
481 47
424 80
368 77
374 24
437 77
241 28
423 44
249 80
336 36
453 53
37 39
115 30
485 33
214 51
249 60
249 43
233 80
8 23
29 60
249 41
172 57
299 44
400 21
428 5
429 58
423 34
235 48
455 44
105 36
284 54
91 8
399 43
473 61
359 13
380 64
184 18
257 74
126 66
371 12
73 16
145 5
365 43
81 33
2 73
57 66
446 39
449 45
432 56
453 30
417 46
75 75
457 43
38 74
336 49
145 80
131 2
7 23
257 63
245 68
189 54
146 66
254 19
206 16
484 52
53 50
396 63
442 77
455 67
268 44
248 65
349 24
106 16
394 46
386 10
84 21
202 3
79 10
85 20
186 76
448 10
57 72
338 46
50 67
2 75
440 61
307 17
437 73
252 33
328 1
111 40
18 46
184 52
423 9
208 4
77 48
62 74
21 79
126 26
367 66
306 59
249 55
197 54
177 61
219 73
155 20
183 16
182 56
38 78
339 62
143 42
490 56
487 7
444 64
246 13
408 65
269 38
139 24
137 71
176 6
482 42
295 1
365 42
192 80
391 59
383 71
452 57
420 65
347 64
354 11
470 62
201 68
223 23
282 52
486 64
364 68
104 24
303 21
141 68
11 19
313 50
84 25
329 3
265 13
293 44
185 76
250 48
28 70
193 45
308 42
152 54
309 66
114 18
116 46
26 28
362 75
112 80
422 40
9 46
257 50
239 74
493 52
95 11
2 56
330 41
453 26
350 29
440 2
130 33
475 10
196 8
330 73
462 16
319 69
193 77
284 63
435 15
487 1
79 1
418 42
335 15
14 22
34 16
25 78
355 7
241 25
13 80
374 27
27 3
310 38
118 61
221 71
165 33
348 76
164 70
131 44
141 54
385 9
456 46
212 64
260 5
5 20
323 18
383 61
101 32
204 61
45 48
469 13
187 5
429 38
394 42
351 25
104 5
146 25
20 68
485 4
469 25
279 67
246 62
417 30
123 42
419 25
472 38
447 70
457 13
116 33
286 38
104 21
435 58
230 24
320 53
458 26
117 27
321 75
348 10
45 2
199 39
455 33
206 72
38 75
34 1
308 9
388 15
445 72
380 57
486 55
57 51
404 20
80 38
32 64
38 24
411 54
28 33
327 3
485 65
165 8
18 29
282 18
310 76
395 67
251 57
294 18
245 58
378 58
157 13
20 44
276 8
287 56
16 60
90 42
165 70
199 63
365 56
147 41
282 27
70 76
114 54
435 4
370 15
230 3
150 75
413 60
231 9
421 58
118 42
266 77
58 1
1 62
177 12
343 76
274 26
362 57
146 49
315 29
313 9
409 78
83 52
357 74
348 67
126 75
244 55
145 47
23 52
371 64
6 57
10 56
144 73
464 37
143 60
360 33
431 3
283 2
254 20
398 35
148 18
445 57
413 16
312 27
358 60
437 33
176 69
273 23
385 23
211 15
155 40
9 73
139 30
441 54
170 5
16 61
300 42
162 46
255 7
108 33
444 57
292 29
174 31
429 71
149 27
174 14
253 75
287 47
1 58
91 29
340 62
411 8
185 27
261 70
229 19
375 2
201 6
114 23
358 8
134 1
416 46
282 56
260 18
130 45
218 75
60 73
334 51
77 3
250 69
104 45
213 20
454 74
9 66
482 21
255 17
193 4
343 21
253 71
297 18
219 72
239 72
158 16
292 19
394 51
21 70
260 32
210 21
285 14
493 71
192 45
463 24
97 23
167 53
62 80
30 33
143 77
140 51
85 35
480 1
57 18
415 26
490 71
327 31
179 43
13 13
375 29
95 76
475 11
31 27
203 49
11 68
453 46
395 30
302 64
121 76
249 34
9 8
385 72
90 6
255 59
119 78
404 66
208 28
384 3
448 52
5 37
50 73
400 19
447 18
325 72
76 17
82 69
348 67
126 79
405 70
100 27
493 53
125 48
107 70
277 70
42 64
428 11
376 25
21 73
137 42
87 4
314 37
177 17
407 75
189 67
215 48
337 38
131 65
344 39
377 2
111 71
27 78
308 20
9 35
279 56
487 42
245 60
80 31
332 54
186 18
411 59
272 80
166 9
464 32
255 13
429 26
494 13
311 10
302 53
418 32
361 46
413 17
370 4
126 48
400 50
163 34
285 11
83 45
421 61
261 20
322 57
254 58
270 35
3 17
71 14
401 16
166 26
388 39
292 72
228 49
298 34
282 80
455 50
100 12
377 64
68 54
481 80
476 75
442 79
254 31
170 28
151 76
489 26
322 40
247 8
323 32
236 36
101 36
488 10
343 1
107 60
165 21
454 42
167 16
95 18
136 2
234 12
294 64
319 70
249 41
386 62
268 48
380 54
460 74
193 67
6 36
82 76
317 44
331 12
59 2
309 80
298 53
257 17
337 11
57 47
451 60
334 72
282 30
74 40
32 56
263 77
53 20
455 7
426 6
236 2
483 17
165 80
165 14
480 33
318 61
118 66
309 61
210 4
294 80
479 52
36 27
338 39
358 66
144 74
24 54
373 40
466 55
11 32
258 58
289 65
55 16
51 35
261 38
487 16
241 9
178 44
54 11
366 10
301 63
372 53
388 23
196 36
380 79
422 18
28 53
212 29
469 31
260 30
486 35
246 14
27 53
266 1
258 18
291 26
297 42
8 15
423 72
197 52
301 52
361 78
116 5
125 59
406 36
1 4
397 79
487 2
60 31
142 65
483 7
289 13
84 53
226 17
22 25
235 48
385 49
484 51
260 4
172 36
21 14
42 32
287 3
263 66
193 44
325 62
118 61
425 53
269 39
493 6
364 16
66 67
194 55
240 10
347 17
6 2
382 71
40 25
171 42
296 25
84 68
236 13
481 69
491 56
43 14
222 8
443 56
80 13
188 2
37 16
372 29
460 28
380 73
376 43
129 27
209 73
197 11
341 69
399 61
154 56
326 30
453 10
43 26
344 71
393 28
3 1
249 65
458 47
156 63
475 19
271 67
323 39
72 1
363 43
99 3
309 76
42 78
109 59
459 60
138 37
288 31
408 12
315 68
362 73
420 67
342 10
255 34
31 44
389 28
8 43
87 2
305 18
425 21
329 35
127 61
114 52
338 39
230 55
405 35
66 32
175 77
220 78
432 73
41 24
436 5
239 22
31 4
364 51
85 36
422 28
89 35
249 28
296 37
185 33
281 1
78 15
196 51
199 60
494 64
363 40
422 6
187 6
242 79
401 55
213 63
417 78
410 46
204 29
262 49
445 62
303 58
442 41
459 35
115 22
260 21
421 26
118 66
414 31
310 53
178 14
493 25
494 51
350 7
220 51
490 51
146 36
69 7
186 76
391 25
393 71
455 33
435 23
170 25
169 60
483 7
257 42
88 18
454 19
484 64
241 49
121 56
398 6
351 12
424 37
479 76
333 56
5 61
342 23
427 65
191 23
271 80
427 67
162 10
450 72
55 6
46 50
168 39
52 27
5 55
145 39
491 71
89 41
457 42
266 76
483 55
366 27
139 46
462 59
120 74
315 46
330 26
98 53
144 42
175 75
367 4
101 56
241 24
108 41
59 80
254 40
3 66
468 63
443 13
44 17
365 1
365 61
478 9
197 20
14 41
164 5
102 44
32 30
196 4
411 39
406 15
79 74
268 48
338 74
198 9
102 18
35 45
254 77
147 7
210 76
183 71
291 23
325 76
12 80
391 50
76 65
468 1
251 27
167 21
211 56
245 34
367 41
472 10
117 72
339 53
157 48
458 27
19 19
472 32
461 23
188 44
382 33
288 38
139 67
173 42
456 52
420 52
248 26
130 73
172 46
91 17
126 46
205 4
144 64
261 51
73 9
351 14
84 35
144 11
236 49
45 45
22 1
17 40
87 72
322 15
489 34
294 61
186 73
228 16
100 40
204 73
249 25
263 26
51 46
475 26
165 11
269 55
135 71
225 41
309 18
317 61
230 55
125 18
484 62
317 75
49 32
450 63
258 27
222 38
65 65
422 3
283 46
315 37
265 11
378 78
166 20
285 78
12 12
398 73
322 9
479 57
272 44
494 44
186 69
425 53
234 50
42 16
425 8
451 73
216 38
97 40
120 6
383 10
209 65
460 69
7 5
363 7
66 35
361 40
9 56
230 4
274 70
74 67
8 48
264 5
102 56
371 73
248 60
192 52
391 76
206 9
476 55
357 6
262 13
183 6
154 36
415 68
351 15
397 17
482 9
226 50
186 50
319 17
366 53
73 63
51 11
476 47
356 52
452 40
451 74
448 67
160 9
470 62
38 19
278 43
264 32
369 73
479 43
242 34
460 48
350 52
48 77
412 80
22 35
197 33
70 19
430 19
276 43
374 66
68 80
236 55
321 58
349 55
290 62
67 35
113 18
40 75
270 23
235 42
357 45
362 35
93 63
291 80
107 27
218 57
325 76
473 24
111 2
263 74
296 55
439 8
169 63
11 15
463 42
403 73
400 77
224 12
276 44
175 37
17 63
259 38
498 63
391 33
389 78
331 33
285 19
104 52
469 37
103 20
346 38
438 6
115 53
298 30
372 68
89 13
35 61
204 61
254 42
272 26
431 49
117 10
325 5
241 74
113 2
161 3
313 52
309 33
303 23
198 4
277 73
229 47
51 56
53 57
225 1
174 24
226 61
51 58
12 75
229 37
34 1
232 35
367 35
145 30
196 48
131 52
330 9
462 54
448 10
53 67
164 28
34 66
485 10
385 57
356 23
454 43
462 48
180 66
199 72
6 27
28 73
262 62
145 62
4 76
13 9
302 5
487 25
193 7
384 75
431 64
482 69
378 41
177 69
187 35
183 35
394 65
240 54
232 28
358 4
245 21
181 61
166 33
332 33
365 32
171 11
107 40
435 13
157 74
489 18
400 24
4 22
426 14
171 72
278 68
54 68
131 11
275 54
439 50
238 8
126 69
469 22
172 62
138 33
445 54
405 14
273 30
200 46
26 32
286 36
151 55
361 40
360 38
382 37
187 15
435 43
162 43
378 73
59 32
422 46
26 69
358 67
106 37
164 80
91 37
453 33
138 24
172 29
261 11
455 33
138 55
425 54
272 20
221 49
238 30
107 27
239 54
355 24
372 15
296 29
325 23
388 78
10 22
378 50
289 15
116 17
402 55
68 40
419 5
161 57
215 78
303 53
151 58
133 39
138 7
454 2
79 15
371 44
6 38
145 71
70 3
200 6
234 62
155 72
443 24
17 35
79 79
474 79
219 48
9 22
272 24
294 37
147 30
19 11
171 11
443 47
358 4
58 44
186 32
303 55
327 46
329 51
32 77
197 77
392 36
400 43
21 68
49 59
51 13
7 5
76 6
127 53
39 69
91 67
444 72
318 43
352 64
306 62
266 68
46 4
107 40
40 60
100 21
263 25
241 15
38 5
480 8
247 34
37 77
118 33
319 68
341 37
317 13
480 21
189 12
424 54
291 32
22 23
477 28
400 49
162 32
167 48
478 34
1 69
282 59
345 27
197 25
111 75
99 8
222 25
258 14
271 37
166 39
475 14
323 58
300 13
201 15
481 55
36 51
367 45
112 38
486 44
26 8
348 37
76 9
223 14
14 72
15 39
304 73
276 24
164 23
285 34
126 67
51 17
301 57
22 19
104 16
150 47
425 12
338 31
339 40
345 79
230 78
326 70
249 48
264 51
263 20
253 13
375 71
179 79
493 16
70 18
154 57
239 2
182 43
207 36
369 63
43 27
464 74
245 74
218 62
109 48
410 76
289 1
56 42
131 70
335 19
60 20
28 15
249 8
28 3
321 31
210 31
271 60
197 53
235 52
193 73
207 42
436 73
459 37
77 10
412 53
401 54
311 37
33 2
289 65
358 79
319 14
219 5
41 24
469 25
469 41
495 44
356 77
159 58
136 79
153 38
485 29
452 7
462 74
470 7
22 30
419 65
427 18
263 72
235 28
134 64
288 30
377 48
494 10
248 71
40 70
245 44
150 58
88 48
316 11
360 28
66 4
406 43
458 11
202 74
278 12
168 13
182 37
30 26
373 30
254 5
107 65
226 7
284 23
293 4
402 13
420 30
79 37
332 76
6 64
356 63
470 65
472 72
98 38
401 69
39 7
236 1
381 6
417 13
267 61
244 51
97 29
151 51
41 32
361 51
366 34
342 55
454 33
41 49
482 20
240 8
63 32
160 50
53 8
79 1
179 25
128 64
58 47
92 8
298 27
37 24
266 66
57 31
122 8
271 60
496 57
449 73
423 77
245 25
89 20
444 56
64 7
143 37
270 41
126 52
165 34
325 23
39 78
118 29
18 73
33 68
191 67
125 22
228 18
408 46
87 55
222 72
25 9
454 72
41 23
181 52
242 45
232 9
477 23
493 13
184 40
489 62
484 4
168 73
495 74
401 5
367 72
289 32
493 78
231 25
249 50
178 72
176 68
162 35
24 9
375 9
243 79
394 63
488 27
264 34
340 13
122 17
423 53
18 68
326 19
481 25
430 45
290 76
274 56
479 62
281 45
323 40
486 52
467 4
295 14
455 15
271 40
304 49
389 52
64 17
28 72
388 31
489 64
411 46
72 54
487 63
353 45
313 80
297 45
205 16
398 57
404 43
57 4
295 14
347 26
468 54
271 2
94 45
296 59
140 7
33 40
464 75
324 64
342 63
408 56
267 45
299 8
500 75
497 53
279 1
478 34
94 74
344 15
117 79
153 65
451 20
128 70
343 11
27 73
483 49
186 43
5 65
208 69
215 65
205 37
447 25
81 67
289 4
204 24
199 40
18 71
394 79
184 2
73 77
342 40
56 72
45 58
21 4
146 80
382 20
204 11
122 59
405 33
400 17
94 45
87 7
333 56
116 55
56 52
493 45
177 73
265 22
479 17
116 29
320 7
313 52
409 45
400 57
315 70
42 30
239 73
409 80
144 40
400 35
295 44
369 42
413 53
77 7
493 45
394 42
275 52
296 55
96 68
363 79
5 28
469 49
444 38
393 36
343 40
94 67
266 18
132 33
113 49
106 26
413 23
370 78
355 64
328 49
336 46
357 74
292 55
403 20
432 73
234 26
204 52
463 30
12 76
91 59
465 36
498 18
380 34
493 72
443 42
441 11
183 56
279 79
47 78
303 40
491 73
340 27
56 75
26 11
201 47
116 20
256 26
429 64
346 44
345 75
85 4
256 42
291 18
413 18
465 54
434 46
196 62
321 10
430 18
81 18
167 79
201 16
118 71
440 43
451 28
148 19
122 48
336 6
419 37
83 14
492 72
102 71
28 27
65 3
309 21
136 52
440 54
468 37
440 39
216 14
14 41
189 5
141 48
351 63
359 73
303 6
364 69
219 24
133 28
80 53
415 48
11 65
276 22
457 20
291 53
267 46
279 76
447 41
225 50
167 40
348 2
153 66
161 4
186 48
68 65
189 32
177 80
193 39
286 14
128 38
469 45
242 41
382 56
474 15
86 63
204 64
163 55
61 13
493 70
276 15
286 9
294 40
438 79
312 33
495 10
353 51
366 36
434 44
137 58
468 66
356 25
227 26
239 61
197 51
52 51
194 37
333 34
202 37
137 23
393 28
124 64
51 11
201 68
40 16
186 4
259 47
197 53
62 52
402 48
59 35
47 23
280 9
374 44
450 72
428 2
24 20
445 38
296 51
50 67
166 53
368 11
380 21
250 60
201 40
427 17
488 36
302 25
4 31
352 12
355 22
294 65
480 19
433 65
182 66
26 43
281 16
148 7
90 11
172 35
102 4
1 35
446 70
212 30
372 27
129 4
64 3
273 32
123 41
438 64
167 62
295 75
409 28
5 8
353 80
81 19
310 3
166 2
235 10
135 49
82 1
246 18
388 69
454 49
107 47
450 42
261 4
420 20
386 38
356 25
418 42
206 75
141 76
252 71
289 16
485 9
133 66
232 42
325 79
386 57
415 40
352 44
44 53
99 5
217 20
140 24
379 38
158 12
339 79
312 7
462 31
19 43
301 58
56 22
240 74
124 38
84 40
239 13
462 49
259 36
212 20
156 50
98 33
16 58
463 48
122 14
116 31
18 19
432 14
260 56
182 72
395 35
190 10
8 47
117 9
302 50
452 54
188 15
53 64
123 68
302 53
342 39
221 48
54 49
371 34
80 68
143 74
470 76
266 45
357 61
165 53
217 50
186 4
293 22
140 8
394 60
226 65
424 20
107 77
192 65
127 37
479 38
190 78
32 11
328 40
408 54
345 24
288 51
222 36
34 62
233 42
72 42
254 18
388 21
270 46
183 26
312 55
443 63
205 36
175 54
371 38
91 13
476 22
140 49
448 66
155 7
381 50
45 55
393 51
353 14
9 7
78 18
165 71
499 57
105 9
411 79
416 78
404 4
355 10
112 42
23 39
165 48
497 58
375 48
317 52
154 12
241 27
331 4
202 77
472 59
482 42
27 65
304 49
403 5
160 80
466 52
329 76
87 11
229 79
308 80
165 67
288 31
479 50
109 26
422 68
495 3
1 29
286 25
258 40
179 25
428 74
446 15
168 59
122 10
82 61
109 42
326 61
244 42
216 54
166 65
183 40
359 31
150 50
188 64
365 8
222 68
348 39
480 27
133 73
332 13
2 30
346 26
116 22
406 62
472 67
319 32
319 75
32 21
403 71
202 72
251 43
110 67
228 12
500 13
90 4
269 60
51 35
96 20
258 70
307 37
164 3
94 14
157 23
129 1
24 75
449 33
295 15
165 41
131 14
451 69
461 4
304 23
121 57
123 19
457 46
92 14
215 41
390 24
358 20
162 17
259 73
247 10
38 29
368 7
220 45
74 76
183 75
406 71
114 62
446 37
271 49
311 64
359 10
407 4
490 58
352 37
25 40
104 12
212 23
275 38
87 3
385 69
499 33
137 5
385 36
457 42
137 26
359 21
497 14
362 4
425 4
316 27
271 55
213 57
36 35
274 11
416 47
491 36
24 39
220 76
169 31
460 3
193 36
207 25
64 7
393 42
219 21
81 42
223 78
471 15
357 44
207 23
401 13
423 42
25 79
395 71
2 56
84 19
64 37
78 1
447 48
467 2
450 68
459 77
307 37
420 63
49 77
135 9
252 15
410 8
345 36
20 44
361 19
74 23
187 40
132 51
114 5
497 77
144 36
124 20
287 13
322 50
272 29
446 70
253 52
3 31
175 68
262 9
204 44
231 78
471 31
42 65
376 64
69 45
359 74
323 26
312 31
139 59
130 17
224 20
350 69
474 5
338 25
252 15
382 68
421 43
468 26
342 8
26 62
359 69
16 29
46 77
367 1
131 1
339 70
413 32
478 9
60 50
478 5
39 30
468 72
155 56
204 4
104 40
370 70
217 11
9 47
170 5
398 75
446 31
23 6
498 3
153 15
346 77
170 78
283 50
106 68
335 28
450 48
332 79
378 42
30 53
244 42
426 56
137 76
241 33
137 75
107 34
46 7
230 20
265 76
478 37
365 57
490 25
297 45
378 56
106 63
131 24
9 41
82 59
432 38
319 7
110 46
152 35
118 3
215 37
80 75
1 18
246 55
79 11
239 36
115 35
89 3
442 7
11 66
497 55
474 76
241 63
412 43
155 68
14 64
104 31
269 11
491 12
264 7
397 78
279 63
272 67
483 61
238 69
485 74
137 22
80 11
389 72
382 64
369 72
142 42
80 34
263 54
402 63
39 76
62 68
230 79
129 56
464 69
267 77
13 79
42 4
333 34
175 35
431 69
136 63
298 1
157 55
209 69
312 67
478 50
305 18
144 80
349 74
288 57
174 20
440 45
142 63
306 45
428 32
80 19
386 74
258 43
202 61
433 42
393 49
481 74
459 31
114 38
376 63
340 34
351 58
344 42
428 3
143 16
239 10
409 29
442 54
134 64
326 34
220 28
230 33
61 60
42 48
138 54
341 64
177 79
149 51
226 58
218 59
184 76
311 16
105 40
411 63
473 75
9 31
139 25
244 60
372 25
265 27
48 6
60 17
5 63
111 43
283 80
171 42
333 60
198 73
309 48
307 55
31 2
478 25
448 72
214 41
369 26
185 29
80 59
314 1
33 40
114 34
50 70
467 49
332 79
197 3
372 63
123 50
202 60
312 62
497 74
279 66
209 49
193 43
21 16
341 68
178 62
278 43
469 21
363 73
413 11
221 10
480 70
124 38
415 47
408 59
472 14
106 16
168 9
260 70
287 50
305 59
34 5
424 40
65 30
77 35
223 79
84 43
207 11
281 48
249 46
476 66
460 23
118 21
297 31
312 57
174 14
468 76
209 47
392 9
262 72
354 46
222 54
306 32
411 32
116 23
4 41
347 2
284 50
222 21
119 37
41 41
101 64
256 3
235 77
349 38
379 10
246 9
58 26
268 23
180 18
141 53
350 68
218 54
260 56
283 30
228 73
330 69
143 16
44 11
398 54
482 71
414 43
213 55
1 41
183 72
474 8
87 66
457 50
267 67
87 30
145 12
357 14
476 35
313 68
43 73
311 45
128 36
238 19
68 34
331 66
447 60
242 5
336 79
123 56
375 76
436 9
79 69
39 23
429 62
461 43
442 51
462 79
59 51
477 17
102 41
421 45
444 18
158 57
477 29
93 11
258 35
441 2
165 31
360 39
258 33
223 74
485 21
138 6
174 24
313 76
293 20
92 4
63 79
3 54
441 11
40 75
463 60
93 50
165 6
252 39
424 67
334 79
268 39
259 1
366 53
157 67
286 61
2 29
99 74
90 80
257 52
370 76
183 67
363 60
112 5
91 2
180 37
451 10
198 56
212 65
94 80
28 66
342 60
439 52
347 75
490 71
126 38
221 14
472 10
361 47
137 44
81 38
454 5
333 65
286 7
466 69
421 69
374 42
3 46
277 45
123 61
326 47
204 46
234 36
343 64
374 56
454 72
249 16
370 24
482 48
87 58
224 31
70 79
20 38
395 49
89 73
39 25
80 58
402 55
450 50
457 46
240 13
31 52
197 69
320 20
459 61
233 12
301 62
118 45
146 25
344 48
155 35
222 77
321 63
296 75
112 69
146 14
63 25
57 56
365 24
465 27
419 12
178 79
209 11
333 51
382 19
394 60
340 45
123 46
183 41
47 2
95 24
409 23
158 17
265 62
80 80
99 26
207 75
163 8
381 65
195 30
133 7
217 27
488 42
98 61
342 34
468 64
297 17
69 35
180 51
153 26
486 5
27 37
471 1
239 33
174 17
376 31
442 77
500 45
21 22
203 56
46 67
469 43
296 41
415 40
167 62
395 43
24 67
205 25
167 24
296 6
313 69
375 31
118 26
461 36
199 37
104 59
175 39
226 5
118 38
87 19
346 77
332 79
10 7
431 4
101 11
288 39
112 25
291 45
261 76
261 42
426 70
230 22
243 49
156 9
108 11
496 50
333 73
349 23
195 80
318 80
368 18
428 39
136 41
394 1
96 68
224 29
421 36
304 28
482 27
11 4
169 24
196 63
242 36
387 63
382 5
23 67
423 44
497 42
24 10
360 80
192 70
457 13
41 29
181 58
65 4
474 35
178 79
239 20
135 28
433 28
262 25
104 27
439 52
318 17
25 33
300 26
222 57
406 59
431 53
182 1
349 20
150 7
414 33
487 36
179 8
138 38
187 32
143 20
472 6
340 37
7 6
182 69
138 27
23 38
475 4
240 33
331 52
16 75
148 68
413 8
276 57
32 37
367 43
60 66
182 2
377 54
265 9
306 41
261 21
131 23
381 52
88 29
174 78
71 45
111 45
364 26
485 62
365 13
388 28
268 77
432 30
31 78
371 39
138 25
82 52
161 48
194 37
370 27
159 27
179 24
18 16
410 72
149 29
46 70
464 46
374 56
477 65
362 77
28 44
80 64
124 22
117 38
471 57
182 68
439 26
479 47
423 1
51 11
389 68
153 20
264 66
222 7
358 2
348 26
342 19
418 59
237 43
57 21
231 79
295 42
259 38
201 52
80 53
163 6
438 53
396 34
420 51
160 5
418 79
186 2
236 68
403 52
231 58
404 31
246 76
85 2
382 45
260 75
323 76
28 63
458 23
322 66
94 3
460 35
213 17
143 18
216 23
298 29
122 62
327 45
286 4
176 63
6 35
104 2
484 19
489 14
465 62
40 25
74 72
198 14
204 5
314 49
332 25
334 38
499 26
87 50
109 74
336 36
107 8
311 52
148 29
285 27
168 16
196 74
208 22
258 29
283 5
159 17
218 22
314 6
72 58
257 4
22 20
50 59
478 36
99 73
238 48
99 31
70 64
205 6
247 37
56 6
373 59
272 36
120 72
314 64
470 62
77 49
27 5
126 23
22 43
461 41
225 44
107 67
52 38
306 35
476 37
27 29
131 51
140 47
285 48
462 7
269 71
310 63
178 36
262 77
74 73
209 9
193 37
298 41
305 25
129 52
484 47
55 19
406 58
246 51
184 53
16 36
123 69
44 24
406 63
280 43
107 27
212 5
477 11
29 30
13 42
379 28
419 30
401 22
98 2
331 11
86 4
385 58
79 65
438 35
305 78
451 2
192 53
352 21
59 3
264 8
46 50
456 19
430 58
384 68
75 75
223 11
249 34
103 40
403 71
162 39
464 66
227 43
29 72
393 14
122 69
214 72
193 69
120 5
174 60
138 55
423 39
442 16
295 1
498 51
144 14
365 9
463 47
24 32
320 51
476 14
405 69
261 14
104 64
285 3
28 49
444 11
328 11
166 65
182 23
496 17
213 59
219 68
193 43
225 16
438 25
219 25
119 44
455 17
282 56
233 26
440 10
199 59
58 66
238 59
417 60
345 78
431 79
220 30
393 53
210 80
186 70
170 41
100 59
488 58
272 33
316 1
103 44
495 37
361 10
181 60
410 69
163 44
210 2
487 2
154 25
144 47
96 17
354 68
32 66
68 36
187 42
461 65
492 61
127 49
285 31
120 67
95 36
325 1
422 48
246 3
443 20
455 67
307 73
127 63
499 38
212 25
59 74
486 24
364 8
1 20
315 76
421 30
477 43
258 74
380 41
163 61
402 46
474 70
195 63
277 10
454 64
111 79
364 64
121 61
203 29
56 8
344 51
9 80
427 77
358 5
43 21
282 41
85 47
453 40
172 76
192 52
22 38
268 71
446 10
388 20
301 45
386 50
353 58
298 52
358 28
222 36
269 22
144 20
498 46
26 40
240 52
146 48
218 65
149 49
364 57
167 10
361 17
329 12
80 30
142 19
494 18
281 31
270 29
409 9
401 48
346 54
219 23
92 46
137 44
384 62
370 44
94 49
59 10
181 17
101 20
218 42
474 79
273 66
272 68
284 43
60 1
191 4
253 42
30 76
204 10
363 71
10 67
237 20
469 56
289 71
221 22
109 13
19 40
223 57
454 49
406 27
363 73
199 53
411 33
261 54
452 34
428 73
138 8
396 34
179 51
416 53
355 46
188 74
48 43
34 32
139 53
239 24
316 30
485 78
47 60
232 63
369 58
81 18
86 43
460 53
280 38
356 78
23 34
457 66
218 22
18 4
420 54
402 51
442 1
274 23
287 11
143 13
77 59
354 78
365 69
206 6
156 56
2 39
264 42
138 67
66 21
133 58
17 65
28 65
119 65
469 58
29 54
353 59
400 65
260 55
53 50
453 69
348 34
432 72
95 30
21 76
451 80
238 64
492 40
91 50
361 77
48 66
301 38
484 57
407 57
270 80
370 8
497 30
425 54
193 56
305 36
434 26
366 28
271 17
123 80
248 70
91 20
309 11
339 69
396 32
467 11
327 50
62 8
43 43
369 40
155 41
98 74
222 1
362 37
336 16
434 12
61 54
378 26
17 74
454 51
231 76
484 2
173 75
449 20
312 35
270 25
141 66
264 43
412 64
366 57
337 73
481 43
249 9
366 77
144 74
330 50
188 23
278 41
286 26
36 75
45 59
214 67
89 51
357 65
168 51
139 79
142 12
263 32
259 56
80 43
308 17
116 53
412 55
28 19
360 1
201 56
34 32
178 53
475 69
299 6
189 37
438 39
471 78
55 23
146 68
295 1
189 51
202 47
424 38
85 17
330 52
164 43
13 32
17 31
331 6
99 68
128 57
157 32
188 16
92 31
27 64
376 53
147 23
155 75
183 6
260 30
314 48
40 32
318 10
218 19
95 62
269 3
62 35
306 35
116 38
477 51
375 73
72 15
98 77
111 65
120 70
493 78
384 57
103 35
142 76
94 11
366 44
79 39
91 36
209 10
258 53
236 6
218 52
111 18
355 1
368 74
327 65
28 29
157 48
260 6
390 6
272 55
197 74
251 44
460 41
500 1
157 6
348 64
73 67
464 28
150 74
298 29
249 69
77 68
383 54
373 38
47 1
291 54
370 1
420 18
303 16
15 56
45 39
319 22
192 57
363 74
100 33
428 77
48 65
412 71
61 1
250 21
300 26
461 18
308 28
499 52
14 55
299 50
23 53
24 69
176 19
196 54
360 68
454 62
479 12
40 11
162 36
205 2
108 80
350 56
169 41
257 61
376 46
115 50
118 29
104 30
382 23
176 15
2 75
233 64
51 70
368 79
483 6
99 23
234 27
191 22
321 12
144 60
498 12
22 80
443 2
360 22
322 1
269 72
87 23
373 77
222 1
383 8
416 75
421 50
56 27
242 66
244 38
181 69
487 47
171 2
277 36
390 22
151 23
418 59
453 43
288 14
457 65
211 66
294 8
435 18
317 34
368 32
145 30
208 32
9 14
49 45
399 52
244 24
167 35
423 78
159 10
279 79
28 14
165 22
361 49
230 39
43 20
362 21
286 40
440 58
177 8
61 44
361 58
423 35
410 22
292 13
153 61
378 11
370 47
178 49
156 68
248 36
132 9
281 75
288 44
343 23
137 72
364 14
62 8
299 80
174 15
476 57
246 17
123 19
298 52
42 26
174 43
51 78
422 43
105 59
158 39
38 36
34 34
11 17
265 27
465 36
237 38
254 66
441 12
317 35
192 25
452 78
424 36
312 67
489 4
38 71
179 4
326 78
239 78
334 32
62 9
370 24
172 75
470 11
342 53
116 18
310 73
442 39
415 15
81 37
246 40
286 32
463 25
419 70
178 64
356 49
290 65
456 78
452 60
271 67
248 25
482 60
433 72
386 33
350 53
122 55
259 42
421 5
268 20
53 53
183 72
228 39
322 30
404 17
308 19
421 45
132 67
185 37
123 78
91 35
455 37
241 64
370 43
473 8
35 20
247 13
109 57
395 8
403 20
465 44
174 44
70 63
194 26
293 27
481 46
292 45
51 5
202 56
343 22
496 57
364 18
59 7
478 27
432 76
253 36
296 58
174 71
453 74
177 80
116 6
390 28
221 13
293 7
225 77
135 21
496 76
464 56
327 18
193 64
393 11
271 38
488 23
359 2
458 11
135 45
357 21
235 70
388 79
362 59
313 72
325 79
400 10
170 45
422 77
396 27
195 71
236 33
40 32
125 47
141 9
135 31
488 13
119 76
150 10
146 47
141 16
75 39
262 19
225 66
427 39
412 25
76 1
381 7
23 75
120 43
329 4
403 22
389 9
136 62
388 46
242 26
303 9
352 38
483 1
285 9
228 28
230 80
64 44
439 7
486 70
433 74
435 21
219 60
202 80
226 48
129 46
258 76
20 19
360 53
217 6
65 60
266 21
359 76
385 32
491 16
8 66
81 69
438 25
437 49
169 32
469 79
329 13
253 4
174 7
70 32
273 26
92 29
214 67
111 38
389 72
482 51
239 28
498 76
189 54
148 33
54 60
263 64
237 66
470 4
79 35
204 70
241 61
70 23
24 59
174 73
90 80
480 12
92 53
173 50
336 27
204 33
326 8
340 62
192 16
91 66
92 46
388 49
66 5
415 44
172 72
418 46
44 61
45 5
109 31
41 24
350 15
223 79
299 60
123 66
4 31
405 69
318 80
103 59
236 74
93 20
445 45
108 34
293 49
174 24
362 76
6 22
7 56
37 56
482 61
57 43
429 45
386 48
48 42
475 25
155 70
273 8
398 68
406 65
346 43
418 39
129 31
349 59
214 52
351 12
441 34
84 33
241 80
95 65
266 63
324 79
321 55
239 7
105 10
347 22
204 29
404 31
134 67
6 49
43 22
204 51
12 74
470 26
273 69
64 29
302 71
356 24
423 79
444 16
479 46
362 19
465 24
134 72
469 63
275 28
295 48
26 12
395 5
416 1
307 31
124 11
477 21
113 69
142 80
120 39
366 58
385 71
97 80
349 3
80 50
416 9
137 55
322 76
55 2
279 15
366 40
78 52
261 31
168 43
495 28
172 77
145 50
391 67
293 3
268 7
283 3
147 17
156 9
275 44
476 38
363 14
27 34
248 64
484 57
303 79
500 41
343 51
440 54
228 56
47 32
419 55
452 17
413 1
327 53
500 15
199 50
433 17
385 75
499 22
211 11
140 66
219 66
475 38
213 34
206 19
49 45
280 76
226 76
83 1
401 25
226 54
236 35
146 17
299 37
131 24
284 24
369 51
2 21
263 55
59 71
408 74
289 20
483 14
311 78
446 35
7 49
164 65
383 61
171 73
321 30
101 79
451 4
192 67
319 69
372 78
399 80
456 33
221 21
36 49
463 25
398 28
264 34
422 8
364 30
414 39
489 61
315 39
181 41
97 76
307 72
498 14
443 72
106 45
243 46
207 25
132 68
273 4
490 3
458 28
446 45
360 72
7 6
258 51
358 30
302 73
309 15
63 35
419 1
350 58
46 56
419 3
267 45
407 37
107 11
39 43
36 41
490 58
434 38
372 11
419 64
153 54
50 75
237 25
308 51
7 49
382 46
334 34
253 66
391 65
385 6
431 53
363 63
170 1
400 47
126 26
273 7
454 60
248 71
466 67
371 10
324 48
149 38
227 58
220 68
427 53
483 26
195 66
292 40
219 44
391 28
31 4
210 71
59 71
475 27
180 73
52 32
70 37
351 4
460 10
20 6
391 39
26 32
201 42
422 49
410 40
498 57
224 80
19 67
390 75
484 4
117 34
449 70
399 65
36 4
44 47
455 77
220 53
289 44
47 66
411 75
235 43
248 58
349 41
361 43
297 56
472 69
484 41
426 56
481 4
1 19
473 64
372 7
123 77
285 60
166 16
7 64
6 44
267 66
282 2
468 35
363 79
239 66
170 14
215 12
257 64
377 36
165 22
74 41
20 5
102 41
307 1
354 17
399 50
331 2
174 13
215 54
221 16
225 55
2 17
121 59
224 38
82 71
36 51
79 72
174 9
106 28
203 5
136 47
321 61
295 63
230 54
75 39
170 44
314 35
301 17
275 64
286 17
408 65
284 60
307 70
10 6
464 36
472 65
2 15
74 55
49 53
485 30
367 37
499 5
334 76
64 35
33 45
321 27
24 19
303 78
440 2
429 5
4 28
41 64
57 71
436 50
63 63
189 4
378 38
359 61
139 27
67 62
405 26
218 25
225 50
450 54
366 19
408 30
414 16
417 64
227 61
167 75
263 54
349 34
73 18
39 20
136 3
115 54
339 71
487 27
51 29
414 57
9 45
274 25
151 42
319 52
435 27
216 36
433 51
500 45
54 32
476 2
463 72
25 66
438 40
28 52
235 19
163 22
307 51
147 77
157 34
313 11
230 3
160 65
472 80
382 66
357 79
301 6
389 64
374 34
210 33
230 7
451 36
143 41
447 72
85 46
205 4
13 6
329 13
484 10
337 80
475 46
478 39
24 69
447 18
99 12
239 3
378 58
24 25
464 46
387 66
111 62
264 11
404 4
278 32
291 1
178 30
208 52
385 21
176 3
148 45
169 59
205 8
245 43
292 39
139 41
437 23
209 66
297 43
362 23
341 65
244 21
380 5
231 78
86 9
391 51
295 45
477 36
28 20
481 15
228 20
263 61
253 35
357 54
8 52
433 25
471 29
491 27
448 28
293 15
43 77
119 65
488 78
47 68
254 69
149 57
232 31
497 72
151 17
9 38
296 72
488 50
201 72
238 32
202 73
160 34
208 67
57 4
159 34
34 28
213 65
388 70
182 12
442 40
411 41
363 30
101 77
444 45
237 58
140 34
5 9
19 11
449 22
388 11
272 23
221 67
162 48
32 15
53 15
173 42
431 38
74 28
345 63
113 72
391 74
253 34
471 5
226 36
6 15
71 4
201 28
236 54
233 69
70 78
127 20
11 52
475 20
195 73
345 42
490 10
297 4
338 60
209 42
367 12
211 68
209 16
325 31
252 31
233 39
167 32
113 60
281 40
389 45
457 67
407 25
2 65
233 16
64 6
18 53
403 44
331 12
197 62
211 8
148 55
222 22
500 18
215 27
84 50
423 42
100 74
188 15
355 37
360 78
275 29
51 22
310 7
236 61
42 3
74 36
229 43
364 10
328 12
82 38
171 23
171 25
279 72
177 75
273 79
441 65
1 2
173 49
13 14
75 3
452 64
12 36
367 53
264 55
10 37
461 18
90 20
89 23
101 21
214 9
470 9
225 20
345 46
36 12
475 19
2 36
255 66
354 53
65 75
313 62
141 34
174 35
435 38
449 44
68 49
37 30
306 72
111 48
201 2
20 44
450 27
38 6
314 69
439 1
233 40
134 71
389 62
247 40
304 76
25 47
19 5
449 2
256 29
173 47
293 53
84 27
164 80
363 75
414 60
117 64
69 17
121 22
243 19
328 28
75 33
229 10
161 71
13 26
53 19
468 62
320 30
158 30
73 51
85 64
480 68
9 28
230 64
197 4
212 67
188 77
418 17
435 35
463 80
339 37
378 52
344 39
4 70
29 26
459 54
186 30
106 11
397 50
275 70
326 49
85 41
86 75
81 31
484 10
30 35
406 4
44 52
147 48
120 9
350 79
154 67
205 12
267 76
449 47
251 20
33 69
210 55
9 13
94 47
165 14
382 39
158 34
304 43
61 3
36 8
494 54
88 52
238 69
400 74
393 8
43 22
182 35
179 7
213 49
202 53
185 36
381 56
41 72
292 66
284 39
463 3
350 62
321 80
457 16
470 68
457 35
174 32
493 5
27 28
32 54
249 23
443 35
205 64
31 2
398 58
407 77
45 36
288 5
480 23
235 37
402 8
455 2
329 67
152 42
448 27
122 3
25 17
48 52
312 27
70 1
55 19
192 80
293 23
12 19
356 73
167 1
174 63
9 34
146 2
124 14
110 46
447 38
435 79
198 71
423 78
97 74
144 62
401 27
444 61
241 60
143 63
442 18
337 25
445 60
400 37
478 28
320 69
471 58
246 28
241 11
43 71
421 76
70 62
173 80
342 49
353 56
236 24
478 6
106 42
77 69
59 73
304 46
125 19
459 35
437 53
171 17
490 41
428 49
320 31
187 70
331 26
226 29
351 50
164 2
319 19
370 54
337 59
402 53
84 25
412 57
79 8
34 43
26 20
135 73
498 73
213 16
140 44
410 74
500 79
344 48
484 70
421 20
369 4
55 43
114 58
230 2
237 51
299 48
17 32
297 15
23 77
239 5
473 50
351 58
256 15
316 48
488 3
425 74
185 31
445 43
246 27
394 48
67 47
365 5
295 44
267 15
444 51
273 23
153 44
282 49
4 32
441 38
349 62
257 26
454 22
268 47
113 50
130 14
458 16
180 29
233 43
132 56
360 32
99 18
82 66
312 52
46 57
185 10
104 14
398 59
185 73
384 50
201 69
191 48
306 45
316 57
336 50
495 7
367 17
414 74
290 9
78 5
187 67
53 50
439 37
79 36
65 57
401 33
17 75
361 80
139 24
445 17
439 44
166 38
95 4
345 62
479 70
97 9
139 9
357 57
367 7
141 49
91 11
56 7
429 44
114 12
479 50
26 65
3 64
185 38
270 76
288 22
372 64
133 19
282 14
286 30
381 24
415 15
374 60
397 65
499 65
19 49
205 44
213 52
125 55
265 70
6 33
177 59
148 3
422 14
186 30
25 44
269 59
476 15
281 49
81 46
83 46
49 11
192 75
105 33
133 32
274 16
288 74
458 65
190 17
61 12
138 32
153 12
71 44
103 79
340 60
371 43
198 6
493 56
468 23
403 16
179 35
113 38
483 55
69 40
248 35
32 33
193 16
392 28
153 23
411 76
445 19
466 72
53 78
17 57
277 78
305 71
69 8
341 13
313 42
423 8
23 41
82 71
238 38
103 66
497 74
289 2
53 67
125 7
299 51
271 57
38 51
441 22
208 42
346 73
142 50
209 26
326 54
338 79
464 56
159 60
468 22
393 3
246 53
313 3
385 23
57 64
320 2
399 50
175 20
52 45
135 5
318 34
381 70
83 10
336 36
380 18
381 42
31 12
287 15
208 8
61 6
3 51
140 25
6 79
300 74
185 12
438 11
276 33
479 67
313 33
432 37
494 66
483 79
351 31
4 16
471 12
408 49
236 44
470 72
480 71
414 22
388 9
187 66
276 59
347 9
25 31
409 53
346 77
44 62
464 14
300 65
307 18
123 69
180 23
44 54
25 41
265 69
43 21
253 27
294 67
21 37
497 68
102 72
380 67
487 73
225 5
485 64
242 3
235 15
68 23
376 53
464 6
65 61
343 67
380 10
330 26
246 76
413 24
429 40
316 55
278 11
52 45
458 23
205 45
28 35
92 48
355 53
404 5
307 14
181 4
432 5
78 18
431 78
277 1
149 26
40 30
206 18
141 65
158 39
305 33
321 61
139 73
157 43
494 16
309 78
443 59
80 39
408 50
225 36
67 63
279 19
165 34
36 33
176 21
95 38
36 75
197 39
11 70
339 36
113 51
326 63
435 63
275 46
267 78
68 43
211 72
226 56
58 62
193 58
499 47
11 67
122 35
264 47
496 27
381 8
382 51
361 21
179 75
201 17
102 10
215 26
192 19
413 47
93 29
35 71
154 32
218 8
124 53
54 51
480 22
211 32
450 21
436 46
378 21
435 52
287 21
207 67
294 40
346 41
232 29
23 63
465 2
247 43
20 49
446 63
239 7
347 68
471 63
409 17
314 70
102 34
143 69
448 46
113 27
149 69
168 42
1 38
334 40
274 68
16 51
431 2
276 25
211 18
218 34
241 80
313 47
78 4
446 67
117 55
8 72
96 51
229 80
278 25
41 70
469 67
112 54
226 36
410 18
461 74
216 64
318 53
475 13
271 57
56 37
116 65
330 7
80 30
69 19
354 6
263 32
115 72
325 66
221 78
283 19
148 19
446 46
195 46
200 80
449 54
389 78
147 36
65 30
444 5
104 30
27 7
288 43
338 71
421 15
243 8
108 20
171 40
469 21
41 50
119 25
395 30
417 47
383 64
492 26
465 30
41 64
366 59
135 21
226 15
184 70
118 68
212 51
28 13
147 30
419 64
161 40
21 50
294 11
9 58
323 29
201 15
429 54
312 4
188 1
220 46
19 5
381 25
368 38
235 62
394 24
108 70
127 6
303 6
359 70
192 56
370 11
68 33
136 70
348 10
143 18
160 48
325 7
481 31
114 70
370 18
33 11
216 51
347 42
9 67
474 68
449 75
498 35
424 40
89 4
28 36
369 19
142 43
42 33
402 52
489 42
373 61
415 10
102 22
491 24
312 30
325 6
200 42
322 21
155 20
280 64
251 55
167 55
383 4
195 36
272 18
68 49
82 20
334 48
52 26
52 43
20 45
185 50
219 41
208 39
440 13
85 11
285 62
463 70
185 57
203 7
255 23
304 63
397 14
322 51
130 41
129 19
489 67
17 77
3 43
228 76
271 17
276 40
100 78
125 57
435 79
453 48
433 76
487 18
485 47
477 74
255 44
493 53
391 27
376 23
465 20
370 22
130 7
48 61
12 15
355 20
190 17
15 42
191 10
269 8
1 32
181 36
272 56
484 73
427 2
458 39
343 7
474 44
41 46
79 8
33 50
63 4
93 23
302 32
132 6
492 53
332 74
478 68
102 24
39 67
154 29
341 76
268 22
345 1
152 24
163 40
362 78
402 34
54 44
107 4
204 39
394 49
251 26
269 34
424 74
278 28
248 18
210 1
337 71
170 53
70 13
435 28
419 72
451 27
472 2
299 55
97 43
437 28
457 56
46 26
73 78
477 14
182 53
236 26
413 29
354 74
426 5
151 39
135 4
139 44
493 45
224 75
32 8
166 77
364 23
137 8
359 37
461 31
47 37
311 42
149 64
295 12
8 23
271 79
413 41
396 44
277 68
419 39
497 58
19 17
359 45
130 74
320 12
388 50
272 37
374 8
457 46
355 18
213 49
267 78
121 29
248 65
356 41
64 3
91 36
422 37
91 72
339 8
116 36
200 37
279 74
384 37
385 48
288 40
131 8
305 31
85 64
463 50
99 71
1 45
110 61
93 65
464 52
411 78
22 51
220 74
194 4
166 7
196 30
333 25
162 55
406 68
239 20
253 31
436 65
440 33
296 49
37 47
83 40
276 53
268 64
492 1
401 3
222 70
56 30
115 11
418 21
245 23
24 50
358 62
484 13
396 21
121 14
28 5
36 36
459 50
279 1
246 68
314 74
7 17
448 40
442 38
264 23
167 13
336 53
290 65
100 68
396 40
375 61
185 6
387 62
73 72
32 67
146 33
244 39
59 31
159 14
1 76
495 51
12 18
132 57
239 71
131 30
437 68
303 76
431 28
322 21
11 27
136 11
382 18
94 9
284 71
300 74
136 54
405 44
473 39
411 1
386 14
140 65
94 56
361 14
101 73
462 80
341 26
50 73
392 5
89 41
107 44
368 55
148 28
288 58
420 13
456 45
170 38
447 78
117 77
256 19
389 67
208 56
295 63
484 48
145 45
41 52
493 54
454 79
175 13
408 75
326 42
305 14
82 80
54 3
41 48
37 51
244 72
338 26
1 71
35 17
147 63
366 42
341 33
274 30
220 60
93 43
336 21
75 46
381 79
203 54
111 66
386 61
483 6
151 42
180 67
403 17
24 3
228 80
379 19
242 39
289 63
286 68
499 57
238 79
309 42
196 71
370 42
291 45
102 4
370 76
455 75
21 33
426 66
454 33
267 10
62 65
400 65
33 21
366 49
167 50
483 6
246 19
137 34
367 33
85 62
305 28
126 70
191 33
380 77
328 67
331 36
432 24
377 18
474 51
208 18
359 52
448 48
436 38
315 39
209 21
404 16
111 22
456 17
419 55
397 66
216 27
138 6
37 59
437 15
310 54
132 55
301 62
34 56
432 19
200 37
262 30
290 48
285 9
300 74
139 72
112 17
225 28
447 51
352 33
62 5
460 60
482 14
45 13
18 36
251 25
43 14
271 8
411 65
299 38
21 14
209 43
106 10
41 1
339 3
197 27
64 14
199 12
241 29
374 46
339 22
387 6
90 70
343 68
499 46
246 18
87 59
417 74
136 44
353 36
382 57
259 54
89 12
480 8
477 28
395 10
258 36
353 55
256 64
491 34
191 14
429 24
313 79
240 8
360 44
315 76
466 58
442 41
59 40
407 41
357 23
462 30
330 39
126 54
252 60
485 21
171 11
450 67
421 49
197 50
472 33
46 23
339 49
232 65
470 67
169 52
477 64
53 26
307 20
355 71
326 56
411 4
372 62
227 39
183 77
384 54
317 38
212 12
354 31
408 38
56 25
475 34
386 50
387 2
314 75
413 77
130 35
436 19
328 67
82 48
482 61
290 42
33 61
130 61
47 62
6 60
247 6
308 56
315 16
431 42
92 52
343 10
59 41
153 16
268 67
53 57
341 75
223 38
76 44
220 35
276 7
357 12
161 36
309 10
346 41
414 72
129 37
94 36
77 22
149 17
201 79
105 27
363 41
134 16
111 41
184 80
45 9
403 38
90 40
394 79
28 67
457 69
81 60
185 20
214 50
483 38
73 51
91 67
154 46
105 76
455 10
155 43
388 28
332 41
318 3
196 56
79 31
366 66
273 28
114 35
214 53
60 55
353 7
486 45
216 53
16 4
71 26
150 78
267 22
395 12
372 67
250 34
313 27
171 47
408 51
310 42
30 37
386 63
195 36
413 2
492 37
111 36
319 41
397 59
152 31
259 30
175 35
259 11
37 7
468 47
371 54
183 30
362 2
12 72
178 41
144 38
163 52
298 40
343 38
159 48
422 58
150 77
242 44
473 38
26 54
390 47
208 52
193 57
317 52
238 26
38 6
274 66
332 73
57 21
207 75
102 47
385 74
49 73
489 74
63 51
366 56
365 61
134 31
78 32
230 6
435 1
72 44
77 16
131 40
272 58
107 51
20 13
392 51
116 1
477 11
1 80
129 65
146 72
377 57
369 24
176 51
87 43
388 29
386 16
63 31
9 34
473 74
198 61
136 60
451 27
43 20
35 67
454 45
152 41
290 10
141 44
490 57
182 19
191 34
275 4
109 40
376 23
180 14
61 23
430 76
221 3
188 20
81 80
110 73
44 48
351 35
296 28
181 25
460 1
43 80
293 20
136 77
376 7
81 56
181 23
474 51
155 59
361 4
145 10
116 4
230 38
301 41
269 31
170 65
466 68
313 43
474 74
199 78
22 63
202 72
103 60
260 51
493 73
78 31
281 3
214 71
284 68
237 48
202 56
40 49
267 14
355 33
334 5
41 13
304 49
286 60
305 77
427 26
195 47
89 58
490 25
195 3
431 36
151 23
499 26
416 36
95 54
27 15
340 72
458 24
101 55
243 78
78 70
248 9
296 53
385 67
207 64
425 2
317 67
356 14
442 46
7 25
387 9
160 45
85 10
211 63
322 26
461 69
276 51
284 39
18 7
40 78
240 69
391 6
389 18
125 69
174 48
169 44
416 4
50 35
155 68
132 19
72 36
7 70
175 49
499 55
187 59
79 63
298 62
93 19
86 34
417 55
480 62
190 14
373 75
224 32
438 12
9 57
491 11
204 42
292 2
312 65
412 41
113 68
405 23
368 25
411 70
86 26
148 21
424 36
305 44
149 13
374 77
145 55
28 69
172 6
292 49
398 62
243 70
294 54
268 36
410 67
418 29
101 24
70 55
365 75
207 34
176 3
167 17
298 4
318 79
245 60
279 40
40 68
316 61
267 79
322 4
219 50
311 5
201 23
2 29
80 23
139 76
171 57
288 75
96 55
131 15
409 49
445 77
320 79
94 63
331 80
126 44
447 18
96 73
108 19
395 25
75 63
374 25
440 16
406 79
498 40
346 42
301 12
29 35
167 10
431 66
361 34
216 66
278 49
488 27
491 77
380 44
495 68
69 14
321 8
294 34
265 23
336 17
43 72
167 31
81 53
215 72
161 41
267 52
170 18
485 68
373 44
281 3
215 75
171 2
351 80
267 2
56 35
102 68
133 40
208 43
4 50
482 60
40 7
306 38
488 12
127 70
136 29
375 50
109 41
419 40
301 22
457 58
279 72
500 37
182 17
166 3
362 55
116 36
294 19
123 40
245 74
486 36
295 57
184 75
219 65
495 33
314 4
298 11
286 38
125 19
84 60
477 51
273 45
486 18
201 1
290 44
303 9
418 23
118 32
68 29
255 67
396 38
150 69
297 12
6 59
73 58
472 41
26 23
159 37
2 15
443 50
223 34
33 27
189 23
257 1
383 35
34 48
120 18
18 74
28 30
189 76
459 6
361 34
83 32
288 55
430 4
243 51
115 56
157 32
264 49
488 61
347 8
261 19
61 2
270 18
105 52
300 18
399 18
174 37
352 37
398 6
291 67
361 20
403 51
104 52
188 55
11 14
83 80
268 2
194 41
213 20
94 20
58 66
138 17
496 57
310 9
47 75
341 36
258 66
226 27
266 33
312 62
30 11
400 71
232 7
19 73
272 74
12 79
209 38
65 24
347 80
96 30
223 70
254 13
373 61
409 1
98 67
215 18
174 39
358 22
439 80
318 50
396 66
46 12
324 4
471 9
172 33
359 21
464 35
416 32
265 6
340 61
142 16
149 27
93 4
302 46
40 68
428 77
170 11
126 66
187 24
340 5
488 71
234 26
437 12
26 41
60 80
466 65
319 31
146 8
334 36
424 8
459 59
496 57
424 1
252 4
388 75
366 37
222 74
470 7
113 35
315 35
241 64
231 33
405 20
127 43
216 8
94 70
132 56
249 5
245 69
213 12
15 37
408 64
138 41
445 32
348 58
476 13
137 13
474 54
221 56
96 41
290 44
268 77
393 7
125 5
414 29
106 67
318 60
172 35
435 21
157 11
408 10
238 47
291 53
446 59
266 73
12 66
421 37
335 69
347 63
342 32
216 37
220 48
108 47
380 39
207 51
70 50
239 12
301 20
473 13
219 77
424 43
108 15
487 72
243 19
356 80
16 27
461 80
294 59
113 70
258 41
492 69
86 42
155 16
492 31
36 74
473 3
119 49
195 53
410 41
56 6
139 65
21 69
217 1
330 17
128 11
360 35
41 29
38 78
329 14
495 43
225 9
398 2
459 24
18 25
321 31
383 26
306 15
472 34
153 40
139 10
165 2
478 26
440 17
13 68
43 43
274 46
242 55
271 3
381 16
376 33
153 14
422 68
485 53
295 32
209 76
87 25
87 79
102 70
140 54
65 9
389 15
365 32
376 5
47 38
373 64
66 72
286 41
214 76
90 18
447 66
19 14
74 16
438 79
166 29
25 51
171 59
129 5
389 13
394 3
380 65
321 23
335 36
311 43
131 30
222 42
284 61
76 18
413 70
245 49
440 57
74 63
324 47
482 35
271 16
411 27
191 44
242 6
126 15
167 15
54 14
201 19
116 25
100 14
359 22
397 43
418 14
267 20
210 1
216 25
371 2
385 3
259 77
128 10
206 45
262 11
490 69
392 53
133 49
481 27
11 63
225 18
355 67
168 9
113 27
418 58
184 52
482 38
304 24
320 15
244 14
342 42
77 25
377 64
428 54
168 73
309 30
401 25
26 33
60 16
187 2
245 57
352 34
418 41
458 6
437 74
51 80
160 30
11 55
419 70
482 12
389 51
106 16
230 57
412 7
41 5
201 13
143 3
57 63
185 75
119 65
409 55
283 45
257 48
372 53
456 38
333 49
354 44
211 53
451 18
270 65
113 36
63 47
120 65
480 80
372 20
337 33
185 11
121 40
483 14
103 50
185 32
44 28
150 36
190 53
70 63
2 37
473 52
231 11
268 29
261 70
350 69
60 27
453 25
371 57
238 12
110 18
446 14
304 41
8 76
66 10
31 10
169 69
38 42
448 31
121 33
2 68
170 75
296 55
269 23
138 33
435 24
307 45
182 6
489 18
187 65
232 7
140 80
457 77
1 47
197 9
313 38
219 35
117 22
355 28
334 68
19 64
89 72
106 24
79 80
15 30
262 75
281 23
167 41
90 75
202 11
442 63
431 36
218 72
110 28
271 12
292 46
434 31
460 60
84 68
466 52
429 29
167 31
213 65
500 50
487 69
283 46
298 52
17 38
207 16
148 9
299 74
36 79
135 72
101 66
165 76
142 46
120 65
357 47
193 80
182 69
404 73
436 33
40 20
118 14
408 22
497 31
499 80
482 47
214 69
317 44
179 10
58 22
75 16
467 41
329 42
149 19
346 11
103 47
395 65
454 60
272 73
114 67
212 8
39 51
28 9
14 48
389 13
472 51
142 45
412 51
314 12
450 43
95 49
22 8
195 57
182 80
159 41
168 43
316 27
327 39
339 48
180 9
47 58
60 45
150 22
173 17
498 76
493 6
113 64
343 62
424 52
176 8
163 55
110 62
35 71
466 47
336 22
200 26
32 44
430 72
361 78
300 38
311 42
100 22
106 43
414 33
48 70
339 60
211 40
388 38
141 7
223 35
223 55
30 22
234 78
226 14
495 70
342 70
172 24
304 70
441 21
320 28
355 44
98 30
316 43
192 49
394 64
140 59
7 72
264 33
42 11
450 10
270 71
148 19
237 61
451 75
431 75
382 18
425 8
307 52
14 62
18 22
26 80
214 5
96 10
146 53
12 32
467 10
215 76
105 39
406 11
263 28
94 20
40 60
114 57
154 3
6 44
9 35
141 71
198 30
368 21
232 11
366 55
335 71
429 49
491 80
179 53
472 75
124 66
246 29
197 1
236 24
195 21
448 16
158 59
382 16
87 13
85 24
49 18
25 10
473 57
238 13
267 51
235 8
354 42
315 67
452 37
363 14
20 54
487 80
328 9
487 25
411 52
500 71
397 79
150 34
364 46
227 69
206 9
7 79
193 76
39 25
236 6
340 57
11 2
423 20
116 73
76 3
416 45
240 44
13 47
422 11
341 70
371 35
443 36
274 29
379 32
27 42
500 49
472 73
197 28
168 40
439 68
496 29
154 19
418 67
260 29
350 27
473 35
9 19
260 29
95 10
115 65
194 47
48 45
123 29
438 68
130 44
420 64
387 78
383 27
211 9
377 20
319 21
239 58
384 61
443 44
218 26
288 43
84 76
431 4
50 48
377 21
30 73
454 25
426 58
358 5
399 26
155 66
144 2
401 29
109 66
46 23
48 37
21 20
486 77
129 50
367 27
394 28
122 48
153 67
497 79
224 31
280 36
481 72
275 21
110 60
314 53
29 21
164 63
263 77
9 45
116 27
209 11
98 33
22 36
370 70
74 24
285 31
242 29
499 77
167 11
445 34
34 62
95 36
38 35
440 18
174 4
153 9
491 53
259 75
289 18
424 67
265 10
467 45
225 36
53 38
338 36
259 77
386 20
39 44
96 13
228 25
306 45
483 75
440 68
261 11
272 20
299 49
67 5
228 21
359 67
193 12
189 14
27 50
166 61
288 26
278 32
459 25
316 19
434 50
135 63
49 62
256 74
164 45
20 41
346 80
402 75
240 36
457 55
332 75
123 8
317 5
110 20
199 77
324 20
130 67
23 40
186 32
197 31
211 73
57 77
254 76
347 53
39 45
245 22
21 12
54 3
465 26
81 50
187 75
388 58
316 16
116 57
321 71
331 39
180 2
471 19
489 80
79 3
495 47
47 18
49 14
186 31
437 54
89 69
469 44
346 64
453 79
103 1
413 67
391 25
254 20
198 75
282 11
486 49
377 7
16 61
325 13
32 68
60 62
320 41
323 22
403 5
344 70
205 4
101 3
49 60
400 3
398 21
404 80
416 19
98 70
88 60
113 58
38 25
19 50
100 3
34 38
150 64
419 18
88 6
46 60
186 43
344 10
367 60
399 70
406 12
328 39
47 40
418 34
106 46
149 53
233 43
477 44
248 29
276 71
298 14
211 31
126 27
197 50
339 58
315 23
497 8
90 63
474 30
391 26
49 17
60 45
388 63
391 57
330 66
387 73
288 19
329 49
463 77
203 41
329 44
370 59
495 55
253 80
255 29
251 10
68 32
12 10
88 8
132 47
420 5
112 6
66 79
313 35
95 24
302 4
330 24
463 40
464 56
76 36
286 50
234 15
27 11
248 2
355 55
38 71
405 72
283 70
453 40
454 17
317 36
389 13
38 78
145 53
89 63
276 9
3 38
354 60
86 8
233 51
265 34
417 55
170 1
331 67
471 44
345 21
201 31
131 74
465 70
145 35
193 17
366 29
238 57
435 29
488 12
126 79
251 67
251 65
355 60
344 6
435 68
202 31
258 65
397 17
396 60
414 5
246 73
368 80
69 19
223 39
426 53
445 78
57 25
67 49
73 66
446 27
228 48
176 33
312 48
81 29
121 29
258 46
433 41
296 35
219 49
57 58
72 62
272 66
23 25
358 45
328 67
113 28
21 34
12 66
497 16
430 8
343 43
329 48
484 56
293 52
78 27
359 58
439 28
112 44
139 39
319 11
379 77
107 26
292 36
401 78
331 7
47 25
247 48
435 74
133 15
459 6
121 69
42 75
407 32
241 23
337 10
499 36
276 8
11 58
255 72
305 52
10 31
47 52
120 51
77 58
397 20
350 14
352 62
483 18
126 67
159 40
414 52
43 3
222 1
461 55
146 35
251 51
443 55
105 6
4 73
372 27
294 67
159 60
434 80
109 28
218 19
456 18
136 33
187 69
113 54
201 55
180 34
233 55
354 75
451 74
131 49
378 65
54 78
417 2
417 6
488 25
268 54
353 31
384 21
42 5
131 10
225 26
479 58
202 75
441 64
33 43
458 23
191 72
456 12
166 61
301 41
244 57
313 57
328 42
407 9
155 53
470 76
406 55
102 14
451 6
100 17
399 6
66 73
462 51
480 53
382 54
445 54
264 35
145 54
301 23
39 1
49 30
193 13
309 1
305 61
56 12
238 79
48 63
332 29
54 68
340 26
364 40
64 30
177 65
233 64
275 65
262 44
478 14
121 45
412 7
406 50
187 32
267 78
396 20
288 29
24 71
356 76
381 28
399 31
258 78
35 43
499 72
55 73
205 48
223 69
444 61
400 34
283 32
42 53
164 63
271 69
89 80
191 21
113 2
414 76
413 16
88 53
367 26
308 7
188 67
498 33
492 29
154 5
402 45
490 68
214 27
62 41
65 62
69 76
297 20
76 69
138 26
253 69
159 75
427 80
31 73
251 67
132 10
103 67
49 69
435 12
476 16
348 69
371 18
162 73
165 38
495 46
459 12
229 51
133 1
292 15
469 18
126 24
87 13
52 27
434 28
414 13
258 32
380 80
123 8
243 1
79 56
222 18
454 61
120 78
136 10
24 29
474 4
346 71
125 72
335 50
147 3
241 66
251 23
49 10
483 36
194 77
314 78
401 30
397 43
149 18
366 47
384 72
364 44
168 29
185 58
215 75
131 75
251 36
383 7
176 13
239 5
251 54
319 26
195 47
474 37
34 58
11 77
376 48
135 65
77 63
141 33
459 34
428 15
330 35
215 10
354 51
361 78
373 10
84 44
495 71
373 7
16 11
174 62
18 76
123 65
473 23
275 21
22 32
273 80
124 7
228 56
193 57
102 6
182 7
463 1
147 57
268 21
245 27
442 62
360 76
156 70
179 30
301 28
489 42
405 52
338 33
78 29
190 7
237 40
458 40
45 78
7 51
228 77
371 48
206 59
466 38
366 25
260 38
417 5
265 27
493 67
83 52
283 69
500 48
109 25
436 3
48 12
55 63
400 22
47 5
455 2
187 47
375 60
116 27
142 39
176 68
8 10
68 52
314 43
144 17
118 48
17 62
174 64
476 58
439 26
424 74
421 50
162 24
374 55
138 9
113 5
302 65
427 27
460 57
158 8
252 57
35 35
123 13
334 5
188 73
477 15
33 52
225 76
12 29
256 24
2 53
459 11
183 51
336 57
83 51
441 27
134 60
320 46
424 70
304 5
344 51
163 15
268 21
40 2
231 39
140 28
136 21
160 75
197 68
147 46
25 36
377 41
305 13
201 22
314 70
469 48
66 68
448 59
328 9
496 63
447 44
80 51
477 28
241 1
455 56
177 78
127 51
290 28
80 62
16 25
265 26
61 52
213 31
141 17
133 45
396 52
480 9
165 61
127 45
90 25
325 39
100 32
407 39
421 36
164 58
272 24
494 68
278 8
121 71
114 14
158 24
478 21
131 1
473 3
103 61
176 59
170 18
487 57
339 69
471 26
226 78
446 10
69 49
162 65
313 13
441 11
448 65
103 38
155 39
284 75
155 45
31 21
136 25
404 32
84 63
40 12
308 53
280 20
356 4
25 53
68 34
496 70
19 58
424 9
307 65
176 73
11 41
112 25
496 53
165 16
273 60
252 57
394 19
29 79
94 80
266 76
239 73
195 12
168 28
330 30
313 29
293 34
293 80
452 33
485 28
137 47
325 10
10 45
500 21
391 9
243 20
435 1
477 80
67 18
218 63
396 10
139 9
23 63
497 49
70 45
32 72
308 28
377 47
449 48
396 19
151 5
318 21
140 26
180 35
440 49
15 40
115 58
172 55
409 45
495 61
338 34
169 17
53 71
18 55
104 1
41 63
228 4
376 75
129 3
382 33
83 52
35 42
290 78
214 12
198 1
229 31
99 2
81 26
208 77
51 33
249 25
75 58
372 44
1 64
37 2
338 44
108 48
238 69
451 23
158 79
242 22
385 46
150 33
405 29
348 43
349 71
270 34
411 71
41 21
267 79
189 12
199 15
358 16
140 27
358 29
180 9
163 79
251 44
376 19
126 56
401 3
497 62
301 16
335 16
449 69
63 50
314 11
108 56
220 36
449 33
22 31
293 38
428 55
480 13
89 11
434 37
336 11
95 40
197 61
295 36
261 21
93 61
88 28
377 12
193 46
39 55
7 78
327 34
10 75
50 26
112 19
274 34
447 49
264 70
4 38
321 13
461 69
401 68
195 5
418 8
349 48
397 6
75 71
82 42
364 5
177 8
311 56
396 14
463 7
277 66
305 34
395 54
279 49
460 44
135 18
403 58
250 78
284 68
255 8
5 59
80 44
295 77
204 57
254 72
57 3
96 38
26 33
437 28
63 72
481 51
421 57
423 46
135 78
289 66
122 53
77 55
213 47
398 68
484 25
198 64
400 24
364 79
198 52
383 53
439 42
445 49
1 77
250 3
198 22
319 50
105 44
435 19
1 26
480 64
452 43
426 51
440 68
240 29
459 13
6 2
394 80
8 79
230 49
3 77
38 55
159 54
14 42
458 35
231 30
452 36
394 39
394 42
367 21
296 8
182 56
253 11
232 7
499 61
142 20
106 14
334 60
462 16
270 16
365 61
481 17
319 43
322 40
463 71
321 12
111 2
311 57
459 55
487 59
105 46
69 21
428 71
406 39
173 56
332 43
315 65
408 35
357 50
41 78
357 77
76 17
249 68
457 19
335 65
67 40
201 47
391 20
189 54
190 40
75 72
58 18
446 51
338 68
180 3
98 73
58 41
367 69
161 20
391 8
498 7
214 18
369 32
300 10
264 36
47 21
426 44
262 64
342 9
50 16
316 62
489 57
111 43
388 76
218 36
371 67
266 23
163 13
326 10
492 22
351 37
292 59
217 60
333 28
10 37
412 11
382 62
208 63
362 8
97 7
183 2
358 12
423 18
111 58
283 67
119 71
194 64
214 43
323 57
480 61
87 26
68 73
208 15
440 72
7 71
316 10
154 71
129 15
391 35
36 10
45 30
32 51
482 14
66 69
391 54
345 21
500 52
136 42
251 50
302 4
429 44
481 21
121 76
271 6
462 2
5 78
307 80
53 34
374 46
108 76
266 48
40 29
160 55
195 2
167 28
63 12
350 50
252 59
120 10
191 34
446 26
4 50
172 16
493 14
185 1
37 74
353 74
473 53
346 3
488 34
480 76
477 25
408 44
239 12
100 74
226 15
262 43
306 77
318 16
219 65
434 48
187 31
284 31
365 47
120 23
161 64
489 19
429 59
467 3
246 53
318 50
57 62
190 38
200 3
140 46
481 30
474 1
293 28
205 26
110 38
468 21
201 9
313 56
124 47
328 6
82 26
138 66
372 70
114 9
396 77
262 67
288 25
222 45
322 25
248 65
434 71
198 28
204 32
181 48
406 75
494 38
352 17
366 66
305 69
151 35
113 56
402 22
444 66
447 24
358 55
193 73
350 30
381 2
326 49
214 6
151 56
490 54
89 40
348 48
250 76
298 5
398 52
466 44
49 49
465 11
140 49
442 38
72 78
81 65
480 57
384 9
49 69
121 31
410 62
228 75
463 74
374 3
193 1
300 70
201 63
366 59
319 18
123 73
246 78
230 24
40 67
424 45
308 75
168 72
156 38
486 40
38 47
72 69
210 43
264 2
300 63
310 40
23 45
471 33
362 30
285 38
232 38
401 28
488 15
176 43
393 27
398 67
24 25
266 62
333 60
104 53
426 42
429 7
234 80
106 52
416 40
457 43
214 46
258 71
93 21
371 24
240 43
428 60
382 28
220 39
202 47
360 75
376 69
51 19
323 23
227 80
35 48
25 27
133 39
192 8
115 38
122 17
345 38
440 38
65 14
99 71
329 77
11 10
467 44
358 60
152 52
346 47
10 49
452 54
314 69
486 11
247 58
330 77
148 7
221 1
228 53
42 4
295 66
318 7
392 79
316 19
42 1
236 43
258 63
421 5
100 47
329 74
348 79
494 11
423 11
138 66
194 2
289 50
118 34
386 25
153 18
30 18
380 70
190 3
127 58
335 40
283 44
434 33
414 68
187 10
172 2
342 58
439 10
291 38
210 6
387 4
149 73
287 64
219 76
436 69
295 51
368 10
20 3
201 46
222 11
49 18
94 4
423 20
396 8
319 38
379 8
392 65
151 28
72 80
492 46