100
89384 99384
30887 40887
92778 102778
36916 46916
47794 57794
38336 48336
85387 95387
60493 70493
16650 26650
41422 51422
2363 12363
90028 100028
68691 78691
20060 30060
97764 107764
13927 23927
80541 90541
83427 93427
89173 99173
55737 65737
5212 15212
95369 105369
2568 12568
56430 66430
65783 75783
21531 31531
22863 32863
65124 75124
74068 84068
3136 13136
13930 23930
79803 89803
34023 44023
23059 33059
33070 43070
98168 108168
61394 71394
18457 28457
75012 85012
78043 88043
76230 86230
77374 87374
84422 94422
44920 54920
13785 23785
98538 108538
75199 85199
94325 104325
98316 108316
64371 74371
66414 76414
3527 13527
76092 86092
68981 78981
59957 69957
41874 51874
6863 16863
99171 109171
6997 16997
97282 107282
2306 12306
20926 30926
77085 87085
36328 46328
60337 70337
26506 36506
50847 60847
21730 31730
61314 71314
25858 35858
16125 26125
53896 63896
19583 29583
546 10546
98815 108815
33368 43368
15435 25435
90365 100365
44044 54044
13751 23751
71088 81088
26809 36809
17277 27277
47179 57179
95789 105789
93585 103585
5404 15404
2652 12652
92755 102755
12400 22400
99933 109933
95061 105061
49677 59677
93369 103369
47740 57740
10013 20013
36227 46227
98587 108587
48095 58095
97540 107540
