970718
952439
988035
956677
958317
989891
962295
969017
971536
954275
962946
988550
973281
940518
948335
941920
948379
970729
978731
952054
978952
987908
951298
947131
975174
961562
968299
962332
986117
953937
974014
996031
966159
967197
955334
959936
947725
962394
996366
969036
988169
967613
946531
967735
957587
946802
988323
956590
957972
960790
954901
979348
963571
969008
961577
973361
968651
954127
958782
966566
986831
970261
1000000
987399
959049
963462
966332
980110
953131
955645
964664
943262
946038
959610
987817
964298
969655
970747
968908
998027
979638
984407
956362
974694
959989
968980
981722
960555
971345
975268
979572
955802
970704
962799
944609
967669
979702
966928
958548
966758
962979
955850
947487
987999
950583
966666
976384
963958
967443
975493
954639
971754
945960
991294
945044
972722
974779
972701
995209
978196
963884
956459
964805
960797
937326
962182
975841
946950
973996
974817
964035
1000000
987665
978323
956924
981228
957134
982261
970298
998550
957053
977997
967239
972513
964478
956545
974538
969469
951843
948180
979487
960979
982399
954526
958184
949570
959269
966188
961996
971645
992863
951911
972022
960796
976957
981666
977271
963915
986891
939570
952489
974809
985517
948251
960067
967790
956275
971919
956488
962998
951578
940391
966860
974252
980784
980777
955502
940737
982571
978187
973340
955278
939421
987589
982442
977581
974565
972831
986278
952830
971018
970929
947338
978098
982145
988007
952999
975914
969973
944592
967319
961122
960541
945587
949114
978039
990944
954609
986239
975521
964191
959331
942373
978214
980393
979966
974885
982251
956141
970532
973089
1000000
964268
936985
966486
953279
961076
946595
953920
980116
986309
969409
952069
952292
967391
949656
968782
950895
959303
967684
947520
952721
967076
959142
977893
947007
982685
959875
968373
960431
997568
980539
979608
979469
960721
982521
963814
976126
1000000
996179
956650
965054
954668
977817
957344
958026
979015
972101
978462
989543
971420
989012
971367
959654
980759
945967
976488
987024
956828
954588
976598
967949
983984
961374
993703
952637
964712
977696
961959
989311
965414
960512
974167
958359
967744
972663
970116
959792
960182
955068
962241
991894
961983
966311
980158
964279
983055
986311
958345
946636
970234
963799
986941
999077
953394
948771
984038
949047
982365
964956
968922
970675
971630
991932
953289
962912
975193
956326
961413
973052
945063
974745
953042
957956
948256
939862
937614
940253
945471
950167
943698
938879
938879
938879
942590
941853
940749
943288
947243
943426
946859
946562
942869
941628
945086
942870
941771
946653
948354
948107
949651
945111
938727
939657
937473
944876
943766
944507
937821
937650
937443
940504
938120
938455
947052
943300
936751
939208
943419
936469
945338
939723
940557
945271
944521
938888
946693
943017
943189
940941
939734
949676
942808
945867
942383
944967
945702
941097
955483
939308
943769
943473
945830
937473
940700
944770
947215
944104
942294
948247
948874
939545
944739
943008
940480
939497
945363
936787
940510
943513
942280
940575
936718
940262
939900
943261
940971
942643
948358
944616
941978
940947
948724
943009
946062
943967
942611
945750
941275
942144
938762
940353
937658
940875
945152
939568
941056
942162
947119
943811
942350
938679
941647
941572
944532
948715
937936
945997
950776
944678
937780
938383
942130
940703
942593
939919
941361
941767
936867
947156
937616
941827
941340
944220
946482
947694
945376
938052
938534
947041
947629
942253
938997
944558
940969
941652
941567
937528
937790
939575
940736
940708
939803
935544
942943
944657
941654
939220
947134
940223
937847
944304
941107
945396
941810
943730
943730
946079
941335
946326
945123
944635
943097
938232
941849
937830
945669
943655
937286
941037
938224
942629
942757
936021
946668
949007
939817
942931
942084
937810
942221
943308
939740
945390
944493
948002
937661
940814
942006
940014
937085
942559
944365
943791
942541
940482
940087
942935
941792
945447
937837
947584
938508
939578
941176
948475
943428
947771
942797
943640
943841
940950
946760
944855
948892
937512
947687
942714
935873
940168
939913
941314
941357
946716
947353
946490
938376
937670
938872
940026
943224
947001
938306
944031
943071
945623
942712
942022
943789
942572
941655
941812
941779
947228
943764
935612
940043
950459
945367
947602
943287
945326
943706
938597
940008
939663
942935
943972
946939
943068
940567
939606
940552
944847
941502
948032
940910
943018
940541
939097
937437
941567
942193
942336
950634
942681
947535
939873
943059
937047
941165
942206
948458
940847
945046
942485
943485
940273
944410
941119
941717
941296
945667
942832
945386
945349
949304
946706
943255
943532
946854
947618
936644
939678
942775
944091
939844
937730
941261
945794
943133
942709
944285
936462
947138
940166
943557
939339
940430
944711
946626
944298
939512
937543
946341
942392
942998
943482
942621
937300
944243
945977
947938
941932
951013
946912
941436
938647
941897
938040
946742
935996
938956
935503
937584
941722
944498
948513
941976
938739
936381
946500
943229
943090
948523
945514
944471
940822
944321
943134
944594
938778
944159
937502
947750
945615
952518
943610
941211
942368
936155
948378
947252
939533
942849
940381
946087
943824
936718
945997
940331
947392
940554
942875
946083
940426
943404
940569
942821
939867
938035
943460
943714
941992
937797
944648
944507
948105
945973
942696
946215
946326
947306
944145
936908
938361
938528
941170
938732
941195
947328
943938
944479
944836
945294
939448
945393
944278
947159
943865
937058
942533
943129
945163
939570
942708
945014
944552
939100
936298
947210
940537
937623
941243
946619
937075
935485
936405
944733
945331
945668
943600
943583
945446
939388
944426
943580
942273
945120
943258
937379
943071
943493
937888
940567
945848
944868
938991
939205
943087
940046
943890
943101
943868
939181
946043
948385
942975
946142
943899
944607
943628
942323
940697
948892
944324
942355
941444
942359
947436
942084
937733
943815
941595
941149
935717
940469
944368
942963
947573
939150
946274
938161
937761
938438
943742
945205
942601
945820
947083
945097
943711
942170
944606
947672
947558
938906
940802
942213
938538
943931
943889
939296
943918
946508
939099
946947
940037
939221
942721
942350
943698
943676
941807
941251
948486
944515
937802
943045
943743
944456
947231
945097
940483
944035
950512
936629
938481
943045
942712
946270
945305
943190
943037
943611
940020
945044
943943
939898
940282
943605
943314
948572
943557
946913
946716
943307
948471
943618
936073
945718
945538
948600
939512
943664
939612
948560
947086
948449
946532
938774
946594
947986
948456
938422
940398
948916
947194
942381
943641
950737
944643
945048
947501
937281
942773
942391
943024
944208
943474
942133
942149
943242
946244
942213
944095
942328
943636
941120
946288
939400
936161
940972
948798
947686
951695
940452
941960
941061
935542
946061
940533
945762
943623
941590
942776
943726
945795
943375
941003
940030
942368
944173
944538
936314
938649
941366
945700
944073
937590
946429
946111
943915
942671
944348
936475
943512
938627
941477
941032
939630
943079
944793
944912
944900
941399
942045
937858
947638
936935
937937
947275
947840
939925
944566
941421
944240
941449
942307
944854
940626
947649
942953
937850
941847
941060
941536
937747
942883
946452
941375
948564
940423
940724
943711
941537
943566
940756
936975
944855
938741
946806
943909
941605
943745
943520
943179
943684
937859
941469
943596
946725
945907
942099
942971
944352
950117
941078
938270
944170
941912
942644
943987
945431
943000
941850
946906
944379
940700
943390
941109
950935
951373
947774
942309
949010
940101
941502
939357
939166
945655
940819
948334
942693
941565
949593
940642
949242
942606
946361
942986
936555
948096
941432
940689
944094
939304
943304
942889
938139
943969
937020
939794
942911
943074
936010
948931
947980
944561
942724
945939
939075
942954
944014
945601
946525
948449
942395
942501
943450
943255
942652
941753
940279
942165
946716
947852
945030
947824
942962
945221
939997
942439
944800
941707
939196
944178
940693
949641
942111
946124
940020
946650
945688
939394
944337
940926
942640
942019
940959
942008
945497
947571
947566
945713
936868
947238
939702
937931
944124
945263
938565
941766
939318
939858
945377
943363
942713
941372
941617
938019
945045
941050
944981
943907
938269
944700
942915
935690
946438
935456
951105
941120
940127
945560
935881
940354
947802
939258
946995
943900
939845
943545
944586
945983
945041
936770
936729
943408
937084
945658
936371
943758
937773
940826
947387
945737
941307
940068
940040
943933
947690
943181
945114
935361
946233
940866
937220
943645
941967
946370
938942
950578
938455
943410
948313
944669
940361
941218
942522
939255
944836
947413
938349
939776
937724
947241
937574
946500
946367
943889
939188
940384
941669
942354
942904
937058
948098
944219
939609
949804
944840
943742
948159
938323
944477
942921
942585
944431
940738
942747
946278
937918
940926
942836
943755
943329
940287
939052
949229
937525
939810
942550
945795
949461
937902
941668
943520
943387
940394
942545
943752
943841
942029
948804
948551
944935
939200
937812
947382
939730
943854
940964
937680
941783
938534
947262
944760
946180
946589
941985
944914
946522
943761
939883
943357
943079
942507
941681
942442
940335
936331
938089
949019
940340
940838
947852
941735
945161
941533
947893
944115
945640
942723
935120
943707
941368
946049
947069
947117
941669
943766
940975
948622
941001
945558
947166
944692
948966
947188
938340
941321
942448
942774
943886
938380
951608
941891
946376
944345
946522
947166
942595
942795
941919
936531
945536
942956
937971
948167
942566
943497
947449
945954
940240
942820
945134
939430
943815
940357
946343
947452
945482
939857
943124
942310
944496
943346
948240
944013
951154
945071
948874
945162
940745
944715
945188
940558
941914
944651
942623
945206
944106
944977
941111
938367
940570
941468
944426
943869
939814
946665
945937
945068
942517
951031
944458
940334
944009
941134
944276
944294
939838
940813
945331
947203
937052
940560
943964
942597
944534
945985
943233
940902
943239
950473
949403
941686
944378
937467
944813
935860
943704
940708
949080
947424
940494
939467
946994
943747
935982
937957
941986
940494
947236
941616
942525
935694
942961
939307
946026
945238
944299
941652
937302
943591
942828
941786
943782
943308
944698
943774
939514
937571
935771
942834
943239
943839
945787
942984
941908
939094
950426
944632
943541
941743
936523
936386
941724
946643
950205
941197
942181
941780
940363
945712
948839
944014
948269
946853
941840
942268
944368
944461
941966
947916
943417
945834
941397
941449
944354
945986
943744
941019
937489
939053
944717
947808
943355
944864
939858
937330
945067
946548
945997
935921
940946
946184
937932
945138
939197
944268
942324
945532
943772
945418
944562
942120
936310
944802
938764
945919
942770
942800
945705
938845
939976
939464
942408
938722
942321
938976
943496
946806
943524
945288
939425
937169
941218
943184
938288
942557
942192
945193
939674
945802
940265
942980
943923
940054
941754
942554
939262
948215
948230
943422
940905
944203
938112
943381
940914
937876
938027
944169
942201
942247
948702
947359
945184
944533
942494
944655
950104
940733
940954
945623
944340
941134
938923
938353
941647
948231
949214
941039
941556
938676
939587
941399
942668
944586
943406
943660
948770
940150
942284
945014
949552
943400
940310
940868
941287
940594
949379
946790
944837
940309
943108
948808
943434
944668
946332
949177
942611
937611
941941
942473
947505
942508
937582
948285
943624
939501
945622
940517
942632
943622
938770
942832
938647
946997
946102
944580
946065
939605
939627
940240
942416
940579
946767
940594
945627
947031
942720
947905
936542
946520
939236
944063
947287
936915
938555
946090
941431
938496
942904
943904
938740
941018
946911
937733
946438
937046
942813
937315
943849
948568
943939
947091
941094
942918
949603
944300
941696
944569
949406
943104
944408
941494
948542
939753
938368
942560
943149
945642
940045
942972
937196
948037
940337
947877
945752
942587
945972
943700
942659
943561
946965
943064
938873
941067
934854
939432
946520
938176
945988
944144
939758
945905
942231
945136
939676
950804
941696
944012
941199
949157
946661
939091
944486
941867
943890
942331
944100
942541
936440
941168
948794
942979
944125
936816
941256
941050
937697
936680
939257
945786
943896
935230
939130
942183
942746
942794
941082
945067
941911
941594
950172
940371
948353
935668
942151
943436
942474
938389
944238
940812
942186
938543
941401
936696
946032
941868
944258
944937
935849
941845
949029
937350
939878
945953
942444
940896
948677
939600
946598
943189
943598
937384
941448
939892
944276
947722
940997
943325
949792
944236
948612
944453
938880
949183
946474
949717
943584
941173
942045
948012
937584
943967
941767
939486
942025
940683
943165
938271
949115
946453
945810
939758
945266
940030
943714
950318
944059
949229
942046
940988
946103
942918
949086
945501
946830
940278
946809
946750
940073
936734
942380
948364
943492
945806
946591
944841
943677
937315
942724
945713
945378
947454
943900
945398
937980
934851
943911
947698
948005
939952
942890
943775
938691
943083
946862
938389
945783
942362
945510
942391
942886
947796
945422
937833
944497
940717
940232
941645
943123
941973
946456
945422
936287
936608
939669
944595
944593
947344
938329
946646
948325
947388
942503
941589
943017
941203
944390
943787
946122
937902
948701
939057
945685
945132
940933
950377
944978
942962
941377
946522
945465
944006
945881
942271
943466
940426
947397
938665
943525
941286
949649
943467
943403
944811
947314
941285
942414
943372
945359
944117
937752
944348
937462
941644
941628
943013
943787
948352
945349
940429
946216
943965
944209
939518
947500
938427
938931
939285
941187
937395
945892
938645
944254
944192
946985
943047
941596
938111
949106
945097
941861
942887
949263
945266
938825
943405
937181
941097
942957
941112
947811
943663
938887
946020
941089
939134
940745
938022
940290
943637
946833
945461
944229
941980
938178
946347
944677
940878
945816
943059
950665
944652
936667
943450
936425
945931
941425
946735
943347
942494
943581
940140
940522
938388
944318
944121
941919
946107
943298
942969
942023
941426
943301
942124
947195
943040
936745
945079
940699
948310
941557
944134
948488
941038
942483
943128
941887
940995
944163
947653
939484
943135
937229
941147
941332
949040
944772
941188
943978
947763
940174
945865
943649
945963
939274
937043
943345
940526
942065
943936
939718
940748
942893
938373
942563
946053
941538
936350
944214
938738
945997
940829
941943
945646
936314
948310
944916
942864
939097
946514
947110
938369
942185
939305
938890
947100
948043
942159
945827
946350
938997
945594
938203
942765
940079
941921
939208
939309
935888
943639
940111
943420
948209
946488
941373
941649
939262
943619
943249
945470
943162
944904
940839
937810
944255
940855
940059
939840
942705
944991
939777
951214
936469
942060
939176
938632
938322
938280
947646
942238
944113
940596
940329
946901
945127
937696
941409
944837
946306
944698
944290
944931
942536
937459
941363
942649
945672
946228
936634
948465
943951
947277
940398
946575
942487
938204
939629
938710
945459
942705
942685
940395
942189
944871
947292
941464
936533
943090
949379
939293
947601
941034
944504
942331
940229
941589
938281
945644
940940
945703
943564
935820
940836
943728
944316
942354
950441
947920
944827
943663
947102
942170
941886
939310
940023
940240
939691
943944
938963
940571
935500
943982
939095
941186
939432
948394
943485
941241
944121
940307
941447
938743
942344
937604
945992
942383
940691
947357
936953
942619
939641
950977
939618
939568
940718
940890
940387
940797
945376
942145
939261
943780
939965
940951
938771
947755
948611
947612
940564
938034
943130
947651
949174
940961
938113
940720
951256
941697
940210
938571
937041
942612
937800
939380
940530
946878
947671
939760
943163
940083
948583
947755
940532
935476
941098
943604
945967
947309
945675
944879
949051
942577
941476
938439
942108
948124
938917
940983
940118
942189
940524
942951
942536
950501
943555
936694
937981
948759
945474
941885
947572
944585
944487
942346
946906
936526
949874
943220
944676
940708
945681
942250
943404
941429
940612
939916
939792
942842
942041
937494
945457
941309
941780
946397
941183
946241
938665
940372
940067
938976
946790
942885
940665
943161
948718
943265
945382
944022
946335
939348
940818
940358
937300
935159
941635
938654
939360
938596
945436
943458
943170
942326
942758
940259
939263
943621
936764
942035
939961
937865
940275
942759
939895
941417
941352
936717
939428
945937
949906
939900
944836
941895
942721
945122
947249
941492
944317
945087
935357
941317
940731
939080
947271
942667
942111
943349
941435
937322
938026
941130
936035
941550
939726
949170
944832
937911
945432
942102
939531
942028
938635
938436
940764
939474
942384
942000
941056
945090
944621
939102
942484
935513
944947
943894
939196
939047
939872
946005
944933
943856
941755
944905
945107
940561
936910
948668
938697
942442
940240
945429
946624
938960
945667
937728
941811
946209
947014
942921
941147
943667
951385
939757
936015
944045
943102
944849
947761
946152
940340
944411
950036
938928
941097
943430
946301
946835
948323
939968
943421
947481
937003
942975
942822
939583
946466
942133
948503
944548
943636
944495
944250
945230
944443
938017
941194
938688
948084
945025
939378
942730
940057
941289
945325
942662
941357
939733
945562
938791
943668
945126
941861
940160
939799
937101
941787
940559
939035
941235
939951
948671
937561
941097
946343
950853
949630
938400
943272
940419
947366
941138
946966
944842
940356
943820
948401
942274
947293
941195
945596
945278
937413
937009
948168
945837
942642
938978
940949
945058
944795
943876
945274
941657
946390
937439
943145
941444
937934
945593
944636
949091
937975
945336
947869
937477
943381
946496
941296
943715
943194
936925
944968
939546
941640
943777
946535
943601
944434
949245
939225
941749
941738
945413
941590
940542
937042
939445
936505
940155
942175
943397
935332
940222
942571
943089
939098
944904
940669
937682
944751
940240
942877
943135
942281
948991
950055
945222
947262
943378
940454
945553
939296
937944
941523
946351
937394
943520
946044
940462
943047
938593
942937
939789
941633
938172
946807
942083
948588
943549
943989
943423
941137
936753
944819
946384
937396
943892
939715
941730
945785
943996
938645
942988
941984
937752
945231
947452
935471
945073
945796
942428
944258
948229
942339
945553
944249
942073
941144
940507
948875
943239
938674
937834
946130
941777
950173
945254
942119
938446
939510
938578
943591
940240
942100
946385
939103
943855
946639
946218
947958
941188
943657
946581
939237
941930
938171
946745
939913
938341
938866
942629
938002
939278
937059
944644
945606
942181
944314
938907
943982
943765
936669
942901
942411
949261
945996
937072
944032
946822
942177
941342
943680
945593
936695
946201
941050
944729
943069
937653
940463
941861
942480
950353
939469
941515
944615
945519
943432
938336
939549
943041
941720
942763
943993
937887
941588
937278
943064
944811
939684
946692
941243
936204
940962
945696
937150
941200
938954
940302
937547
941749
937980
937208
946578
944463
945697
940366
950242
943619
941151
943230
939435
941818
943553
942868
942307
943318
942611
939042
945234
945995
942879
943589
942135
946353
942158
944119
938510
939935
942641
940067
943386
942633
949938
941286
943119
936436
938195
943463
950822
944960
939845
942157
943974
945501
940725
942443
943399
940545
945900
936948
942837
938674
941093
941767
942692
938746
941300
941015
947047
940199
944378
946850
947178
946699
943128
944308
942837
939908
943753
941374
938770
937365
935963
944616
943685
945760
947035
937608
946951
950564
945731
940608
945852
942799
946053
941935
943647
939471
941251
938664
945150
936920
944299
941764
938448
942132
944432
942593
942825
941786
939169
940779
940323
944046
937799
938030
942914
942131
949300
937647
940614
943560
935521
951080
939358
940583
939207
940161
941419
945572
946888
938462
944636
943488
948724
946198
943659
946906
943836
937676
942517
947181
940783
945416
939971
946222
938916
941721
946729
940814
946958
936657
938109
947000
937135
948911
941050
943792
951026
943514
941035
942355
945166
939528
940284
947857
940477
946878
944702
945526
943741
945511
946945
942170
939232
942723
942366
939593
946228
944234
939485
938120
943050
943216
944732
947718
949301
944653
939570
942362
947453
935966
948658
942502
946877
946499
947157
940932
942188
940612
944220
941828
938427
939935
944535
941962
938192
943697
939780
946048
937622
939691
945553
936949
942906
949403
946487
945668
946366
950758
944236
944837
942744
946150
950493
941327
946726
944250
948233
944059
940908
947725
943310
938638
938793
938440
944002
940705
943705
948110
944079
945943
942367
941572
942869
940120
941260
945234
935918
939039
945732
947634
944480
942959
942394
946359
945189
950070
951001
939222
940275
946257
941094
949573
939569
945260
947004
942667
942576
947793
944053
940301
937183
944373
943502
942556
944624
941615
942567
942292
939838
941190
942965
938807
942486
938296
938708
937344
944540
943157
937639
943960
939596
942025
945768
939246
943142
944141
937675
945351
943553
937111
937315
948004
936203
944531
938446
948302
944393
938126
946745
937041
941582
943123
942465
939840
945300
942107
943410
941441
946655
950447
943087
941914
935343
946445
944265
943560
949477
940604
941796
948236
944471
939175
945736
940046
941425
940106
938973
945383
941241
942778
944517
942725
942538
945916
944278
941890
943780
943130
937604
945163
941615
940769
944510
946420
938575
944240
942241
939569
949742
942145
940465
937017
940833
949500
939919
935740
946243
944203
939846
940218
945172
938404
944132
942358
943344
946633
946567
939859
944895
948057
941670
950612
946197
942051
946383
938557
941985
936394
944497
941139
938134
936510
944792
937655
942220
943390
946007
941134
945642
942107
937038
939383
944861
939990
941510
940717
936887
945514
945266
938593
944820
941177
941184
949731
937106
943373
942010
946968
945900
938710
946979
949116
944112
937873
936190
941697
943612
945409
947547
945700
946643
939930
936466
943962
946712
939038
945162
939137
944271
941812
945597
935944
945123
944461
943245
941057
943473
944051
937896
942554
943272
938113
938571
943443
942168
942683
942859
948385
946300
948296
937024
939616
937730
944927
941181
943179
943800
944687
944535
939185
948680
940822
946522
945683
939517
946384
941418
942105
941290
937429
940358
947171
942419
939798
945467
947817
944047
941148
942915
944486
944598
941255
936981
947350
940959
941040
942800
939786
940339
937055
941893
944452
943553
943306
947220
943162
942755
939883
938723
946849
941821
938390
949072
940708
944865
938917
937050
941744
945481
940457
946052
941594
937927
944379
941867
942837
943425
946815
936756
943600
940987
948726
946084
937798
946245
939584
948031
942450
942441
941697
948220
939068
941411
941426
941720
945400
941885
941757
945404
942780
938745
944509
943946
942224
939061
946016
936710
942744
945892
941627
940391
941223
946245
946476
944386
945508
944675
944208
945467
945382
940738
939981
940866
939268
944262
943982
945500
946350
944495
941150
938546
941339
942794
943111
936984
941834
937838
940173
936430
946320
949429
940570
940310
939222
947873
936724
938775
943834
944606
937325
942779
947681
946525
939571
943877
940792
937967
944108
946051
942338
944091
942699
943368
939987
942514
939153
942908
946384
945468
943003
947869
945504
938532
943672
942367
945489
949339
942283
943216
942865
945138
943865
941633
944110
948448
941463
947014
943966
939711
938940
942808
939920
949642
943978
945253
948515
941297
945050
943329
935338
942602
946406
945426
946397
943176
943591
946299
948609
942241
947506
936436
945225
946306
7902
13813
7929
5375
1959
5612
16467
1936
639
22049
5249
3741
13374
5357
4222
9379
4894
6596
2376
5692
7404
7725
556
8083
8985
4187
8558
5761
3735
7092
7790
9093
670
1108
2887
10956
3729
7220
4821
7092
10658
5985
7797
8025
608
10684
5963
1283
5002
11946
4164
222
2411
2728
1041
1658
3284
4747
1589
651
6022
3163
198
9080
7216
532
4249
975
5701
4423
8838
5699
4555
317
3889
10685
6869
389
928005
11456
6479
1195
6246
4316
8794
5687
7210
8968
1886
7834
8434
9010
1610
7058
7264
3052
3056
7823
9004
3181
598
372
6114
5330
5207
9436
1062
2560
4058
5003
2912
6500
208
5450
2336
2358
1564
3038
1755
6710
7714
8194
8779
4873
7607
3973
222
8270
1360
2956
8775
928379
8303
5155
1059
7404
5360
817
5310
3303
2218
5622
8503
5803
1944
686
3986
10084
5907
5397
3705
7846
7208
4722
123
6940
6818
232
1635
9462
8004
9046
4149
5689
7177
2005
2692
8097
6358
6823
4873
2003
3298
3013
2119
1590
1305
1301
2067
5343
308
74
3054
1766
7746
3434
4519
4781
1461
2891
5889
261
7155
649
6941
3951
7073
6865
907
5243
5316
3819
2831
8957
927821
3903
6608
185
7465
4334
1701
7452
5870
9590
1891
5374
4098
6889
6959
1787
7635
5484
2038
1508
4666
6957
3989
6814
4809
1379
6996
3835
5482
6627
1939
3265
1462
2725
4697
6676
7445
3054
3360
909
6803
227
1099
1394
8272
4447
333
6962
5149
7842
5892
3211
8313
7763
4488
4368
7775
7019
7148
2235
8368
6007
3855
93
3943
2965
6064
6010
2155
8833
5911
4293
9596
172
7095
8572
2640
7818
7217
5383
1294
4286
5086
8570
2944
4378
5133
3544
2229
1877
7539
7233
4040
5985
1822
5446
1730
6007
1034
8101
1018
1142
928782
1177
8501
7337
3181
1391
20
3150
5606
7125
1445
4421
6701
5895
877
459
6559
4348
4520
7345
6978
4590
60
307
5971
1864
1540
2178
3454
4252
8016
7911
2919
1996
7231
2640
4882
1456
4151
1817
3043
4273
5402
1746
1232
8358
7469
3807
792
3361
3789
7996
5609
8255
5898
8685
4956
6044
4896
2493
9122
4335
5011
5049
194
3993
5238
4593
5584
5270
8426
5275
4451
2828
3134
1251
7498
4981
151
6510
3073
4446
6113
6284
8725
5686
1853
8779
6204
5937
5731
1456
8872
8104
3138
3630
209
3924
3495
4970
264
1115
4263
6633
4911
9313
7491
2894
310
3640
3815
7060
4014
2109
7544
4277
1532
5715
2030
1280
4768
7593
657
8599
5588
4082
9235
2771
344
4473
9359
7151
8526
7803
6198
713
2212
4853
3265
3884
3016
6436
2820
3344
1093
3584
7150
660
925100
2421
6845
1068
5939
6752
1021
7712
4772
6595
6134
6767
4752
3974
1823
6464
6537
5045
6279
118
7669
3475
2658
5329
2741
7862
6913
5628
1819
6176
2502
7665
4719
6670
4479
6515
7246
8329
2600
4253
1051
2481
5249
5140
1694
7638
3523
2501
4359
1695
2581
36
4708
929
2723
2872
5595
5055
7067
5927
2596
273
4596
8953
5325
3093
7425
2926
6205
147
7207
3550
2169
1227
6965
7010
8226
2595
856
8063
8049
845
7269
4230
8599
4298
4346
1855
7103
5353
1988
4687
748
4629
4280
1421
6888
5084
2619
4164
6703
5988
8589
4882
6264
5380
3091
304
5096
2149
3316
4275
1590
2046
7867
927088
4659
8753
7828
5842
880
2115
7502
1542
8063
1373
5305
2924
5950
7723
1926
548
6062
36
8651
7497
6284
1409
7642
4354
8691
5458
733
4165
3974
7567
8494
5640
3073
37
4854
7598
7773
4546
2144
8168
2133
6022
6078
5310
365
1957
7683
6014
6407
124
2666
6551
5125
6488
4963
6058
1317
3615
4337
1467
6347
2223
1286
8377
181
4069
5317
5038
8394
1037
4376
1664
6025
1390
3789
8578
7195
7322
2405
523
6172
2373
686
1003
3412
1185
458
4512
5333
6016
5679
163
405
4411
3734
1768
7544
8350
1419
926567
7545
4468
1729
4850
4620
5520
5056
3410
7540
2485
293
6777
4283
5621
3887
4563
800
7301
8120
8214
6284
3704
2369
5211
874
7514
5135
3302
8385
2727
3723
5558
6544
1194
5459
3831
2774
7646
7781
5348
8759
550
6830
4722
3084
1703
4261
6240
6727
4253
8238
3634
2950
6521
835
5194
4143
7942
3411
8475
6246
421
5380
2285
7285
7472
2386
694
2071
18
2002
7558
6758
5719
4447
3571
977
2116
620
3819
8494
3782
4321
4056
598
4440
2961
2813
2740
5299
4612
298
5580
1293
2529
6690
6880
630
3923
3763
4394
2211
8008
496
3378
7698
53
7209
1623
3061
6674
993
3694
662
1605
3402
232
2148
5373
7649
7249
4626
4150
4359
8273
1450
2024
4323
6802
8348
8322
3193
1543
7626
4297
3537
4001
2743
5697
1053
7326
3417
7195
3623
2938
5393
2859
7682
4730
8764
1996
5868
6769
6473
6563
6756
7884
4889
8509
6419
2118
5187
6048
3957
5461
4422
4678
6719
4137
7595
7227
7257
2
7343
1272
6332
1021
6893
4805
2526
1324
3379
8355
4987
7453
5164
8565
3341
8063
3700
4944
4210
8455
3061
3766
7351
6033
8771
5575
4906
5110
3647
1350
2088
52
4210
4492
4425
3102
8527
7486
2100
3170
6490
41
926622
6487
7361
2570
4908
1807
7374
3361
7528
8079
8641
2007
3298
1084
3448
1579
3082
1320
3823
66
3280
6118
7577
7631
6808
6807
6811
2033
6276
2753
9058
2403
6175
7391
397
1864
7155
5153
217
5149
2214
2507
3810
591
5202
4727
228
719
4117
707
1077
8420
2281
6956
321
2127
2034
7730
2432
8162
3893
3726
5003
5212
1614
7066
5002
5227
683
5930
5829
6413
3669
3020
2074
7977
5249
384
926885
3887
2336
8122
7256
2791
5664
7861
6682
1870
7267
4267
4964
5338
7645
2625
3597
5491
4539
6663
6826
7055
7493
403
104
8115
3832
1998
7829
8264
611
6020
3965
444
1012
1215
4860
6969
3199
1205
3624
7172
7253
4192
754
6894
8658
5574
997
7300
5846
706
4649
2058
6545
2619
3207
4229
6487
3027
7388
6327
927407
7450
8600
2010
6363
5929
3870
3721
4392
3497
1959
2277
3655
1951
2632
8529
740
2488
2333
2990
2067
8532
1016
8326
2556
3464
2261
1363
5938
1384
7241
7280
928032
2282
8480
8472
5916
7327
597
7036
4688
2756
6678
6642
1230
7811
4107
2726
2956
6877
1579
3632
4456
1091
2074
3541
1381
1861
3172
5053
3915
5358
4929
7066
914
4847
2650
5878
3815
3075
7876
3497
7009
6007
1847
917
4448
7617
3798
7881
2803
8172
2338
2521
8679
6304
6287
928
3297
331
2253
3013
5125
3922
588
6510
1727
4995
2381
4315
6810
3262
7478
590
1612
7191
3671
7191
5845
1021
523
1908
2292
4115
5503
3113
1210
7675
4138
2223
2551
1966
6149
6390
7110
5228
1742
8028
6495
1825
4121
4351
1101
7402
5457
7216
1069
7856
1619
1684
1767
121
165
3257
6385
7314
4851
4365
5084
6345
4309
4076
7439
800
4399
3165
1291
5682
2990
6965
7727
2208
47
926568
6286
6586
4313
3394
7941
1940
5874
2374
995
4510
4276
556
4615
2446
6424
2978
6648
4955
8027
7973
664
6500
8472
6729
1616
309
2425
467
1731
6772
2429
1957
3106
3216
4353
6620
2790
6156
3520
847
5492
3728
4696
1251
7291
282
8090
2840
4771
5875
7018
2445
2123
6982
1869
2185
2840
7679
1262
4396
3211
2624
4912
2768
7021
8149
2225
8711
8721
6610
7882
4542
6670
2666
7284
4231
7721
279
22
1607
4619
1055
127
911
3538
1622
768
5155
1192
1251
238
6629
4446
6299
4457
7008
5061
6413
8655
4990
482
806
4836
8442
3964
137
7159
4639
318
8645
2793
1677
4974
9173
5550
3592
6774
4760
7469
6917
7856
1893
2417
5220
570
646
1227
7179
7218
2120
4153
1092
497
7756
6093
1309
531
5088
3013
3667
3131
1449
6156
2231
7776
926418
3437
5512
999
457
1259
7731
7645
7382
4388
3830
4700
5268
4862
7647
366
621
6517
8087
1063
7039
3494
5779
5669
5383
8279
171
6467
6815
6422
2516
6342
6632
3688
6117
200
5455
1239
5888
5505
4943
1465
7207
1000
2807
7067
5174
2643
2456
3757
61
4759
7814
7346
7967
2395
2826
8241
6498
1634
5685
7527
6049
6263
5656
1041
5352
530
6742
5286
6896
7717
3638
5458
3040
1735
1203
3956
2657
1034
6072
5047
3696
4590
6081
925724
4470
3593
8152
1860
3260
5060
306
2941
872
2243
4952
385
375
6678
7655
35
5728
5720
8106
3611
1179
6864
2443
5216
6095
7561
3081
8290
3610
3127
7561
4145
190
4142
7340
1571
5910
3664
2486
3425
523
1830
5206
3868
6551
8295
5065
2470
8456
465
2884
6499
866
3856
3619
1044
634
3101
7470
1903
2291
275
398
2840
3672
8558
5910
4990
1945
2480
4443
1800
8280
6460
6585
7223
585
5099
6637
1083
3256
3153
430
510
5152
4533
1110
2897
1261
6496
5082
4139
2266
4776
2743
6029
4378
4703
2688
2208
3626
1513
2813
7088
3349
7864
3173
4603
8537
6169
3720
3753
5039
2433
6780
6309
5654
7381
1546
86
5066
3251
5188
2153
1817
7056
6810
1056
2007
1691
4563
1216
7262
6129
7532
8511
6283
633
7890
4361
1116
2293
8563
2325
6577
8223
6344
4382
5083
4186
2455
1924
4027
3781
8086
5695
82
5855
3555
8505
5256
7872
4954
6985
1631
6713
5677
6062
1644
7009
1767
2525
2000
4523
25
7942
8753
2571
6335
1106
6771
6119
904
5091
3490
8562
1397
6000
4571
5159
6073
8754
6347
7053
4208
378
7914
1129
8214
204
4231
880
3628
3510
3635
2656
6321
3691
5901
7360
5570
6028
710
8566
6839
4832
5177
1081
1938
4591
370
6380
2614
5604
6256
2187
2061
5696
5242
57
498
7446
5572
3699
2510
8425
6824
5357
4292
3105
4671
5036
8359
8046
5373
8434
6187
3654
3158
4458
7333
7749
294
6034
4921
4391
6510
3272
1764
5277
2764
17
2292
4166
3093
2182
355
6778
1651
1258
2776
2877
3909
2797
2774
466
4744
7571
6666
1368
8154
6106
6708
3568
6071
1450
3688
3527
161
8029
6124
2565
843
2626
3768
543
8281
2488
251
7447
2430
8477
4460
5549
7403
4903
5171
1633
1661
2003
6269
5541
1347
7171
7416
8190
7056
2731
3712
4032
4844
3678
1403
1529
1805
5469
3251
6542
4267
5510
6728
4182
6171
3178
2364
925748
3088
4847
1358
6184
5568
412
1803
3008
2916
7576
4745
5859
4410
7926
8944
1118
3438
7936
996
694
7725
2264
8057
5029
682
8478
4931
1562
2499
4060
7195
1860
4082
7126
8239
6494
4374
6135
1049
3501
5768
996
2710
8256
107
4304
5522
6239
2164
331
6689
175
511
6773
8288
4683
5036
7226
4660
3008
3832
3585
895
5323
5521
7067
8139
5836
8764
703
5287
875
676
7697
4339
798
7108
5839
8439
5894
4159
7376
5824
1535
7681
4968
3145
5191
8103
2502
58
6906
7289
5862
7897
3801
7592
5439
4648
2376
1369
845
1265
2458
2330
8411
3375
1700
7360
7068
3995
7327
1331
1935
3453
8390
3913
4904
3170
3536
7060
8257
5657
6131
4537
890
7531
1254
7324
6769
926130
2457
3938
7626
5778
6317
322
876
6487
7821
7808
7656
7806
5481
7726
3658
5020
532
3994
3184
4493
2076
6679
8500
5401
3683
3775
763
503
776
2284
6673
5382
3271
4471
2926
7623
4759
6479
764
6748
1185
4378
7813
6494
1618
3230
7317
855
5129
7381
7334
2026
7767
2302
5027
4751
3896
688
4281
2182
5265
3186
2650
5704
7963
5844
129
4060
5066
5328
6320
499
7720
397
2149
6302
2916
3032
4287
3261
3795
709
3960
8240
7248
4361
1029
3223
2277
908
5304
2581
1107
4853
5605
5275
1929
6135
4486
2396
4992
1620
5938
3810
962
1265
1317
7595
3374
8348
7996
7740
2066
6677
61
5331
6739
7410
1959
7715
3808
4648
3217
7765
5032
2364
6881
6604
4508
6845
1416
6864
1189
1745
2326
7464
960
62
4103
921
7763
1635
8425
2338
839
8377
5872
2629
6378
2566
2264
7720
3182
597
1798
5656
3968
4072
6250
2672
6743
6905
2336
75
8080
7235
753
420
3500
4185
1031
6808
4034
1413
6473
926752
2281
6148
1565
8467
2366
8009
5562
2850
1940
6864
6356
7831
362
4937
4345
5592
7387
5796
2884
2702
7678
5188
3675
5558
1289
8275
5880
5056
4482
2187
866
6861
7216
6078
1180
5983
652
6042
4660
3161
835
927545
4635
1074
4212
6224
7716
6099
5066
6692
3420
4717
8112
7888
7680
1302
7548
8673
4072
3941
123
639
4974
6718
409
8326
7951
1133
6211
1977
6654
3784
1866
123
6971
1642
2815
6750
2748
1362
7372
5011
4213
4533
7988
3387
8102
1278
5674
1003
4355
833
5439
3720
6404
5003
62
2223
297
3392
5275
6739
4845
2581
6713
8174
2626
4033
2385
5807
5812
7334
3640
8996
8372
6304
1031
450
1511
3429
2461
1114
6922
1439
4336
6678
5071
5991
4032
1077
1910
2997
7919
7223
2444
1911
4564
1456
793
3006
2585
301
6079
90
7356
4765
1512
7953
2723
1282
7952
6755
8198
2692
1910
3087
908
6528
8097
5315
2959
1118
7667
235
2173
755
6716
6053
5598
2095
5094
4777
2242
3208
3759
3205
6444
153
608
6281
6244
6434
529
188
2115
3653
1332
3900
1479
195
7938
7711
1041
2690
1689
1366
2354
3239
7218
504
5813
1283
4116
5643
2250
5601
1501
6004
1088
5715
6311
5222
4878
8185
4699
2496
7034
720
4053
7138
1801
616
2233
1008
1495
6302
5445
7345
4192
547
8056
5143
955
1191
5256
3217
5847
7034
8370
4382
720
3261
600
1108
2043
2768
6695
6400
7820
224
7908
3451
1458
5298
4966
6374
3365
3288
8280
4803
2374
4524
7117
3327
398
3885
2369
4065
7262
4321
2030
2370
8043
7683
926579
6009
5291
656
4319
8198
69
898
7537
5258
1436
7905
5162
2287
797
2945
495
7769
3957
1067
1557
3131
6993
7685
4110
4459
4870
6049
3389
4235
4346
3643
4911
8198
4495
8244
1794
4989
4053
1364
1265
1152
3794
2979
1808
222
3829
800
7028
6550
4695
6971
2009
5617
5135
370
7023
4151
2306
7904
1833
2231
5067
7114
7956
5741
4702
6894
4897
4262
8896
6128
7810
5343
5200
6023
6403
2805
2687
952
6530
2582
7718
486
2499
2658
781
5723
4643
3512
2500
1852
1076
2734
2712
4604
925479
6735
1053
6691
4568
1926
6613
8336
5695
5347
4591
3059
2428
2036
508
1490
3066
2025
6227
260
2955
199
3381
3136
1200
5358
925787
1058
3547
1868
1642
2955
1005
185
978
6467
7362
895
450
3098
3868
3425
5419
2894
1779
8035
4298
5327
6451
7154
2239
8744
4593
8713
132
8218
7446
1774
322
7001
3816
788
1218
6322
3019
2010
7787
2792
2246
4439
7056
3842
5765
6776
2872
3151
4289
5897
281
3149
4532
753
1020
452
228
602
2018
589
2428
4225
6648
78
3058
5406
6459
2854
4465
5854
1123
3334
7442
2746
4452
6268
5230
335
2728
4897
4654
5561
8258
7192
8095
6160
4190
6110
1552
4794
424
1388
1253
3235
5838
2906
3807
7282
7671
6174
4165
1783
1918
2437
8278
1275
8200
5893
2945
1798
1518
1543
5760
8066
6046
6044
3267
7709
4268
2849
1834
3562
6423
5244
2468
3198
5585
6567
5504
7675
3045
4148
5370
182
1381
2520
3310
1450
8223
8222
974
5763
3349
7205
7471
7185
5688
1104
8233
6644
5860
169
3080
7152
7471
6409
2527
6398
6137
5277
414
7751
4981
3962
557
9140
3938
6682
2532
6602
3245
7012
2848
4550
4261
5292
6758
1748
1007
8026
5078
1976
722
5869
1546
926899
7674
1316
2879
6689
656
3404
5048
3623
4903
1976
5789
561
619
1740
3113
2076
4232
6996
1232
2340
7462
4994
3007
6364
6416
2265
6368
5192
4046
4039
4109
6704
8589
5752
6969
4915
232
2551
3836
4661
6638
6824
271
1741
1364
3909
7383
8285
6905
3574
2097
1913
4158
346
409
742
2273
4932
2732
2010
5231
7535
2855
3855
3280
3278
1791
499
6643
4642
1098
7010
2576
7125
5224
7104
2279
7797
6958
376
7784
5413
977
4241
7063
6043
3128
3104
3067
1333
1720
1266
5322
3296
2464
5456
1881
2438
5099
2867
5061
4421
5779
7080
6834
4581
446
3862
6950
7706
6203
7878
646
8030
5498
537
8156
8173
941
3791
4872
2998
7682
7631
7546
2957
2721
3414
7693
4220
3557
2872
3466
6020
337
897
7690
362
3666
4187
6413
375
5905
3909
2634
1279
1402
6059
3708
3646
829
6100
4751
2891
8137
6426
4304
5036
3256
5506
1471
4047
1591
4717
6792
4077
6124
6794
4257
7302
8316
5948
6106
35
1101
6211
3287
7326
2050
386
3906
8067
3041
4965
3294
6065
650
6709
6717
7396
6590
334
8225
927354
224
777
5195
7122
2634
3029
5187
1219
1366
1382
5898
8329
2614
1388
2285
6849
2919
1042
3485
3963
7739
8297
129
5471
1017
3318
1093
3471
219
677
5026
3632
926997
2613
1875
2382
7789
6864
3242
2780
68
2159
1952
2130
2585
2396
7482
3316
7463
7587
219
1657
805
5977
5112
5128
1713
7683
3197
4957
6218
276
2925
4371
1627
2712
2233
4629
3198
4115
312
6766
2418
2125
1692
2335
1284
3418
7177
6477
3334
4911
5852
4927
6795
6111
2309
6280
3394
3865
1556
1779
142
27
2541
2344
4227
5076
4229
7085
4843
3496
2315
6267
7900
4982
5412
6308
2752
1561
5347
5707
1320
4260
2460
1081
926130
3580
491
4742
4659
1507
2200
1990
962
2773
8185
7500
3118
6557
667
139
1927
3803
5734
1321
6735
2393
6970
8343
7659
982
1644
5557
4636
3623
7680
866
1731
5734
6744
6759
8470
7019
5030
3349
6832
1990
2208
1088
3262
4309
6096
6939
3082
4529
7876
3560
1109
7676
1872
4528
4179
7199
8360
2312
4598
7532
321
4200
2567
8185
4184
1601
968
7235
2137
6238
6377
4627
6549
3301
2555
5016
4976
11
2256
3739
6061
5610
6575
7165
4392
4853
3099
6393
3653
890
6837
6831
7092
1896
1196
870
3586
4672
7026
6938
1014
1337
1068
404
4876
6832
491
3738
4437
7746
7529
2770
3134
5733
6277
4577
5895
7923
6327
7389
4055
8172
1621
5300
6272
3919
8082
3048
2258
5581
5111
5823
4589
3868
3215
2926
926654
3931
2970
6980
1159
6311
6543
1854
7411
1511
721
4093
4388
7376
8062
5835
7472
5129
5614
3394
5386
560
5918
4961
5445
3504
5367
725
7589
6968
6913
4006
8129
3681
204
5540
3357
6764
6170
7929
6777
5250
2616
6869
2517
2318
6965
6122
3422
2310
1792
2696
4432
8037
5101
3655
315
4423
4236
3849
3115
3895
1480
1607
2936
5525
4982
2858
5817
1177
1465
3397
4513
5559
2248
8043
4028
3539
3758
7149
4730
8331
5825
2244
754
4757
3459
1501
2528
6746
6928
2864
23
6752
318
3387
207
3428
7431
7838
4511
2253
2260
926627
5551
3312
991
8257
5379
2905
3993
4070
4349
2092
4578
3025
77
4076
5133
654
2671
1374
3184
1805
990
30
3409
1371
637
1236
3203
3066
7831
4668
2346
25
6375
8186
6495
3425
5044
7535
6880
6765
3071
8315
6369
5413
1018
1231
2253
8034
1368
2752
3316
4431
355
38
5887
2238
1779
4951
1503
5454
2038
799
1766
3119
1130
1364
2021
4795
7276
375
2349
2496
8150
926044
3566
5413
3906
4631
2070
2566
2072
5741
4628
2384
8530
4110
4866
7700
1192
590
6583
8533
5401
2220
6635
2177
1113
1280
6489
7886
3418
5701
202
1356
68
8277
6449
6433
7825
3400
6534
7042
4038
2981
6113
6527
6110
4698
5828
3375
3693
5072
1786
2503
7563
8069
5970
3681
5771
661
6797
2542
858
2925
8356
1682
7648
1225
3730
2029
921
6708
5873
3845
5454
1363
5297
5107
2293
1187
8439
5583
1446
7062
7548
4125
5305
8394
6227
6928
2264
3434
1275
7922
4895
4600
927365
7249
2653
3428
2026
6961
4515
280
3258
4740
2912
4404
3003
1262
2888
7906
3600
8283
7929
710
1016
719
1039
6093
6990
2707
4536
8440
4810
3394
3861
8093
383
7800
5776
7813
1797
4468
926188
