20
47 934625
159716 232602 240721 326817 371173 381811 395401 422848 448518 489856 501996 517925 538513 548055 572391 614802 664927 672264 698609 710634 726200 744853 777752 784643 807793 826559 835821 847248 853851 867212 892528 911789 925366 940428 940555 943187 943525 943765 957078 963109 977320 987811 988996 992376 994318 996856 997537
44610 48835 49355 61561 74865 103552 113525 198288 218713 221242 249277 256948 274143 278223 321351 346768 378074 391860 400518 404370 451986 474845 502561 510787 519484 520390 590393 597397 609319 620885 630510 699651 740604 760249 794551 801898 832451 839904 842821 861193 887236 902376 903462 942296 973360 982617 990122
50 541083
113692 179034 181627 204685 285782 353731 373211 397984 399165 473426 477861 507586 520096 548081 594862 606511 634689 660785 663348 675576 676332 734156 757353 758022 806211 820437 838723 854211 855363 858653 864320 866617 867136 872905 874002 879172 894033 909795 915228 915802 916301 928832 941642 967591 978952 985377 985874 996235 999127 999129
1644 17505 31605 33958 58357 75663 78925 124227 143709 153810 161352 167179 198822 208355 270482 284764 287150 311568 319498 330314 340361 347572 362811 366805 368323 374192 389706 419102 458255 462377 471987 474030 504566 563280 578236 580111 581947 591640 640547 671494 675417 750251 779165 792042 821608 831671 858177 966405 975331 995719
48 516365
180707 263463 373833 420866 524478 526555 527632 575209 576781 587257 589257 633403 660139 664968 665281 683902 685004 689854 704135 710969 725368 761147 795672 802337 808832 819432 821553 840952 879303 884144 888134 891253 898589 915581 918403 927450 937769 945229 946736 953710 959175 959558 966307 970201 989742 992795 996702 998562
1485 5950 10786 35321 71941 79024 79853 85724 93291 123027 159521 184536 245470 263178 268151 299214 355037 364176 378597 385221 397226 424498 425145 449563 488779 494366 524679 551541 558587 603800 614053 616356 617850 625138 653663 686773 721631 739000 766616 781659 832997 900795 904003 931501 941131 983543 987058 993167
40 998543
327940 361440 374503 539738 563655 608505 609719 629747 633232 658913 668479 672591 683736 717922 721523 726795 742980 757509 757851 780034 783998 793934 812636 823594 872783 900240 914035 920574 922022 930633 935762 955811 967296 973270 976492 977531 989538 990898 996532 997893
9213 85631 100721 105856 139376 166352 183089 188417 192008 228063 228364 263623 277627 301829 317667 336457 343374 361132 361922 380774 381826 395278 455021 484885 586095 607164 622178 626089 666899 681316 738174 757220 834823 890758 890805 924155 943523 951960 959163 967456
40 642687
199125 330722 466890 477586 519508 536982 563620 591299 597237 614510 675650 676178 707188 743353 744344 747871 765084 791341 802319 818262 830187 851054 863987 868078 883628 896080 902305 905636 923417 934169 952330 961385 961989 964917 967596 974632 989920 991766 998111 998426
36656 121370 139121 154265 167658 172581 194383 197843 283975 297446 314133 323737 374973 418214 429245 438377 483875 499427 505157 599101 611759 613147 616941 654322 667370 686711 724459 750555 772509 794279 807541 842747 859109 903158 914007 914807 933937 947025 973619 989485
47 845482
123044 213248 279976 301361 383515 414025 435212 480199 497465 539483 579805 640856 656174 672987 703992 706078 743861 757772 767986 777807 782070 789930 806313 832747 840060 848942 849996 856600 868447 878731 897479 910086 914946 939580 948573 948827 951734 953146 957974 965552 969219 979742 980136 983143 986343 994177 995564
61984 72682 126281 140539 145059 170316 182386 189835 219031 235233 240362 251173 277803 288050 297993 320220 321638 324134 331973 344611 363664 367147 467147 476986 496775 537706 555657 558438 561618 641896 643231 649755 661267 698627 705127 715278 736094 749029 787486 832943 887426 894932 917221 917990 946641 974777 979334
49 899825
137411 199307 225611 280254 299820 349959 453943 464345 476961 513790 585278 639262 651117 704061 732439 749117 775775 789606 791874 793370 807910 820443 829201 832730 851425 879096 889373 899432 910829 912752 917333 926651 931970 938169 940245 940384 963228 967456 969799 970163 971233 982788 983897 985157 988996 989663 989858 991000 999869
2530 7598 28713 43872 91251 105208 121898 136762 158225 186020 190104 220974 252321 262042 277459 286372 335648 345836 421276 432682 443022 462968 487942 505808 543212 546308 551880 556134 574568 584011 616572 682491 704793 735160 735323 748922 770110 772913 795128 866048 873784 891306 905530 921178 926449 937935 949371 956600 971959
47 526136
166150 348955 441751 488801 535549 585079 624314 637462 639293 640075 655456 670068 703504 732749 754301 772536 799745 808735 820256 825012 826038 829290 844481 849930 853564 853957 867539 870900 882675 891758 894672 898489 906523 920835 922029 938837 939283 945205 960600 963429 969447 983296 985307 985951 996087 996429 999505
12926 22196 79136 79142 113105 123731 131838 145591 153863 168932 191646 203086 204735 219843 300075 340150 380595 385822 418147 427007 431971 443137 445271 452333 485849 498044 498148 507476 525504 533978 609148 649314 677798 679145 740450 757121 766741 766800 824978 828694 852071 852290 853800 876703 883353 888070 982190
48 847962
336798 387650 496132 524207 526503 543935 552969 586509 592725 638483 732303 734846 744186 761536 762288 783675 790944 814891 816307 823373 830934 837384 851560 862968 867610 876315 892137 898967 904425 914890 916047 941282 942033 945255 946103 948025 964700 965649 967577 969888 977891 981928 982271 989365 993029 994136 995094 995854
32546 56995 124553 127079 162694 168461 175978 192339 240097 259798 279873 317433 337944 363274 417929 427858 436436 457297 494523 518495 530053 550299 619102 619941 643520 701602 704557 712650 716947 732054 739212 745062 753272 758498 762446 779700 796583 797961 802710 817510 841469 877806 909861 914965 917769 937594 985544 987443
42 499197
155088 160357 282120 311054 368939 396621 401848 487689 488419 571911 579612 581856 631508 661083 665779 678405 684640 743345 788316 794164 860722 886835 897154 901220 907274 907857 920266 923229 932950 948859 949732 950638 963088 972217 978889 981895 986329 988438 993395 997419 997743 998465
19525 22053 26576 121109 133034 147584 192017 200456 200836 203696 229033 231063 273456 294558 298367 334534 402862 416767 437167 462034 469385 534369 542125 549442 574136 583506 605831 622458 651726 768771 772634 811291 825739 873716 886313 904897 918013 939325 955544 966507 980346 997542
40 695276
125678 204447 306378 383174 390221 443051 511339 512332 595248 604605 615940 637916 648207 689885 692183 692437 698051 711052 727779 785279 814512 846859 853333 854573 858328 858901 885388 889372 893638 907820 913857 914435 926064 956836 960843 965672 966642 978633 984781 991380
597 22937 30141 40429 41901 43970 78451 97771 171139 178838 231419 291113 293977 323901 348405 428661 475613 557699 572653 591146 620640 626712 626765 650364 681777 708123 716671 766288 771384 799980 804798 807823 809643 827779 828201 890796 893213 931730 973438 977016
49 541946
32396 387708 410557 432957 436142 437254 446764 467703 518758 519278 522335 565013 583749 671101 697978 699362 699981 714382 732853 753767 762790 774910 775741 777114 778384 781071 786806 809414 825360 847638 852835 867687 880117 891897 904429 906116 907598 924144 927838 934464 935505 959599 968707 971940 974925 980181 982718 994501 997853
6073 66469 76352 114813 143238 172652 172796 191928 200068 240699 251013 270137 303053 316623 320361 359987 366197 369065 398644 425333 442612 451528 458020 460676 469642 479781 500367 516011 516382 542308 546628 586493 634783 634878 672817 731664 745759 772720 845370 845963 852985 859358 861593 869534 877547 879143 885021 951313 951314
50 906891
213919 290740 333621 405609 531152 540739 568065 615593 636850 639863 654639 677104 693921 708322 718469 719833 740987 746631 759541 765102 767694 786738 794923 809195 827689 839165 840978 853541 854589 859958 861703 861748 873520 893357 893507 912497 924485 936557 948410 951812 958105 958366 960569 973416 979290 981815 991133 991574 991893 995559
50465 124058 130009 179071 188444 218283 219273 234496 245854 293112 299090 321488 331838 358085 369462 386473 395515 415145 480736 511803 513532 514349 530528 547113 563788 573429 590527 610124 674545 693564 701123 703758 706838 709847 726308 727656 753714 775144 794649 801892 824067 834854 842090 846739 856464 871352 923806 933431 953808 967085
50 408455
57456 161798 318146 348844 350504 407949 438200 450570 454068 459120 462645 492404 559996 574832 582602 616014 638019 664302 673897 730136 741256 748372 756443 797664 804784 820313 821683 829668 831077 852186 856651 911024 924661 925015 936290 946504 956995 969695 970265 970962 974922 977460 977626 978671 979950 988112 992316 995282 997838 998313
13137 29121 40953 43576 63701 73835 101353 123926 128180 177597 196455 276953 278392 331153 360740 368624 372212 381112 397557 407882 419213 430216 452864 467601 467911 487030 517072 564578 593171 599509 600970 637265 667909 675217 679823 699043 702589 709309 773808 783725 800571 802321 804693 830144 892758 943943 962071 971211 977221 984482
45 735476
257036 331399 336145 403108 516678 524455 530519 530885 573214 579244 590836 599336 657794 669025 725098 742173 747665 795099 799817 805620 819361 831937 837429 837515 838763 840587 841951 880430 886865 896644 904420 911654 929733 929747 938256 943116 947561 961986 973974 974879 987218 991365 991661 995683 999419
6157 16909 43002 49309 67085 116527 119875 134572 139936 155369 220716 233948 244489 253751 269257 274891 275380 317068 320971 360133 360381 410438 427129 448030 458261 464206 471507 500680 555162 634526 649000 728096 743947 748286 762244 769957 794500 806005 812363 827224 831702 907478 918636 955288 960789
49 969208
284886 313322 337195 339595 388459 449987 463038 469585 487053 570571 605252 620044 634847 640632 659523 669863 695519 704550 709665 724679 732090 738684 743530 757305 761834 780976 797863 808016 808871 815823 843700 846762 856945 858225 863801 876364 889256 917921 936198 945774 963205 963774 964283 980793 982708 984053 995844 995851 997816
15713 16502 20351 24828 44388 55349 92247 117574 154637 189575 192563 219049 232641 236410 249818 255858 259807 271145 318504 327976 333828 380025 385924 386574 390726 426406 446823 466338 496247 511057 521438 522672 567617 572974 613561 619858 629141 650225 717828 744513 785254 840796 857810 873622 892201 896909 964058 974406 976249
43 345
100510 134465 185868 247529 340206 364641 416589 445320 476531 480098 515772 543258 566780 580375 583429 623551 636448 648574 652072 664756 687975 696877 704994 733645 742012 753638 761849 761884 764230 783128 793846 814113 814150 848713 854731 857484 891709 915424 927548 935657 992359 993508 998662
2565 15165 43104 72121 99753 110217 118186 122929 132192 174638 186336 192047 207508 217222 239295 253300 257664 257713 315832 325814 343530 357720 389663 461444 477470 480283 497424 512717 531616 538142 587591 614417 634537 634627 662212 668084 697212 702352 795660 868708 884958 949419 986972
50 899921
291953 326585 374316 397855 416970 421884 425553 459958 483217 618257 620672 636515 694332 706999 716289 720386 727244 732656 755022 769634 777541 783327 794892 798561 805670 813356 813947 816236 822582 836068 850508 853705 896095 899475 902417 906359 928869 944851 957276 960554 962990 972497 976421 976637 979275 994032 994092 994805 999367 999945
13686 19274 59041 74159 79802 110079 135978 146125 219894 238927 269288 307845 321307 345781 366441 377424 379506 386305 414852 461756 481415 512900 542909 562270 564606 592695 634356 636707 643962 665866 677040 683701 707667 727514 786518 811592 819076 839025 846435 863350 873984 879556 888085 953889 955389 956641 956970 972421 976359 996102
44 587222
21934 229046 379702 465072 466742 509627 563450 586358 628195 637869 684233 686941 701219 740073 741298 749179 754781 759196 806455 819598 824585 847594 856131 860166 880608 884893 889142 897323 908380 913054 914739 919535 942474 951281 959610 960964 961170 970028 970274 974731 978203 978494 980668 988052
21578 25591 25956 52723 107242 120138 133684 174128 178042 202508 224677 225470 379629 379956 399014 418845 418923 456798 457717 465052 485718 497675 567655 584958 620003 661033 676459 732509 737485 759611 788203 797930 800854 802357 807106 827572 864087 892789 910822 919343 936212 950220 965875 975064
42 947454
280584 348763 371254 384256 388303 415873 444492 481654 499094 516492 586519 630503 671719 679429 683547 699047 716376 744702 814448 845201 880701 881824 893675 894960 897014 919659 920853 921509 921791 925234 928715 930802 954797 959962 969688 970566 977711 984872 985690 990873 996371 997702
18038 19178 41737 56036 100504 200862 206087 219878 222416 255386 257200 265334 268844 311334 322352 329675 344470 357783 367302 367944 472869 499804 514762 515706 574200 598673 640726 657412 669775 730342 753250 762967 780833 802496 833107 861903 874722 894810 916915 935695 967727 982653