100 100
96 84
36 83
30 92
25 27
16 20
34 62
100 74
51 43
100 70
55 31
32 92
49 90
99 4
73 15
32 90
49 27
26 36
62 55
80 38
33 95
57 66
8 57
91 10
51 91
79 6
73 11
49 21
52 47
13 7
18 13
86 43
49 47
97 28
84 30
74 41
47 81
49 38
43 99
80 21
56 52
83 4
24 35
51 99
10 63
57 27
76 42
69 76
88 18
55 24
47 28
16 45
60 64
34 2
62 13
23 18
16 57
21 39
91 23
89 1
86 46
79 13
39 100
40 79
17 94
2 15
73 69
59 32
32 93
86 93
57 60
62 73
16 35
63 59
57 52
11 94
49 89
58 87
88 97
17 56
90 70
70 62
38 81
46 69
25 83
14 81
94 75
53 9
61 68
67 18
71 29
11 19
18 69
17 74
65 7
43 34
20 33
66 17
1 90
51 14
71 44
100
75
5
1
42
71
18
12
52
81
82
69
1
39
77
17
64
41
75
58
27
47
90
92
63
43
34
14
56
4
9
48
30
13
49
72
36
18
83
87
50
65
55
2
55
83
19
70
24
45
79
2
91
21
45
6
63
78
71
70
33
79
18
63
92
18
86
27
87
20
13
89
36
19
90
90
1
60
11
76
5
90
77
95
62
74
52
24
51
22
45
36
1
14
50
92
83
35
18
70
54
