10000 10
10000 15
9999 12
9998 19
9997 17
9996 14
9995 8
9994 13
9993 5
9992 9
9991 6
9990 13
9989 16
9988 6
9987 3
9986 4
9985 18
9984 8
9983 9
9982 2
9981 18
9980 7
9979 7
9978 14
9977 17
9976 3
9975 15
9974 17
9973 11
9972 11
9971 10
9970 11
9969 8
9968 19
9967 11
9966 19
9965 17
9964 19
9963 5
9962 3
9961 2
9960 3
9959 3
9958 12
9957 18
9956 19
9955 7
9954 13
9953 18
9952 20
9951 3
9950 3
9949 10
9948 2
9947 1
9946 16
9945 9
9944 13
9943 18
9942 13
9941 12
9940 19
9939 14
9938 2
9937 10
9936 16
9935 10
9934 10
9933 11
9932 9
9931 6
9930 3
9929 11
9928 3
9927 10
9926 7
9925 7
9924 19
9923 16
9922 14
9921 7
9920 11
9919 5
9918 4
9917 11
9916 4
9915 14
9914 15
9913 12
9912 19
9911 13
9910 10
9909 17
9908 15
9907 5
9906 14
9905 12
9904 10
9903 15
9902 18
9901 19
9900 20
9899 11
9898 18
9897 20
9896 20
9895 19
9894 12
9893 10
9892 13
9891 14
9890 18
9889 5
9888 4
9887 17
9886 4
9885 14
9884 17
9883 12
9882 19
9881 12
9880 17
9879 13
9878 4
9877 15
9876 8
9875 11
9874 7
9873 16
9872 12
9871 12
9870 4
9869 12
9868 4
9867 7
9866 15
9865 9
9864 7
9863 18
9862 8
9861 7
9860 17
9859 17
9858 14
9857 16
9856 5
9855 9
9854 1
9853 13
9852 5
9851 16
9850 15
9849 18
9848 3
9847 8
9846 12
9845 17
9844 5
9843 15
9842 10
9841 6
9840 15
9839 15
9838 12
9837 2
9836 2
9835 12
9834 15
9833 10
9832 20
9831 3
9830 16
9829 11
9828 16
9827 16
9826 5
9825 12
9824 8
9823 8
9822 18
9821 8
9820 1
9819 17
9818 12
9817 7
9816 16
9815 8
9814 16
9813 19
9812 10
9811 14
9810 7
9809 4
9808 3
9807 7
9806 10
9805 13
9804 16
9803 7
9802 18
9801 7
9800 15
9799 2
9798 14
9797 13
9796 16
9795 4
9794 8
9793 1
9792 2
9791 18
9790 19
9789 9
9788 4
9787 4
9786 17
9785 13
9784 14
9783 16
9782 10
9781 18
9780 7
9779 16
9778 5
9777 17
9776 16
9775 8
9774 11
9773 2
9772 13
9771 19
9770 11
9769 11
9768 12
9767 16
9766 15
9765 1
9764 12
9763 20
9762 2
9761 15
9760 2
9759 7
9758 7
9757 7
9756 18
9755 5
9754 15
9753 5
9752 11
9751 20
9750 16
9749 17
9748 5
9747 8
9746 12
9745 17
9744 10
9743 18
9742 9
9741 17
9740 18
9739 2
9738 10
9737 8
9736 6
9735 20
9734 8
9733 12
9732 13
9731 13
9730 20
9729 13
9728 6
9727 16
9726 20
9725 7
9724 12
9723 12
9722 9
9721 15
9720 3
9719 17
9718 11
9717 9
9716 3
9715 3
9714 17
9713 3
9712 16
9711 18
9710 5
9709 17
9708 5
9707 5
9706 5
9705 20
9704 10
9703 17
9702 7
9701 13
9700 9
9699 19
9698 13
9697 13
9696 20
9695 19
9694 1
9693 3
9692 5
9691 12
9690 12
9689 3
9688 4
9687 13
9686 16
9685 13
9684 10
9683 1
9682 8
9681 13
9680 15
9679 10
9678 20
9677 18
9676 17
9675 11
9674 13
9673 16
9672 8
9671 9
9670 2
9669 13
9668 11
9667 14
9666 6
9665 13
9664 9
9663 14
9662 18
9661 19
9660 13
9659 13
9658 8
9657 12
9656 4
9655 10
9654 5
9653 5
9652 16
9651 1
9650 20
9649 1
9648 7
9647 16
9646 12
9645 16
9644 2
9643 13
9642 12
9641 13
9640 12
9639 4
9638 19
9637 19
9636 19
9635 5
9634 15
9633 3
9632 17
9631 20
9630 19
9629 5
9628 12
9627 5
9626 12
9625 8
9624 4
9623 6
9622 12
9621 2
9620 11
9619 16
9618 18
9617 4
9616 20
9615 19
9614 14
9613 12
9612 5
9611 19
9610 2
9609 17
9608 10
9607 4
9606 12
9605 16
9604 17
9603 8
9602 11
9601 17
9600 11
9599 9
9598 12
9597 16
9596 11
9595 10
9594 8
9593 18
9592 20
9591 11
9590 16
9589 19
9588 14
9587 13
9586 17
9585 18
9584 9
9583 15
9582 3
9581 14
9580 20
9579 4
9578 2
9577 9
9576 9
9575 18
9574 11
9573 10
9572 14
9571 17
9570 2
9569 8
9568 9
9567 9
9566 5
9565 17
9564 9
9563 20
9562 9
9561 17
9560 16
9559 20
9558 12
9557 17
9556 10
9555 18
9554 14
9553 15
9552 11
9551 12
9550 17
9549 5
9548 10
9547 17
9546 13
9545 17
9544 14
9543 15
9542 14
9541 12
9540 13
9539 6
9538 1
9537 4
9536 17
9535 20
9534 14
9533 6
9532 2
9531 17
9530 3
9529 2
9528 3
9527 17
9526 18
9525 7
9524 1
9523 8
9522 4
9521 15
9520 14
9519 19
9518 18
9517 9
9516 4
9515 14
9514 10
9513 8
9512 17
9511 2
9510 20
9509 8
9508 10
9507 20
9506 16
9505 13
9504 8
9503 11
9502 19
9501 3
9500 15
9499 7
9498 1
9497 6
9496 7
9495 3
9494 8
9493 9
9492 9
9491 14
9490 8
9489 10
9488 14
9487 18
9486 1
9485 19
9484 4
9483 14
9482 10
9481 16
9480 5
9479 15
9478 8
9477 2
9476 6
9475 14
9474 14
9473 19
9472 18
9471 4
9470 4
9469 11
9468 7
9467 10
9466 11
9465 7
9464 2
9463 4
9462 16
9461 8
9460 14
9459 6
9458 14
9457 16
9456 19
9455 19
9454 13
9453 10
9452 17
9451 14
9450 13
9449 20
9448 16
9447 18
9446 16
9445 14
9444 12
9443 5
9442 4
9441 9
9440 6
9439 13
9438 5
9437 10
9436 6
9435 12
9434 3
9433 10
9432 16
9431 2
9430 1
9429 3
9428 2
9427 13
9426 12
9425 13
9424 16
9423 5
9422 20
9421 14
9420 11
9419 2
9418 10
9417 3
9416 20
9415 7
9414 11
9413 9
9412 16
9411 17
9410 13
9409 17
9408 13
9407 5
9406 2
9405 9
9404 4
9403 11
9402 2
9401 7
9400 3
9399 4
9398 15
9397 11
9396 7
9395 19
9394 13
9393 16
9392 6
9391 12
9390 8
9389 16
9388 18
9387 17
9386 1
9385 11
9384 18
9383 3
9382 1
9381 14
9380 3
9379 9
9378 5
9377 18
9376 3
9375 4
9374 19
9373 11
9372 18
9371 7
9370 14
9369 6
9368 5
9367 2
9366 9
9365 7
9364 8
9363 15
9362 11
9361 15
9360 9
9359 4
9358 11
9357 15
9356 3
9355 16
9354 3
9353 14
9352 18
9351 4
9350 17
9349 18
9348 3
9347 18
9346 14
9345 3
9344 12
9343 18
9342 8
9341 4
9340 19
9339 10
9338 19
9337 19
9336 8
9335 4
9334 9
9333 11
9332 9
9331 18
9330 14
9329 4
9328 17
9327 9
9326 20
9325 20
9324 5
9323 3
9322 11
9321 13
9320 15
9319 8
9318 17
9317 20
9316 14
9315 4
9314 5
9313 17
9312 4
9311 8
9310 6
9309 9
9308 7
9307 14
9306 4
9305 9
9304 1
9303 18
9302 10
9301 16
9300 11
9299 7
9298 19
9297 9
9296 13
9295 16
9294 18
9293 2
9292 5
9291 13
9290 18
9289 1
9288 15
9287 18
9286 8
9285 1
9284 16
9283 2
9282 5
9281 17
9280 10
9279 8
9278 7
9277 9
9276 19
9275 11
9274 6
9273 10
9272 7
9271 1
9270 20
9269 5
9268 9
9267 19
9266 2
9265 8
9264 19
9263 7
9262 15
9261 13
9260 13
9259 3
9258 16
9257 8
9256 16
9255 14
9254 14
9253 8
9252 19
9251 13
9250 11
9249 9
9248 15
9247 12
9246 16
9245 5
9244 13
9243 11
9242 17
9241 4
9240 13
9239 7
9238 19
9237 15
9236 3
9235 14
9234 14
9233 10
9232 13
9231 12
9230 10
9229 6
9228 15
9227 13
9226 8
9225 11
9224 15
9223 4
9222 11
9221 1
9220 1
9219 13
9218 6
9217 18
9216 19
9215 3
9214 9
9213 12
9212 11
9211 15
9210 7
9209 1
9208 6
9207 10
9206 19
9205 1
9204 10
9203 8
9202 8
9201 11
9200 8
9199 6
9198 11
9197 9
9196 10
9195 2
9194 3
9193 10
9192 15
9191 8
9190 19
9189 9
9188 9
9187 9
9186 16
9185 4
9184 2
9183 17
9182 11
9181 7
9180 5
9179 14
9178 19
9177 11
9176 19
9175 1
9174 4
9173 8
9172 9
9171 4
9170 11
9169 19
9168 11
9167 1
9166 18
9165 16
9164 19
9163 7
9162 20
9161 12
9160 2
9159 11
9158 14
9157 19
9156 8
9155 18
9154 13
9153 7
9152 12
9151 6
9150 8
9149 1
9148 9
9147 10
9146 19
9145 19
9144 12
9143 8
9142 18
9141 2
9140 20
9139 2
9138 15
9137 2
9136 20
9135 14
9134 15
9133 5
9132 9
9131 7
9130 12
9129 11
9128 18
9127 8
9126 4
9125 16
9124 1
9123 12
9122 2
9121 19
9120 16
9119 6
9118 10
9117 2
9116 13
9115 12
9114 3
9113 18
9112 20
9111 20
9110 13
9109 6
9108 15
9107 8
9106 6
9105 20
9104 9
9103 19
9102 14
9101 12
9100 4
9099 3
9098 18
9097 14
9096 12
9095 18
9094 13
9093 11
9092 16
9091 18
9090 6
9089 15
9088 7
9087 10
9086 3
9085 11
9084 13
9083 8
9082 12
9081 6
9080 17
9079 3
9078 1
9077 17
9076 11
9075 8
9074 13
9073 16
9072 3
9071 18
9070 15
9069 12
9068 16
9067 7
9066 11
9065 8
9064 16
9063 11
9062 1
9061 12
9060 17
9059 13
9058 10
9057 9
9056 17
9055 4
9054 17
9053 19
9052 11
9051 17
9050 18
9049 20
9048 5
9047 18
9046 14
9045 14
9044 7
9043 15
9042 19
9041 16
9040 1
9039 13
9038 10
9037 13
9036 2
9035 7
9034 6
9033 15
9032 17
9031 19
9030 4
9029 8
9028 9
9027 20
9026 14
9025 11
9024 1
9023 10
9022 18
9021 2
9020 5
9019 8
9018 16
9017 12
9016 17
9015 18
9014 4
9013 6
9012 15
9011 4
9010 17
9009 2
9008 13
9007 18
9006 3
9005 16
9004 1
9003 2
9002 8
9001 1
9000 5
8999 12
8998 18
8997 18
8996 2
8995 20
8994 9
8993 3
8992 17
8991 19
8990 8
8989 9
8988 10
8987 12
8986 18
8985 5
8984 17
8983 2
8982 7
8981 7
8980 7
8979 16
8978 10
8977 20
8976 13
8975 12
8974 18
8973 4
8972 13
8971 5
8970 16
8969 11
8968 6
8967 7
8966 8
8965 19
8964 18
8963 17
8962 8
8961 3
8960 7
8959 3
8958 17
8957 4
8956 18
8955 10
8954 17
8953 1
8952 20
8951 10
8950 4
8949 8
8948 8
8947 11
8946 8
8945 8
8944 10
8943 19
8942 19
8941 14
8940 10
8939 15
8938 3
8937 9
8936 17
8935 5
8934 16
8933 2
8932 13
8931 3
8930 6
8929 12
8928 12
8927 7
8926 19
8925 5
8924 18
8923 2
8922 17
8921 19
8920 4
8919 6
8918 1
8917 10
8916 1
8915 16
8914 19
8913 11
8912 8
8911 8
8910 14
8909 1
8908 17
8907 10
8906 8
8905 15
8904 17
8903 9
8902 15
8901 19
8900 10
8899 13
8898 15
8897 3
8896 4
8895 13
8894 20
8893 14
8892 13
8891 16
8890 1
8889 10
8888 11
8887 19
8886 3
8885 8
8884 7
8883 12
8882 12
8881 9
8880 19
8879 9
8878 7
8877 13
8876 17
8875 19
8874 12
8873 9
8872 12
8871 7
8870 1
8869 11
8868 5
8867 16
8866 13
8865 10
8864 18
8863 3
8862 6
8861 19
8860 7
8859 7
8858 10
8857 20
8856 1
8855 15
8854 14
8853 7
8852 12
8851 15
8850 14
8849 10
8848 2
8847 16
8846 2
8845 3
8844 2
8843 17
8842 11
8841 11
8840 12
8839 19
8838 11
8837 5
8836 10
8835 7
8834 5
8833 2
8832 4
8831 11
8830 8
8829 15
8828 16
8827 20
8826 11
8825 19
8824 4
8823 20
8822 19
8821 2
8820 10
8819 16
8818 2
8817 14
8816 19
8815 4
8814 3
8813 18
8812 13
8811 6
8810 4
8809 17
8808 14
8807 1
8806 7
8805 10
8804 5
8803 4
8802 10
8801 6
8800 20
8799 11
8798 13
8797 10
8796 13
8795 10
8794 5
8793 4
8792 3
8791 1
8790 4
8789 17
8788 16
8787 16
8786 20
8785 13
8784 12
8783 13
8782 3
8781 11
8780 1
8779 7
8778 15
8777 19
8776 10
8775 5
8774 10
8773 1
8772 7
8771 8
8770 5
8769 8
8768 15
8767 6
8766 3
8765 1
8764 1
8763 2
8762 15
8761 11
8760 17
8759 10
8758 6
8757 13
8756 3
8755 11
8754 7
8753 3
8752 1
8751 11
8750 8
8749 17
8748 6
8747 11
8746 17
8745 16
8744 20
8743 16
8742 13
8741 3
8740 15
8739 2
8738 17
8737 19
8736 4
8735 17
8734 1
8733 3
8732 20
8731 16
8730 6
8729 20
8728 7
8727 11
8726 6
8725 9
8724 13
8723 8
8722 19
8721 3
8720 4
8719 6
8718 3
8717 4
8716 9
8715 11
8714 18
8713 14
8712 11
8711 9
8710 14
8709 3
8708 18
8707 20
8706 4
8705 6
8704 17
8703 10
8702 15
8701 9
8700 19
8699 19
8698 17
8697 3
8696 20
8695 4
8694 10
8693 6
8692 20
8691 4
8690 14
8689 15
8688 11
8687 3
8686 20
8685 1
8684 4
8683 11
8682 5
8681 7
8680 4
8679 3
8678 15
8677 17
8676 18
8675 11
8674 18
8673 7
8672 16
8671 18
8670 17
8669 18
8668 9
8667 12
8666 5
8665 12
8664 14
8663 1
8662 8
8661 3
8660 12
8659 7
8658 1
8657 5
8656 15
8655 20
8654 12
8653 7
8652 5
8651 2
8650 7
8649 16
8648 11
8647 12
8646 14
8645 6
8644 9
8643 2
8642 8
8641 12
8640 18
8639 18
8638 7
8637 6
8636 2
8635 19
8634 6
8633 15
8632 7
8631 15
8630 14
8629 8
8628 19
8627 4
8626 2
8625 7
8624 8
8623 15
8622 5
8621 7
8620 20
8619 13
8618 7
8617 18
8616 20
8615 16
8614 17
8613 13
8612 3
8611 6
8610 1
8609 3
8608 7
8607 9
8606 20
8605 14
8604 18
8603 8
8602 3
8601 15
8600 12
8599 9
8598 14
8597 2
8596 3
8595 16
8594 5
8593 15
8592 18
8591 3
8590 5
8589 16
8588 19
8587 12
8586 1
8585 19
8584 2
8583 1
8582 6
8581 18
8580 6
8579 11
8578 6
8577 10
8576 10
8575 15
8574 2
8573 5
8572 10
8571 18
8570 20
8569 10
8568 17
8567 7
8566 6
8565 20
8564 15
8563 6
8562 1
8561 10
8560 16
8559 16
8558 18
8557 10
8556 12
8555 6
8554 7
8553 16
8552 11
8551 12
8550 15
8549 6
8548 4
8547 13
8546 3
8545 18
8544 13
8543 12
8542 12
8541 12
8540 1
8539 9
8538 18
8537 10
8536 2
8535 9
8534 4
8533 3
8532 12
8531 16
8530 11
8529 16
8528 16
8527 10
8526 6
8525 2
8524 6
8523 13
8522 2
8521 9
8520 13
8519 18
8518 19
8517 16
8516 12
8515 15
8514 19
8513 19
8512 10
8511 12
8510 6
8509 10
8508 15
8507 3
8506 17
8505 13
8504 19
8503 3
8502 15
8501 18
8500 1
8499 8
8498 14
8497 9
8496 16
8495 13
8494 15
8493 15
8492 13
8491 14
8490 1
8489 17
8488 12
8487 14
8486 9
8485 5
8484 18
8483 13
8482 6
8481 1
8480 10
8479 16
8478 4
8477 8
8476 5
8475 14
8474 20
8473 9
8472 19
8471 9
8470 18
8469 5
8468 14
8467 2
8466 11
8465 17
8464 17
8463 6
8462 7
8461 6
8460 6
8459 8
8458 6
8457 2
8456 2
8455 4
8454 11
8453 4
8452 11
8451 5
8450 5
8449 8
8448 16
8447 2
8446 2
8445 16
8444 6
8443 2
8442 15
8441 11
8440 7
8439 12
8438 11
8437 9
8436 15
8435 11
8434 14
8433 12
8432 6
8431 4
8430 16
8429 10
8428 8
8427 5
8426 9
8425 19
8424 17
8423 12
8422 8
8421 14
8420 6
8419 9
8418 20
8417 12
8416 6
8415 8
8414 17
8413 1
8412 10
8411 17
8410 15
8409 19
8408 7
8407 7
8406 17
8405 9
8404 4
8403 19
8402 5
8401 13
8400 16
8399 19
8398 12
8397 19
8396 7
8395 17
8394 7
8393 7
8392 19
8391 14
8390 19
8389 18
8388 19
8387 1
8386 14
8385 20
8384 18
8383 5
8382 7
8381 16
8380 17
8379 13
8378 20
8377 1
8376 6
8375 1
8374 16
8373 2
8372 18
8371 14
8370 19
8369 10
8368 12
8367 11
8366 18
8365 6
8364 8
8363 5
8362 11
8361 8
8360 18
8359 11
8358 2
8357 8
8356 10
8355 11
8354 16
8353 2
8352 13
8351 1
8350 1
8349 19
8348 4
8347 6
8346 9
8345 1
8344 14
8343 20
8342 3
8341 3
8340 20
8339 19
8338 6
8337 6
8336 16
8335 12
8334 9
8333 14
8332 14
8331 9
8330 14
8329 4
8328 2
8327 5
8326 8
8325 1
8324 12
8323 1
8322 13
8321 4
8320 3
8319 17
8318 19
8317 6
8316 2
8315 18
8314 19
8313 15
8312 13
8311 20
8310 8
8309 12
8308 11
8307 19
8306 2
8305 20
8304 8
8303 14
8302 3
8301 20
8300 13
8299 1
8298 8
8297 16
8296 5
8295 2
8294 9
8293 8
8292 12
8291 19
8290 18
8289 12
8288 8
8287 11
8286 13
8285 4
8284 19
8283 15
8282 13
8281 3
8280 12
8279 15
8278 2
8277 14
8276 9
8275 17
8274 16
8273 9
8272 10
8271 10
8270 3
8269 7
8268 5
8267 4
8266 16
8265 9
8264 17
8263 1
8262 5
8261 13
8260 15
8259 19
8258 10
8257 16
8256 15
8255 12
8254 8
8253 5
8252 4
8251 13
8250 8
8249 12
8248 2
8247 2
8246 17
8245 4
8244 4
8243 6
8242 12
8241 18
8240 16
8239 10
8238 8
8237 12
8236 11
8235 7
8234 10
8233 13
8232 19
8231 18
8230 12
8229 9
8228 15
8227 11
8226 6
8225 9
8224 1
8223 13
8222 10
8221 18
8220 3
8219 5
8218 7
8217 8
8216 17
8215 18
8214 5
8213 11
8212 8
8211 10
8210 1
8209 17
8208 15
8207 20
8206 4
8205 14
8204 10
8203 18
8202 15
8201 1
8200 7
8199 5
8198 5
8197 20
8196 10
8195 11
8194 13
8193 15
8192 14
8191 5
8190 12
8189 14
8188 2
8187 11
8186 11
8185 5
8184 15
8183 14
8182 6
8181 18
8180 11
8179 1
8178 8
8177 15
8176 7
8175 3
8174 2
8173 1
8172 18
8171 8
8170 7
8169 5
8168 5
8167 18
8166 10
8165 13
8164 15
8163 9
8162 4
8161 10
8160 6
8159 20
8158 11
8157 1
8156 9
8155 3
8154 4
8153 5
8152 9
8151 10
8150 4
8149 18
8148 7
8147 14
8146 16
8145 4
8144 8
8143 15
8142 6
8141 10
8140 4
8139 6
8138 17
8137 20
8136 12
8135 10
8134 2
8133 12
8132 7
8131 7
8130 7
8129 14
8128 16
8127 2
8126 1
8125 20
8124 6
8123 4
8122 5
8121 6
8120 3
8119 10
8118 3
8117 18
8116 19
8115 6
8114 17
8113 7
8112 5
8111 20
8110 12
8109 20
8108 14
8107 4
8106 6
8105 12
8104 18
8103 16
8102 17
8101 1
8100 4
8099 1
8098 5
8097 7
8096 6
8095 12
8094 11
8093 11
8092 15
8091 19
8090 14
8089 13
8088 17
8087 6
8086 19
8085 10
8084 7
8083 20
8082 13
8081 18
8080 11
8079 15
8078 8
8077 7
8076 2
8075 1
8074 1
8073 16
8072 17
8071 11
8070 16
8069 1
8068 8
8067 16
8066 14
8065 8
8064 14
8063 16
8062 10
8061 16
8060 4
8059 20
8058 16
8057 2
8056 18
8055 2
8054 4
8053 19
8052 20
8051 1
8050 13
8049 16
8048 6
8047 10
8046 2
8045 16
8044 8
8043 14
8042 11
8041 19
8040 9
8039 9
8038 17
8037 12
8036 15
8035 16
8034 11
8033 11
8032 17
8031 8
8030 8
8029 5
8028 15
8027 2
8026 10
8025 1
8024 7
8023 19
8022 18
8021 16
8020 1
8019 5
8018 4
8017 16
8016 10
8015 15
8014 14
8013 19
8012 14
8011 6
8010 7
8009 15
8008 20
8007 18
8006 13
8005 5
8004 19
8003 9
8002 20
8001 3
8000 2
7999 3
7998 15
7997 6
7996 14
7995 6
7994 9
7993 10
7992 16
7991 4
7990 13
7989 5
7988 10
7987 15
7986 19
7985 20
7984 6
7983 1
7982 8
7981 18
7980 18
7979 14
7978 18
7977 14
7976 8
7975 8
7974 4
7973 4
7972 18
7971 10
7970 12
7969 11
7968 11
7967 12
7966 13
7965 6
7964 16
7963 19
7962 1
7961 9
7960 1
7959 13
7958 1
7957 3
7956 12
7955 20
7954 1
7953 18
7952 12
7951 16
7950 20
7949 19
7948 15
7947 14
7946 19
7945 9
7944 18
7943 12
7942 18
7941 9
7940 15
7939 16
7938 3
7937 4
7936 6
7935 2
7934 20
7933 5
7932 5
7931 18
7930 1
7929 5
7928 5
7927 6
7926 11
7925 13
7924 17
7923 8
7922 4
7921 8
7920 6
7919 4
7918 18
7917 6
7916 18
7915 2
7914 7
7913 8
7912 14
7911 11
7910 11
7909 9
7908 15
7907 3
7906 14
7905 7
7904 12
7903 2
7902 10
7901 16
7900 2
7899 7
7898 6
7897 12
7896 18
7895 11
7894 1
7893 20
7892 3
7891 18
7890 16
7889 4
7888 9
7887 17
7886 2
7885 6
7884 14
7883 5
7882 2
7881 3
7880 16
7879 16
7878 12
7877 16
7876 4
7875 2
7874 17
7873 18
7872 17
7871 9
7870 1
7869 6
7868 14
7867 2
7866 7
7865 5
7864 18
7863 8
7862 20
7861 3
7860 6
7859 19
7858 2
7857 19
7856 20
7855 4
7854 20
7853 19
7852 19
7851 8
7850 10
7849 2
7848 7
7847 3
7846 11
7845 13
7844 12
7843 10
7842 3
7841 14
7840 12
7839 16
7838 8
7837 16
7836 17
7835 14
7834 17
7833 19
7832 6
7831 6
7830 16
7829 11
7828 4
7827 19
7826 13
7825 1
7824 9
7823 12
7822 16
7821 2
7820 13
7819 18
7818 18
7817 9
7816 1
7815 16
7814 9
7813 12
7812 19
7811 10
7810 5
7809 11
7808 19
7807 18
7806 10
7805 9
7804 7
7803 3
7802 11
7801 7
7800 9
7799 3
7798 6
7797 7
7796 19
7795 13
7794 6
7793 10
7792 2
7791 12
7790 7
7789 2
7788 5
7787 4
7786 4
7785 12
7784 12
7783 19
7782 14
7781 6
7780 15
7779 11
7778 10
7777 1
7776 16
7775 11
7774 1
7773 9
7772 5
7771 3
7770 6
7769 5
7768 9
7767 17
7766 20
7765 11
7764 15
7763 6
7762 17
7761 6
7760 16
7759 10
7758 3
7757 8
7756 13
7755 2
7754 8
7753 19
7752 5
7751 16
7750 3
7749 2
7748 18
7747 9
7746 11
7745 19
7744 19
7743 3
7742 8
7741 9
7740 14
7739 12
7738 5
7737 10
7736 12
7735 7
7734 19
7733 20
7732 18
7731 18
7730 1
7729 16
7728 7
7727 10
7726 9
7725 15
7724 20
7723 11
7722 16
7721 13
7720 7
7719 20
7718 18
7717 20
7716 15
7715 3
7714 11
7713 19
7712 2
7711 2
7710 7
7709 20
7708 18
7707 19
7706 1
7705 4
7704 15
7703 9
7702 20
7701 1
7700 14
7699 16
7698 15
7697 2
7696 6
7695 14
7694 9
7693 15
7692 11
7691 1
7690 17
7689 16
7688 4
7687 6
7686 17
7685 5
7684 18
7683 19
7682 11
7681 8
7680 20
7679 16
7678 6
7677 3
7676 2
7675 11
7674 1
7673 12
7672 10
7671 7
7670 17
7669 11
7668 14
7667 5
7666 2
7665 19
7664 19
7663 3
7662 16
7661 13
7660 12
7659 13
7658 5
7657 6
7656 14
7655 1
7654 10
7653 20
7652 20
7651 6
7650 19
7649 1
7648 8
7647 2
7646 20
7645 9
7644 9
7643 13
7642 14
7641 5
7640 20
7639 2
7638 20
7637 9
7636 14
7635 5
7634 10
7633 2
7632 16
7631 10
7630 20
7629 20
7628 14
7627 10
7626 16
7625 16
7624 2
7623 3
7622 11
7621 6
7620 20
7619 11
7618 1
7617 4
7616 11
7615 2
7614 19
7613 2
7612 3
7611 13
7610 3
7609 1
7608 7
7607 12
7606 15
7605 7
7604 15
7603 7
7602 4
7601 16
7600 18
7599 10
7598 18
7597 1
7596 9
7595 18
7594 1
7593 18
7592 19
7591 12
7590 2
7589 18
7588 14
7587 20
7586 16
7585 15
7584 17
7583 18
7582 6
7581 7
7580 16
7579 14
7578 17
7577 15
7576 17
7575 15
7574 12
7573 6
7572 3
7571 8
7570 12
7569 6
7568 4
7567 3
7566 15
7565 3
7564 6
7563 5
7562 5
7561 17
7560 11
7559 18
7558 9
7557 17
7556 19
7555 2
7554 10
7553 7
7552 9
7551 17
7550 5
7549 7
7548 17
7547 1
7546 12
7545 6
7544 19
7543 18
7542 17
7541 17
7540 17
7539 12
7538 9
7537 2
7536 8
7535 9
7534 9
7533 14
7532 7
7531 13
7530 15
7529 19
7528 8
7527 2
7526 10
7525 18
7524 14
7523 8
7522 7
7521 12
7520 1
7519 7
7518 20
7517 15
7516 9
7515 14
7514 11
7513 16
7512 12
7511 9
7510 8
7509 9
7508 10
7507 10
7506 12
7505 9
7504 4
7503 8
7502 14
7501 15
7500 15
7499 4
7498 20
7497 20
7496 3
7495 5
7494 7
7493 1
7492 15
7491 11
7490 4
7489 6
7488 3
7487 17
7486 11
7485 6
7484 12
7483 13
7482 6
7481 3
7480 18
7479 12
7478 20
7477 17
7476 20
7475 7
7474 4
7473 11
7472 1
7471 16
7470 16
7469 1
7468 15
7467 7
7466 7
7465 10
7464 4
7463 10
7462 11
7461 19
7460 14
7459 3
7458 5
7457 5
7456 8
7455 9
7454 18
7453 16
7452 3
7451 13
7450 18
7449 12
7448 3
7447 12
7446 20
7445 5
7444 10
7443 14
7442 10
7441 16
7440 7
7439 2
7438 13
7437 1
7436 13
7435 9
7434 9
7433 4
7432 15
7431 1
7430 9
7429 11
7428 16
7427 3
7426 5
7425 1
7424 3
7423 17
7422 13
7421 14
7420 17
7419 18
7418 19
7417 12
7416 8
7415 11
7414 2
7413 14
7412 8
7411 12
7410 10
7409 19
7408 5
7407 8
7406 15
7405 18
7404 12
7403 19
7402 9
7401 10
7400 7
7399 6
7398 3
7397 17
7396 16
7395 8
7394 1
7393 6
7392 6
7391 11
7390 20
7389 11
7388 14
7387 18
7386 4
7385 1
7384 1
7383 19
7382 13
7381 15
7380 19
7379 17
7378 15
7377 10
7376 1
7375 4
7374 20
7373 17
7372 4
7371 13
7370 4
7369 7
7368 9
7367 1
7366 20
7365 6
7364 10
7363 2
7362 8
7361 15
7360 19
7359 5
7358 7
7357 4
7356 18
7355 18
7354 18
7353 12
7352 9
7351 7
7350 1
7349 1
7348 9
7347 13
7346 5
7345 12
7344 5
7343 17
7342 11
7341 8
7340 9
7339 14
7338 6
7337 9
7336 5
7335 11
7334 8
7333 18
7332 6
7331 8
7330 6
7329 14
7328 7
7327 11
7326 3
7325 4
7324 2
7323 13
7322 20
7321 1
7320 6
7319 11
7318 1
7317 7
7316 5
7315 15
7314 9
7313 4
7312 6
7311 11
7310 15
7309 6
7308 4
7307 3
7306 10
7305 14
7304 15
7303 2
7302 14
7301 3
7300 5
7299 11
7298 9
7297 17
7296 2
7295 11
7294 14
7293 16
7292 5
7291 13
7290 11
7289 19
7288 10
7287 11
7286 7
7285 17
7284 4
7283 16
7282 6
7281 12
7280 8
7279 11
7278 6
7277 12
7276 20
7275 7
7274 16
7273 15
7272 19
7271 8
7270 12
7269 3
7268 2
7267 19
7266 2
7265 2
7264 20
7263 6
7262 5
7261 19
7260 11
7259 15
7258 2
7257 4
7256 10
7255 3
7254 18
7253 16
7252 12
7251 3
7250 5
7249 6
7248 18
7247 19
7246 3
7245 9
7244 14
7243 20
7242 17
7241 12
7240 4
7239 16
7238 17
7237 14
7236 5
7235 7
7234 16
7233 3
7232 4
7231 9
7230 12
7229 1
7228 5
7227 3
7226 6
7225 19
7224 1
7223 4
7222 2
7221 11
7220 12
7219 9
7218 10
7217 19
7216 13
7215 5
7214 10
7213 10
7212 4
7211 12
7210 17
7209 6
7208 15
7207 14
7206 17
7205 3
7204 19
7203 8
7202 17
7201 17
7200 11
7199 14
7198 8
7197 15
7196 5
7195 8
7194 6
7193 7
7192 13
7191 4
7190 19
7189 3
7188 16
7187 14
7186 16
7185 19
7184 17
7183 20
7182 14
7181 1
7180 12
7179 11
7178 15
7177 3
7176 4
7175 18
7174 16
7173 10
7172 15
7171 10
7170 13
7169 20
7168 5
7167 7
7166 7
7165 12
7164 9
7163 19
7162 3
7161 10
7160 20
7159 17
7158 5
7157 7
7156 20
7155 6
7154 8
7153 14
7152 10
7151 16
7150 9
7149 17
7148 2
7147 6
7146 19
7145 3
7144 3
7143 12
7142 14
7141 4
7140 13
7139 8
7138 9
7137 12
7136 14
7135 11
7134 6
7133 16
7132 13
7131 20
7130 8
7129 10
7128 11
7127 6
7126 20
7125 12
7124 9
7123 20
7122 9
7121 16
7120 16
7119 5
7118 6
7117 7
7116 16
7115 5
7114 3
7113 8
7112 3
7111 13
7110 15
7109 4
7108 13
7107 15
7106 8
7105 5
7104 5
7103 10
7102 2
7101 8
7100 11
7099 2
7098 10
7097 16
7096 6
7095 11
7094 8
7093 1
7092 2
7091 1
7090 19
7089 17
7088 6
7087 15
7086 9
7085 10
7084 16
7083 8
7082 20
7081 9
7080 1
7079 16
7078 11
7077 7
7076 20
7075 15
7074 11
7073 7
7072 16
7071 17
7070 1
7069 19
7068 1
7067 10
7066 9
7065 8
7064 9
7063 16
7062 13
7061 18
7060 12
7059 20
7058 12
7057 13
7056 18
7055 6
7054 14
7053 19
7052 13
7051 14
7050 8
7049 6
7048 9
7047 8
7046 6
7045 16
7044 5
7043 3
7042 18
7041 6
7040 1
7039 18
7038 16
7037 2
7036 7
7035 15
7034 4
7033 11
7032 19
7031 18
7030 19
7029 20
7028 9
7027 6
7026 5
7025 4
7024 1
7023 3
7022 13
7021 17
7020 3
7019 12
7018 7
7017 6
7016 19
7015 7
7014 20
7013 19
7012 4
7011 8
7010 8
7009 17
7008 1
7007 11
7006 20
7005 16
7004 7
7003 19
7002 15
7001 19
7000 17
6999 3
6998 18
6997 6
6996 15
6995 11
6994 13
6993 17
6992 6
6991 17
6990 14
6989 16
6988 15
6987 6
6986 16
6985 14
6984 19
6983 1
6982 13
6981 17
6980 10
6979 13
6978 9
6977 10
6976 15
6975 3
6974 7
6973 14
6972 15
6971 3
6970 3
6969 20
6968 15
6967 5
6966 6
6965 12
6964 17
6963 18
6962 9
6961 14
6960 20
6959 12
6958 1
6957 5
6956 8
6955 11
6954 20
6953 11
6952 20
6951 20
6950 17
6949 17
6948 10
6947 16
6946 10
6945 7
6944 17
6943 14
6942 7
6941 11
6940 6
6939 6
6938 20
6937 12
6936 9
6935 11
6934 11
6933 19
6932 12
6931 20
6930 12
6929 5
6928 18
6927 16
6926 10
6925 3
6924 18
6923 16
6922 19
6921 19
6920 7
6919 5
6918 5
6917 4
6916 20
6915 11
6914 19
6913 10
6912 5
6911 12
6910 3
6909 11
6908 8
6907 18
6906 1
6905 10
6904 14
6903 1
6902 14
6901 6
6900 11
6899 5
6898 16
6897 11
6896 1
6895 5
6894 5
6893 2
6892 17
6891 16
6890 7
6889 19
6888 4
6887 17
6886 15
6885 9
6884 12
6883 18
6882 19
6881 13
6880 4
6879 1
6878 6
6877 19
6876 10
6875 16
6874 15
6873 17
6872 8
6871 7
6870 5
6869 14
6868 14
6867 8
6866 1
6865 8
6864 1
6863 3
6862 6
6861 3
6860 6
6859 4
6858 11
6857 7
6856 19
6855 7
6854 8
6853 4
6852 7
6851 10
6850 7
6849 13
6848 18
6847 10
6846 6
6845 18
6844 19
6843 7
6842 13
6841 15
6840 13
6839 18
6838 1
6837 6
6836 13
6835 6
6834 4
6833 9
6832 14
6831 7
6830 9
6829 6
6828 12
6827 20
6826 17
6825 3
6824 11
6823 15
6822 16
6821 6
6820 4
6819 15
6818 6
6817 18
6816 6
6815 9
6814 13
6813 5
6812 19
6811 17
6810 3
6809 18
6808 10
6807 4
6806 18
6805 7
6804 13
6803 11
6802 16
6801 12
6800 3
6799 19
6798 7
6797 5
6796 15
6795 15
6794 1
6793 11
6792 5
6791 1
6790 12
6789 7
6788 3
6787 13
6786 5
6785 20
6784 17
6783 8
6782 13
6781 7
6780 18
6779 19
6778 11
6777 8
6776 6
6775 7
6774 5
6773 16
6772 17
6771 10
6770 6
6769 1
6768 1
6767 5
6766 6
6765 15
6764 12
6763 11
6762 4
6761 11
6760 1
6759 9
6758 6
6757 13
6756 9
6755 3
6754 11
6753 11
6752 15
6751 14
6750 1
6749 4
6748 9
6747 4
6746 2
6745 19
6744 19
6743 2
6742 16
6741 13
6740 17
6739 12
6738 14
6737 2
6736 12
6735 20
6734 7
6733 13
6732 18
6731 5
6730 2
6729 2
6728 3
6727 15
6726 11
6725 10
6724 1
6723 10
6722 9
6721 19
6720 4
6719 19
6718 17
6717 9
6716 15
6715 6
6714 19
6713 8
6712 3
6711 1
6710 16
6709 7
6708 9
6707 1
6706 7
6705 14
6704 12
6703 8
6702 10
6701 13
6700 17
6699 8
6698 10
6697 18
6696 3
6695 12
6694 12
6693 2
6692 19
6691 5
6690 6
6689 11
6688 16
6687 3
6686 4
6685 5
6684 8
6683 18
6682 8
6681 7
6680 11
6679 12
6678 14
6677 5
6676 14
6675 4
6674 6
6673 1
6672 5
6671 2
6670 8
6669 11
6668 6
6667 18
6666 8
6665 5
6664 12
6663 19
6662 3
6661 8
6660 7
6659 5
6658 7
6657 13
6656 18
6655 14
6654 8
6653 13
6652 13
6651 11
6650 9
6649 8
6648 3
6647 19
6646 8
6645 8
6644 7
6643 18
6642 2
6641 14
6640 6
6639 20
6638 15
6637 1
6636 15
6635 12
6634 6
6633 1
6632 3
6631 15
6630 18
6629 8
6628 14
6627 18
6626 15
6625 3
6624 16
6623 13
6622 4
6621 20
6620 17
6619 2
6618 11
6617 15
6616 2
6615 2
6614 4
6613 11
6612 20
6611 7
6610 3
6609 7
6608 20
6607 20
6606 20
6605 14
6604 10
6603 9
6602 17
6601 20
6600 12
6599 6
6598 3
6597 7
6596 15
6595 11
6594 19
6593 11
6592 16
6591 3
6590 20
6589 2
6588 12
6587 19
6586 1
6585 12
6584 10
6583 10
6582 20
6581 6
6580 18
6579 18
6578 11
6577 14
6576 7
6575 16
6574 8
6573 7
6572 7
6571 2
6570 3
6569 3
6568 15
6567 20
6566 8
6565 16
6564 2
6563 14
6562 18
6561 7
6560 11
6559 3
6558 4
6557 16
6556 14
6555 13
6554 12
6553 2
6552 1
6551 18
6550 18
6549 6
6548 16
6547 16
6546 7
6545 16
6544 15
6543 6
6542 13
6541 2
6540 8
6539 15
6538 8
6537 2
6536 3
6535 15
6534 15
6533 15
6532 8
6531 20
6530 17
6529 4
6528 20
6527 7
6526 8
6525 13
6524 16
6523 9
6522 16
6521 11
6520 4
6519 14
6518 20
6517 6
6516 14
6515 1
6514 5
6513 5
6512 11
6511 17
6510 13
6509 11
6508 15
6507 11
6506 11
6505 17
6504 14
6503 8
6502 14
6501 9
6500 19
6499 4
6498 8
6497 14
6496 8
6495 11
6494 4
6493 14
6492 1
6491 11
6490 16
6489 17
6488 2
6487 14
6486 4
6485 11
6484 4
6483 8
6482 9
6481 5
6480 12
6479 10
6478 6
6477 9
6476 19
6475 15
6474 13
6473 12
6472 14
6471 8
6470 3
6469 17
6468 1
6467 4
6466 14
6465 1
6464 20
6463 5
6462 20
6461 6
6460 17
6459 14
6458 12
6457 6
6456 17
6455 18
6454 5
6453 12
6452 19
6451 6
6450 11
6449 16
6448 2
6447 19
6446 6
6445 20
6444 20
6443 3
6442 17
6441 3
6440 4
6439 18
6438 16
6437 20
6436 6
6435 8
6434 3
6433 5
6432 18
6431 2
6430 4
6429 17
6428 17
6427 3
6426 9
6425 20
6424 11
6423 6
6422 6
6421 17
6420 10
6419 14
6418 9
6417 2
6416 17
6415 13
6414 11
6413 16
6412 11
6411 18
6410 20
6409 10
6408 3
6407 14
6406 20
6405 13
6404 4
6403 6
6402 5
6401 14
6400 6
6399 7
6398 16
6397 20
6396 16
6395 18
6394 7
6393 20
6392 17
6391 15
6390 9
6389 7
6388 9
6387 6
6386 18
6385 19
6384 17
6383 17
6382 11
6381 10
6380 11
6379 9
6378 2
6377 17
6376 13
6375 8
6374 6
6373 9
6372 13
6371 12
6370 17
6369 16
6368 18
6367 19
6366 8
6365 2
6364 14
6363 10
6362 17
6361 18
6360 3
6359 19
6358 9
6357 17
6356 1
6355 19
6354 16
6353 11
6352 13
6351 6
6350 16
6349 10
6348 12
6347 16
6346 2
6345 11
6344 4
6343 12
6342 16
6341 7
6340 16
6339 7
6338 17
6337 14
6336 8
6335 6
6334 16
6333 4
6332 15
6331 8
6330 20
6329 2
6328 16
6327 4
6326 13
6325 8
6324 13
6323 12
6322 19
6321 17
6320 18
6319 12
6318 8
6317 15
6316 11
6315 18
6314 20
6313 6
6312 1
6311 11
6310 5
6309 7
6308 14
6307 14
6306 5
6305 18
6304 1
6303 8
6302 20
6301 5
6300 20
6299 8
6298 11
6297 12
6296 2
6295 9
6294 7
6293 15
6292 13
6291 19
6290 12
6289 7
6288 8
6287 11
6286 14
6285 17
6284 11
6283 8
6282 5
6281 8
6280 16
6279 15
6278 1
6277 14
6276 18
6275 6
6274 8
6273 10
6272 13
6271 5
6270 20
6269 1
6268 16
6267 1
6266 15
6265 12
6264 11
6263 14
6262 2
6261 14
6260 13
6259 9
6258 18
6257 11
6256 19
6255 16
6254 17
6253 9
6252 12
6251 10
6250 16
6249 2
6248 16
6247 14
6246 16
6245 3
6244 8
6243 15
6242 3
6241 20
6240 19
6239 9
6238 13
6237 17
6236 11
6235 4
6234 7
6233 10
6232 4
6231 16
6230 10
6229 6
6228 18
6227 17
6226 18
6225 3
6224 11
6223 1
6222 11
6221 14
6220 14
6219 19
6218 10
6217 12
6216 6
6215 15
6214 14
6213 19
6212 20
6211 8
6210 13
6209 2
6208 13
6207 17
6206 13
6205 17
6204 2
6203 17
6202 12
6201 9
6200 13
6199 13
6198 3
6197 6
6196 11
6195 1
6194 12
6193 1
6192 3
6191 20
6190 3
6189 16
6188 2
6187 16
6186 7
6185 10
6184 7
6183 14
6182 2
6181 9
6180 19
6179 2
6178 15
6177 5
6176 9
6175 4
6174 17
6173 19
6172 11
6171 19
6170 17
6169 15
6168 5
6167 15
6166 13
6165 7
6164 4
6163 2
6162 11
6161 14
6160 4
6159 11
6158 9
6157 16
6156 7
6155 1
6154 14
6153 16
6152 4
6151 19
6150 6
6149 13
6148 12
6147 1
6146 16
6145 9
6144 16
6143 2
6142 6
6141 17
6140 16
6139 19
6138 3
6137 2
6136 9
6135 5
6134 16
6133 16
6132 18
6131 11
6130 4
6129 14
6128 6
6127 4
6126 16
6125 10
6124 5
6123 1
6122 12
6121 6
6120 8
6119 14
6118 9
6117 4
6116 7
6115 12
6114 9
6113 18
6112 2
6111 15
6110 10
6109 3
6108 5
6107 17
6106 9
6105 7
6104 9
6103 11
6102 16
6101 10
6100 3
6099 14
6098 2
6097 1
6096 20
6095 10
6094 6
6093 16
6092 9
6091 17
6090 20
6089 8
6088 6
6087 20
6086 15
6085 17
6084 4
6083 20
6082 6
6081 12
6080 6
6079 15
6078 6
6077 8
6076 5
6075 20
6074 8
6073 19
6072 9
6071 13
6070 1
6069 20
6068 10
6067 8
6066 10
6065 11
6064 16
6063 10
6062 18
6061 20
6060 1
6059 12
6058 3
6057 14
6056 9
6055 8
6054 20
6053 8
6052 4
6051 16
6050 18
6049 19
6048 5
6047 18
6046 19
6045 8
6044 15
6043 5
6042 20
6041 20
6040 5
6039 15
6038 3
6037 14
6036 16
6035 16
6034 7
6033 4
6032 8
6031 10
6030 12
6029 10
6028 7
6027 12
6026 16
6025 11
6024 6
6023 9
6022 4
6021 10
6020 6
6019 10
6018 17
6017 7
6016 20
6015 5
6014 11
6013 20
6012 2
6011 11
6010 20
6009 3
6008 12
6007 17
6006 6
6005 17
6004 15
6003 19
6002 9
6001 3
6000 1
5999 12
5998 8
5997 5
5996 3
5995 10
5994 8
5993 9
5992 13
5991 5
5990 8
5989 15
5988 14
5987 8
5986 20
5985 15
5984 4
5983 2
5982 12
5981 11
5980 15
5979 19
5978 20
5977 16
5976 7
5975 16
5974 18
5973 12
5972 5
5971 1
5970 6
5969 18
5968 3
5967 6
5966 14
5965 17
5964 7
5963 17
5962 10
5961 2
5960 5
5959 12
5958 10
5957 6
5956 17
5955 10
5954 15
5953 13
5952 8
5951 3
5950 20
5949 10
5948 12
5947 9
5946 17
5945 11
5944 10
5943 3
5942 3
5941 3
5940 13
5939 17
5938 12
5937 11
5936 5
5935 14
5934 2
5933 7
5932 9
5931 7
5930 19
5929 4
5928 12
5927 4
5926 11
5925 3
5924 18
5923 17
5922 5
5921 15
5920 10
5919 3
5918 13
5917 12
5916 16
5915 17
5914 15
5913 4
5912 9
5911 6
5910 1
5909 3
5908 20
5907 4
5906 3
5905 8
5904 16
5903 7
5902 20
5901 14
5900 4
5899 5
5898 6
5897 9
5896 12
5895 18
5894 7
5893 15
5892 9
5891 13
5890 6
5889 11
5888 8
5887 6
5886 17
5885 9
5884 11
5883 10
5882 1
5881 18
5880 4
5879 5
5878 12
5877 19
5876 12
5875 14
5874 8
5873 15
5872 17
5871 6
5870 4
5869 19
5868 1
5867 6
5866 12
5865 10
5864 14
5863 7
5862 10
5861 5
5860 6
5859 14
5858 4
5857 19
5856 8
5855 20
5854 6
5853 14
5852 6
5851 9
5850 7
5849 19
5848 14
5847 8
5846 5
5845 8
5844 12
5843 14
5842 18
5841 17
5840 13
5839 5
5838 10
5837 17
5836 7
5835 4
5834 20
5833 7
5832 9
5831 6
5830 4
5829 17
5828 6
5827 7
5826 12
5825 4
5824 6
5823 14
5822 18
5821 10
5820 4
5819 17
5818 15
5817 9
5816 12
5815 3
5814 2
5813 9
5812 8
5811 17
5810 14
5809 14
5808 3
5807 17
5806 15
5805 4
5804 6
5803 8
5802 11
5801 16
5800 3
5799 3
5798 2
5797 12
5796 12
5795 1
5794 12
5793 18
5792 16
5791 14
5790 11
5789 1
5788 5
5787 7
5786 10
5785 10
5784 10
5783 7
5782 4
5781 3
5780 9
5779 19
5778 20
5777 10
5776 18
5775 15
5774 9
5773 1
5772 2
5771 5
5770 1
5769 9
5768 6
5767 10
5766 2
5765 9
5764 4
5763 19
5762 12
5761 9
5760 8
5759 14
5758 4
5757 16
5756 17
5755 15
5754 15
5753 4
5752 12
5751 18
5750 16
5749 1
5748 18
5747 11
5746 19
5745 5
5744 9
5743 2
5742 17
5741 3
5740 8
5739 9
5738 9
5737 6
5736 15
5735 11
5734 5
5733 5
5732 19
5731 2
5730 7
5729 1
5728 11
5727 13
5726 9
5725 19
5724 9
5723 5
5722 11
5721 16
5720 13
5719 10
5718 20
5717 7
5716 3
5715 18
5714 15
5713 19
5712 9
5711 2
5710 11
5709 6
5708 2
5707 17
5706 7
5705 18
5704 10
5703 6
5702 8
5701 7
5700 7
5699 14
5698 18
5697 10
5696 13
5695 3
5694 1
5693 1
5692 12
5691 12
5690 17
5689 10
5688 18
5687 10
5686 13
5685 14
5684 4
5683 8
5682 17
5681 16
5680 5
5679 11
5678 15
5677 19
5676 3
5675 16
5674 20
5673 7
5672 14
5671 16
5670 1
5669 15
5668 11
5667 15
5666 16
5665 11
5664 14
5663 16
5662 2
5661 10
5660 10
5659 5
5658 2
5657 6
5656 11
5655 6
5654 4
5653 13
5652 18
5651 8
5650 9
5649 11
5648 11
5647 17
5646 18
5645 10
5644 8
5643 19
5642 16
5641 11
5640 17
5639 20
5638 14
5637 18
5636 8
5635 20
5634 14
5633 6
5632 1
5631 5
5630 19
5629 18
5628 12
5627 15
5626 9
5625 16
5624 4
5623 10
5622 7
5621 17
5620 20
5619 3
5618 10
5617 10
5616 17
5615 5
5614 14
5613 18
5612 19
5611 14
5610 6
5609 16
5608 13
5607 1
5606 1
5605 11
5604 16
5603 2
5602 20
5601 17
5600 12
5599 12
5598 4
5597 14
5596 17
5595 19
5594 12
5593 20
5592 16
5591 3
5590 20
5589 9
5588 11
5587 13
5586 20
5585 7
5584 1
5583 13
5582 8
5581 19
5580 3
5579 4
5578 19
5577 8
5576 3
5575 1
5574 16
5573 7
5572 2
5571 4
5570 13
5569 2
5568 13
5567 3
5566 13
5565 2
5564 5
5563 13
5562 19
5561 14
5560 1
5559 15
5558 9
5557 17
5556 5
5555 1
5554 17
5553 8
5552 4
5551 19
5550 13
5549 10
5548 12
5547 2
5546 18
5545 12
5544 7
5543 8
5542 17
5541 1
5540 6
5539 19
5538 1
5537 19
5536 4
5535 5
5534 2
5533 1
5532 12
5531 16
5530 19
5529 18
5528 5
5527 20
5526 8
5525 18
5524 12
5523 16
5522 6
5521 15
5520 5
5519 2
5518 11
5517 2
5516 15
5515 4
5514 7
5513 12
5512 12
5511 12
5510 14
5509 18
5508 20
5507 11
5506 17
5505 13
5504 3
5503 18
5502 10
5501 11
5500 7
5499 13
5498 15
5497 11
5496 13
5495 5
5494 15
5493 19
5492 15
5491 10
5490 18
5489 5
5488 3
5487 14
5486 20
5485 3
5484 18
5483 10
5482 8
5481 4
5480 3
5479 10
5478 17
5477 9
5476 5
5475 11
5474 8
5473 4
5472 16
5471 14
5470 11
5469 12
5468 9
5467 20
5466 20
5465 19
5464 16
5463 2
5462 12
5461 13
5460 11
5459 10
5458 14
5457 2
5456 5
5455 11
5454 6
5453 18
5452 8
5451 15
5450 14
5449 12
5448 4
5447 19
5446 20
5445 14
5444 12
5443 8
5442 20
5441 17
5440 16
5439 1
5438 8
5437 13
5436 10
5435 8
5434 6
5433 12
5432 8
5431 11
5430 6
5429 11
5428 6
5427 1
5426 5
5425 10
5424 8
5423 6
5422 3
5421 14
5420 6
5419 15
5418 16
5417 4
5416 11
5415 18
5414 2
5413 6
5412 10
5411 2
5410 2
5409 13
5408 7
5407 20
5406 2
5405 14
5404 7
5403 18
5402 16
5401 7
5400 7
5399 13
5398 20
5397 17
5396 2
5395 10
5394 16
5393 1
5392 20
5391 1
5390 9
5389 12
5388 10
5387 8
5386 20
5385 20
5384 12
5383 15
5382 14
5381 8
5380 17
5379 12
5378 4
5377 15
5376 13
5375 1
5374 3
5373 14
5372 15
5371 2
5370 19
5369 4
5368 18
5367 18
5366 20
5365 20
5364 3
5363 11
5362 2
5361 11
5360 20
5359 10
5358 2
5357 15
5356 11
5355 16
5354 14
5353 12
5352 14
5351 6
5350 18
5349 20
5348 19
5347 4
5346 14
5345 10
5344 6
5343 14
5342 20
5341 13
5340 6
5339 7
5338 14
5337 20
5336 1
5335 20
5334 1
5333 11
5332 15
5331 6
5330 5
5329 11
5328 10
5327 16
5326 8
5325 3
5324 5
5323 15
5322 3
5321 7
5320 11
5319 11
5318 17
5317 11
5316 7
5315 11
5314 7
5313 14
5312 17
5311 6
5310 5
5309 8
5308 16
5307 10
5306 10
5305 17
5304 16
5303 14
5302 18
5301 3
5300 8
5299 11
5298 9
5297 15
5296 12
5295 7
5294 13
5293 17
5292 12
5291 7
5290 10
5289 15
5288 13
5287 11
5286 2
5285 17
5284 6
5283 4
5282 4
5281 14
5280 15
5279 13
5278 10
5277 6
5276 14
5275 3
5274 2
5273 3
5272 2
5271 16
5270 5
5269 11
5268 13
5267 7
5266 11
5265 2
5264 15
5263 19
5262 8
5261 8
5260 13
5259 6
5258 20
5257 18
5256 20
5255 16
5254 19
5253 20
5252 10
5251 17
5250 4
5249 4
5248 20
5247 7
5246 7
5245 15
5244 11
5243 5
5242 14
5241 8
5240 12
5239 6
5238 13
5237 3
5236 18
5235 10
5234 7
5233 3
5232 14
5231 8
5230 1
5229 13
5228 7
5227 16
5226 13
5225 9
5224 14
5223 16
5222 11
5221 3
5220 2
5219 2
5218 20
5217 14
5216 19
5215 17
5214 4
5213 8
5212 7
5211 1
5210 12
5209 11
5208 18
5207 12
5206 2
5205 8
5204 4
5203 20
5202 16
5201 3
5200 3
5199 3
5198 3
5197 19
5196 19
5195 18
5194 16
5193 20
5192 5
5191 6
5190 10
5189 11
5188 15
5187 9
5186 19
5185 1
5184 2
5183 5
5182 14
5181 20
5180 15
5179 11
5178 1
5177 16
5176 12
5175 7
5174 4
5173 6
5172 18
5171 4
5170 6
5169 7
5168 20
5167 6
5166 16
5165 19
5164 15
5163 4
5162 9
5161 19
5160 10
5159 14
5158 8
5157 18
5156 2
5155 7
5154 18
5153 5
5152 19
5151 13
5150 19
5149 12
5148 9
5147 18
5146 20
5145 2
5144 1
5143 17
5142 7
5141 3
5140 20
5139 18
5138 10
5137 1
5136 14
5135 3
5134 15
5133 4
5132 17
5131 2
5130 1
5129 2
5128 1
5127 12
5126 5
5125 7
5124 12
5123 7
5122 4
5121 3
5120 7
5119 12
5118 8
5117 15
5116 16
5115 3
5114 11
5113 3
5112 6
5111 12
5110 11
5109 1
5108 19
5107 16
5106 4
5105 14
5104 9
5103 13
5102 8
5101 10
5100 9
5099 7
5098 20
5097 1
5096 6
5095 16
5094 5
5093 19
5092 1
5091 15
5090 18
5089 5
5088 10
5087 18
5086 18
5085 2
5084 17
5083 1
5082 18
5081 1
5080 8
5079 19
5078 12
5077 4
5076 10
5075 20
5074 3
5073 10
5072 5
5071 16
5070 11
5069 2
5068 17
5067 20
5066 5
5065 12
5064 4
5063 7
5062 4
5061 5
5060 3
5059 12
5058 15
5057 11
5056 11
5055 7
5054 3
5053 12
5052 2
5051 6
5050 2
5049 17
5048 4
5047 18
5046 18
5045 19
5044 17
5043 15
5042 20
5041 12
5040 13
5039 16
5038 3
5037 19
5036 19
5035 1
5034 13
5033 15
5032 12
5031 12
5030 2
5029 14
5028 20
5027 14
5026 12
5025 3
5024 7
5023 19
5022 4
5021 5
5020 5
5019 12
5018 6
5017 15
5016 1
5015 13
5014 5
5013 6
5012 12
5011 12
5010 18
5009 18
5008 10
5007 18
5006 14
5005 13
5004 6
5003 1
5002 11
5001 17
5000 10
4999 18
4998 19
4997 13
4996 3
4995 12
4994 1
4993 12
4992 14
4991 3
4990 18
4989 18
4988 5
4987 15
4986 7
4985 3
4984 5
4983 5
4982 9
4981 14
4980 8
4979 20
4978 2
4977 19
4976 8
4975 8
4974 15
4973 13
4972 6
4971 17
4970 16
4969 12
4968 2
4967 7
4966 19
4965 10
4964 8
4963 7
4962 5
4961 10
4960 12
4959 5
4958 19
4957 18
4956 7
4955 16
4954 13
4953 9
4952 6
4951 4
4950 6
4949 2
4948 16
4947 19
4946 3
4945 6
4944 15
4943 12
4942 2
4941 14
4940 20
4939 12
4938 7
4937 14
4936 4
4935 14
4934 6
4933 2
4932 16
4931 11
4930 8
4929 16
4928 13
4927 11
4926 1
4925 1
4924 5
4923 19
4922 3
4921 13
4920 17
4919 12
4918 8
4917 10
4916 12
4915 12
4914 14
4913 17
4912 15
4911 17
4910 7
4909 9
4908 3
4907 11
4906 1
4905 17
4904 7
4903 16
4902 8
4901 8
4900 5
4899 7
4898 19
4897 4
4896 4
4895 20
4894 10
4893 8
4892 14
4891 4
4890 6
4889 19
4888 1
4887 8
4886 7
4885 15
4884 4
4883 17
4882 6
4881 2
4880 11
4879 15
4878 6
4877 13
4876 7
4875 2
4874 17
4873 15
4872 16
4871 11
4870 5
4869 5
4868 2
4867 8
4866 10
4865 4
4864 19
4863 8
4862 4
4861 15
4860 10
4859 14
4858 17
4857 15
4856 5
4855 12
4854 19
4853 17
4852 9
4851 7
4850 8
4849 7
4848 4
4847 18
4846 7
4845 3
4844 16
4843 1
4842 20
4841 1
4840 11
4839 1
4838 10
4837 12
4836 12
4835 17
4834 20
4833 5
4832 8
4831 20
4830 6
4829 20
4828 14
4827 6
4826 16
4825 16
4824 8
4823 4
4822 9
4821 14
4820 14
4819 13
4818 11
4817 14
4816 10
4815 15
4814 11
4813 10
4812 3
4811 15
4810 10
4809 11
4808 16
4807 17
4806 9
4805 10
4804 17
4803 19
4802 10
4801 11
4800 19
4799 6
4798 3
4797 6
4796 13
4795 7
4794 4
4793 12
4792 11
4791 5
4790 15
4789 8
4788 12
4787 13
4786 12
4785 4
4784 20
4783 8
4782 20
4781 18
4780 3
4779 17
4778 17
4777 9
4776 2
4775 7
4774 19
4773 13
4772 12
4771 10
4770 11
4769 18
4768 2
4767 8
4766 17
4765 18
4764 11
4763 10
4762 5
4761 1
4760 10
4759 5
4758 6
4757 3
4756 17
4755 3
4754 7
4753 5
4752 12
4751 15
4750 15
4749 16
4748 8
4747 6
4746 8
4745 11
4744 11
4743 11
4742 12
4741 4
4740 9
4739 14
4738 4
4737 6
4736 15
4735 12
4734 7
4733 10
4732 8
4731 7
4730 10
4729 8
4728 1
4727 2
4726 19
4725 2
4724 3
4723 9
4722 11
4721 13
4720 16
4719 11
4718 16
4717 11
4716 3
4715 11
4714 17
4713 13
4712 9
4711 1
4710 1
4709 4
4708 20
4707 2
4706 12
4705 7
4704 15
4703 4
4702 20
4701 6
4700 1
4699 5
4698 8
4697 18
4696 19
4695 3
4694 4
4693 9
4692 9
4691 13
4690 12
4689 12
4688 13
4687 12
4686 7
4685 16
4684 11
4683 12
4682 4
4681 2
4680 4
4679 17
4678 4
4677 15
4676 14
4675 7
4674 20
4673 13
4672 10
4671 19
4670 10
4669 12
4668 13
4667 18
4666 18
4665 1
4664 17
4663 19
4662 10
4661 17
4660 12
4659 19
4658 15
4657 13
4656 11
4655 10
4654 13
4653 18
4652 8
4651 5
4650 6
4649 20
4648 18
4647 8
4646 15
4645 17
4644 18
4643 16
4642 3
4641 20
4640 16
4639 5
4638 16
4637 19
4636 16
4635 3
4634 1
4633 10
4632 11
4631 17
4630 10
4629 1
4628 10
4627 17
4626 4
4625 14
4624 17
4623 13
4622 16
4621 9
4620 7
4619 13
4618 11
4617 1
4616 5
4615 8
4614 4
4613 9
4612 17
4611 18
4610 2
4609 11
4608 12
4607 3
4606 18
4605 16
4604 7
4603 19
4602 17
4601 5
4600 5
4599 10
4598 14
4597 6
4596 14
4595 12
4594 2
4593 2
4592 17
4591 13
4590 17
4589 18
4588 6
4587 12
4586 10
4585 19
4584 3
4583 3
4582 1
4581 19
4580 9
4579 5
4578 16
4577 8
4576 11
4575 15
4574 11
4573 9
4572 17
4571 20
4570 20
4569 18
4568 11
4567 7
4566 16
4565 11
4564 5
4563 15
4562 13
4561 20
4560 5
4559 11
4558 5
4557 4
4556 15
4555 20
4554 4
4553 16
4552 14
4551 8
4550 16
4549 20
4548 4
4547 1
4546 6
4545 1
4544 2
4543 3
4542 9
4541 2
4540 2
4539 3
4538 17
4537 12
4536 8
4535 17
4534 6
4533 4
4532 12
4531 4
4530 3
4529 5
4528 14
4527 10
4526 14
4525 8
4524 6
4523 7
4522 8
4521 9
4520 10
4519 20
4518 19
4517 3
4516 10
4515 9
4514 20
4513 3
4512 6
4511 10
4510 11
4509 13
4508 14
4507 7
4506 2
4505 13
4504 17
4503 19
4502 10
4501 18
4500 20
4499 8
4498 1
4497 10
4496 15
4495 6
4494 13
4493 5
4492 1
4491 18
4490 19
4489 18
4488 9
4487 13
4486 8
4485 8
4484 5
4483 1
4482 5
4481 7
4480 14
4479 12
4478 17
4477 5
4476 18
4475 5
4474 19
4473 12
4472 14
4471 5
4470 18
4469 16
4468 16
4467 3
4466 6
4465 17
4464 6
4463 7
4462 7
4461 3
4460 6
4459 4
4458 4
4457 3
4456 5
4455 4
4454 9
4453 12
4452 11
4451 15
4450 9
4449 3
4448 4
4447 13
4446 3
4445 7
4444 5
4443 9
4442 5
4441 8
4440 7
4439 3
4438 16
4437 15
4436 17
4435 4
4434 3
4433 3
4432 1
4431 5
4430 6
4429 7
4428 16
4427 2
4426 4
4425 8
4424 15
4423 6
4422 16
4421 6
4420 15
4419 5
4418 13
4417 8
4416 1
4415 13
4414 13
4413 5
4412 3
4411 18
4410 20
4409 2
4408 3
4407 9
4406 19
4405 18
4404 18
4403 4
4402 19
4401 8
4400 17
4399 8
4398 20
4397 20
4396 4
4395 20
4394 14
4393 13
4392 19
4391 10
4390 3
4389 11
4388 13
4387 16
4386 17
4385 6
4384 5
4383 17
4382 11
4381 19
4380 13
4379 1
4378 7
4377 7
4376 7
4375 11
4374 14
4373 9
4372 15
4371 11
4370 19
4369 4
4368 2
4367 5
4366 19
4365 11
4364 4
4363 5
4362 11
4361 10
4360 5
4359 16
4358 1
4357 18
4356 10
4355 19
4354 16
4353 4
4352 16
4351 19
4350 5
4349 16
4348 6
4347 6
4346 15
4345 17
4344 7
4343 10
4342 19
4341 17
4340 12
4339 16
4338 18
4337 10
4336 12
4335 7
4334 9
4333 3
4332 2
4331 14
4330 18
4329 14
4328 20
4327 16
4326 17
4325 20
4324 5
4323 3
4322 18
4321 8
4320 9
4319 17
4318 3
4317 8
4316 2
4315 12
4314 3
4313 13
4312 15
4311 16
4310 17
4309 17
4308 13
4307 20
4306 14
4305 4
4304 14
4303 5
4302 1
4301 4
4300 17
4299 11
4298 4
4297 3
4296 17
4295 6
4294 1
4293 8
4292 10
4291 12
4290 9
4289 17
4288 18
4287 18
4286 14
4285 12
4284 17
4283 4
4282 7
4281 7
4280 3
4279 3
4278 3
4277 2
4276 11
4275 14
4274 11
4273 17
4272 9
4271 13
4270 6
4269 19
4268 18
4267 19
4266 17
4265 7
4264 12
4263 3
4262 12
4261 14
4260 9
4259 5
4258 6
4257 6
4256 9
4255 6
4254 4
4253 7
4252 20
4251 18
4250 13
4249 19
4248 2
4247 18
4246 3
4245 7
4244 17
4243 7
4242 2
4241 20
4240 17
4239 3
4238 18
4237 20
4236 4
4235 15
4234 16
4233 4
4232 17
4231 9
4230 18
4229 11
4228 11
4227 11
4226 11
4225 9
4224 3
4223 17
4222 6
4221 1
4220 10
4219 5
4218 14
4217 9
4216 9
4215 13
4214 16
4213 12
4212 8
4211 7
4210 11
4209 19
4208 6
4207 9
4206 20
4205 17
4204 15
4203 14
4202 1
4201 4
4200 3
4199 18
4198 7
4197 2
4196 15
4195 14
4194 8
4193 12
4192 15
4191 20
4190 16
4189 15
4188 3
4187 2
4186 9
4185 20
4184 20
4183 13
4182 10
4181 10
4180 10
4179 14
4178 5
4177 8
4176 7
4175 4
4174 3
4173 20
4172 15
4171 6
4170 9
4169 8
4168 8
4167 1
4166 6
4165 16
4164 14
4163 1
4162 8
4161 8
4160 11
4159 1
4158 10
4157 16
4156 12
4155 1
4154 19
4153 18
4152 15
4151 20
4150 13
4149 13
4148 5
4147 15
4146 12
4145 8
4144 14
4143 5
4142 5
4141 9
4140 5
4139 1
4138 16
4137 20
4136 6
4135 10
4134 9
4133 20
4132 6
4131 9
4130 20
4129 14
4128 9
4127 10
4126 9
4125 9
4124 15
4123 1
4122 11
4121 14
4120 9
4119 8
4118 9
4117 11
4116 1
4115 15
4114 9
4113 15
4112 5
4111 11
4110 1
4109 3
4108 16
4107 7
4106 9
4105 20
4104 14
4103 17
4102 11
4101 6
4100 17
4099 18
4098 20
4097 16
4096 2
4095 14
4094 15
4093 13
4092 15
4091 19
4090 10
4089 15
4088 4
4087 8
4086 6
4085 6
4084 12
4083 13
4082 16
4081 9
4080 4
4079 2
4078 15
4077 6
4076 12
4075 2
4074 8
4073 4
4072 15
4071 6
4070 8
4069 15
4068 6
4067 11
4066 15
4065 3
4064 17
4063 13
4062 9
4061 17
4060 13
4059 10
4058 15
4057 18
4056 6
4055 4
4054 16
4053 10
4052 12
4051 18
4050 16
4049 10
4048 1
4047 6
4046 15
4045 3
4044 14
4043 7
4042 19
4041 16
4040 3
4039 18
4038 4
4037 14
4036 14
4035 5
4034 1
4033 7
4032 12
4031 3
4030 12
4029 7
4028 19
4027 16
4026 8
4025 4
4024 11
4023 4
4022 11
4021 2
4020 12
4019 14
4018 14
4017 18
4016 14
4015 19
4014 5
4013 17
4012 4
4011 17
4010 3
4009 20
4008 20
4007 12
4006 15
4005 16
4004 19
4003 4
4002 11
4001 3
4000 5
3999 8
3998 10
3997 6
3996 11
3995 18
3994 17
3993 19
3992 13
3991 4
3990 19
3989 6
3988 4
3987 20
3986 5
3985 1
3984 9
3983 14
3982 1
3981 8
3980 16
3979 2
3978 18
3977 11
3976 7
3975 19
3974 9
3973 4
3972 19
3971 7
3970 12
3969 17
3968 13
3967 5
3966 1
3965 11
3964 12
3963 3
3962 19
3961 4
3960 10
3959 20
3958 12
3957 11
3956 9
3955 5
3954 18
3953 11
3952 16
3951 13
3950 11
3949 1
3948 6
3947 11
3946 4
3945 11
3944 12
3943 1
3942 10
3941 14
3940 2
3939 3
3938 1
3937 4
3936 12
3935 17
3934 11
3933 1
3932 3
3931 13
3930 14
3929 19
3928 12
3927 1
3926 10
3925 12
3924 10
3923 17
3922 4
3921 19
3920 15
3919 14
3918 15
3917 16
3916 4
3915 20
3914 20
3913 18
3912 6
3911 5
3910 3
3909 11
3908 10
3907 7
3906 6
3905 15
3904 6
3903 7
3902 18
3901 13
3900 6
3899 1
3898 17
3897 16
3896 13
3895 10
3894 1
3893 5
3892 15
3891 20
3890 16
3889 11
3888 8
3887 20
3886 5
3885 11
3884 4
3883 4
3882 19
3881 18
3880 7
3879 4
3878 2
3877 14
3876 9
3875 12
3874 18
3873 4
3872 14
3871 5
3870 12
3869 17
3868 4
3867 18
3866 16
3865 2
3864 9
3863 2
3862 1
3861 15
3860 5
3859 17
3858 17
3857 1
3856 5
3855 19
3854 13
3853 17
3852 13
3851 20
3850 5
3849 1
3848 17
3847 12
3846 4
3845 16
3844 14
3843 14
3842 6
3841 1
3840 17
3839 7
3838 7
3837 4
3836 5
3835 18
3834 16
3833 11
3832 6
3831 12
3830 18
3829 6
3828 14
3827 16
3826 8
3825 6
3824 11
3823 15
3822 3
3821 11
3820 20
3819 11
3818 8
3817 8
3816 9
3815 11
3814 17
3813 8
3812 6
3811 9
3810 1
3809 3
3808 15
3807 7
3806 1
3805 7
3804 2
3803 14
3802 9
3801 10
3800 10
3799 5
3798 13
3797 20
3796 13
3795 7
3794 16
3793 14
3792 6
3791 20
3790 15
3789 3
3788 16
3787 6
3786 7
3785 11
3784 18
3783 12
3782 5
3781 10
3780 15
3779 4
3778 15
3777 6
3776 8
3775 6
3774 4
3773 1
3772 10
3771 9
3770 10
3769 6
3768 14
3767 14
3766 4
3765 15
3764 7
3763 8
3762 2
3761 10
3760 18
3759 15
3758 9
3757 5
3756 9
3755 5
3754 20
3753 10
3752 6
3751 19
3750 1
3749 11
3748 19
3747 20
3746 1
3745 18
3744 4
3743 17
3742 11
3741 15
3740 1
3739 17
3738 4
3737 9
3736 14
3735 20
3734 8
3733 11
3732 9
3731 19
3730 10
3729 12
3728 14
3727 15
3726 17
3725 19
3724 3
3723 20
3722 15
3721 17
3720 3
3719 4
3718 11
3717 18
3716 14
3715 8
3714 19
3713 11
3712 18
3711 19
3710 9
3709 4
3708 7
3707 15
3706 14
3705 17
3704 14
3703 1
3702 5
3701 7
3700 12
3699 2
3698 19
3697 8
3696 3
3695 15
3694 15
3693 19
3692 15
3691 6
3690 13
3689 16
3688 10
3687 3
3686 16
3685 16
3684 10
3683 18
3682 12
3681 1
3680 3
3679 7
3678 12
3677 4
3676 1
3675 14
3674 17
3673 7
3672 1
3671 7
3670 20
3669 19
3668 12
3667 15
3666 1
3665 20
3664 13
3663 13
3662 20
3661 5
3660 3
3659 3
3658 14
3657 6
3656 19
3655 20
3654 9
3653 12
3652 13
3651 15
3650 13
3649 8
3648 3
3647 11
3646 7
3645 4
3644 6
3643 11
3642 20
3641 15
3640 12
3639 17
3638 19
3637 4
3636 3
3635 10
3634 9
3633 3
3632 12
3631 20
3630 10
3629 8
3628 14
3627 5
3626 17
3625 13
3624 6
3623 8
3622 4
3621 18
3620 18
3619 18
3618 14
3617 8
3616 10
3615 11
3614 5
3613 15
3612 18
3611 18
3610 20
3609 17
3608 15
3607 3
3606 4
3605 17
3604 19
3603 9
3602 7
3601 9
3600 20
3599 13
3598 18
3597 8
3596 9
3595 10
3594 14
3593 15
3592 10
3591 5
3590 18
3589 15
3588 1
3587 1
3586 17
3585 16
3584 15
3583 17
3582 4
3581 6
3580 2
3579 3
3578 16
3577 1
3576 2
3575 1
3574 1
3573 7
3572 11
3571 18
3570 6
3569 17
3568 12
3567 14
3566 16
3565 10
3564 14
3563 7
3562 15
3561 18
3560 16
3559 17
3558 16
3557 15
3556 19
3555 1
3554 17
3553 14
3552 11
3551 15
3550 3
3549 16
3548 17
3547 17
3546 5
3545 3
3544 1
3543 12
3542 4
3541 1
3540 19
3539 9
3538 11
3537 13
3536 1
3535 5
3534 13
3533 9
3532 4
3531 3
3530 5
3529 20
3528 8
3527 11
3526 16
3525 16
3524 15
3523 13
3522 8
3521 20
3520 18
3519 19
3518 10
3517 1
3516 7
3515 20
3514 7
3513 15
3512 19
3511 18
3510 7
3509 7
3508 20
3507 3
3506 17
3505 15
3504 11
3503 5
3502 7
3501 14
3500 11
3499 11
3498 14
3497 10
3496 10
3495 20
3494 4
3493 4
3492 5
3491 18
3490 14
3489 11
3488 16
3487 19
3486 17
3485 10
3484 4
3483 18
3482 17
3481 8
3480 1
3479 1
3478 16
3477 14
3476 9
3475 12
3474 12
3473 16
3472 2
3471 17
3470 16
3469 12
3468 20
3467 3
3466 18
3465 4
3464 9
3463 14
3462 15
3461 15
3460 10
3459 20
3458 16
3457 20
3456 1
3455 10
3454 16
3453 2
3452 9
3451 13
3450 15
3449 12
3448 11
3447 8
3446 9
3445 5
3444 18
3443 8
3442 6
3441 20
3440 17
3439 12
3438 14
3437 8
3436 17
3435 10
3434 20
3433 2
3432 7
3431 18
3430 8
3429 12
3428 9
3427 7
3426 6
3425 17
3424 20
3423 20
3422 7
3421 6
3420 1
3419 10
3418 2
3417 5
3416 1
3415 7
3414 20
3413 1
3412 11
3411 2
3410 20
3409 11
3408 2
3407 11
3406 15
3405 4
3404 1
3403 9
3402 9
3401 8
3400 2
3399 17
3398 9
3397 19
3396 10
3395 2
3394 3
3393 19
3392 14
3391 14
3390 18
3389 13
3388 12
3387 20
3386 2
3385 17
3384 18
3383 18
3382 7
3381 13
3380 5
3379 19
3378 17
3377 13
3376 7
3375 7
3374 17
3373 19
3372 9
3371 20
3370 20
3369 6
3368 19
3367 14
3366 16
3365 9
3364 1
3363 17
3362 3
3361 18
3360 15
3359 6
3358 13
3357 20
3356 7
3355 8
3354 2
3353 14
3352 11
3351 10
3350 12
3349 5
3348 15
3347 7
3346 11
3345 6
3344 4
3343 5
3342 18
3341 2
3340 11
3339 2
3338 18
3337 16
3336 9
3335 5
3334 3
3333 17
3332 7
3331 18
3330 19
3329 6
3328 19
3327 2
3326 16
3325 1
3324 5
3323 2
3322 10
3321 1
3320 8
3319 17
3318 18
3317 18
3316 1
3315 9
3314 10
3313 6
3312 11
3311 3
3310 16
3309 15
3308 2
3307 20
3306 11
3305 13
3304 2
3303 14
3302 1
3301 15
3300 19
3299 15
3298 15
3297 18
3296 9
3295 12
3294 15
3293 11
3292 14
3291 1
3290 19
3289 2
3288 17
3287 13
3286 17
3285 19
3284 8
3283 18
3282 7
3281 17
3280 18
3279 15
3278 17
3277 14
3276 18
3275 2
3274 9
3273 15
3272 4
3271 1
3270 6
3269 12
3268 1
3267 8
3266 14
3265 4
3264 11
3263 18
3262 2
3261 11
3260 14
3259 10
3258 13
3257 1
3256 14
3255 9
3254 16
3253 1
3252 18
3251 1
3250 1
3249 6
3248 15
3247 20
3246 12
3245 10
3244 15
3243 15
3242 7
3241 12
3240 8
3239 14
3238 1
3237 8
3236 9
3235 7
3234 17
3233 19
3232 7
3231 15
3230 9
3229 3
3228 14
3227 5
3226 11
3225 18
3224 14
3223 9
3222 9
3221 11
3220 18
3219 15
3218 17
3217 7
3216 15
3215 2
3214 8
3213 15
3212 14
3211 20
3210 11
3209 14
3208 2
3207 18
3206 8
3205 9
3204 8
3203 6
3202 7
3201 14
3200 9
3199 12
3198 1
3197 7
3196 13
3195 1
3194 14
3193 5
3192 2
3191 13
3190 15
3189 13
3188 17
3187 12
3186 11
3185 10
3184 5
3183 14
3182 11
3181 2
3180 6
3179 9
3178 17
3177 11
3176 17
3175 16
3174 10
3173 14
3172 9
3171 9
3170 9
3169 6
3168 11
3167 7
3166 12
3165 18
3164 11
3163 15
3162 5
3161 14
3160 10
3159 17
3158 14
3157 4
3156 13
3155 20
3154 10
3153 5
3152 8
3151 10
3150 12
3149 14
3148 4
3147 9
3146 18
3145 12
3144 18
3143 12
3142 7
3141 8
3140 8
3139 10
3138 10
3137 8
3136 15
3135 18
3134 3
3133 20
3132 9
3131 2
3130 9
3129 4
3128 18
3127 2
3126 18
3125 4
3124 17
3123 18
3122 6
3121 14
3120 7
3119 12
3118 2
3117 15
3116 14
3115 5
3114 2
3113 1
3112 13
3111 14
3110 15
3109 5
3108 10
3107 11
3106 3
3105 18
3104 11
3103 3
3102 10
3101 6
3100 1
3099 16
3098 17
3097 17
3096 5
3095 6
3094 7
3093 19
3092 13
3091 3
3090 20
3089 10
3088 3
3087 15
3086 7
3085 18
3084 6
3083 1
3082 8
3081 14
3080 10
3079 6
3078 6
3077 5
3076 6
3075 12
3074 19
3073 9
3072 17
3071 16
3070 2
3069 7
3068 18
3067 15
3066 2
3065 11
3064 9
3063 15
3062 9
3061 3
3060 13
3059 6
3058 12
3057 9
3056 4
3055 7
3054 14
3053 14
3052 20
3051 12
3050 5
3049 15
3048 17
3047 8
3046 4
3045 14
3044 12
3043 19
3042 15
3041 9
3040 1
3039 8
3038 1
3037 3
3036 17
3035 3
3034 16
3033 16
3032 12
3031 4
3030 4
3029 8
3028 2
3027 8
3026 9
3025 7
3024 5
3023 20
3022 7
3021 16
3020 6
3019 3
3018 16
3017 8
3016 5
3015 5
3014 13
3013 6
3012 20
3011 2
3010 14
3009 2
3008 1
3007 19
3006 16
3005 19
3004 4
3003 5
3002 14
3001 6
3000 7
2999 1
2998 20
2997 9
2996 15
2995 9
2994 4
2993 8
2992 8
2991 14
2990 10
2989 7
2988 6
2987 9
2986 6
2985 5
2984 8
2983 11
2982 9
2981 5
2980 3
2979 5
2978 13
2977 16
2976 19
2975 18
2974 20
2973 3
2972 1
2971 13
2970 16
2969 6
2968 9
2967 6
2966 5
2965 10
2964 5
2963 12
2962 12
2961 4
2960 11
2959 1
2958 11
2957 4
2956 11
2955 8
2954 2
2953 1
2952 16
2951 8
2950 4
2949 18
2948 12
2947 5
2946 16
2945 6
2944 12
2943 15
2942 7
2941 9
2940 15
2939 11
2938 11
2937 16
2936 12
2935 4
2934 11
2933 12
2932 10
2931 3
2930 18
2929 6
2928 19
2927 2
2926 14
2925 2
2924 17
2923 17
2922 8
2921 2
2920 17
2919 3
2918 18
2917 17
2916 11
2915 2
2914 2
2913 14
2912 12
2911 4
2910 7
2909 19
2908 15
2907 6
2906 3
2905 16
2904 18
2903 17
2902 14
2901 18
2900 4
2899 7
2898 9
2897 12
2896 16
2895 8
2894 19
2893 17
2892 13
2891 15
2890 14
2889 6
2888 9
2887 16
2886 7
2885 7
2884 17
2883 16
2882 3
2881 6
2880 11
2879 12
2878 14
2877 9
2876 11
2875 11
2874 7
2873 6
2872 20
2871 3
2870 10
2869 4
2868 2
2867 11
2866 6
2865 4
2864 1
2863 14
2862 2
2861 14
2860 6
2859 20
2858 6
2857 6
2856 14
2855 20
2854 7
2853 8
2852 17
2851 18
2850 20
2849 8
2848 16
2847 7
2846 2
2845 14
2844 6
2843 1
2842 3
2841 10
2840 5
2839 1
2838 19
2837 11
2836 5
2835 1
2834 12
2833 12
2832 12
2831 19
2830 15
2829 4
2828 12
2827 9
2826 8
2825 7
2824 6
2823 13
2822 14
2821 18
2820 19
2819 1
2818 13
2817 6
2816 20
2815 17
2814 1
2813 10
2812 16
2811 18
2810 8
2809 3
2808 15
2807 15
2806 1
2805 7
2804 8
2803 17
2802 12
2801 6
2800 11
2799 12
2798 14
2797 3
2796 19
2795 9
2794 17
2793 3
2792 6
2791 1
2790 5
2789 15
2788 15
2787 13
2786 1
2785 17
2784 19
2783 6
2782 1
2781 18
2780 6
2779 11
2778 10
2777 15
2776 4
2775 5
2774 13
2773 2
2772 15
2771 5
2770 13
2769 7
2768 15
2767 10
2766 19
2765 8
2764 12
2763 2
2762 4
2761 11
2760 17
2759 3
2758 14
2757 7
2756 14
2755 13
2754 1
2753 2
2752 17
2751 14
2750 5
2749 5
2748 15
2747 15
2746 4
2745 9
2744 9
2743 16
2742 1
2741 10
2740 2
2739 7
2738 20
2737 19
2736 15
2735 6
2734 14
2733 19
2732 14
2731 5
2730 6
2729 15
2728 6
2727 10
2726 18
2725 8
2724 3
2723 6
2722 8
2721 11
2720 2
2719 14
2718 8
2717 4
2716 11
2715 8
2714 19
2713 12
2712 10
2711 2
2710 14
2709 7
2708 10
2707 3
2706 17
2705 14
2704 17
2703 10
2702 3
2701 11
2700 6
2699 1
2698 7
2697 3
2696 20
2695 1
2694 5
2693 9
2692 10
2691 19
2690 7
2689 9
2688 17
2687 13
2686 4
2685 6
2684 10
2683 3
2682 6
2681 9
2680 19
2679 13
2678 20
2677 12
2676 10
2675 11
2674 11
2673 16
2672 15
2671 12
2670 19
2669 4
2668 10
2667 20
2666 10
2665 14
2664 16
2663 9
2662 4
2661 19
2660 20
2659 5
2658 5
2657 3
2656 15
2655 7
2654 20
2653 11
2652 1
2651 7
2650 14
2649 1
2648 3
2647 11
2646 12
2645 9
2644 18
2643 1
2642 18
2641 5
2640 10
2639 19
2638 20
2637 14
2636 20
2635 15
2634 19
2633 18
2632 18
2631 11
2630 9
2629 12
2628 20
2627 12
2626 19
2625 19
2624 12
2623 8
2622 3
2621 16
2620 11
2619 5
2618 14
2617 18
2616 8
2615 14
2614 4
2613 11
2612 6
2611 5
2610 19
2609 1
2608 6
2607 19
2606 3
2605 10
2604 15
2603 1
2602 19
2601 10
2600 5
2599 16
2598 1
2597 8
2596 14
2595 3
2594 20
2593 16
2592 8
2591 20
2590 3
2589 20
2588 4
2587 17
2586 3
2585 5
2584 16
2583 14
2582 10
2581 1
2580 3
2579 1
2578 2
2577 19
2576 10
2575 4
2574 8
2573 12
2572 16
2571 7
2570 6
2569 9
2568 11
2567 2
2566 17
2565 2
2564 6
2563 16
2562 9
2561 9
2560 14
2559 7
2558 19
2557 16
2556 17
2555 14
2554 16
2553 6
2552 19
2551 13
2550 4
2549 8
2548 16
2547 15
2546 14
2545 1
2544 16
2543 19
2542 4
2541 15
2540 1
2539 9
2538 15
2537 13
2536 2
2535 11
2534 19
2533 6
2532 13
2531 12
2530 13
2529 4
2528 3
2527 14
2526 15
2525 7
2524 17
2523 10
2522 2
2521 16
2520 3
2519 16
2518 16
2517 19
2516 13
2515 7
2514 16
2513 13
2512 14
2511 3
2510 13
2509 19
2508 4
2507 10
2506 2
2505 12
2504 7
2503 14
2502 17
2501 13
2500 14
2499 18
2498 13
2497 15
2496 7
2495 19
2494 11
2493 9
2492 16
2491 18
2490 5
2489 13
2488 6
2487 16
2486 12
2485 10
2484 15
2483 11
2482 7
2481 17
2480 9
2479 11
2478 16
2477 12
2476 1
2475 16
2474 5
2473 11
2472 10
2471 15
2470 13
2469 2
2468 17
2467 8
2466 13
2465 4
2464 18
2463 12
2462 7
2461 3
2460 14
2459 1
2458 3
2457 4
2456 9
2455 20
2454 10
2453 10
2452 9
2451 12
2450 15
2449 19
2448 8
2447 17
2446 6
2445 11
2444 2
2443 16
2442 17
2441 6
2440 14
2439 3
2438 9
2437 13
2436 11
2435 15
2434 16
2433 9
2432 12
2431 20
2430 15
2429 8
2428 8
2427 9
2426 7
2425 20
2424 4
2423 12
2422 12
2421 10
2420 7
2419 9
2418 10
2417 8
2416 1
2415 4
2414 1
2413 12
2412 1
2411 9
2410 9
2409 9
2408 12
2407 20
2406 20
2405 3
2404 10
2403 2
2402 14
2401 15
2400 16
2399 19
2398 15
2397 17
2396 9
2395 14
2394 19
2393 3
2392 3
2391 8
2390 4
2389 19
2388 9
2387 4
2386 2
2385 16
2384 10
2383 16
2382 15
2381 6
2380 1
2379 1
2378 18
2377 16
2376 20
2375 4
2374 13
2373 12
2372 12
2371 2
2370 4
2369 10
2368 19
2367 6
2366 7
2365 17
2364 1
2363 2
2362 11
2361 15
2360 9
2359 12
2358 4
2357 20
2356 8
2355 14
2354 19
2353 7
2352 16
2351 14
2350 2
2349 1
2348 11
2347 20
2346 15
2345 7
2344 6
2343 2
2342 18
2341 2
2340 5
2339 7
2338 6
2337 10
2336 9
2335 15
2334 19
2333 12
2332 13
2331 15
2330 13
2329 10
2328 12
2327 12
2326 2
2325 13
2324 11
2323 3
2322 2
2321 1
2320 19
2319 4
2318 4
2317 14
2316 13
2315 4
2314 10
2313 18
2312 18
2311 10
2310 2
2309 7
2308 3
2307 8
2306 11
2305 3
2304 18
2303 20
2302 7
2301 3
2300 16
2299 13
2298 2
2297 18
2296 2
2295 9
2294 1
2293 3
2292 18
2291 2
2290 10
2289 14
2288 14
2287 12
2286 15
2285 12
2284 5
2283 19
2282 3
2281 4
2280 11
2279 4
2278 20
2277 11
2276 20
2275 18
2274 11
2273 12
2272 9
2271 20
2270 15
2269 9
2268 18
2267 14
2266 12
2265 16
2264 3
2263 1
2262 1
2261 1
2260 18
2259 20
2258 20
2257 9
2256 15
2255 17
2254 5
2253 15
2252 6
2251 17
2250 3
2249 19
2248 2
2247 12
2246 6
2245 17
2244 4
2243 1
2242 4
2241 19
2240 3
2239 7
2238 11
2237 19
2236 15
2235 12
2234 19
2233 16
2232 9
2231 14
2230 9
2229 12
2228 10
2227 20
2226 15
2225 8
2224 12
2223 15
2222 1
2221 8
2220 13
2219 4
2218 9
2217 5
2216 3
2215 10
2214 15
2213 17
2212 13
2211 12
2210 15
2209 19
2208 17
2207 5
2206 19
2205 20
2204 12
2203 7
2202 2
2201 14
2200 18
2199 15
2198 15
2197 11
2196 6
2195 12
2194 8
2193 18
2192 2
2191 18
2190 6
2189 2
2188 5
2187 14
2186 6
2185 12
2184 6
2183 15
2182 19
2181 12
2180 13
2179 16
2178 11
2177 3
2176 4
2175 6
2174 19
2173 17
2172 16
2171 1
2170 10
2169 2
2168 15
2167 8
2166 18
2165 6
2164 6
2163 13
2162 19
2161 18
2160 9
2159 18
2158 6
2157 18
2156 14
2155 15
2154 14
2153 2
2152 3
2151 14
2150 9
2149 13
2148 15
2147 13
2146 1
2145 1
2144 11
2143 10
2142 7
2141 5
2140 11
2139 16
2138 18
2137 19
2136 8
2135 2
2134 14
2133 10
2132 3
2131 14
2130 3
2129 17
2128 4
2127 4
2126 8
2125 19
2124 8
2123 20
2122 20
2121 12
2120 9
2119 19
2118 3
2117 17
2116 11
2115 2
2114 16
2113 11
2112 20
2111 6
2110 4
2109 8
2108 6
2107 8
2106 7
2105 3
2104 13
2103 3
2102 19
2101 15
2100 8
2099 17
2098 4
2097 20
2096 8
2095 7
2094 4
2093 1
2092 4
2091 13
2090 8
2089 6
2088 17
2087 10
2086 12
2085 19
2084 6
2083 4
2082 9
2081 18
2080 9
2079 1
2078 16
2077 15
2076 19
2075 6
2074 12
2073 20
2072 10
2071 5
2070 13
2069 11
2068 17
2067 7
2066 11
2065 1
2064 9
2063 10
2062 13
2061 1
2060 9
2059 14
2058 7
2057 4
2056 19
2055 3
2054 16
2053 3
2052 3
2051 11
2050 3
2049 2
2048 3
2047 18
2046 12
2045 1
2044 1
2043 10
2042 10
2041 4
2040 10
2039 7
2038 4
2037 20
2036 15
2035 3
2034 20
2033 13
2032 7
2031 11
2030 13
2029 11
2028 19
2027 14
2026 17
2025 10
2024 19
2023 6
2022 3
2021 14
2020 2
2019 14
2018 12
2017 11
2016 13
2015 11
2014 1
2013 2
2012 9
2011 4
2010 9
2009 5
2008 14
2007 9
2006 15
2005 18
2004 20
2003 10
2002 10
2001 8
2000 6
1999 17
1998 7
1997 13
1996 11
1995 18
1994 5
1993 12
1992 8
1991 20
1990 9
1989 19
1988 3
1987 10
1986 20
1985 5
1984 14
1983 4
1982 1
1981 3
1980 9
1979 7
1978 11
1977 20
1976 6
1975 19
1974 13
1973 16
1972 11
1971 20
1970 6
1969 13
1968 1
1967 9
1966 15
1965 6
1964 7
1963 2
1962 20
1961 9
1960 7
1959 11
1958 10
1957 3
1956 15
1955 15
1954 20
1953 8
1952 5
1951 15
1950 13
1949 3
1948 15
1947 12
1946 15
1945 2
1944 1
1943 9
1942 3
1941 18
1940 13
1939 1
1938 15
1937 14
1936 1
1935 13
1934 13
1933 3
1932 13
1931 17
1930 17
1929 15
1928 20
1927 5
1926 6
1925 9
1924 1
1923 8
1922 11
1921 19
1920 15
1919 9
1918 18
1917 11
1916 2
1915 11
1914 11
1913 9
1912 13
1911 15
1910 6
1909 17
1908 4
1907 8
1906 14
1905 10
1904 14
1903 11
1902 17
1901 10
1900 17
1899 12
1898 9
1897 1
1896 19
1895 13
1894 17
1893 17
1892 5
1891 2
1890 6
1889 12
1888 20
1887 15
1886 6
1885 14
1884 11
1883 7
1882 7
1881 2
1880 20
1879 10
1878 18
1877 20
1876 14
1875 5
1874 2
1873 12
1872 20
1871 5
1870 15
1869 14
1868 1
1867 2
1866 7
1865 2
1864 8
1863 7
1862 15
1861 16
1860 8
1859 20
1858 9
1857 10
1856 20
1855 20
1854 15
1853 1
1852 8
1851 1
1850 12
1849 8
1848 3
1847 5
1846 15
1845 15
1844 10
1843 14
1842 12
1841 14
1840 19
1839 17
1838 11
1837 20
1836 11
1835 4
1834 8
1833 15
1832 18
1831 16
1830 1
1829 17
1828 17
1827 16
1826 7
1825 12
1824 18
1823 4
1822 7
1821 3
1820 20
1819 20
1818 6
1817 13
1816 6
1815 3
1814 1
1813 19
1812 13
1811 13
1810 3
1809 14
1808 10
1807 18
1806 1
1805 15
1804 2
1803 6
1802 3
1801 9
1800 10
1799 2
1798 9
1797 17
1796 4
1795 20
1794 5
1793 19
1792 15
1791 15
1790 12
1789 12
1788 11
1787 13
1786 4
1785 20
1784 8
1783 18
1782 12
1781 20
1780 5
1779 7
1778 16
1777 6
1776 6
1775 12
1774 1
1773 20
1772 3
1771 4
1770 17
1769 18
1768 12
1767 15
1766 12
1765 15
1764 13
1763 4
1762 18
1761 8
1760 19
1759 13
1758 17
1757 13
1756 10
1755 8
1754 7
1753 8
1752 6
1751 18
1750 16
1749 4
1748 13
1747 7
1746 14
1745 4
1744 3
1743 16
1742 19
1741 10
1740 17
1739 9
1738 17
1737 7
1736 12
1735 2
1734 18
1733 3
1732 1
1731 17
1730 2
1729 5
1728 2
1727 11
1726 5
1725 1
1724 12
1723 1
1722 10
1721 11
1720 17
1719 17
1718 18
1717 14
1716 17
1715 18
1714 14
1713 17
1712 13
1711 8
1710 15
1709 5
1708 12
1707 6
1706 4
1705 8
1704 5
1703 6
1702 12
1701 2
1700 19
1699 19
1698 11
1697 7
1696 19
1695 3
1694 6
1693 5
1692 9
1691 11
1690 10
1689 7
1688 18
1687 4
1686 4
1685 19
1684 6
1683 20
1682 4
1681 1
1680 15
1679 14
1678 9
1677 10
1676 8
1675 14
1674 14
1673 17
1672 16
1671 18
1670 20
1669 19
1668 7
1667 2
1666 18
1665 10
1664 20
1663 15
1662 11
1661 4
1660 1
1659 15
1658 14
1657 6
1656 4
1655 16
1654 15
1653 17
1652 3
1651 20
1650 15
1649 8
1648 18
1647 17
1646 2
1645 16
1644 2
1643 10
1642 14
1641 1
1640 2
1639 7
1638 19
1637 3
1636 14
1635 1
1634 6
1633 2
1632 19
1631 10
1630 15
1629 2
1628 17
1627 4
1626 11
1625 10
1624 5
1623 8
1622 8
1621 11
1620 12
1619 3
1618 11
1617 10
1616 14
1615 9
1614 8
1613 16
1612 4
1611 14
1610 4
1609 18
1608 4
1607 18
1606 6
1605 9
1604 11
1603 9
1602 20
1601 2
1600 1
1599 4
1598 12
1597 12
1596 8
1595 19
1594 4
1593 20
1592 19
1591 12
1590 5
1589 14
1588 6
1587 13
1586 17
1585 10
1584 3
1583 18
1582 12
1581 1
1580 5
1579 2
1578 13
1577 19
1576 1
1575 8
1574 15
1573 5
1572 10
1571 9
1570 15
1569 16
1568 9
1567 1
1566 5
1565 13
1564 14
1563 20
1562 14
1561 4
1560 20
1559 8
1558 16
1557 17
1556 7
1555 5
1554 17
1553 10
1552 17
1551 4
1550 15
1549 15
1548 14
1547 9
1546 5
1545 7
1544 19
1543 7
1542 7
1541 8
1540 3
1539 10
1538 13
1537 7
1536 13
1535 6
1534 14
1533 1
1532 16
1531 14
1530 16
1529 18
1528 20
1527 20
1526 19
1525 13
1524 9
1523 4
1522 2
1521 9
1520 19
1519 20
1518 3
1517 15
1516 13
1515 19
1514 15
1513 11
1512 15
1511 1
1510 19
1509 2
1508 19
1507 4
1506 6
1505 6
1504 7
1503 9
1502 7
1501 6
1500 17
1499 18
1498 11
1497 2
1496 9
1495 13
1494 11
1493 17
1492 12
1491 5
1490 13
1489 14
1488 6
1487 4
1486 5
1485 12
1484 9
1483 10
1482 12
1481 4
1480 5
1479 17
1478 17
1477 5
1476 9
1475 14
1474 7
1473 7
1472 20
1471 12
1470 7
1469 9
1468 5
1467 20
1466 14
1465 16
1464 9
1463 17
1462 1
1461 9
1460 6
1459 2
1458 17
1457 10
1456 2
1455 2
1454 14
1453 19
1452 6
1451 20
1450 15
1449 16
1448 5
1447 15
1446 3
1445 11
1444 17
1443 10
1442 11
1441 8
1440 8
1439 14
1438 16
1437 4
1436 20
1435 4
1434 18
1433 15
1432 13
1431 10
1430 8
1429 10
1428 5
1427 5
1426 15
1425 10
1424 11
1423 5
1422 8
1421 11
1420 17
1419 6
1418 13
1417 12
1416 11
1415 12
1414 11
1413 20
1412 11
1411 13
1410 19
1409 14
1408 11
1407 19
1406 13
1405 18
1404 19
1403 13
1402 19
1401 9
1400 5
1399 19
1398 15
1397 19
1396 16
1395 6
1394 18
1393 4
1392 8
1391 9
1390 1
1389 20
1388 20
1387 11
1386 5
1385 20
1384 10
1383 14
1382 3
1381 11
1380 12
1379 6
1378 19
1377 17
1376 4
1375 11
1374 14
1373 4
1372 5
1371 19
1370 12
1369 16
1368 9
1367 12
1366 16
1365 9
1364 16
1363 2
1362 7
1361 17
1360 2
1359 6
1358 15
1357 11
1356 18
1355 4
1354 16
1353 20
1352 11
1351 19
1350 10
1349 20
1348 7
1347 15
1346 14
1345 1
1344 12
1343 2
1342 11
1341 5
1340 2
1339 8
1338 17
1337 14
1336 8
1335 9
1334 1
1333 11
1332 19
1331 5
1330 13
1329 17
1328 9
1327 17
1326 12
1325 3
1324 4
1323 9
1322 9
1321 16
1320 2
1319 18
1318 19
1317 4
1316 13
1315 12
1314 8
1313 14
1312 19
1311 12
1310 20
1309 5
1308 19
1307 14
1306 15
1305 5
1304 12
1303 19
1302 8
1301 9
1300 15
1299 15
1298 1
1297 4
1296 17
1295 4
1294 6
1293 17
1292 8
1291 9
1290 5
1289 8
1288 18
1287 3
1286 20
1285 10
1284 4
1283 15
1282 10
1281 4
1280 1
1279 6
1278 17
1277 5
1276 15
1275 9
1274 14
1273 10
1272 11
1271 16
1270 20
1269 16
1268 20
1267 11
1266 10
1265 9
1264 6
1263 9
1262 11
1261 8
1260 5
1259 5
1258 19
1257 15
1256 1
1255 2
1254 8
1253 18
1252 14
1251 2
1250 8
1249 3
1248 1
1247 11
1246 6
1245 16
1244 2
1243 11
1242 13
1241 17
1240 10
1239 10
1238 4
1237 3
1236 4
1235 18
1234 9
1233 18
1232 15
1231 19
1230 13
1229 12
1228 19
1227 13
1226 12
1225 11
1224 1
1223 19
1222 18
1221 5
1220 6
1219 6
1218 17
1217 14
1216 20
1215 3
1214 8
1213 7
1212 12
1211 18
1210 13
1209 2
1208 16
1207 8
1206 18
1205 15
1204 17
1203 11
1202 17
1201 10
1200 5
1199 10
1198 14
1197 6
1196 10
1195 12
1194 4
1193 2
1192 11
1191 14
1190 12
1189 15
1188 17
1187 18
1186 2
1185 7
1184 6
1183 6
1182 1
1181 1
1180 14
1179 10
1178 5
1177 9
1176 14
1175 18
1174 13
1173 11
1172 10
1171 16
1170 11
1169 4
1168 4
1167 10
1166 13
1165 10
1164 11
1163 15
1162 6
1161 10
1160 7
1159 12
1158 5
1157 3
1156 18
1155 15
1154 14
1153 4
1152 3
1151 16
1150 10
1149 10
1148 3
1147 17
1146 18
1145 18
1144 13
1143 4
1142 9
1141 12
1140 8
1139 6
1138 15
1137 10
1136 12
1135 11
1134 13
1133 14
1132 9
1131 10
1130 6
1129 9
1128 16
1127 20
1126 17
1125 13
1124 1
1123 13
1122 18
1121 11
1120 15
1119 18
1118 7
1117 3
1116 11
1115 16
1114 3
1113 17
1112 11
1111 14
1110 14
1109 8
1108 1
1107 20
1106 4
1105 2
1104 12
1103 14
1102 20
1101 12
1100 1
1099 16
1098 17
1097 8
1096 12
1095 18
1094 16
1093 5
1092 6
1091 19
1090 1
1089 10
1088 5
1087 2
1086 4
1085 12
1084 15
1083 6
1082 5
1081 1
1080 4
1079 17
1078 12
1077 6
1076 15
1075 4
1074 10
1073 17
1072 10
1071 17
1070 5
1069 12
1068 17
1067 14
1066 11
1065 15
1064 5
1063 14
1062 6
1061 4
1060 1
1059 2
1058 4
1057 14
1056 14
1055 10
1054 14
1053 3
1052 13
1051 1
1050 19
1049 16
1048 14
1047 19
1046 11
1045 7
1044 13
1043 3
1042 18
1041 3
1040 4
1039 10
1038 12
1037 13
1036 3
1035 15
1034 15
1033 2
1032 12
1031 8
1030 7
1029 18
1028 19
1027 10
1026 18
1025 7
1024 14
1023 9
1022 15
1021 10
1020 12
1019 18
1018 10
1017 20
1016 19
1015 6
1014 18
1013 5
1012 4
1011 12
1010 12
1009 12
1008 11
1007 8
1006 16
1005 7
1004 7
1003 1
1002 9
1001 13
1000 20
999 20
998 15
997 5
996 20
995 14
994 20
993 13
992 5
991 11
990 20
989 1
988 1
987 9
986 5
985 19
984 12
983 1
982 15
981 12
980 3
979 16
978 11
977 16
976 2
975 3
974 11
973 3
972 11
971 13
970 10
969 12
968 11
967 7
966 6
965 4
964 2
963 11
962 6
961 4
960 11
959 16
958 18
957 7
956 10
955 17
954 13
953 3
952 1
951 12
950 13
949 11
948 10
947 15
946 12
945 7
944 11
943 19
942 12
941 8
940 1
939 14
938 2
937 14
936 3
935 11
934 4
933 4
932 11
931 16
930 7
929 8
928 15
927 20
926 19
925 20
924 17
923 7
922 14
921 17
920 5
919 11
918 16
917 6
916 1
915 17
914 10
913 5
912 12
911 17
910 3
909 10
908 4
907 14
906 12
905 1
904 9
903 2
902 5
901 15
900 18
899 11
898 7
897 17
896 10
895 8
894 17
893 9
892 5
891 10
890 11
889 5
888 14
887 3
886 9
885 6
884 5
883 1
882 2
881 6
880 18
879 19
878 8
877 10
876 4
875 2
874 17
873 16
872 17
871 19
870 1
869 1
868 19
867 18
866 7
865 18
864 16
863 6
862 6
861 1
860 3
859 16
858 8
857 15
856 2
855 14
854 6
853 6
852 17
851 7
850 7
849 1
848 17
847 19
846 15
845 8
844 18
843 10
842 8
841 14
840 6
839 6
838 12
837 20
836 7
835 13
834 19
833 9
832 12
831 16
830 4
829 17
828 17
827 19
826 6
825 3
824 18
823 10
822 8
821 10
820 13
819 1
818 6
817 4
816 20
815 12
814 8
813 6
812 5
811 17
810 2
809 8
808 18
807 20
806 2
805 15
804 4
803 9
802 2
801 8
800 16
799 13
798 9
797 3
796 10
795 19
794 5
793 5
792 10
791 10
790 19
789 19
788 5
787 9
786 2
785 13
784 20
783 14
782 7
781 10
780 9
779 20
778 15
777 2
776 15
775 15
774 11
773 3
772 13
771 10
770 4
769 5
768 2
767 13
766 3
765 10
764 18
763 17
762 20
761 12
760 17
759 18
758 11
757 1
756 14
755 20
754 8
753 9
752 17
751 1
750 12
749 20
748 10
747 2
746 17
745 5
744 2
743 5
742 7
741 2
740 15
739 8
738 14
737 10
736 7
735 16
734 12
733 4
732 18
731 13
730 4
729 18
728 17
727 14
726 4
725 18
724 19
723 5
722 15
721 20
720 7
719 2
718 19
717 15
716 1
715 16
714 3
713 19
712 2
711 5
710 3
709 4
708 12
707 14
706 4
705 16
704 19
703 15
702 18
701 1
700 9
699 11
698 16
697 13
696 20
695 6
694 7
693 9
692 17
691 1
690 4
689 15
688 18
687 19
686 5
685 7
684 1
683 6
682 11
681 5
680 1
679 18
678 9
677 4
676 19
675 13
674 1
673 15
672 1
671 8
670 20
669 17
668 3
667 2
666 16
665 19
664 19
663 15
662 18
661 3
660 14
659 16
658 7
657 12
656 17
655 2
654 8
653 9
652 19
651 20
650 5
649 10
648 17
647 3
646 18
645 2
644 4
643 20
642 2
641 11
640 19
639 5
638 9
637 5
636 8
635 18
634 6
633 10
632 1
631 4
630 18
629 2
628 20
627 5
626 19
625 11
624 10
623 2
622 1
621 4
620 1
619 13
618 14
617 20
616 19
615 5
614 15
613 14
612 3
611 20
610 6
609 12
608 3
607 1
606 11
605 17
604 1
603 9
602 19
601 15
600 8
599 4
598 8
597 5
596 18
595 1
594 16
593 14
592 15
591 18
590 4
589 5
588 1
587 9
586 6
585 18
584 19
583 1
582 14
581 2
580 9
579 13
578 10
577 14
576 2
575 8
574 1
573 11
572 1
571 17
570 2
569 14
568 6
567 5
566 10
565 17
564 13
563 12
562 7
561 8
560 12
559 9
558 1
557 3
556 6
555 14
554 20
553 7
552 1
551 20
550 20
549 3
548 17
547 3
546 17
545 12
544 11
543 14
542 7
541 18
540 8
539 3
538 16
537 15
536 4
535 7
534 1
533 9
532 16
531 13
530 12
529 9
528 3
527 8
526 5
525 18
524 9
523 6
522 8
521 9
520 8
519 16
518 14
517 7
516 20
515 5
514 12
513 8
512 20
511 8
510 12
509 15
508 19
507 2
506 8
505 6
504 18
503 4
502 6
501 14
500 11
499 1
498 6
497 12
496 18
495 12
494 10
493 15
492 20
491 18
490 19
489 10
488 9
487 7
486 18
485 9
484 20
483 16
482 6
481 8
480 11
479 8
478 10
477 12
476 9
475 15
474 8
473 11
472 15
471 13
470 7
469 11
468 2
467 20
466 10
465 3
464 6
463 6
462 17
461 1
460 17
459 17
458 9
457 12
456 16
455 12
454 10
453 6
452 15
451 3
450 4
449 14
448 5
447 20
446 8
445 13
444 6
443 6
442 12
441 6
440 8
439 19
438 2
437 4
436 5
435 17
434 15
433 16
432 19
431 17
430 19
429 1
428 16
427 4
426 17
425 5
424 17
423 11
422 20
421 13
420 17
419 3
418 10
417 4
416 14
415 19
414 2
413 13
412 18
411 2
410 1
409 15
408 10
407 17
406 9
405 6
404 17
403 17
402 14
401 16
400 1
399 1
398 14
397 2
396 19
395 19
394 12
393 6
392 7
391 13
390 14
389 6
388 12
387 20
386 19
385 7
384 9
383 5
382 20
381 12
380 10
379 12
378 19
377 9
376 18
375 18
374 14
373 16
372 17
371 19
370 2
369 3
368 19
367 2
366 12
365 12
364 4
363 13
362 13
361 15
360 12
359 4
358 10
357 14
356 2
355 17
354 7
353 7
352 4
351 18
350 2
349 14
348 1
347 12
346 1
345 2
344 19
343 9
342 4
341 3
340 6
339 9
338 16
337 5
336 19
335 12
334 11
333 8
332 14
331 7
330 1
329 4
328 14
327 18
326 18
325 17
324 6
323 11
322 15
321 20
320 1
319 14
318 4
317 20
316 7
315 13
314 7
313 12
312 16
311 19
310 10
309 2
308 19
307 4
306 15
305 18
304 11
303 3
302 9
301 9
300 6
299 13
298 7
297 1
296 13
295 2
294 17
293 13
292 16
291 10
290 3
289 6
288 1
287 2
286 14
285 6
284 5
283 20
282 18
281 12
280 8
279 9
278 6
277 17
276 16
275 11
274 16
273 2
272 20
271 16
270 20
269 4
268 6
267 6
266 20
265 9
264 3
263 4
262 14
261 16
260 13
259 13
258 18
257 1
256 12
255 16
254 20
253 3
252 10
251 13
250 2
249 19
248 8
247 8
246 15
245 13
244 13
243 20
242 14
241 13
240 5
239 6
238 14
237 4
236 12
235 11
234 8
233 14
232 15
231 12
230 3
229 6
228 12
227 6
226 13
225 5
224 17
223 2
222 14
221 3
220 18
219 15
218 10
217 19
216 20
215 18
214 8
213 13
212 14
211 4
210 18
209 15
208 16
207 8
206 9
205 14
204 19
203 16
202 9
201 3
200 8
199 2
198 7
197 6
196 9
195 6
194 19
193 17
192 5
191 19
190 16
189 7
188 5
187 3
186 11
185 17
184 15
183 1
182 19
181 14
180 4
179 7
178 11
177 3
176 11
175 16
174 11
173 9
172 4
171 16
170 14
169 19
168 3
167 6
166 2
165 8
164 13
163 16
162 20
161 3
160 16
159 19
158 2
157 14
156 8
155 17
154 20
153 1
152 11
151 8
150 15
149 11
148 14
147 4
146 2
145 15
144 11
143 10
142 19
141 1
140 6
139 12
138 9
137 15
136 19
135 9
134 19
133 5
132 2
131 10
130 2
129 13
128 14
127 2
126 17
125 12
124 18
123 20
122 2
121 2
120 2
119 7
118 16
117 5
116 9
115 8
114 15
113 9
112 7
111 16
110 8
109 18
108 17
107 12
106 14
105 20
104 10
103 14
102 20
101 16
100 14
99 8
98 2
97 5
96 7
95 17
94 19
93 14
92 3
91 13
90 16
89 10
88 1
87 3
86 2
85 10
84 19
83 2
82 1
81 7
80 5
79 19
78 12
77 10
76 9
75 11
74 14
73 4
72 2
71 13
70 12
69 14
68 9
67 20
66 11
65 9
64 10
63 6
62 13
61 3
60 12
59 12
58 3
57 4
56 15
55 18
54 1
53 1
52 6
51 11
50 20
49 11
48 15
47 12
46 2
45 6
44 19
43 18
42 13
41 20
40 16
39 10
38 19
37 14
36 9
35 8
34 7
33 18
32 8
31 3
30 7
29 12
28 3
27 20
26 2
25 11
24 14
23 6
22 12
21 7
20 10
19 11
18 2
17 18
16 6
15 6
14 2
13 20
12 14
11 9
10 10
9 16
8 8
7 5
6 17
5 12
4 8
3 4
2 2
1 4