45 198 290 473 562 726 900 992 1081 1211 1385 1479 1654 1785 1874 1998 2157 2251 2427 2595 2746 2918 3010 3182 3324 3420 3573 3735 3847 4005 4171 4264 4438 4603 4777 4867 4986 5116 5217 5317 5492 5611 5730 5817 5979 6067 6196 6350 6465 6640 6747 6840 6942 7104 7211 7312 7488 7644 7781 7939 8037 8199 8288 8393 8515 8686 8810 8953 9055 9229 9404 9562 9720 9807 9957 10142 10259 10406 10573 10716 10809 10950 11044 11216 11386 11550 11658 11785 11959 12067 12244 12392 12540 
39 169 293 450 586 655 784 872 961 1078 1214 1368 1525 1679 1751 1839 1905 2033 2126 2243 2314 2447 2602 2692 2844 2981 3048 3186 3322 3414 3571 3641 3770 3913 4030 4143 4211 4369 4526 
97 179 299 415 504 620 741 864 914 973 1032 1087 1167 1285 1400 1459 1525 1634 1701 1814 1889 1984 2101 2179 2322 2390 2536 2649 2698 2813 2881 2939 3042 3116 3172 3304 3359 3500 3626 3736 3789 3931 4057 4115 4168 4219 4269 4337 4403 4527 4573 4631 4748 4828 4944 5080 5182 5304 5416 5530 5640 5704 5754 
47 144 246 354 453 544 598 703 768 824 909 984 1014 1087 1168 1255 1347 1382 1482 1567 1585 1614 1643 1675 1779 1808 1827 1918 2025 2075 2131 2196 2211 2304 2331 2403 2469 2530 2582 2656 2727 2780 2812 2841 2951 
75 215 355 449 558 703 783 917 1045 1126 1211 1314 1390 1525 1661 1775 1866 2021 2124 2223 2372 2441 2577 2676 2776 2903 2982 3064 3210 3306 3454 3567 3680 3775 3916 3998 4132 4217 4303 4430 4512 4671 4823 4925 5029 5102 5260 5402 5500 5594 5733 5843 5952 6103 6212 6311 6417 6545 6645 6803 6946 7070 7182 7334 7433 7538 7615 7691 7817 7930 8029 8114 8262 8389 8530 8656 8755 8854 9010 9167 9263 9357 9469 9616 9702 9818 9966 10103 10254 10401 
81 238 348 441 545 624 701 776 949 1027 1176 1298 1426 1537 1647 1758 1870 1981 2133 2264 2391 2522 2614 2725 2833 2923 3033 3188 
30 81 217 328 410 536 671 781 854 914 1000 1049 1137 1246 
4 47 172 250 331 419 492 564 600 634 685 775 861 940 998 1112 1167 1247 1325 1362 1408 1463 1557 1612 1720 1760 1834 1887 2005 2099 2174 2248 2284 2409 2489 2515 2569 2663 2750 2842 2932 3056 3146 3207 3333 3432 3473 3533 3629 3727 
60 217 328 483 643 766 918 1066 1183 1297 1455 1602 1721 1812 1960 2144 2328 2468 2635 2735 2910 3067 3189 3312 3449 3617 3742 3900 4031 4211 4317 4467 4624 4774 4880 5036 5136 5259 5412 
45 89 181 226 281 334 369 494 599 725 810 845 949 1066 1137 1248 1335 1439 1541 1597 1690 1795 1906 2021 2086 2181 2286 2410 2543 2601 2657 2708 2827 2910 
31 148 246 361 464 623 768 919 999 1126 1288 1390 1568 1741 1904 2019 2159 2276 2390 2567 2697 2864 2972 3073 3182 3265 3363 3494 3604 3770 3879 4033 4136 4237 4339 4484 4604 4759 4890 4993 5134 5226 5382 5493 5582 
78 197 301 362 474 550 610 715 835 953 1045 1148 1236 1295 1388 1494 1593 1678 1755 1836 1922 1964 2068 2172 2286 2324 2379 2416 2520 2575 2687 2726 2813 2917 2953 3008 3111 3197 3283 3322 3427 3516 3636 3751 3861 3944 4025 4142 4179 4217 4330 4391 4494 4531 4585 4623 4715 4820 4897 4999 5060 5096 5201 5281 5356 5417 5478 5598 5702 5757 5860 5915 6008 6047 6124 6243 6318 6420 6531 6611 6646 6683 6763 6838 6876 6936 6973 7060 7097 7199 7257 7347 7389 7482 7542 7619 7704 
50 85 183 248 275 316 361 370 449 484 565 596 604 652 672 705 788 864 903 
81 135 
22 82 155 170 201 288 338 408 467 564 605 661 756 778 834 932 964 978 1007 1102 1132 1153 1233 1322 1409 1496 1528 1537 1608 1703 1756 1829 1899 1986 2036 2112 2194 2276 2340 2401 2473 2516 2531 2554 2635 2677 2768 2770 2860 2956 2976 3062 3115 3211 3241 3288 3291 3320 3339 3416 3488 3543 3634 
86 
2 134 269 362 450 535 617 796 943 1023 1157 1299 1468 1555 1676 1821 1972 2051 2132 2286 2444 2612 2698 2776 2927 3007 
53 149 245 295 338 380 424 472 529 629 697 756 880 940 1026 1159 1202 1290 1330 1448 1572 1629 1754 1814 1873 1987 2050 2089 2146 2184 2228 2331 2445 2519 2566 2621 2706 2776 2900 3002 3083 3182 3262 3322 3372 3461 3561 3605 3649 3723 3826 3922 3991 4036 4122 4221 4335 4447 4505 4554 4635 4721 4765 4809 4911 4960 5021 5081 5212 5271 5357 5399 5479 5567 5662 5780 5903 5978 6053 6178 6221 6308 6351 6432 6515 6572 6633 6697 6742 6829 6903 6965 7020 7106 7161 7218 7282 
56 151 232 306 362 427 439 486 561 633 643 720 
64 192 292 371 534 689 764 922 1060 1202 1324 1472 1606 1712 1834 1956 2048 2138 2228 2331 2452 2595 2723 2828 2902 2999 3169 3304 3447 3528 3650 3747 3883 4054 4184 4274 4430 4520 4678 4800 4927 5023 5119 5244 5389 5515 5631 5792 5888 6046 6151 6265 6373 6478 6599 6744 6867 7016