60
23 16 86 
49 77 45 39 26 99 28 81 61 23 86 14 8 28 93 20 56 34 46 97 30 10 44 
2 17 12 3 18 11 5 8 23 10 16 11 14 6 16 17 
9 18 30 39 44 54 58 59 63 76 76 78 82 86 89 96 
47 87 58 
56 91 75 98 19 47 14 18 51 54 80 29 64 55 68 32 17 98 48 83 57 14 83 64 10 44 16 22 52 83 86 5 9 31 57 92 3 80 58 40 56 92 15 20 34 61 70 
18 27 35 22 38 8 11 3 16 29 16 24 30 21 20 41 14 4 36 12 9 10 20 30 35 23 43 29 14 32 13 6 16 21 40 27 30 26 36 43 8 4 40 12 38 7 29 27 17 2 12 16 21 27 7 22 36 45 5 21 33 27 15 4 16 24 17 40 35 25 43 45 40 15 41 7 43 36 33 38 19 38 18 2 15 20 10 
1 2 2 5 6 7 14 16 16 16 17 18 19 20 21 21 22 23 25 25 27 27 27 28 30 31 33 34 35 39 40 40 40 40 41 42 42 46 48 48 48 50 52 52 54 54 54 54 57 58 60 63 64 66 68 68 68 68 68 68 68 71 71 73 74 75 76 77 77 78 79 81 82 84 84 86 86 87 87 87 89 91 91 93 94 94 97 
98 87 5 
87 21 44 11 26 45 66 51 48 13 34 4 62 82 87 95 15 18 77 81 22 12 4 94 8 40 51 8 41 38 86 83 17 63 92 43 32 39 100 30 19 76 76 85 51 92 93 69 27 36 50 59 5 71 64 10 70 42 7 37 23 56 41 9 69 45 76 12 77 3 34 100 98 38 51 19 87 42 8 68 92 68 42 24 53 86 89 83 22 67 77 38 75 27 88 10 31 19 
74 70 69 86 62 53 81 83 78 7 49 25 79 54 7 24 37 92 48 33 47 34 30 67 38 92 93 53 40 51 88 43 1 91 54 75 56 78 50 39 36 23 49 39 34 88 70 31 7 91 58 82 12 94 50 48 69 17 90 63 62 16 7 57 85 95 86 43 28 50 58 44 10 38 7 92 90 66 8 37 3 21 42 89 68 71 52 
1 1 2 4 6 6 6 7 8 8 9 9 10 11 11 12 13 15 19 20 21 21 22 22 22 23 24 25 26 27 31 31 31 31 33 34 35 37 37 39 43 45 46 47 48 48 48 48 49 49 50 57 58 60 60 60 65 65 65 67 69 71 73 75 76 76 79 79 80 80 81 83 84 85 91 93 93 93 93 94 95 96 97 98 98 100 100 
87 62 20 
38 30 40 68 27 17 66 70 15 36 66 53 51 85 83 8 42 71 68 32 14 24 51 19 23 18 73 57 5 99 2 49 65 7 26 54 19 93 85 37 55 9 53 44 14 47 90 73 69 85 40 25 98 60 37 65 78 47 85 27 31 72 30 18 38 46 16 79 92 57 23 4 91 45 90 99 68 72 45 60 5 78 38 60 13 40 52 
43 25 59 21 1 19 77 13 83 21 26 52 10 20 20 26 63 17 31 64 58 32 5 40 47 61 57 56 18 42 48 58 10 68 79 44 67 69 32 16 35 68 81 4 20 82 65 29 78 34 20 67 86 51 50 87 29 55 58 82 86 24 
1 2 3 3 6 9 11 14 15 17 18 18 18 19 20 23 23 24 31 32 32 33 34 38 41 43 43 44 47 47 48 49 50 55 55 57 57 59 60 61 61 62 64 64 66 68 69 69 71 73 73 75 77 77 78 81 84 92 97 97 97 98 
77 74 85 
43 85 92 15 4 81 23 5 48 42 7 77 24 94 90 64 73 82 42 20 30 26 87 23 23 65 3 82 91 5 58 65 99 7 50 31 15 12 70 88 64 15 88 70 33 22 15 89 31 60 35 68 48 74 56 53 30 39 50 25 37 87 1 96 91 15 24 48 13 94 91 50 80 71 74 87 6 
24 26 48 47 4 9 30 19 32 20 39 12 52 23 64 46 38 68 23 25 31 60 73 66 59 6 33 20 55 16 71 59 64 53 74 17 45 33 63 4 74 52 25 54 46 53 50 2 18 39 22 59 15 24 35 26 50 42 69 11 66 20 43 7 68 67 20 66 11 9 53 20 48 63 
2 3 3 5 5 8 10 11 12 14 15 20 21 21 21 22 23 26 28 30 30 30 32 35 35 36 38 39 40 41 46 49 50 50 51 55 59 59 60 61 62 62 63 67 68 69 71 71 72 73 74 76 77 77 81 81 81 82 82 82 85 85 86 89 89 92 93 93 95 96 96 96 99 100 
90 94 34 
59 92 74 32 36 77 51 87 87 83 33 14 100 72 63 8 90 25 33 73 34 62 1 87 40 53 35 99 6 36 16 18 49 12 99 21 42 76 59 73 74 12 18 84 63 21 40 9 2 6 21 38 13 79 36 9 57 77 99 16 98 29 92 26 80 83 71 28 47 5 79 45 67 60 43 98 17 75 33 73 77 51 65 64 60 40 57 66 52 2 
26 21 71 32 35 88 63 6 21 71 24 20 4 53 35 40 2 83 40 86 70 84 79 88 21 38 90 66 1 72 33 86 40 31 18 49 54 18 4 76 31 47 57 34 52 67 40 12 55 7 3 72 16 33 20 89 8 16 28 30 23 45 28 10 51 41 67 69 60 10 23 29 88 33 19 2 82 75 36 30 58 67 85 63 77 7 55 9 29 25 60 58 52 9 
1 3 6 6 7 8 9 10 10 12 15 17 17 18 19 20 22 22 22 23 23 25 25 26 26 27 27 28 30 30 30 31 34 34 36 38 38 38 39 39 40 41 43 44 44 44 44 45 45 46 46 47 48 48 51 51 53 53 54 54 55 56 57 57 62 64 64 65 67 68 68 71 71 72 74 76 78 78 79 81 81 82 83 83 84 86 89 89 92 94 94 96 97 98 
13 50 73 
56 16 83 43 72 21 74 75 29 70 42 63 19 
11 5 5 8 5 12 11 1 3 2 2 1 10 2 10 8 5 12 10 7 1 10 6 8 13 2 3 2 2 5 11 10 1 13 8 7 4 9 12 3 12 1 9 5 12 6 8 9 2 5 
1 7 11 16 18 18 19 19 20 20 24 24 27 35 36 37 37 38 42 45 48 51 51 56 62 64 65 66 67 68 69 69 70 71 72 74 75 76 78 81 82 84 84 87 88 88 90 90 91 96 
97 42 35 
42 61 23 39 76 87 90 2 38 33 48 40 22 50 66 80 89 90 51 40 7 13 58 8 78 30 5 49 21 88 34 65 32 52 44 48 94 42 30 45 14 74 80 43 75 40 51 38 43 100 32 62 19 23 97 89 34 27 81 10 63 14 49 38 12 18 11 44 85 81 98 98 90 16 60 62 91 26 38 3 30 11 82 48 46 84 19 19 14 42 9 96 69 82 36 33 82 
60 12 77 26 75 25 30 67 44 97 20 68 77 62 50 12 74 65 77 2 12 5 77 15 84 92 67 44 86 42 23 38 46 7 60 26 12 1 10 42 11 9 
2 3 4 5 6 8 9 13 16 17 18 18 20 23 24 26 28 30 30 30 32 36 42 45 50 52 53 60 62 64 70 71 71 71 72 72 76 86 90 91 91 94 
93 10 15 
12 26 93 37 67 89 64 89 42 32 59 73 32 16 16 70 32 73 69 30 76 85 51 31 6 65 17 12 48 75 49 27 97 9 59 72 100 27 35 27 5 33 6 92 54 28 76 50 32 55 34 29 12 54 95 3 13 53 49 99 68 19 57 81 32 62 23 65 43 68 41 50 62 29 51 78 45 88 62 99 39 36 90 64 89 63 5 44 57 38 61 31 39 
31 18 83 34 66 76 38 38 55 50 
12 20 21 48 65 72 84 88 91 93 
6 69 53 
100 37 85 20 48 96 
1 2 2 3 5 2 6 2 5 5 2 3 4 5 6 2 3 5 5 1 2 3 3 1 4 5 6 4 2 5 6 5 2 4 6 1 1 2 2 1 1 2 1 2 4 6 3 5 6 1 5 1 4 4 2 3 1 1 1 3 2 3 6 5 5 3 1 5 3 
4 5 9 11 13 14 14 15 19 21 22 23 26 27 27 28 28 30 32 33 34 34 34 35 38 38 40 40 42 43 43 44 44 44 45 47 48 48 49 51 56 58 58 59 63 65 66 67 71 73 73 74 74 75 78 78 78 79 81 85 89 91 93 95 96 96 98 99 100 
48 87 37 
86 4 72 38 11 80 80 10 92 64 33 37 5 59 33 20 81 95 84 47 33 77 84 93 29 66 4 14 30 77 18 60 87 92 61 23 37 70 17 66 34 20 14 87 100 61 36 3 
43 33 31 14 41 9 14 38 19 36 25 32 14 41 20 17 48 32 18 42 28 33 8 10 44 37 16 13 42 25 6 18 11 48 35 27 24 40 35 13 27 5 5 24 18 41 31 48 3 5 43 25 45 25 1 18 38 39 34 8 22 22 31 43 47 34 20 45 23 1 21 22 4 33 19 38 36 12 42 18 21 45 26 47 7 45 32 
2 4 7 7 7 10 11 12 13 14 14 15 17 19 24 25 26 26 28 28 29 29 29 30 31 31 31 33 35 38 39 40 40 41 43 45 45 46 47 47 48 50 51 51 53 53 53 56 57 57 58 58 59 60 60 60 61 61 63 63 64 69 72 75 75 75 80 82 83 84 84 84 86 86 90 91 92 93 93 93 94 95 96 97 100 100 100 
100 100 63 
20 61 92 93 36 76 69 38 24 69 49 100 15 21 64 29 22 68 49 1 50 18 73 44 82 25 98 96 65 9 94 59 61 51 31 47 58 19 20 98 6 80 10 31 17 30 62 100 18 72 62 58 64 72 27 25 91 1 25 79 39 100 83 26 28 87 55 15 40 29 38 91 30 42 5 20 76 20 63 64 68 20 35 78 41 96 50 49 56 74 34 39 57 25 82 99 91 99 33 56 
48 68 99 55 80 30 68 100 90 30 68 72 45 27 44 33 69 26 42 3 80 38 63 88 12 10 38 24 91 81 38 11 34 50 22 19 28 40 73 86 43 77 28 77 89 68 45 84 40 97 61 15 12 71 26 41 27 21 44 67 83 80 20 67 28 60 48 67 77 45 10 54 21 61 16 27 87 13 53 54 99 90 66 40 44 96 53 50 2 46 95 5 73 92 49 33 64 81 96 67 
1 1 1 2 2 2 3 3 4 4 4 7 8 8 9 10 10 11 13 14 16 18 20 21 21 23 23 24 25 26 27 29 29 30 30 31 31 32 32 33 33 36 37 38 39 40 41 42 42 43 47 49 50 50 51 51 52 53 54 54 55 55 55 56 56 56 57 60 60 61 62 63 65 66 67 68 68 68 69 69 71 73 76 78 79 79 79 80 82 83 83 86 86 87 88 90 93 94 97 100 
66 65 90 
73 45 7 19 96 42 4 86 70 28 54 9 92 23 30 40 1 9 75 67 55 77 74 21 3 11 98 64 29 51 49 6 39 16 100 83 13 20 67 10 28 13 93 82 24 42 11 89 63 30 27 76 35 61 69 62 31 66 69 79 86 76 1 17 54 46 
53 16 53 39 22 14 5 32 42 54 23 3 4 9 29 46 64 32 15 20 16 17 21 28 12 18 41 43 18 25 10 43 60 12 41 25 19 5 18 33 49 17 46 45 64 52 40 63 4 7 28 14 66 15 29 46 60 65 49 38 31 56 52 62 3 
4 4 5 5 5 7 8 8 10 11 12 13 14 14 15 15 17 20 21 21 23 24 25 29 29 30 31 31 31 31 32 33 34 34 35 35 36 37 38 41 44 44 48 49 50 53 54 54 59 59 60 65 65 65 68 71 73 74 74 77 85 92 96 97 100 
99 83 37 
54 72 70 33 11 80 59 79 51 11 56 67 24 77 88 1 58 6 6 67 10 60 66 96 62 36 79 48 41 77 26 37 32 69 9 87 98 26 89 33 15 9 5 66 91 41 70 87 46 79 24 64 60 6 84 52 46 34 39 15 14 18 77 37 54 14 16 71 21 72 91 6 55 47 53 41 63 35 80 94 84 17 26 41 83 26 19 64 1 94 99 95 93 6 79 59 58 46 92 
78 92 64 99 70 93 79 62 83 51 65 62 61 33 11 8 36 85 27 29 8 62 32 83 44 26 6 94 81 80 57 8 25 22 42 21 41 2 99 41 90 44 19 58 87 12 83 50 69 86 88 96 31 72 84 19 11 24 41 7 65 38 15 17 43 42 40 45 5 68 27 20 19 79 7 69 60 26 31 85 85 55 41 
2 2 4 6 7 7 11 11 12 12 12 14 16 18 19 21 24 26 29 29 33 35 37 37 37 39 40 40 41 41 42 43 43 44 44 45 45 46 48 50 53 53 54 54 55 57 59 60 62 63 66 66 66 67 67 68 69 71 71 73 75 76 76 80 82 85 85 85 86 87 88 90 92 92 92 92 92 96 97 98 98 99 100 
54 90 67 
71 79 96 42 21 9 34 88 24 62 42 1 93 99 58 2 83 6 24 42 21 2 71 28 72 10 63 66 10 41 39 84 70 22 91 97 63 12 74 21 95 85 30 8 52 45 49 58 94 62 48 28 4 34 
40 42 15 4 34 49 51 16 8 41 24 15 6 21 24 51 38 8 11 8 2 26 21 44 48 50 40 35 1 14 33 30 12 37 35 26 47 33 46 11 25 53 41 3 43 26 1 40 43 2 35 47 36 30 37 10 38 3 49 40 16 28 51 6 2 5 32 40 49 10 54 20 6 32 34 45 22 49 33 29 8 15 30 35 10 20 35 21 8 29 
5 5 6 7 7 8 8 9 9 10 10 11 11 16 16 19 19 20 22 22 22 23 23 24 24 26 26 26 26 28 29 32 36 36 37 38 39 39 40 40 42 42 43 43 43 47 49 53 54 56 56 57 58 61 63 63 69 72 72 72 74 74 76 76 77 77 79 80 81 83 85 85 85 86 88 88 88 90 90 90 91 91 92 94 95 95 96 97 98 100 
90 83 2 
39 87 83 74 26 25 14 99 95 67 20 10 63 10 74 32 61 77 65 76 28 40 91 81 83 20 31 63 79 73 81 24 17 70 1 59 87 22 54 43 17 68 3 94 77 58 62 2 65 96 45 26 5 75 87 47 89 57 10 57 16 7 43 49 87 9 8 68 1 91 38 13 84 86 28 76 30 19 23 95 70 68 20 67 45 92 76 8 10 44 
87 18 60 21 24 47 14 22 59 38 27 10 34 61 79 77 55 30 22 50 20 23 12 9 90 15 50 8 48 11 28 11 36 58 46 63 1 44 43 17 37 2 81 21 3 22 19 60 80 45 10 87 75 51 28 72 16 79 54 64 34 58 14 41 26 89 20 71 68 11 87 18 81 73 68 8 51 67 43 22 65 74 50 
1 5 5 6 6 7 8 8 10 11 11 12 12 12 12 12 16 16 17 19 20 21 23 24 27 28 28 28 29 32 32 34 35 38 39 39 41 41 42 42 42 43 44 46 46 51 54 54 56 58 62 64 65 66 67 67 68 68 69 70 70 71 72 72 73 74 76 76 78 79 80 82 84 84 86 87 90 92 93 96 97 98 100 
48 65 18 
87 55 21 99 60 39 76 43 10 73 95 64 85 56 52 47 57 30 18 46 24 6 69 37 44 81 16 49 87 88 63 18 22 38 41 41 42 71 87 64 1 41 68 62 92 50 24 42 
40 35 8 7 47 36 3 37 37 25 23 12 3 46 44 36 6 2 10 5 46 27 27 5 19 38 42 11 2 24 10 47 6 7 20 32 1 30 41 1 25 33 6 17 16 29 5 5 11 10 47 21 4 33 31 16 11 4 34 28 7 30 11 46 10 
3 4 5 6 7 8 9 11 17 20 20 21 25 26 27 29 31 32 36 37 38 40 41 41 44 45 46 48 49 50 50 51 54 57 58 59 60 60 60 61 62 63 65 66 67 68 71 77 77 78 79 81 83 88 88 90 91 92 93 95 98 98 99 100 100 
72 9 21 
48 47 92 55 43 13 54 41 27 34 48 5 24 33 45 8 15 3 20 48 12 40 53 54 30 37 66 38 54 35 6 80 70 97 57 11 92 91 99 13 7 21 11 75 72 63 76 59 39 17 27 56 73 14 4 25 88 77 47 47 38 9 48 44 99 100 39 77 74 63 5 4 
41 28 24 7 56 33 26 46 8 
1 9 33 59 61 73 83 85 100 
21 60 10 
92 42 15 89 82 10 18 96 58 5 98 27 85 11 8 14 30 62 85 27 59 
17 3 12 16 6 2 14 9 15 1 1 17 5 4 6 14 7 9 9 13 21 9 20 13 11 2 20 20 1 15 10 17 5 12 6 1 10 9 20 15 15 5 2 7 21 7 1 1 19 10 19 20 20 18 12 7 19 18 2 1 
2 3 5 5 7 10 10 14 21 22 24 24 28 31 31 34 35 36 36 38 38 39 41 42 46 46 47 50 50 50 51 53 54 55 55 56 59 59 60 61 61 64 68 69 71 73 74 76 76 78 79 86 89 89 93 94 95 95 96 97 
15 78 37 
88 32 62 65 69 10 14 11 22 95 55 25 22 37 88 
15 14 9 15 13 3 3 6 2 5 11 2 5 4 7 8 15 9 14 11 8 11 11 5 11 9 13 8 7 4 15 8 12 4 3 3 12 1 9 13 12 9 15 7 7 14 4 7 10 4 8 14 2 10 5 11 10 7 5 7 12 6 7 6 12 3 14 10 8 13 3 8 7 13 14 7 12 8 
5 6 6 8 8 9 10 11 11 12 13 13 17 19 20 21 21 22 24 24 28 29 29 32 32 33 34 35 38 38 38 39 41 42 44 44 44 44 46 47 48 48 49 50 50 52 52 53 54 58 58 59 59 61 61 62 63 64 65 66 70 74 76 77 85 87 87 88 88 89 89 91 92 93 95 95 98 99 
77 53 36 
69 98 58 77 2 70 44 68 1 68 62 69 58 3 88 88 21 87 23 86 49 94 80 7 11 26 31 31 32 32 44 97 50 69 21 84 4 18 23 1 76 33 92 4 46 52 34 89 23 6 63 50 99 44 48 17 5 7 96 18 2 15 78 75 62 34 86 2 55 43 86 41 26 57 72 94 12 
72 4 77 28 25 76 26 55 16 1 4 36 60 51 40 64 23 50 65 15 63 74 42 11 58 49 33 28 24 58 6 23 13 28 13 14 37 64 46 36 71 44 18 75 50 64 51 24 49 23 54 56 4 
3 10 10 10 11 11 13 14 16 18 20 21 25 25 26 27 29 30 30 31 38 40 42 43 49 50 51 57 61 67 68 70 71 79 80 80 80 83 83 84 88 88 90 90 92 94 95 96 97 98 98 99 100 
10 44 61 
44 40 35 49 60 46 22 7 17 69 
5 5 3 6 4 7 9 1 8 5 4 7 3 5 9 5 6 8 3 7 6 9 5 10 10 5 9 10 6 5 2 2 9 6 2 7 2 3 8 8 4 3 2 9 
1 2 3 4 6 7 9 13 17 18 20 21 23 26 31 31 34 38 39 40 45 45 45 48 50 50 55 60 60 62 65 67 71 72 76 78 86 87 89 96 96 97 97 98 
45 1 28 
47 33 10 40 14 47 4 19 7 21 33 83 23 97 41 38 77 6 62 43 92 16 91 27 25 23 70 91 73 19 10 96 17 12 33 79 48 13 75 15 47 3 70 24 13 
21 
67 
38 3 69 
15 67 64 33 99 78 88 98 30 25 46 45 24 34 9 46 12 6 36 17 100 42 94 85 93 84 70 14 19 66 49 86 98 54 16 49 62 7 
7 21 37 
59 99 100 
7 94 6 
27 29 58 58 3 90 6 
4 2 7 4 3 5 2 1 5 1 7 1 4 2 1 6 6 4 7 3 7 6 4 6 4 2 5 7 2 5 5 1 5 6 3 5 2 6 3 7 3 5 4 6 7 4 4 4 5 4 6 1 7 6 1 6 4 5 5 4 7 5 1 5 5 3 7 4 4 7 6 3 3 1 3 2 2 1 1 7 7 2 1 1 3 1 4 2 3 6 3 7 4 1 
3 3 3 4 6 6 6 7 7 7 8 9 10 11 12 14 15 16 16 17 17 18 18 18 19 24 27 28 31 31 31 33 34 35 35 36 37 37 39 40 41 42 42 43 44 44 46 47 50 51 55 56 57 58 59 59 60 60 62 62 64 64 65 66 70 72 72 74 75 76 78 79 81 81 84 86 86 86 87 87 87 88 88 89 91 92 93 95 96 96 97 98 98 99 
64 56 65 
28 82 72 45 20 13 95 5 36 45 7 18 71 14 14 93 46 99 78 44 16 50 45 53 53 46 18 55 57 83 32 33 91 53 48 79 100 52 95 29 27 90 55 39 22 86 59 13 59 21 21 23 46 88 99 95 50 26 22 51 64 88 51 23 
3 52 42 25 15 38 6 52 54 52 6 63 62 31 25 8 34 6 50 5 53 2 61 42 8 18 13 10 41 10 39 53 11 12 46 29 3 57 56 13 6 4 31 12 4 31 58 28 54 46 18 2 53 55 53 57 
3 5 9 15 15 16 19 20 23 23 26 26 27 31 34 35 37 43 43 44 44 45 46 46 47 48 49 59 62 62 63 65 65 66 66 67 67 67 69 72 73 74 77 77 78 82 82 85 86 87 87 92 94 95 100 100 
68 79 26 
43 18 21 73 25 71 72 78 82 23 92 81 19 51 23 57 50 82 82 2 44 82 35 88 3 48 63 4 35 47 100 14 64 69 47 13 14 32 65 78 82 57 51 51 81 84 20 86 84 51 6 79 98 81 2 4 18 47 26 84 20 34 21 55 99 85 18 3 
27 17 21 50 56 46 52 24 39 66 41 20 4 62 61 52 62 45 37 16 40 28 21 33 17 4 28 39 42 24 6 20 63 42 37 61 47 65 54 66 14 17 51 30 11 50 36 46 27 52 2 2 21 36 60 48 3 49 25 12 1 26 48 20 41 40 24 43 24 20 59 47 49 33 33 29 68 12 41 
3 5 5 6 6 7 9 9 10 11 12 12 12 12 15 15 17 21 23 23 29 31 32 32 34 35 38 39 39 41 44 44 44 44 45 47 49 49 51 52 54 55 60 62 62 63 63 66 66 67 68 68 69 69 71 72 72 74 74 76 76 80 81 83 84 85 85 85 86 90 91 92 93 95 95 96 96 97 99 
17 6 19 
89 62 19 97 2 77 6 5 65 51 34 97 32 29 39 24 70 
16 6 7 15 12 16 
6 58 64 74 87 99 
92 70 71 
80 82 54 7 74 36 14 53 90 74 52 72 74 46 75 80 74 81 33 53 63 33 74 57 68 17 87 64 33 15 72 71 29 7 50 85 56 4 75 84 25 16 16 33 7 99 53 44 54 69 22 78 77 2 26 80 14 32 12 82 94 69 57 33 85 26 60 87 17 31 82 53 95 88 95 65 87 38 51 98 74 60 42 90 59 73 49 40 94 75 5 58 
15 1 19 81 70 10 15 92 41 35 51 8 65 87 76 75 59 49 71 8 90 14 29 2 85 30 53 43 18 34 43 38 38 16 54 70 78 64 19 29 51 46 46 77 2 32 19 21 22 21 53 41 34 48 87 69 4 65 40 19 8 70 77 67 71 59 70 80 47 43 
4 8 10 12 12 13 16 16 17 17 19 20 21 23 25 25 26 26 27 27 27 29 34 35 35 36 37 39 40 40 40 40 41 43 43 44 47 49 51 51 51 52 53 57 62 65 66 68 68 69 69 73 74 74 75 78 79 82 82 83 84 89 89 89 89 90 91 92 94 100 
44 93 89 
9 75 30 75 74 99 44 49 72 100 10 46 65 49 98 8 39 20 3 73 35 54 32 16 26 90 28 25 39 74 27 72 92 61 49 29 63 62 53 78 77 5 22 42 
29 8 1 37 20 41 26 9 16 38 37 15 3 39 25 12 42 23 21 40 7 10 23 32 1 8 10 44 27 7 32 16 8 44 26 36 34 43 4 27 36 4 40 13 22 26 9 2 29 3 42 31 17 31 42 40 37 22 12 7 1 41 32 35 29 29 27 5 1 23 41 9 33 39 37 3 16 36 3 39 18 38 13 27 31 19 19 40 2 16 22 3 35 
2 4 5 6 6 6 7 11 11 13 14 15 16 16 17 18 18 19 19 20 23 25 26 27 31 33 34 36 36 36 36 37 37 37 38 40 44 44 44 45 45 45 47 48 49 50 51 51 52 53 54 55 56 65 66 66 70 70 72 74 74 74 76 76 76 78 78 78 78 79 80 80 81 83 84 84 85 85 85 87 88 90 93 93 94 95 96 96 96 96 98 98 99 
45 68 9 
86 31 15 43 2 25 25 78 23 16 69 18 30 71 53 12 16 31 68 42 60 29 75 26 78 73 9 6 7 76 33 24 41 6 31 22 47 33 54 74 41 71 9 88 32 
45 8 21 28 38 1 34 21 22 28 31 23 27 26 17 28 15 2 35 2 30 25 33 29 23 2 31 19 1 45 39 28 44 20 7 18 30 12 45 17 35 32 30 24 34 3 2 6 18 7 11 33 39 43 40 44 27 21 18 44 6 23 3 21 26 1 3 25 
1 2 2 4 7 7 11 11 14 14 16 16 17 18 20 22 23 28 28 32 33 34 34 36 37 38 38 38 40 41 43 43 46 48 49 51 52 52 53 54 57 57 63 64 65 69 69 69 71 74 79 83 84 86 86 89 89 90 94 94 94 95 96 97 97 98 100 100 
11 41 13 
78 21 94 14 5 70 8 5 30 67 66 
1 9 11 6 2 1 1 7 8 5 8 2 8 8 2 3 3 8 9 10 8 2 5 9 1 6 2 4 3 4 1 11 8 11 9 2 9 8 7 3 7 
1 4 4 5 5 6 6 7 7 8 9 11 15 20 22 24 31 32 33 37 37 44 47 62 62 63 65 66 66 67 68 73 84 86 89 90 90 94 96 96 97 
75 4 96 
18 76 13 45 82 23 74 13 21 70 56 61 15 70 83 8 44 77 78 36 76 16 95 53 8 31 68 12 88 12 9 68 60 93 12 47 51 69 19 51 3 21 20 5 83 81 54 48 77 6 24 32 4 25 12 65 39 78 22 86 53 6 14 70 6 7 1 49 43 45 100 30 81 66 88 
70 20 56 15 
33 73 75 89 
77 94 65 
39 14 6 22 93 18 83 90 71 70 8 11 76 10 1 28 10 87 8 23 39 46 21 57 44 26 38 96 87 59 65 23 73 89 11 11 4 63 87 59 36 49 50 61 53 14 61 65 49 81 80 77 8 58 7 51 84 64 10 4 85 38 18 57 21 30 99 33 73 35 37 85 88 19 28 97 56 
8 24 45 2 52 34 36 69 72 32 51 61 51 77 37 38 1 76 23 8 6 41 56 42 19 77 47 39 64 58 51 4 44 36 16 61 73 62 37 76 12 12 1 12 24 50 46 67 59 26 71 65 54 67 22 57 13 35 10 69 49 27 31 17 25 44 45 12 52 27 50 31 60 33 10 37 53 65 12 32 64 10 17 28 30 42 37 57 10 24 22 26 40 39 
4 5 10 10 11 12 12 13 13 14 15 15 15 16 16 18 18 22 22 23 23 25 26 27 28 30 31 33 36 37 37 39 41 42 42 43 44 44 44 45 47 52 52 52 54 55 55 56 57 59 59 60 60 60 61 62 63 64 64 66 68 69 69 73 73 73 74 74 77 77 77 81 81 81 81 82 83 85 86 88 90 91 94 94 94 95 95 95 96 96 98 99 99 100 
63 71 69 
11 44 68 35 24 73 1 90 48 96 61 90 45 90 65 77 84 46 66 62 94 29 57 49 69 35 3 22 59 17 31 76 32 19 1 74 37 22 23 72 43 68 27 44 36 87 20 19 32 3 66 3 24 3 49 62 80 52 18 65 98 35 28 
10 10 43 10 54 8 12 9 59 63 29 16 55 15 53 59 49 30 35 18 50 48 58 4 56 42 43 32 47 59 1 38 18 19 7 15 62 26 16 35 35 10 9 28 24 31 5 52 31 39 5 42 51 10 17 9 55 60 16 44 15 13 42 58 47 4 23 40 55 59 53 
1 3 4 4 4 7 8 9 9 9 9 11 11 15 15 20 22 22 23 23 24 29 29 32 35 36 37 39 40 40 46 46 47 49 50 59 60 62 62 63 67 68 69 71 72 74 74 75 75 76 79 79 79 80 81 85 88 88 88 89 90 93 94 95 95 95 95 98 98 99 100 
65 18 47 
81 46 53 12 18 7 44 55 56 91 20 79 45 68 15 9 98 36 48 91 35 74 95 26 80 39 91 48 15 80 94 20 68 59 12 35 82 66 89 12 36 81 1 56 53 50 7 89 4 43 89 60 33 32 8 38 77 79 4 60 21 43 68 75 30 
37 48 42 55 9 62 44 49 43 19 48 28 17 22 41 50 39 30 
8 11 14 15 17 19 22 34 37 46 47 52 65 70 79 79 97 100 
83 59 88 
56 61 96 90 17 42 77 3 31 44 89 90 44 19 95 29 90 39 74 2 76 62 83 42 59 85 95 6 27 17 88 9 76 36 55 92 21 16 90 18 32 79 71 79 60 80 37 35 81 82 63 37 91 82 45 82 86 5 87 13 100 57 25 80 24 73 71 77 3 55 85 36 78 33 5 96 64 76 97 86 78 17 81 
61 48 56 69 68 4 59 41 43 77 38 8 28 49 36 81 63 6 55 31 81 74 29 78 48 23 16 57 82 65 48 22 6 8 53 35 13 37 8 62 18 63 76 63 7 78 67 1 76 17 66 75 5 77 70 60 58 22 39 
1 1 2 3 5 5 6 8 8 10 11 11 15 16 21 23 25 26 27 29 29 31 37 37 42 48 48 49 52 52 53 55 60 60 62 63 64 64 64 67 68 69 72 73 75 76 77 79 86 89 89 89 90 92 92 93 93 93 95 
19 47 1 
24 18 46 78 96 19 61 4 99 37 55 71 2 58 34 22 50 82 65 
3 2 14 19 19 6 17 14 7 12 6 12 14 16 12 18 14 14 2 16 8 4 9 6 18 12 13 19 7 15 14 9 12 9 10 12 7 17 2 16 13 10 2 6 5 10 13 
1 2 2 7 8 9 10 11 12 14 17 19 21 25 27 28 33 34 40 47 48 50 53 53 54 55 59 65 68 69 70 72 75 75 75 78 78 79 82 83 83 86 88 92 97 100 100 
60 49 73 
87 23 64 69 15 60 37 45 3 63 68 79 34 41 1 77 92 97 63 6 11 77 66 87 16 28 96 56 22 48 93 98 28 31 79 32 34 83 5 99 72 75 4 20 7 27 72 16 26 96 42 10 11 64 47 41 84 45 37 16 
27 20 53 1 13 46 35 18 2 43 27 19 39 31 7 60 26 34 7 18 43 44 45 27 48 10 39 7 47 36 42 50 48 52 22 20 46 15 42 39 11 36 39 12 55 11 20 21 31 
4 5 6 7 8 14 15 16 18 29 29 32 33 35 35 40 41 43 44 48 51 53 55 56 57 58 59 61 61 65 65 66 68 68 71 73 75 78 85 88 89 91 94 97 98 98 100 100 100 
80 22 38 
95 94 37 43 38 6 42 71 32 33 50 97 13 44 3 7 43 98 35 75 83 38 49 48 51 81 20 75 17 21 42 48 52 69 18 2 54 64 15 75 75 90 58 59 33 95 19 41 85 79 63 12 78 63 96 72 73 1 46 95 61 66 83 7 65 97 79 58 76 1 66 69 53 29 22 3 31 68 65 78 
24 11 60 24 23 64 23 15 36 44 26 31 6 69 4 54 4 47 54 2 15 39 
6 8 10 25 27 32 37 43 44 44 47 53 55 58 58 68 69 76 77 83 83 94 
51 33 36 
57 69 34 12 80 55 88 88 51 36 87 78 8 78 88 76 37 73 55 98 20 9 93 59 52 24 6 71 51 56 25 94 60 21 91 29 22 92 94 62 84 1 50 62 73 67 63 70 52 78 86 
28 40 22 46 20 24 34 50 16 31 30 9 1 33 39 48 24 3 26 29 20 18 13 16 49 50 36 40 16 29 3 6 18 
7 8 12 14 15 23 32 34 42 49 51 53 53 54 54 57 66 67 69 70 71 76 81 83 83 86 87 91 92 93 94 96 97 
52 84 97 
9 2 88 33 12 52 93 38 84 2 6 82 45 11 22 43 23 46 61 58 59 18 29 92 91 5 64 79 53 21 66 48 69 100 3 4 83 14 10 17 57 65 49 35 15 1 76 100 62 34 34 21 
35 27 4 51 31 5 49 47 28 25 19 6 7 51 35 21 34 8 19 16 42 14 30 34 25 40 37 50 33 25 30 9 5 50 9 20 9 17 26 19 22 8 32 52 29 43 35 16 12 14 50 29 23 31 52 41 44 20 36 37 34 16 8 12 28 24 2 52 18 42 26 5 43 18 9 18 2 49 48 40 38 28 10 41 
4 4 9 10 11 14 14 15 17 17 18 20 22 23 23 23 24 27 28 28 28 29 30 30 32 33 34 34 35 37 37 37 38 39 40 43 44 45 46 46 49 49 52 52 52 53 54 54 55 58 58 59 60 63 64 67 67 67 67 67 68 68 71 74 75 78 78 79 79 80 81 83 85 85 86 87 89 93 94 94 95 98 99 100 
30 51 36 
45 86 90 26 92 78 47 33 12 30 83 26 69 57 59 23 25 74 11 6 64 12 87 14 72 78 57 11 48 78 
21 4 10 29 30 5 14 22 19 15 28 6 14 6 14 21 17 27 27 5 17 27 30 16 4 12 29 14 8 1 28 20 26 2 21 24 3 8 24 22 11 24 30 7 24 8 13 30 3 17 15 
7 8 8 8 11 11 13 16 17 18 20 20 20 21 22 22 24 25 26 28 33 34 35 35 36 37 37 40 44 46 48 51 51 53 56 59 60 61 63 63 69 70 77 77 80 84 86 89 91 93 97 
56 40 79 
53 86 28 69 39 88 60 60 25 35 39 89 25 51 69 59 28 19 100 76 41 20 49 8 92 9 6 96 93 25 96 63 33 64 21 74 4 45 69 94 90 61 88 18 73 54 72 1 77 10 95 85 99 39 23 82 
27 4 2 18 40 10 11 5 26 50 12 50 44 18 26 24 48 39 45 51 13 33 55 47 12 43 10 48 23 7 43 44 21 54 31 34 46 5 40 12 
2 4 4 4 8 11 14 22 36 36 38 40 42 43 43 44 47 50 52 53 55 55 57 60 61 64 70 72 73 75 75 78 80 85 87 89 89 92 93 100 
34 11 54 
92 14 67 52 56 78 34 28 27 45 10 99 18 34 50 47 8 56 73 34 71 45 60 97 53 28 73 64 4 77 65 99 52 51 
12 33 5 3 12 5 1 14 20 19 14 
9 11 13 25 39 49 50 54 84 84 92 
55 81 13 
66 43 42 26 100 20 28 49 14 14 22 3 41 33 16 73 5 20 81 96 23 37 31 33 49 78 94 48 31 57 50 66 96 33 77 27 100 36 61 98 87 25 86 92 46 47 69 43 23 77 46 63 75 10 24 
1 17 13 15 3 1 51 11 15 30 6 10 39 16 18 47 24 31 37 21 4 55 46 26 31 21 51 6 32 15 38 23 50 48 4 34 20 29 1 15 23 28 49 28 32 42 39 33 13 19 2 4 23 28 47 8 20 51 35 55 43 24 21 11 34 25 9 42 3 41 16 44 55 28 50 22 45 23 2 47 1 
1 1 6 6 7 10 11 13 15 22 22 23 23 23 24 25 27 29 29 30 30 32 32 35 36 37 39 39 40 40 43 44 44 44 46 46 49 52 54 54 55 55 55 56 57 60 65 66 66 67 70 70 72 75 75 76 76 77 78 79 82 84 85 86 87 88 88 89 90 90 90 91 91 93 94 95 98 98 99 100 100 
57 7 50 
76 37 62 28 13 27 40 23 18 63 20 6 6 52 21 44 82 56 32 82 64 6 72 15 21 8 56 8 96 17 88 30 1 93 79 80 80 51 7 49 14 69 97 44 53 96 79 63 25 18 17 10 76 37 76 16 67 
30 1 32 47 27 27 43 
6 60 63 84 92 93 98 
66 95 55 
15 2 23 35 82 5 95 13 31 91 95 80 53 66 70 25 76 54 92 89 21 51 42 49 83 13 67 59 33 17 59 13 83 6 12 42 100 7 8 2 33 7 42 20 95 91 76 47 86 4 90 4 17 15 14 76 79 9 3 18 29 67 94 89 44 62 
63 21 66 32 65 3 14 61 26 33 30 2 49 54 31 44 10 43 29 31 6 33 62 7 25 11 62 29 8 1 60 57 13 12 48 53 54 39 17 12 13 15 17 34 29 2 17 33 63 25 19 41 57 6 57 39 63 26 10 1 7 13 21 19 38 36 23 21 54 45 5 36 63 37 54 43 2 38 53 9 41 22 49 34 33 18 23 5 35 39 37 8 14 34 14 
1 2 3 4 4 9 12 13 13 14 15 16 17 18 20 21 22 29 30 30 30 31 31 31 33 35 35 37 37 38 39 40 40 40 42 42 43 43 43 44 45 50 51 51 51 53 55 55 56 56 58 58 58 58 59 60 61 63 64 64 66 66 67 67 68 69 70 70 71 74 74 75 75 77 81 83 83 86 87 87 88 91 91 91 92 93 93 94 94 95 96 97 97 98 100 
41 19 6 
58 28 88 97 35 99 73 83 33 71 50 21 49 29 90 79 100 12 67 1 96 71 36 56 3 12 20 79 38 8 7 61 81 65 55 46 46 89 41 70 15 
18 18 7 30 9 21 28 29 1 13 18 33 4 36 33 9 29 25 3 
4 8 13 23 29 34 42 43 47 52 54 57 62 63 68 78 82 93 98 
27 7 76 
1 5 93 5 20 29 39 29 9 59 12 96 94 28 83 89 78 69 43 4 25 67 49 23 35 7 85 
24 25 19 18 21 15 11 
11 26 30 37 66 71 73 
90 62 73 
28 60 6 32 46 44 89 37 93 85 86 41 50 42 55 25 3 23 35 85 66 28 11 23 85 94 61 65 45 38 58 72 90 12 3 79 1 88 61 63 3 65 34 69 42 2 48 62 21 39 85 75 51 86 77 57 29 58 45 100 51 97 92 48 25 44 7 89 11 65 18 92 2 46 62 15 74 37 84 22 30 40 100 5 46 98 50 2 32 25 
36 57 18 19 10 85 84 15 84 34 22 24 63 60 10 76 60 88 41 83 21 61 6 33 2 44 12 1 30 9 57 2 87 40 1 74 62 82 12 13 2 36 55 42 36 37 8 4 5 35 31 77 86 80 18 17 28 21 46 89 75 28 
2 3 6 8 10 11 12 13 15 15 17 18 19 19 22 28 28 29 32 34 34 36 38 38 43 44 46 47 50 51 53 56 57 59 59 60 60 61 61 63 64 64 64 65 67 71 76 79 85 87 89 90 94 94 95 95 96 96 98 99 99 100 
38 81 69 
58 88 9 31 46 63 65 44 17 55 29 16 50 74 62 63 48 31 1 35 10 70 29 30 40 28 30 19 18 91 6 58 22 90 30 23 77 7 
34 35 31 33 31 8 26 2 10 16 4 6 37 19 22 19 18 2 11 35 35 30 6 4 8 1 13 28 7 32 31 29 14 7 7 18 18 25 14 24 7 5 20 27 25 34 30 32 20 31 16 38 36 30 16 8 8 31 5 28 5 37 10 30 9 17 37 32 3 9 5 1 17 24 17 8 34 15 12 4 7 
1 4 5 6 10 11 11 12 13 13 13 15 15 16 16 17 17 18 18 19 19 21 22 22 24 25 26 29 30 30 30 30 31 32 32 33 34 36 36 37 39 40 41 44 44 45 52 58 59 60 61 62 63 63 63 66 67 68 69 72 73 73 74 77 79 79 80 84 84 85 87 87 89 91 91 96 96 97 98 99 100 
63 13 94 
65 7 76 97 92 50 86 64 41 8 54 42 66 45 70 59 97 12 23 19 22 84 33 86 82 80 70 26 57 5 10 82 91 33 77 12 69 73 41 11 36 10 36 75 23 50 46 5 29 87 99 98 23 42 27 21 96 17 4 42 7 6 10 
30 9 10 33 15 22 20 54 57 44 63 51 55 
9 14 15 16 17 19 22 44 61 65 71 85 86 
68 64 75 
38 50 92 7 19 39 6 25 85 70 66 11 6 13 24 83 78 68 99 31 61 16 24 51 58 32 9 71 69 40 13 67 43 87 4 84 58 59 48 99 49 19 4 73 85 69 30 6 69 61 36 23 84 27 56 12 88 33 72 31 93 45 5 91 85 35 99 100 
31 42 66 48 2 57 25 31 55 44 60 8 67 13 38 21 15 50 53 54 35 53 24 45 6 32 14 17 48 42 41 4 2 31 11 59 46 60 10 23 19 51 67 30 28 26 52 21 54 34 10 68 65 43 46 50 3 55 42 28 12 50 9 61 
1 1 5 7 8 9 9 10 10 13 15 15 15 16 18 18 20 20 21 25 27 29 29 30 30 36 38 44 46 46 47 49 50 50 51 51 52 52 55 57 58 61 67 69 71 72 74 76 77 80 80 81 81 84 85 86 89 89 90 90 93 96 99 100 
21 46 17 
78 53 80 76 17 69 33 37 41 62 31 28 84 21 100 30 61 86 45 45 77 
12 13 12 19 15 17 7 11 20 18 13 20 19 7 21 10 11 6 4 14 21 9 1 12 10 13 2 1 21 12 10 20 6 16 3 2 13 20 13 11 6 4 1 2 2 6 
1 2 7 8 9 11 15 21 22 26 28 32 35 35 36 37 38 40 42 43 44 45 49 50 51 51 52 57 58 60 63 64 67 70 76 78 80 86 86 87 91 91 92 98 99 100 
22 56 95 
43 40 9 1 40 53 74 76 67 39 84 59 52 87 77 86 82 6 58 72 76 100 
22 11 22 10 13 5 20 18 9 20 3 8 22 3 19 16 10 12 17 15 12 11 11 7 17 9 7 6 8 6 1 13 14 22 18 13 17 21 11 21 9 4 16 5 12 2 21 5 13 14 16 17 9 14 2 16 
1 3 3 4 6 15 17 18 20 21 21 21 24 24 27 30 30 31 32 33 34 36 37 39 39 39 46 46 50 50 54 55 57 58 58 59 61 62 63 64 66 73 79 82 85 85 87 89 90 91 92 93 95 96 99 100 
98 17 93 
45 81 1 49 58 65 33 22 59 78 44 22 14 87 3 43 87 68 24 9 39 92 27 24 40 16 57 75 16 58 28 61 74 78 18 85 44 46 5 61 31 1 71 99 45 14 89 89 61 68 53 79 94 64 26 71 49 33 13 81 5 11 73 73 77 90 20 11 69 66 80 53 11 81 5 3 97 57 5 28 59 65 87 78 2 44 70 49 88 77 89 81 37 29 11 17 99 26 
19 21 23 24 27 2 98 42 80 35 19 54 92 59 54 63 7 
37 48 54 59 61 62 72 75 77 77 82 88 96 97 97 99 100 
69 28 32 
20 25 68 21 18 60 22 85 52 21 78 92 79 70 97 37 1 47 30 77 91 5 54 15 4 34 29 67 93 79 43 82 30 23 43 75 20 68 59 96 37 17 29 40 62 25 15 53 75 30 71 36 54 54 17 85 46 72 9 49 19 73 96 81 57 49 7 40 29 
59 46 28 60 26 21 66 61 42 32 16 53 1 67 34 1 55 2 42 41 48 5 26 36 28 20 1 18 
2 2 8 8 12 12 15 15 24 28 34 35 35 35 39 39 40 41 49 49 58 59 68 69 74 79 90 95 
56 44 53 
68 11 37 78 76 19 52 84 84 87 18 12 59 29 73 36 73 54 3 54 2 58 5 18 73 32 15 45 31 51 21 51 53 87 84 47 75 63 67 68 83 21 17 64 22 77 40 41 86 48 63 36 98 71 57 49 
6 15 3 6 50 32 20 43 10 27 39 47 45 39 41 11 4 35 30 43 10 41 16 39 25 7 18 51 14 31 23 33 19 38 26 25 32 33 1 7 12 35 35 10 
1 6 6 7 10 11 11 17 20 21 21 22 24 26 28 28 31 33 33 34 35 40 43 44 46 51 51 52 53 55 58 59 60 61 62 62 63 66 66 73 76 77 77 99 
32 30 78 
43 99 64 90 46 52 46 52 47 48 19 59 8 79 72 79 24 61 51 29 96 96 22 8 96 6 49 72 21 67 81 38 
24 16 16 20 16 11 8 22 21 13 13 18 27 7 22 19 18 24 6 29 12 17 16 24 19 12 2 4 18 7 
3 7 10 14 15 18 21 30 33 33 34 43 45 47 50 51 52 53 54 62 64 68 69 73 87 89 91 100 100 100 
47 70 65 
43 85 7 50 80 2 75 34 76 25 98 77 87 97 45 21 79 70 33 91 43 26 91 9 30 79 47 22 48 82 68 18 84 97 99 62 18 10 22 88 87 50 44 84 50 78 55 
36 22 35 18 40 1 24 42 45 16 20 13 45 16 5 33 33 6 29 31 10 33 29 3 34 27 44 30 38 35 28 44 40 4 28 8 22 7 38 35 23 22 12 10 3 27 9 4 23 3 41 37 27 2 2 2 24 13 35 29 21 9 23 18 46 16 33 22 5 30 
1 3 5 5 7 7 7 10 10 11 11 13 19 20 20 23 24 24 25 26 28 30 31 31 32 32 33 33 34 35 35 36 38 40 41 42 42 43 43 48 50 51 53 53 54 56 56 57 58 64 65 68 69 73 73 74 76 80 81 85 85 86 86 87 87 91 97 97 98 100 
9 47 20 
15 80 5 77 36 96 39 35 58 
1 3 1 6 2 9 4 4 7 1 2 6 2 2 8 1 5 4 4 7 2 8 6 9 4 7 8 8 6 6 5 4 3 2 9 3 2 4 3 3 7 7 9 7 5 3 9 
4 5 8 9 15 16 18 22 24 26 28 28 29 35 38 40 41 43 44 44 46 49 49 53 53 54 55 59 59 62 64 65 65 66 69 69 70 70 70 71 73 73 73 89 90 93 94 
33 75 51 
9 22 33 14 36 85 98 39 48 39 87 82 67 77 32 68 36 14 32 24 96 72 89 22 36 61 71 68 67 12 39 85 44 
10 23 16 13 27 9 3 27 22 16 22 5 25 6 25 10 19 6 5 15 20 26 17 5 8 4 5 32 24 14 5 12 18 32 27 15 4 17 33 19 1 15 21 19 31 20 28 24 15 15 15 20 25 20 20 9 19 4 25 13 14 8 17 3 32 18 21 11 8 25 25 3 18 11 26 
1 3 5 8 9 10 11 13 14 16 16 17 17 19 20 23 23 25 27 32 33 34 34 34 38 38 39 40 41 42 43 46 48 48 50 50 50 52 55 56 59 61 61 63 64 65 65 66 68 69 71 72 72 72 73 73 75 77 78 78 80 87 88 90 90 92 93 96 97 97 98 100 100 100 100 
43 70 79 
44 94 44 36 52 10 30 78 86 13 68 40 90 71 3 66 21 59 56 69 44 76 3 77 29 29 82 75 7 79 78 22 24 89 39 73 95 58 28 8 64 24 77 
20 37 18 31 8 31 39 6 16 13 29 5 11 42 13 37 16 24 22 38 26 43 14 16 37 6 31 25 17 41 29 37 7 35 12 14 15 31 16 24 24 42 15 17 8 2 40 12 15 23 28 6 3 3 13 41 17 15 1 18 39 41 19 1 31 31 43 19 38 11 
1 3 4 5 5 6 6 7 8 10 13 16 17 17 17 22 27 27 31 34 36 40 40 40 43 44 45 46 47 50 50 50 50 52 53 53 56 57 58 59 61 63 65 65 69 70 70 74 74 74 76 77 78 78 79 80 80 83 84 87 88 89 89 91 92 92 95 98 100 100 
58 53 14 
26 70 15 90 43 49 37 92 29 18 48 53 22 2 1 3 76 72 99 2 37 26 98 74 59 25 35 83 82 51 80 36 48 12 5 31 24 40 49 63 98 64 7 94 54 52 34 14 40 47 40 78 13 7 36 30 85 8 
12 1 43 6 20 43 29 17 27 12 13 39 43 22 58 33 27 2 45 45 30 2 32 51 55 17 12 10 38 49 42 49 11 58 14 35 38 10 41 19 36 30 6 15 34 23 57 35 19 50 16 43 12 
1 1 1 1 2 4 7 8 9 12 14 14 16 17 18 20 22 22 23 25 26 29 34 36 36 36 37 40 41 43 45 51 52 52 56 59 59 60 70 74 76 79 80 81 83 84 86 87 88 89 92 94 100 
51 36 67 
21 37 34 88 3 77 80 72 55 33 82 67 91 84 11 6 95 93 16 6 17 53 38 58 88 90 16 64 39 63 44 76 50 62 64 8 88 38 53 12 50 42 42 78 49 65 7 86 3 32 14 
42 22 16 11 37 49 19 19 19 6 33 27 51 21 47 10 35 49 4 39 29 44 50 42 38 16 21 5 4 51 4 38 23 20 47 21 
8 17 20 20 21 26 30 32 34 35 40 44 45 47 48 50 51 52 57 66 67 68 71 76 76 81 82 85 85 86 87 88 90 90 100 100 
17 13 44 
72 9 63 87 73 29 84 86 100 77 44 56 13 54 69 29 80 
16 9 15 10 6 13 1 14 15 6 4 14 14 
14 14 15 15 16 18 29 31 34 39 52 83 95 
18 70 38 
84 81 34 91 68 39 63 36 86 7 53 2 52 43 96 11 63 78 
17 7 11 5 1 1 13 17 13 11 2 13 5 5 11 6 2 5 6 17 6 18 1 7 16 1 17 14 4 2 4 7 5 4 15 13 1 2 4 5 7 4 3 15 6 10 10 9 9 1 1 10 6 4 14 10 15 7 13 5 4 11 10 10 8 7 17 10 11 6 
2 4 4 6 7 8 10 10 15 21 22 22 22 27 27 28 30 31 33 33 33 34 36 36 42 43 45 46 47 47 49 51 52 52 56 56 57 59 59 59 62 65 66 66 66 69 69 72 77 81 83 83 84 84 85 86 86 86 86 88 90 90 92 92 92 96 98 98 99 100 
11 73 92 
90 32 90 75 66 35 70 95 34 68 17 
6 1 10 5 3 6 3 1 7 1 5 8 3 6 10 2 6 8 7 4 11 7 3 11 10 7 7 6 9 11 1 4 9 3 3 3 7 8 3 8 8 8 9 2 4 9 9 8 5 6 8 11 1 6 1 11 3 7 1 7 3 4 1 8 11 3 7 9 7 1 9 5 3 
2 4 4 5 6 8 10 10 10 12 13 16 17 17 19 21 24 27 28 29 31 33 36 37 38 39 40 42 42 43 45 47 47 48 48 49 50 51 51 51 51 52 52 55 56 57 62 63 63 63 64 65 66 66 66 68 71 72 76 76 76 77 78 81 84 84 84 88 92 92 96 98 99 
83 83 42 
19 92 12 59 31 23 62 48 8 99 70 95 84 24 42 22 36 55 38 5 6 5 88 30 41 4 77 10 22 85 83 30 22 67 61 61 20 94 4 84 12 64 28 76 83 96 74 76 69 69 54 82 19 10 71 88 21 88 52 84 64 13 3 91 61 24 77 27 58 79 74 50 31 36 97 4 39 53 7 40 73 59 17 
68 45 41 48 8 53 44 58 82 56 51 65 46 34 59 25 10 45 75 20 20 33 77 19 66 33 35 29 44 80 55 36 44 48 46 31 82 1 54 9 58 82 69 60 58 60 65 76 39 73 22 40 7 50 49 75 34 32 34 37 59 25 10 41 58 13 27 72 51 82 12 72 18 19 57 42 74 49 71 24 70 83 31 
3 4 4 4 7 8 8 11 11 14 15 17 19 19 20 20 20 22 22 23 24 24 24 25 27 29 30 34 34 34 35 37 38 39 40 40 44 45 45 47 48 48 50 51 52 53 54 54 55 56 57 57 58 61 61 62 63 63 65 68 68 69 71 74 80 81 81 81 82 82 84 86 89 90 91 91 92 92 92 95 96 99 99 
54 36 84 
81 7 88 41 62 66 16 14 98 6 77 49 32 28 2 23 65 97 4 99 14 32 34 64 83 92 90 15 49 68 71 51 78 69 78 95 64 60 76 94 31 77 74 63 60 24 28 67 60 16 92 69 83 5 
26 14 54 9 31 38 49 47 21 2 24 52 29 26 34 6 35 26 11 28 10 31 37 2 39 13 15 8 4 21 8 15 33 29 24 32 
1 2 4 13 15 20 28 34 34 35 35 35 38 38 39 40 42 45 46 48 52 54 56 59 61 66 70 73 83 85 87 89 89 95 95 100 
39 16 91 
6 65 79 46 4 75 9 94 37 58 42 50 14 98 34 75 46 58 64 31 29 96 1 72 87 7 9 40 54 39 35 91 47 94 14 84 44 56 63 
39 16 6 23 29 15 5 21 16 35 16 21 13 23 39 26 
19 22 27 37 42 52 65 70 70 72 80 83 84 85 89 98 
77 83 62 
61 1 89 25 76 91 2 46 31 59 74 48 100 65 56 94 14 2 96 45 54 75 24 33 21 89 44 20 31 39 47 97 91 57 60 67 86 89 35 65 26 90 42 86 5 53 32 26 58 85 93 71 15 15 87 86 45 42 77 26 86 38 67 4 30 64 57 62 72 6 5 77 63 47 96 26 66 
13 7 27 71 21 25 68 31 53 52 76 53 3 34 46 46 24 25 45 3 6 25 57 52 13 31 24 32 22 45 19 57 64 12 36 22 8 54 11 8 34 47 45 12 59 28 20 12 11 75 52 32 10 10 56 4 56 19 45 66 49 56 5 17 36 40 6 66 28 49 28 22 13 4 17 3 39 74 77 4 15 19 37 
4 4 4 5 5 6 8 10 14 17 18 20 21 21 23 23 25 25 26 26 27 27 29 30 31 32 33 35 35 37 38 39 40 40 41 43 45 47 49 49 51 51 52 53 53 53 54 56 58 60 61 61 62 68 72 73 73 75 76 77 77 77 79 80 80 80 83 83 83 83 85 87 88 90 90 90 93 94 94 95 97 100 100 
10 83 73 
22 23 2 98 62 46 61 55 28 85 
1 9 1 7 1 2 7 1 6 1 3 8 8 6 1 1 8 7 5 4 1 8 3 7 8 5 8 10 2 1 2 4 1 2 5 1 1 4 9 7 2 1 9 3 4 4 10 2 1 6 1 9 4 5 3 9 2 7 5 7 8 8 1 3 6 8 5 3 4 1 8 10 3 1 8 8 6 1 1 4 9 1 3 
2 2 3 7 8 9 10 11 16 16 17 18 19 20 21 22 26 27 28 30 34 35 36 37 38 42 43 43 44 45 47 48 50 50 51 52 54 55 56 57 58 58 59 59 61 63 63 64 65 66 68 69 70 71 72 72 74 77 77 78 78 79 79 80 80 82 84 85 85 85 87 88 89 89 91 94 96 96 97 100 100 100 100 
68 35 17 
58 100 74 33 16 100 89 42 18 75 51 26 1 95 94 39 45 11 90 88 31 16 47 38 98 25 58 86 9 76 88 32 74 19 27 16 26 37 68 39 8 14 15 12 87 36 11 72 60 53 22 43 55 54 18 73 71 38 85 22 5 56 74 38 49 97 92 55 
11 12 28 13 45 17 40 11 34 68 7 24 28 68 1 66 63 43 15 24 57 60 52 60 31 53 19 57 54 46 14 1 40 44 36 
1 2 10 11 11 12 17 19 22 30 35 36 39 40 42 42 46 47 48 50 53 53 59 72 73 74 79 79 80 80 83 85 86 91 100 
49 80 49 
65 94 92 33 73 1 98 96 55 45 5 64 40 56 92 71 69 96 70 62 2 33 91 11 14 1 7 99 78 41 29 96 65 85 65 91 28 6 26 88 67 14 100 83 65 32 1 16 48 
17 33 49 23 12 1 41 15 29 12 40 40 7 46 6 45 25 19 48 3 26 42 5 36 35 2 41 5 9 14 33 20 39 20 33 16 10 48 27 43 39 11 16 21 2 48 45 9 46 27 3 26 40 45 41 7 25 23 47 16 30 5 17 7 2 41 29 48 12 47 29 2 26 7 33 21 1 17 29 14 
4 4 4 8 12 12 13 13 13 14 14 14 15 17 19 23 24 29 30 31 34 34 35 35 37 38 41 42 42 42 43 44 47 48 49 50 50 55 57 60 61 61 62 62 62 63 64 64 64 65 66 67 68 69 71 72 72 73 73 75 75 76 77 78 80 80 81 83 86 86 89 89 90 90 91 93 94 96 96 99 
7 59 3 
76 85 15 48 17 65 8 
7 1 2 3 4 6 2 7 7 7 4 7 6 6 3 3 3 2 4 7 4 4 7 2 4 7 7 5 5 5 4 5 2 5 3 1 4 6 5 2 6 4 3 2 1 4 7 6 5 5 7 7 3 5 4 4 6 2 5 
1 2 3 3 3 6 12 14 16 17 17 19 19 19 19 22 24 25 27 27 28 28 29 30 35 36 36 37 37 42 43 48 50 51 54 55 59 62 63 65 66 66 67 67 68 75 78 81 82 83 83 88 88 90 90 92 93 97 100 
10 44 12 
28 99 73 7 2 97 15 3 91 89 
1 4 3 6 4 5 5 10 2 4 8 3 4 2 7 9 10 6 6 8 2 3 2 3 10 2 8 5 3 5 5 2 9 1 3 4 1 3 6 9 7 9 9 10 
1 2 4 6 8 12 12 13 14 16 19 22 23 25 25 26 34 35 41 42 51 52 53 54 55 56 56 62 62 66 66 67 68 68 74 75 78 78 81 85 92 96 99 100 
37 39 81 
22 76 93 28 35 72 21 41 34 59 22 99 84 51 46 71 69 51 34 74 98 28 15 65 32 74 92 68 87 51 29 84 51 66 34 9 91 
26 6 23 18 26 8 1 16 19 31 20 31 1 5 7 10 20 11 27 13 20 28 24 19 11 24 12 13 17 36 17 4 14 30 26 35 26 8 7 
3 11 12 18 19 20 21 21 21 25 32 36 38 40 41 48 48 48 55 58 59 59 63 66 66 69 72 73 75 76 76 77 80 84 86 86 89 97 98 
80 99 22 
25 44 43 40 51 85 50 3 35 11 71 8 46 47 50 11 36 60 60 56 55 100 99 7 15 53 21 82 87 3 58 91 8 98 40 21 43 29 100 46 78 55 36 9 16 16 95 73 85 52 2 62 31 51 61 66 2 99 85 21 75 78 85 10 52 33 83 57 88 99 19 41 74 65 59 87 3 86 86 97 
58 74 39 22 33 12 37 15 14 1 49 67 39 17 72 44 62 8 4 37 44 34 70 21 74 48 18 37 60 39 70 3 74 39 56 15 44 57 12 34 50 50 47 15 45 52 2 18 78 20 70 53 24 38 49 17 68 20 75 65 50 30 56 49 54 75 33 38 6 61 1 56 79 35 25 10 63 24 48 59 67 24 75 68 29 51 37 1 1 10 75 29 12 55 23 21 2 57 38 
1 2 2 2 3 4 5 5 7 7 8 9 9 10 12 13 14 16 17 18 18 18 19 20 20 22 22 23 25 25 26 26 26 30 31 31 32 32 32 32 32 33 33 34 35 38 39 40 40 41 43 43 44 45 47 49 49 50 50 51 53 54 55 55 56 57 57 58 59 60 61 65 65 65 68 70 73 73 75 77 78 79 80 80 87 87 88 90 91 93 94 94 95 96 96 98 98 98 100 
13 57 36 
28 46 85 42 84 52 67 78 86 84 36 26 12 
2 10 3 8 11 3 12 2 2 4 9 13 5 10 5 1 1 2 3 8 9 13 11 8 10 10 6 3 12 1 13 3 3 11 5 7 13 6 7 6 8 12 5 13 13 8 9 5 7 4 9 5 4 12 3 3 12 
1 2 4 6 8 10 11 12 13 19 19 22 27 29 31 33 33 33 35 36 40 40 42 45 47 50 50 52 56 57 60 62 66 66 69 69 69 71 72 76 76 77 78 78 79 79 79 80 82 82 83 83 86 87 91 92 97 
66 97 15 
74 38 52 93 47 2 66 83 33 87 43 83 52 23 3 40 38 87 49 43 4 65 71 47 66 7 74 10 94 25 60 61 12 33 88 92 42 14 72 99 62 14 14 34 23 94 81 99 89 44 20 49 68 47 41 47 92 68 52 8 58 20 39 83 81 99 
38 32 44 33 12 38 10 65 46 19 34 66 16 41 47 16 40 61 54 42 54 27 35 2 65 29 39 7 41 26 49 20 56 64 6 21 18 44 3 12 53 3 29 52 61 4 46 17 41 35 47 18 39 65 62 64 19 44 4 18 20 54 46 64 28 23 13 58 60 3 60 14 8 19 55 39 34 42 56 18 62 10 4 15 14 57 31 43 53 2 20 30 42 7 28 41 43 
1 1 2 2 3 4 4 6 7 8 10 12 13 14 15 15 17 18 20 21 21 21 23 23 24 24 25 25 27 27 27 27 28 29 31 32 32 32 34 34 36 36 36 37 37 39 41 41 43 44 45 47 50 52 52 53 55 57 58 58 61 61 61 61 61 63 63 63 64 67 69 70 71 72 73 73 74 75 76 76 77 80 81 81 83 83 84 85 86 87 87 92 95 95 96 99 99 
97 18 99 
52 66 69 77 35 63 83 53 41 80 93 7 21 9 56 8 93 67 10 70 65 24 2 53 67 87 13 14 64 88 52 70 73 76 2 60 67 80 78 87 45 61 70 12 95 9 52 32 25 49 30 12 38 66 57 61 67 89 70 16 56 83 64 80 41 6 47 27 7 56 82 34 53 18 49 17 70 16 37 24 65 12 28 88 93 16 59 41 72 70 43 4 70 79 28 6 91 
42 14 42 96 96 47 25 18 28 62 67 90 80 73 14 43 62 38 
3 9 12 13 23 36 41 42 44 45 45 52 55 58 67 75 87 87 
3 79 12 
53 8 41 
1 2 1 3 2 2 3 1 2 1 1 3 3 2 1 2 2 1 3 3 3 3 2 1 1 3 2 2 2 3 1 2 1 3 1 1 3 2 3 2 2 1 2 3 3 2 1 2 1 2 1 2 1 2 2 2 2 2 3 2 2 3 2 1 2 1 1 1 1 1 3 1 2 3 2 3 1 1 1 
1 6 7 7 7 8 9 9 10 10 12 14 15 16 21 21 22 22 23 25 25 25 26 26 28 28 29 33 36 39 40 40 46 46 47 50 50 50 53 55 55 57 58 59 61 61 61 62 62 64 64 66 67 67 68 70 70 71 72 73 73 73 75 80 82 83 83 83 86 87 88 88 89 89 91 93 94 96 97 
2 91 99 
6 56 
2 1 1 1 2 1 2 2 1 1 1 2 2 1 2 2 1 2 1 2 1 2 2 1 2 1 2 2 1 1 1 2 2 1 2 2 2 2 1 1 2 2 2 2 1 2 1 2 1 2 1 2 1 1 2 2 1 2 2 2 2 2 2 2 2 2 1 2 1 2 2 1 2 1 2 1 2 2 2 1 2 2 1 1 2 2 1 2 2 1 2 
1 2 4 6 6 8 9 10 11 12 12 12 14 15 19 19 20 22 24 26 28 28 28 30 31 32 33 33 34 35 36 36 40 40 41 42 43 44 44 48 51 52 52 53 53 54 55 56 60 60 62 62 63 64 64 66 70 70 71 72 74 75 76 76 77 77 79 79 80 81 82 82 82 83 86 87 88 88 89 89 89 89 90 90 91 92 94 96 98 99 100 
62 50 70 
81 45 33 4 6 28 77 66 91 51 17 58 16 74 54 64 9 31 88 7 57 60 17 1 61 50 76 2 66 93 79 36 35 44 98 74 33 13 65 22 72 74 24 6 71 59 9 31 57 96 74 9 52 56 6 8 27 24 64 67 3 70 
33 46 44 43 44 59 25 23 6 60 44 22 11 43 56 28 26 27 58 11 46 7 11 12 23 54 31 3 28 4 13 23 47 51 14 59 53 22 12 9 58 46 9 39 57 15 47 56 11 52 
1 7 8 8 10 13 14 14 15 18 20 20 22 26 27 28 28 29 30 34 35 36 36 39 41 44 48 52 54 57 59 62 63 65 68 71 74 75 76 78 79 79 81 81 83 83 85 96 99 99 
6 77 80 
62 46 69 23 7 36 
2 5 5 5 2 4 3 3 4 5 2 1 2 2 1 4 5 2 1 6 4 4 3 3 6 1 4 3 4 3 5 3 3 6 6 5 3 2 6 5 2 6 6 4 1 3 2 2 5 5 1 6 4 4 4 6 4 2 2 6 5 3 4 6 5 5 2 6 1 3 2 4 6 5 1 6 6 
1 1 2 2 3 4 5 6 7 8 8 11 12 12 15 19 20 20 26 26 27 32 33 34 35 36 36 37 38 39 42 42 42 45 45 45 46 46 46 48 49 49 50 51 52 52 52 55 55 56 57 59 62 64 72 73 74 76 84 86 87 87 88 88 88 91 92 95 95 95 96 96 96 97 97 98 99 
7 87 41 
2 14 54 27 49 72 75 
1 4 7 5 7 6 7 2 3 3 6 1 1 5 4 2 5 2 7 4 1 6 5 1 4 7 1 5 2 5 5 7 6 3 6 6 2 3 5 7 4 1 6 5 1 3 1 7 1 5 2 2 7 6 3 5 6 2 1 2 7 7 4 5 3 7 1 3 3 2 2 4 1 2 1 7 3 5 4 2 6 6 3 4 2 7 5 
1 1 2 3 5 6 7 8 9 10 10 12 13 13 13 16 18 19 21 27 27 28 28 28 28 29 34 34 36 38 41 42 43 44 44 46 46 46 49 50 51 52 54 55 56 57 57 58 59 60 60 63 67 68 68 68 68 69 70 71 72 72 74 75 77 78 78 79 79 79 81 87 88 88 89 89 89 90 90 90 91 91 92 93 95 96 96 
44 39 88 
50 94 58 65 70 63 23 22 33 8 35 39 85 53 5 62 7 94 22 35 37 64 32 44 1 77 6 85 5 58 15 68 11 97 35 19 28 19 12 30 100 68 36 84 
6 10 9 42 11 9 30 43 28 28 24 16 9 9 1 11 20 35 44 28 16 9 27 4 40 24 43 14 31 22 22 8 1 37 39 35 28 18 23 
3 4 5 6 10 11 15 15 21 21 23 25 35 39 40 41 44 48 49 51 51 52 57 58 62 64 67 68 68 69 76 81 81 83 89 92 94 96 98 
3 61 82 
96 64 48 
3 2 2 3 1 3 2 2 3 1 1 1 3 3 3 2 1 2 1 2 2 2 1 3 3 2 1 2 2 2 2 3 1 2 3 3 3 2 2 3 2 3 1 1 1 2 2 3 1 3 3 3 3 3 2 2 2 2 1 2 1 
11 12 15 16 18 19 20 20 21 22 26 26 27 29 32 32 33 35 38 39 39 40 40 42 48 49 50 51 56 57 57 58 59 60 63 63 64 66 67 75 76 78 79 79 81 83 83 84 84 84 85 87 88 89 90 92 92 93 96 97 99 
80 31 47 
8 65 65 45 5 27 88 91 91 40 34 60 60 7 97 13 22 95 20 1 79 29 34 27 28 19 100 41 2 22 94 7 69 68 56 69 75 9 59 1 86 67 88 21 38 4 10 57 100 27 95 46 87 52 84 24 20 70 34 25 47 63 46 75 50 51 18 55 54 37 2 97 69 44 45 42 65 97 15 76 
36 79 80 52 29 31 56 80 19 38 67 20 50 18 65 68 30 16 30 25 60 61 32 22 48 70 9 54 33 31 29 
1 7 8 8 9 12 13 21 22 24 24 25 41 41 41 50 53 53 54 54 54 54 57 59 63 64 79 82 85 93 100 
34 76 4 
18 47 79 27 31 12 79 32 36 29 15 73 32 2 89 9 39 71 23 49 35 34 6 13 50 50 33 85 24 73 91 28 78 10 
6 13 7 18 12 3 19 24 8 25 14 23 32 19 24 6 22 18 21 18 3 32 18 20 30 14 17 27 24 26 32 16 21 3 21 11 5 16 32 26 19 3 3 5 24 9 32 30 5 33 9 13 31 2 29 30 14 26 5 5 23 12 18 28 21 33 19 31 22 1 3 5 10 7 22 30 
1 3 4 8 8 9 11 11 13 14 14 15 22 22 23 24 25 27 31 32 32 32 33 33 33 34 36 40 40 41 43 44 46 47 50 51 52 53 55 56 56 58 58 59 63 63 67 68 69 69 71 71 71 72 73 74 75 75 77 81 81 83 84 85 86 87 87 87 87 88 91 91 92 96 98 99 
14 93 4 
20 71 76 2 7 17 72 87 61 8 82 88 80 66 
1 9 2 6 10 13 3 14 8 6 1 11 11 13 8 10 13 7 9 1 3 8 1 11 9 3 1 4 11 11 1 1 11 8 3 13 9 4 12 14 12 7 5 13 13 8 9 6 2 9 8 9 7 5 5 12 7 3 14 5 8 14 13 4 5 8 11 10 2 14 5 12 4 14 4 7 9 4 7 14 1 8 8 6 5 7 5 11 8 7 4 11 8 
3 3 4 6 6 6 7 7 9 9 10 10 11 12 12 13 18 18 22 24 25 25 27 31 31 31 32 32 36 36 36 36 38 39 41 42 43 46 49 50 50 50 52 52 52 52 52 54 55 55 55 56 60 60 61 64 66 67 67 69 70 70 70 71 72 72 76 76 76 76 77 78 81 82 84 85 86 87 88 89 89 90 94 95 95 95 96 98 99 99 99 99 100 
53 30 23 
42 12 13 56 80 23 69 98 85 53 52 42 52 5 70 51 18 46 53 69 14 59 88 62 20 14 15 11 96 59 36 69 22 70 64 52 32 77 56 22 28 57 47 33 10 40 98 82 10 99 35 41 45 
11 38 6 49 20 34 37 51 35 3 5 36 3 9 15 15 38 24 34 16 47 43 6 28 25 16 26 31 49 42 
11 11 18 18 21 23 26 28 34 40 43 53 56 60 60 63 70 70 70 71 71 72 77 85 87 89 89 92 93 95 
32 95 18 
59 9 43 13 77 44 65 18 49 43 36 89 86 65 62 54 91 23 29 61 92 58 7 48 77 6 35 67 58 19 63 81 
3 26 30 26 15 9 5 22 12 23 17 29 19 16 17 25 12 20 24 4 32 5 31 11 3 9 3 9 5 10 12 6 32 31 2 16 10 1 9 13 28 10 3 31 4 29 29 31 9 24 3 9 15 24 14 31 22 18 12 22 6 5 17 21 21 27 1 8 29 1 14 5 8 15 11 15 8 5 14 5 30 12 28 31 27 27 24 22 11 4 12 16 9 21 25 
1 5 5 6 8 9 9 13 15 15 16 17 17 18 21 26 27 27 28 28 29 29 29 30 31 33 33 34 36 37 38 39 39 40 41 41 43 44 44 45 46 47 47 47 48 48 49 49 52 55 55 55 57 58 59 60 60 61 61 62 63 63 68 69 69 69 71 71 72 72 73 74 74 76 76 80 83 83 84 87 91 91 92 93 93 93 94 95 96 96 96 98 98 98 99 
27 41 93 
63 42 29 34 70 91 25 27 30 25 87 26 49 77 36 47 16 34 61 77 41 7 60 81 5 88 95 
15 2 8 2 24 17 23 4 6 11 3 15 17 26 17 6 21 22 24 25 24 20 24 15 6 18 3 21 7 12 20 19 20 5 3 22 15 20 8 13 25 
16 17 20 22 27 31 33 37 38 40 43 46 49 49 52 57 57 59 60 61 62 63 64 65 65 71 71 72 74 76 78 81 81 81 83 83 83 91 93 94 96 
22 85 100 
40 10 53 59 76 7 40 27 52 84 15 44 1 56 9 19 92 52 17 83 47 72 
5 18 22 18 17 18 10 4 8 20 11 22 10 3 16 18 12 19 10 9 12 15 13 12 14 22 19 21 12 14 2 3 5 12 11 7 18 12 12 12 5 17 14 22 13 20 12 8 13 1 8 4 5 10 12 1 16 16 19 13 8 5 14 2 17 12 1 5 5 2 14 13 18 19 16 12 4 21 17 18 16 2 14 10 15 
1 5 5 6 6 7 8 9 10 11 12 12 15 15 16 16 16 17 18 20 20 21 21 23 23 25 26 29 32 33 34 37 37 37 38 38 39 40 43 43 45 46 46 46 47 49 50 51 57 58 59 59 61 65 66 67 68 70 71 71 72 73 75 75 76 77 78 79 80 80 80 81 83 86 89 90 91 92 95 97 98 98 99 100 100 
95 54 25 
52 20 82 62 87 48 21 79 69 11 35 20 1 32 60 39 77 32 15 94 20 36 95 75 18 85 11 3 16 17 84 59 6 77 22 31 29 33 39 66 95 21 32 10 21 18 14 72 100 60 65 81 84 51 38 46 62 80 18 58 35 28 30 98 44 93 99 20 45 100 55 69 98 6 58 42 100 66 74 46 31 1 50 31 60 82 87 14 47 33 13 52 3 91 25 
69 29 51 61 72 19 63 6 83 63 38 26 61 66 82 54 31 64 60 25 76 40 16 1 28 54 31 30 89 41 17 54 72 17 86 80 38 78 56 46 83 31 29 36 53 33 84 59 60 68 95 67 28 94 
1 2 5 7 11 12 15 19 20 23 24 27 28 29 34 35 37 37 38 39 42 45 51 52 52 53 55 56 57 60 61 62 63 64 64 66 69 72 72 74 74 74 74 79 86 86 86 89 89 90 91 93 96 96 
19 100 71 
82 32 54 32 98 97 3 61 58 79 54 28 28 16 74 28 32 5 5 
17 8 18 5 11 2 9 18 11 13 1 17 6 17 9 9 10 8 16 8 11 8 17 5 9 8 16 2 14 12 18 17 13 15 5 1 18 19 17 14 18 2 19 6 18 17 15 16 12 15 9 18 1 15 7 16 4 16 1 15 12 12 3 10 10 5 8 8 12 12 12 13 15 4 18 9 5 5 17 3 1 7 18 9 19 14 16 19 6 18 9 4 19 2 16 8 18 15 16 13 
1 1 1 3 3 3 4 6 9 9 11 11 13 13 14 14 14 14 16 16 17 17 18 19 19 21 21 22 24 24 27 28 29 30 35 37 38 38 38 39 39 39 42 44 45 46 46 46 47 47 47 47 47 50 51 52 52 54 55 55 57 59 64 65 67 68 68 68 68 71 74 74 74 75 78 79 79 81 83 85 85 87 87 88 89 90 90 90 91 92 92 93 95 97 97 97 98 98 100 100 
89 49 81 
64 8 82 55 37 25 71 6 33 87 41 99 62 84 19 85 64 65 60 25 81 26 40 79 11 84 63 27 25 29 46 17 29 6 91 62 58 92 47 3 51 80 15 57 99 37 89 56 11 4 1 46 53 43 28 47 82 92 48 10 45 68 10 39 19 8 57 13 11 36 60 84 28 67 36 3 41 99 16 92 85 34 86 76 100 95 15 90 86 
75 28 80 84 76 77 89 35 15 79 54 39 63 42 21 54 64 66 51 14 53 70 51 85 19 23 1 2 46 65 80 8 76 24 32 63 71 42 82 81 62 61 61 8 11 85 74 75 56 
2 2 7 10 14 15 15 17 23 24 25 28 28 29 30 33 35 36 39 39 40 43 43 44 45 48 55 57 58 59 61 62 65 66 67 69 69 72 72 79 81 84 93 93 93 94 98 98 98 
76 26 25 
59 59 53 17 45 46 29 63 72 95 97 53 60 29 62 87 38 76 24 26 7 63 68 74 1 24 47 70 62 62 76 29 80 6 23 41 81 84 23 4 19 50 27 35 92 35 82 48 84 38 45 44 20 6 61 37 28 38 86 50 76 62 14 25 29 60 27 34 35 1 73 58 86 97 100 27 
10 42 43 44 40 57 65 41 24 15 29 59 25 50 49 58 71 41 71 1 37 46 73 44 58 3 
4 12 14 14 20 25 28 29 31 31 42 49 52 57 60 65 66 66 67 68 80 82 84 85 89 89 
48 41 83 
78 100 40 78 45 58 15 78 39 3 71 77 48 3 48 53 34 72 46 91 77 46 98 98 65 33 47 79 8 14 19 2 69 31 61 72 87 95 95 18 64 6 4 30 37 39 91 85 
27 12 16 21 36 6 21 8 28 43 14 18 4 32 6 9 44 44 5 23 9 12 35 42 34 28 6 7 20 24 28 28 22 15 36 17 22 1 23 26 34 
1 8 9 13 16 20 21 24 26 27 29 30 33 35 37 38 42 43 44 44 45 46 47 53 54 55 59 64 66 67 67 77 78 83 85 85 92 95 96 97 99 
14 37 57 
51 35 32 26 49 53 38 73 71 97 17 31 83 22 
12 8 13 9 6 3 8 9 1 3 1 2 9 3 8 2 12 2 3 2 4 13 3 8 12 6 4 3 5 8 2 13 11 10 13 5 14 
1 1 1 2 4 5 9 11 12 13 14 20 21 21 22 27 29 30 30 31 31 33 34 35 50 51 58 59 66 71 75 82 85 91 93 96 99 
61 11 81 
76 87 1 35 60 42 70 62 95 93 33 46 3 91 38 90 11 33 59 67 48 2 73 3 46 65 21 17 6 44 68 80 43 84 45 10 93 22 24 5 62 21 68 19 38 89 42 67 17 4 18 44 28 31 72 49 62 2 51 66 26 
5 11 48 37 35 58 3 59 5 38 11 
7 12 15 19 20 50 52 58 64 64 80 
23 51 60 
97 35 81 83 37 26 74 95 8 14 21 3 31 86 37 98 16 64 9 4 8 12 31 
7 21 14 5 18 14 14 22 17 20 8 13 22 12 19 6 18 6 3 13 4 15 13 13 23 18 16 5 2 15 8 10 1 11 10 4 11 9 23 15 18 13 22 19 20 15 16 21 2 2 17 
1 2 5 6 6 8 8 10 17 19 21 21 23 24 25 26 31 32 36 37 38 38 42 43 44 45 46 50 52 53 57 58 63 65 67 69 75 76 79 79 82 83 85 86 87 94 94 95 96 96 100 
26 73 92 
94 9 52 21 99 41 2 62 72 59 16 29 40 39 57 47 51 33 97 58 2 83 17 72 11 22 
23 23 20 12 17 12 19 9 13 21 21 23 26 22 2 18 24 23 2 6 3 23 1 5 23 25 2 14 23 10 22 25 19 2 25 20 21 6 10 18 13 21 9 24 3 24 21 12 9 17 11 3 14 24 7 9 12 18 19 4 18 8 25 25 13 20 24 11 15 3 18 15 13 
1 3 5 7 8 8 9 10 12 18 19 21 23 24 27 28 29 30 31 34 34 39 42 42 42 43 44 44 45 46 47 47 50 52 54 54 56 58 59 62 65 65 66 66 69 70 70 71 71 75 75 76 76 77 77 81 82 87 87 87 87 89 90 90 91 92 95 95 96 99 100 100 100 
56 85 77 
44 9 7 74 40 33 17 52 53 36 26 52 40 37 35 10 75 49 5 85 61 18 8 47 58 11 58 74 55 6 46 35 81 21 71 42 20 4 93 72 100 39 58 85 91 4 49 70 13 92 23 54 33 38 20 13 
41 26 27 2 37 7 2 13 45 40 25 42 9 18 32 45 19 39 48 28 29 20 11 39 44 48 10 1 37 16 41 38 50 39 48 5 24 27 49 20 16 43 56 34 33 44 28 31 7 27 25 8 42 44 32 7 53 49 52 24 40 47 49 22 53 26 18 19 28 9 23 14 51 4 34 15 46 10 12 14 39 39 17 50 18 
1 1 2 5 5 5 6 6 6 7 7 7 7 9 12 14 16 17 18 19 20 20 21 21 24 25 26 26 26 27 27 29 29 30 32 33 36 39 41 42 43 43 46 46 47 47 48 53 56 57 59 59 60 60 61 63 63 64 69 69 70 70 71 72 73 76 77 79 80 80 81 81 83 83 84 87 87 88 89 91 93 97 98 100 100 
32 2 6 
36 55 21 74 61 52 24 77 64 71 6 72 30 13 33 81 82 47 21 15 84 8 82 34 87 54 37 52 83 58 77 11 
20 27 
81 83 
65 21 85 
76 8 84 10 44 89 92 60 91 64 74 10 1 37 96 97 67 17 3 69 51 78 46 94 66 96 87 80 9 99 60 82 36 58 70 69 86 54 89 43 15 28 35 52 96 13 16 81 93 56 54 12 1 58 59 96 78 57 32 18 30 3 34 26 24 
32 61 52 11 40 2 31 62 47 55 65 47 2 64 65 8 56 25 34 42 3 
8 11 13 22 23 37 39 44 55 65 72 78 82 85 85 86 91 97 97 98 98 
9 50 47 
92 76 58 55 5 57 80 97 49 
7 7 9 3 7 9 7 7 6 8 8 7 3 8 2 9 5 3 6 5 5 2 4 5 9 5 1 3 6 8 8 8 7 6 3 6 6 9 2 6 2 5 1 5 5 5 1 3 8 9 
3 5 7 7 8 9 17 24 28 29 31 31 31 33 34 35 37 37 38 40 43 44 47 49 52 52 52 52 54 59 61 62 63 66 68 71 74 75 76 78 82 84 86 90 95 97 98 99 99 100 
87 62 96 
85 74 1 75 5 2 91 100 47 70 79 15 92 17 74 40 18 57 63 63 23 75 35 95 58 19 11 53 73 87 85 89 27 60 82 66 76 86 15 33 55 90 31 23 28 6 34 83 19 100 76 36 45 4 93 93 87 72 32 80 28 50 50 49 96 21 75 66 87 41 12 72 27 57 47 61 30 24 44 74 16 76 89 81 74 18 70 
67 37 78 58 49 38 5 4 27 47 71 33 20 7 64 35 22 50 57 40 45 9 84 6 86 49 31 76 19 12 53 16 35 69 43 13 61 17 17 70 14 8 62 57 56 78 9 45 77 79 66 62 48 75 27 61 49 18 40 60 37 24 
1 3 4 5 5 7 9 11 12 13 14 15 15 17 19 19 20 24 25 28 30 31 32 34 34 36 38 38 43 44 49 50 50 50 51 53 53 55 59 60 60 65 68 76 76 78 80 80 84 85 86 86 86 89 90 91 92 93 95 95 95 99 
60 6 66 
38 66 87 58 22 38 66 11 37 45 33 96 33 65 18 61 77 69 28 83 80 61 64 74 72 76 22 3 70 28 22 39 29 82 83 58 100 59 8 37 8 20 90 59 23 14 86 6 91 86 39 70 22 27 59 8 48 50 100 57 
47 7 54 54 35 37 
3 9 28 82 94 96 
82 94 88 
17 27 99 75 56 69 80 74 72 47 87 6 11 93 89 71 32 87 48 55 31 43 67 55 80 66 72 25 4 84 12 38 35 17 37 99 33 79 15 42 12 55 76 79 67 56 2 8 41 87 39 99 78 84 1 62 67 38 44 25 94 16 39 89 44 29 15 60 78 73 72 42 35 85 99 67 56 79 9 67 87 55 
71 77 72 22 67 28 14 77 21 76 80 68 59 54 78 34 36 72 33 48 59 73 14 53 47 2 57 42 40 8 64 75 51 10 73 34 56 58 13 21 28 78 74 47 1 41 7 50 73 33 34 20 61 78 16 43 41 14 8 72 11 10 75 78 10 18 45 73 34 63 67 23 24 57 62 38 44 71 10 23 24 38 14 13 47 33 79 3 73 47 3 73 38 28 
1 3 3 4 4 4 4 6 6 7 8 8 9 10 10 11 11 12 12 12 13 13 14 17 17 17 18 19 19 20 23 24 24 25 30 35 36 36 36 37 39 39 39 39 40 41 41 42 42 47 49 50 51 52 53 54 58 60 61 62 64 66 71 71 72 75 76 76 77 81 81 82 83 84 85 85 85 86 88 89 89 89 92 94 94 94 94 96 97 99 99 99 100 100 
56 87 71 
4 67 80 46 49 50 26 77 30 64 45 100 66 51 60 87 39 52 54 92 97 36 7 40 44 49 62 37 59 97 84 98 54 9 83 58 64 86 32 91 90 60 65 87 85 95 62 43 79 86 80 60 85 57 65 51 
56 47 36 16 42 54 5 46 20 22 44 51 43 36 55 55 47 13 41 4 56 53 42 5 36 56 53 15 11 16 23 49 39 53 31 16 35 2 38 51 6 4 3 14 20 6 35 41 34 31 28 8 3 37 5 22 12 35 52 2 1 30 35 36 50 13 32 17 53 14 15 41 17 46 38 26 4 17 44 14 26 39 55 15 2 55 2 
3 6 6 8 10 10 10 12 13 13 16 17 19 20 21 22 22 27 27 28 28 28 29 29 31 33 34 34 34 35 36 36 36 37 38 39 40 41 41 43 43 44 44 45 46 48 50 50 53 55 55 59 62 62 63 63 63 64 66 69 70 71 72 74 76 76 80 83 85 86 86 88 89 90 90 91 91 92 92 92 93 95 96 96 96 97 99 
16 26 84 
95 25 97 85 29 18 20 97 89 89 73 51 58 48 96 96 
3 6 16 4 5 14 15 8 12 16 7 1 16 10 8 9 15 7 5 13 15 10 8 14 9 16 
8 10 11 12 23 24 28 30 32 32 40 41 44 49 52 55 55 59 61 70 82 82 84 91 96 97 
23 41 28 
49 6 100 52 87 37 8 78 13 80 56 60 51 59 14 9 57 2 42 71 48 72 87 
3 15 11 10 21 7 21 14 11 6 8 15 5 3 9 16 9 4 19 15 5 15 1 23 3 3 11 11 23 6 10 9 17 7 3 23 15 1 5 19 18 
2 2 15 19 22 24 25 26 32 35 35 38 38 39 42 42 43 43 46 49 49 56 59 60 60 62 65 66 73 74 75 78 83 87 90 90 90 91 95 98 100 
52 7 39 
18 81 56 39 60 1 7 68 82 61 66 64 4 27 55 54 52 79 5 71 34 99 23 34 59 20 19 16 64 45 67 10 87 67 60 9 94 84 79 36 6 1 81 77 12 55 85 57 86 5 70 54 
12 8 20 42 9 21 49 
15 15 22 26 44 50 65 
81 26 82 
32 78 50 65 87 81 25 98 12 25 44 17 14 1 81 51 48 10 88 34 69 50 54 14 58 26 44 38 49 88 32 24 21 8 27 100 67 80 20 99 4 68 86 45 45 8 31 100 31 19 49 32 73 59 90 21 40 90 100 48 94 55 44 90 67 99 27 86 8 49 95 10 47 45 79 66 60 61 66 25 85 
22 1 13 15 6 57 60 28 26 32 81 39 10 6 70 46 78 70 6 77 75 78 57 41 56 75 
2 3 11 13 13 16 20 23 36 41 48 52 54 55 58 60 64 66 67 69 70 73 77 85 87 89 
2 84 88 
38 96 
2 2 2 1 1 1 1 1 1 2 2 1 1 2 2 2 1 2 1 2 2 1 2 1 1 1 1 1 1 1 2 1 2 1 2 2 2 2 2 1 2 1 1 2 2 1 2 2 2 2 1 1 2 2 1 2 2 1 1 2 2 1 2 2 1 1 1 2 1 1 1 1 1 2 2 2 1 2 1 1 1 2 2 1 
1 2 5 5 5 5 5 8 9 11 13 14 14 14 15 16 18 20 22 23 25 26 26 26 26 27 29 32 32 34 35 37 40 42 43 43 44 46 47 47 48 50 50 51 54 54 55 55 55 55 56 57 58 59 59 59 61 62 64 64 64 67 67 70 73 76 76 76 77 78 80 81 85 85 86 88 88 89 92 94 97 98 99 99 
93 99 9 
83 72 90 50 6 30 29 36 99 57 90 13 9 2 39 49 90 37 75 21 51 9 20 39 55 72 72 76 5 33 21 60 40 73 68 30 40 30 85 3 63 15 14 33 66 46 29 67 11 91 24 62 40 25 72 8 94 43 50 70 52 1 95 54 22 50 82 30 2 22 64 7 74 97 35 18 8 55 16 73 88 27 8 51 92 43 26 21 18 18 11 56 66 
40 11 80 67 73 63 88 67 88 87 51 82 18 1 91 47 30 32 55 41 49 45 90 23 55 46 84 30 45 5 26 30 69 15 51 27 12 73 1 47 30 13 77 19 48 69 35 93 38 25 70 56 33 3 61 44 38 81 56 35 18 41 87 19 16 34 73 11 54 26 71 6 70 62 28 4 61 34 78 47 41 31 71 47 30 16 49 85 82 62 45 81 41 92 10 86 81 69 28 
1 2 2 3 4 4 4 5 7 8 9 10 10 11 17 18 18 18 18 18 20 22 23 24 26 27 27 27 27 28 28 29 29 30 31 31 32 33 34 35 35 38 39 39 40 41 42 42 44 45 46 48 48 50 50 50 51 52 54 55 55 57 58 59 59 61 61 62 62 63 63 64 66 67 68 69 70 72 73 73 73 74 75 79 80 80 82 85 85 87 87 88 92 95 96 97 99 99 99 
7 4 39 
14 23 83 79 93 6 98 
2 3 2 1 
24 27 47 75 
88 90 90 
64 43 39 62 7 43 10 14 23 69 69 53 37 11 38 32 58 91 95 74 31 10 13 55 22 36 86 59 3 85 24 97 8 55 56 84 63 98 53 19 9 24 59 33 84 95 7 19 23 68 87 99 70 47 84 37 21 69 16 73 34 17 71 69 63 36 17 96 86 97 61 68 91 25 81 97 56 68 63 48 88 76 50 91 23 37 74 86 
51 43 53 35 72 53 21 51 32 28 83 50 45 60 58 85 77 73 58 19 57 66 41 29 67 59 75 4 6 54 34 85 39 6 74 83 64 39 11 25 30 77 49 18 56 7 56 63 48 39 56 28 22 82 16 32 72 38 71 48 38 21 30 63 25 85 42 35 76 9 45 54 82 39 60 47 39 6 67 70 75 84 4 41 73 66 38 61 61 21 
1 3 3 6 8 8 13 14 15 17 17 18 19 20 21 21 22 23 23 24 26 26 30 31 32 33 35 36 36 37 38 39 41 42 42 43 46 46 47 47 48 48 48 48 49 50 50 51 51 52 52 54 55 55 57 60 62 63 64 65 66 68 71 72 72 74 75 76 79 79 81 82 83 86 87 88 88 89 89 91 91 91 92 93 94 97 97 99 100 100 
5 81 14 
13 25 8 58 34 
4 4 3 2 3 5 4 2 5 3 2 1 1 2 4 4 4 1 3 2 2 4 5 5 4 3 4 1 1 4 4 2 4 5 1 4 5 4 4 3 2 5 2 2 3 3 4 3 4 4 3 5 3 4 1 5 3 2 3 1 4 5 4 1 3 2 5 2 1 2 2 4 1 2 1 5 3 5 1 4 4 
3 6 7 8 9 11 12 13 14 14 15 16 16 17 19 19 19 21 26 29 29 29 32 33 33 34 34 34 35 42 44 46 46 48 49 49 49 50 52 55 57 58 59 59 60 62 63 63 64 66 66 68 71 72 73 73 75 76 76 79 79 80 80 80 80 81 82 83 86 87 88 89 91 94 95 95 95 96 98 99 100