50 144 50
12 30 3 8 9 15 16 27 36 10 30 1 23 40 40 15 28 16 44 46 23 24 27 11 12 36 48 12 35 25 2 18 42 36 8 23 6 14 24 17 11 33 49 37 28 48 42 11 21 21
2 19 528665746
48 36 140132314
19 19 648660330
0 2 384082387
2 23 532780172
29 46 181125030
44 28 982455028
0 23 462601970
0 23 200673287
35 13 916112511
42 20 564791217
19 0 692668859
39 6 661855535
2 23 640943311
23 23 189483450
23 19 618165533
19 0 960418084
8 41 679556171
19 2 594735292
23 0 155113673
0 2 752234724
2 0 825477352
31 17 600270443
7 9 151378103
19 0 777551536
23 23 9956054
33 10 889088071
23 0 758745071
2 24 172452749
0 0 737508006
19 19 703085066
5 21 213453265
23 0 794396485
0 2 224515062
0 2 844755024
2 23 866613586
0 23 185857824
19 0 754075475
23 23 42419226
0 19 341926791
2 2 908085277
19 23 787279906
19 2 23632556
23 23 150499316
0 2 924736968
23 2 198634492
16 42 971832601
19 23 918877382
22 12 549446362
19 23 534444409
23 19 449551067
23 2 85924636
0 0 398553753
2 23 117008429
19 0 906276318
19 23 758126260
2 0 83004879
0 19 653980480
23 23 127702472
21 44 330737425
1 34 609656915
19 2 524221704
14 39 191024214
0 2 794295950
13 15 657555146
28 3 45353842
23 23 644840146
0 23 889845094
2 23 275664795
0 23 584179838
19 0 428347466
19 2 897123641
0 19 280737961
0 19 234860859
19 0 112476423
4 43 665780805
30 31 237524044
2 19 983181021
3 32 445130940
27 29 350833429
2 2 648185881
23 19 905458695
19 2 507919706
23 0 549102376
19 23 84041931
24 47 278175063
18 8 691009995
2 23 124638610
20 48 857724089
23 2 721238651
32 45 175648946
0 19 539180924
23 19 453392409
2 19 646803499
40 22 787517245
0 0 298709486
9 11 200359748
23 23 51490401
0 2 98944449
19 0 916325335
23 19 570343736
0 19 657766680
19 0 706768501
2 2 174599419
2 23 662628292
19 23 348126526
41 33 388756643
38 18 403157959
23 2 404140495
19 0 332024448
6 4 592703797
17 7 684665530
0 2 33052063
19 0 976513510
0 2 417805334
0 19 574353977
37 40 519304879
46 35 249671143
11 38 249142603
23 2 220028161
2 0 585106853
2 19 494628385
26 16 155229464
36 1 793340321
25 37 347883597
34 30 477292663
12 5 934659355
23 23 618219570
15 25 657790027
19 0 149049571
19 0 994204922
2 2 100219176
0 2 896355936
10 27 509130545
19 2 651685431
0 0 859756515
45 14 522747011
43 49 282300222
23 2 455924438
47 26 570257297
0 0 957964994
2 19 327360236
2 19 749515047
23 19 449196615
