50 178 50
2 34 33 31 37 13 43 46 24 45 25 13 35 34 24 9 17 38 34 38 19 33 36 48 47 15 28 28 31 29 3 29 6 20 0 22 14 42 12 39 48 20 47 39 36 12 11 44 46 9
23 49 369345074
0 9 3141704
0 30 173443529
0 26 727166976
15 21 908506817
39 9 57562053
9 28 714815180
38 26 204063272
9 15 967529216
29 15 421857481
36 11 128656520
1 42 743806297
21 0 838504225
44 28 769490113
17 15 248666531
38 15 124567230
35 7 491222802
31 2 540878218
15 38 946351470
21 38 587322307
43 8 713696228
29 28 381232997
21 0 382089677
44 15 448280079
29 39 258306865
27 47 469205159
44 28 96276042
39 21 454712296
38 28 181712944
0 26 640858922
17 26 495955382
15 38 681721305
39 29 895074639
3 35 996873062
19 22 599268602
44 39 237520919
30 21 689718363
26 28 800797225
38 38 362538324
18 40 609798542
26 21 344071089
5 41 82132035
28 44 509232762
21 38 188190368
28 26 462596066
29 9 731356136
47 37 241273126
17 15 167319393
10 23 960692386
30 0 367559346
9 26 911168247
28 30 412374059
30 15 622720828
30 44 144531880
28 30 308472887
29 21 565672686
41 36 322169722
15 28 477881172
28 17 784715539
39 30 159283625
0 26 438158734
28 9 773017323
0 0 148067087
39 29 794645978
39 0 661218463
15 26 809531106
25 12 430066164
45 48 504734255
28 29 633831059
34 3 411753338
26 29 236683820
44 28 531071678
44 44 725327866
26 0 919374834
9 26 820185518
44 17 334685662
30 44 389921873
0 21 992831779
21 30 537090535
44 21 636812664
0 15 316145484
17 9 237575683
46 14 359139328
0 29 409740905
9 26 592736534
0 26 936819544
44 21 351288152
16 27 738828939
0 26 927870294
6 16 526085595
20 1 759902486
29 28 264844427
9 38 377108875
32 25 316254630
28 21 241177799
0 30 836361050
30 39 137179538
0 17 663688383
14 45 24298480
28 38 845787807
39 39 530455935
15 30 526535091
38 38 673836857
40 31 982988302
38 0 910723278
12 4 920225365
28 0 196703077
17 0 290835397
28 9 527006734
15 28 437974107
21 17 610598363
15 29 868454118
39 30 812087394
24 20 83100721
29 17 631354958
26 26 991651613
29 39 69240040
22 24 303218645
9 19 7520184
29 38 975463592
8 32 709651510
9 9 922872466
28 39 513930932
29 30 170634855
29 30 577686026
0 38 481117862
30 28 693171036
15 0 73547825
26 9 30932826
28 26 307962248
9 26 19055520
15 17 788669841
13 34 642568423
39 39 604928928
21 44 411848784
38 15 539551540
2 6 346260709
28 26 595907373
33 5 973174564
9 44 14091107
17 28 666939576
0 29 845508409
11 46 211657419
30 9 543895308
26 9 256650009
21 17 51732194
44 0 66920101
26 17 905246991
37 13 176623863
15 9 667885430
7 43 842695092
21 21 159017440
30 21 115412852
9 28 785220090
9 17 260941535
21 21 828325417
15 38 90528412
15 29 605512642
39 0 952521864
30 9 635972640
28 30 128125392
0 15 24771888
17 9 607352507
0 9 560303577
44 26 749877460
42 18 456791958
26 44 966565647
28 21 370705651
48 10 452400137
26 29 576210567
0 44 140920026
26 15 557825299
29 39 496898252
38 21 878158080
39 17 957549754
38 9 236062457
28 17 405191135
4 33 170606340
