50 403 858837315
803634937 448137570 620841483 23624 710511491 618471581 346572421 1617145 472294070 384920928 718534596 670575820 521936396 116862400 58109741 763753175 200261793 303920021 494847372 117097551 163364105 266225657 585979371 64207584 820765739 784323277 88132099 345761771 204681630 152965315 227766176 310565545 639726572 629904022 722786950 48658161 155248596 227744267 131682267 449616278 610766918 3017436 123326695 528730366 615522805 150371830 286175853 551009010 599936526 450989643
0 0 4875436
0 0 466177155
0 0 772206923
0 0 290665377
0 0 707687813
0 0 721966068
0 0 634214280
0 0 973957079
0 0 533045949
0 0 396722024
0 0 519486200
0 0 377741447
0 0 544781868
0 0 666950443
0 0 590688422
0 0 142348039
0 0 855432260
0 0 731165969
0 0 819084857
0 0 594116141
0 0 961260741
0 0 428347383
0 0 815022175
0 0 380056133
0 0 258892887
0 0 806263830
48 17 562756467
0 0 533529261
0 0 392115297
0 0 132754644
0 0 648690530
0 0 219178962
0 0 370027621
0 0 208357875
0 0 424003930
0 0 849692809
0 0 362902812
0 0 414821575
31 22 274997576
0 0 298092441
0 0 46208364
0 0 457592175
0 0 319909419
0 0 619309720
6 10 371897832
0 0 701515049
17 34 418704011
0 0 429878304
0 0 59985944
0 0 292837786
0 0 870685606
0 0 96451782
0 0 499802756
0 0 476015865
0 0 567799446
0 0 320471466
0 0 510652407
0 0 185584188
0 0 984792763
0 0 126351457
0 0 942970068
18 19 480925471
0 0 87967134
0 0 929947506
24 12 559981006
0 0 466414887
0 0 327466152
0 0 602644041
0 0 874678667
0 0 172240400
0 0 540233724
0 0 5291686
33 29 380612039
0 0 929239824
0 0 994441607
0 0 518088116
0 0 240232457
43 47 22115726
0 0 904722459
0 0 244424395
0 0 20410005
0 0 896971479
38 41 725740264
42 14 793593395
0 0 560746617
0 0 829547606
0 0 974440741
0 0 678203430
0 0 926512444
0 0 623404046
0 0 793085846
0 0 4432220
36 48 444660964
0 0 124678969
0 0 283425668
0 0 243466393
0 0 358192343
0 0 990798235
0 0 552155600
0 0 358417455
0 0 447477054
0 0 282014133
0 0 572973093
0 0 324886076
0 0 754879273
0 0 565691019
0 0 803654338
0 0 397418798
0 0 832542657
0 0 14853569
0 0 529981213
0 0 368205818
0 0 963142216
0 0 615314950
0 0 404917070
0 0 726273685
0 0 917818720
0 0 420230658
40 28 452725061
0 0 818870564
0 0 282682178
0 0 970530956
0 0 532296638
0 0 598493041
0 0 417091339
0 0 541955251
32 4 70667456
0 0 373085375
0 0 46101773
0 0 322016310
0 0 129416872
15 11 765535923
8 2 148131163
0 0 159254803
0 0 14690651
0 0 982449370
0 0 515480425
0 0 534873737
13 18 377822054
0 0 22781042
0 0 155790139
0 0 482441183
0 0 545894756
0 0 490766532
0 0 499681472
0 0 697690111
0 0 906832251
0 0 929887819
0 0 253999800
0 0 89391395
0 0 611889705
0 0 819463322
0 0 577032685
0 0 117843945
0 0 608985612
0 0 717126605
0 0 723133916
0 0 187654044
19 25 667198760
0 0 428506723
0 0 163896584
0 0 162739606
0 0 52173125
0 0 119787870
0 0 884384355
0 0 162866871
0 0 319236994
0 0 32449171
0 0 768571281
0 0 87875128
0 0 663159361
0 0 563912412
21 30 820052081
0 0 60550673
0 0 531800495
0 0 412732842
0 0 454642147
0 0 901388661
0 0 758777926
0 0 222864612
0 0 814199119
0 0 459926323
20 5 454932726
0 0 377959834
0 0 647052048
0 0 450222882
0 0 753620754
0 0 628983234
0 0 300035078
28 44 410424925
0 0 186317241
0 0 557392303
0 0 798111491
0 0 694510620
0 0 190535547
0 0 253726961
0 0 127236460
0 0 612965120
0 0 476029378
0 0 458066140
0 0 462895202
0 0 901276897
0 0 327137311
0 0 278934095
0 0 488762065
0 0 933326595
0 0 843953877
0 0 306198803
0 0 298415279
7 39 447908636
0 0 706005211
0 0 610450324
0 0 740192950
0 0 582966772
0 0 678017416
0 0 897768916
0 0 546759347
0 0 935676827
0 0 395721219
0 0 263650986
0 0 98952536
0 0 294953769
22 26 360963077
0 0 263618449
0 0 508910328
0 0 32061404
0 0 535753903
0 0 468643860
44 21 509123917
0 0 109608446
0 0 972387423
0 0 475646969
0 0 955154631
0 0 682709496
0 0 220616843
3 15 763612088
0 0 612502084
0 0 29933202
2 31 548534411
0 0 989047450
0 0 788004774
25 3 933076190
0 0 901344788
0 0 640520549
0 0 197324795
0 0 632850221
9 1 921610741
0 0 165889889
0 0 650884683
0 0 705784847
0 0 710349888
0 0 784766832
0 0 585009565
0 0 479211652
0 0 805851768
0 0 195256045
0 0 358979796
0 0 295487214
0 0 301813025
0 0 86218934
0 0 852668148
5 33 11190941
0 0 355082971
23 20 99054556
0 0 154877695
0 0 871600118
0 0 476332122
0 0 881239959
0 0 716668830
0 0 34935563
0 0 385492702
0 0 418968291
0 0 686104574
47 32 88673002
0 0 463673341
0 38 131682267
0 0 996581883
0 0 976462245
39 23 473379583
0 0 316232488
0 0 254832465
0 0 841600652
0 0 318797636
0 0 374159770
14 36 955559920
0 0 296752814
0 0 15924096
0 0 486209412
0 0 601639865
0 0 757864621
0 0 618097798
0 0 672782617
0 0 966826656
11 7 189676924
26 13 887503273
0 0 976317279
0 0 755844855
0 0 229413503
0 0 474871670
0 0 434962203
0 0 788401469
0 0 138731762
0 0 485789112
0 0 856249227
0 0 250490360
0 0 311268146
0 0 39706838
0 0 951416387
0 0 747775673
30 46 58168177
0 0 332226035
0 0 636368025
0 0 220381631
0 0 76457773
0 0 247821744
46 27 57439883
0 0 973895312
4 6 494871279
0 0 674434547
0 0 741349421
34 35 184546503
27 8 984926398
0 0 778710921
0 0 397820882
0 0 154594460
0 0 475278801
0 0 698371997
41 45 146911178
0 0 689929604
0 0 323776432
0 0 100305537
0 0 58538357
0 0 180948561
0 0 724507425
12 43 865566942
0 0 296928100
0 0 877461766
0 0 549915465
0 0 862873547
0 0 973751603
0 0 265057105
0 0 775371379
0 0 620205671
0 0 740936895
0 0 706662296
0 0 214913268
0 0 144915709
0 0 581313311
0 0 932999490
0 0 849498195
0 0 832544049
0 0 675153315
0 0 894421161
0 0 238263037
0 0 331927226
0 0 134974651
0 0 70027922
0 0 666034688
0 0 354231550
0 0 85813064
1 40 162213098
0 0 221078740
0 0 483785279
0 0 409928752
0 0 781655427
0 0 10909125
35 24 772080612
0 0 760959252
0 0 306456594
16 9 181086381
0 0 971839478
0 0 514427879
0 0 134958287
0 0 625742685
0 0 437880376
0 0 417536664
0 0 939224678
0 0 426193656
0 0 155143773
0 0 634457085
0 0 11150625
29 37 74335736
0 0 559152502
0 0 839888248
37 42 754003493
0 0 839123619
0 0 796901445
0 0 708353626
0 0 147862989
0 0 611091334
0 0 201392776
45 16 908311028
0 0 887751065
0 0 624291075
0 0 540980581
10 49 591259634
0 0 154006170
0 0 464448516
0 0 504580805
0 0 861583888
0 0 909549560
0 0 654828887
0 0 359251834
