141
789
575
278
211
221
464
983
791
273
857
341
607
785
412
59
313
321
795
566
401
602
63
818
103
888
645
364
146
827
189
998
654
383
217
120
643
368
808
603
9
636
291
451
983
359
14
881
281
966
346
305
971
956
352
913
141
771
572
34
824
65
60
657
633
24
287
483
954
275
12
889
886
281
912
483
557
87
76
46
80
79
825
905
362
33
182
734
13
192
223
827
107
345
309
843
581
431
391
813
82
390
25
272
61
12
735
50
381
877
17
907
462
224
125
59
516
474
605
402
19
154
620
683
626
749
503
44
952
283
45
517
647
41
457
466
78
495
688
234
351
167
34
924
519
235
946
603
376
553
259
982
10
356
162
126
653
21
800
186
804
850
3
805
557
349
765
100
62
303
212
128
687
10
292
790
72
770
137
103
21
480
300
770
890
70
374
266
18
101
1
336
452
186
159
922
798
370
82
83
935
39
297
992
504
713
118
348
993
73
392
265
440
128
394
277
295
36
171
103
950
494
341
604
378
476
225
210
103
303
795
244
28
166
227
272
258
459
279
34
579
247
223
264
678
248
751
177
135
82
536
287
34
144
570
502
465
531
240
564
201
841
132
41
905
767
145
467
785
305
443
295
193
238
446
419
88
68
987
192
658
78
59
218
134
969
764
18
895
199
319
102
239
84
198
61
913
371
680
815
239
757
577
395
227
31
582
492
556
265
314
232
323
900
140
516
405
158
34
470
159
93
349
364
34
512
341
407
471
173
51
76
260
69
543
497
22
499
466
615
535
41
319
123
169
115
847
487
115
418
184
22
257
544
195
49
63
158
561
289
228
323
152
861
7
914
318
11
375
335
210
54
810
383
7
67
421
429
156
666
925
164
92
560
950
732
158
218
124
254
4
108
36
381
340
510
33
879
34
454
34
410
36
172
20
519
322
163
16
196
37
156
674
67
596
9
232
223
76
55
244
205
167
229
932
189
902
446
327
485
291
94
293
576
887
163
305
248
785
138
564
742
292
20
208
111
41
100
475
55
195
741
56
628
225
454
256
322
160
517
156
310
24
123
74
418
59
63
179
266
162
541
350
347
415
836
427
545
572
33
722
361
192
808
480
790
294
299
676
255
3
337
13
30
142
521
80
260
610
182
339
688
964
95
34
184
188
458
488
923
650
898
262
76
757
325
317
105
621
667
768
118
88
825
300
826
157
555
808
412
635
258
201
420
786
254
212
705
165
597
438
213
300
485
159
819
54
891
64
724
570
137
60
103
263
810
743
30
293
151
379
888
15
40
890
239
340
69
151
453
761
245
9
260
153
896
722
584
92
845
88
96
631
199
17
140
530
674
414
37
740
890
523
371
258
113
66
611
712
88
139
392
248
170
547
175
463
63
113
759
686
750
448
94
646
250
271
322
600
204
446
54
886
550
426
242
617
419
157
76
220
474
906
19
882
162
168
960
79
26
354
428
44
43
179
172
52
485
363
363
921
380
119
731
136
122
765
678
47
161
635
386
259
821
71
441
144
445
140
695
649
602
126
6
56
79
72
73
934
950
809
577
36
110
227
929
28
804
181
515
19
197
12
26
884
278
252
712
190
407
597
876
433
31
273
779
59
866
178
18
405
29
673
185
8
40
137
185
679
953
922
29
576
771
855
10
109
311
64
345
429
64
157
692
495
92
490
788
90
91
59
658
573
197
23
118
855
105
359
277
600
63
287
618
394
249
497
70
44
441
23
319
84
123
38
726
195
6
182
360
484
972
289
169
247
204
273
77
148
653
278
112
474
164
122
81
12
4
739
348
20
154
773
99
658
151
259
165
607
162
216
978
332
90
334
42
314
553
708
98
819
944
315
386
527
369
514
598
109
31
732
674
195
116
119
251
44
946
155
167
954
378
670
38
770
217
354
497
144
619
80
397
181
51
508
168
109
108
510
602
241
316
610
109
212
175
10
299
132
522
700
100
636
859
290
835
355
90
49
178
110
998
885
378
106
413
354
67
753
508
39
910
694
401
728
405
594
106
237
375
443
59
88
168
155
200
982
729
522
336
529
53
627
638
310
701
247
55
836
524
28
658
94
879
40
148
25
84
579
61
615
224
6
930
14
201
760
638
37
251
1
505
748
745
105
345
303
345
71
274
65
199
74
45
64
807
413
670
791
878
80
725
872
141
52
90
117
319
165
209
210
322
520
966
7
520
53
135
962
122
107
674
904
568
222
528
913
203
191
683
542
170
728
127
17
25
902
732
184
166
539
39
6
859
354
350
47
42
346
632
