3
44186
8994
1017
13658
431674
32406
13462
1003
60328
3
2731
44895
3
3
3
3809
8723
1164
954
151524
51592
25731
3
3
3
414753
408
3
3
3
3
41917
44773
174750
3
1344
3
17883
20912
3217
3
3
5117
24000
3
43485
3
1918
155656
3
112264
613
3
3
42454
10866
3
141494
3
2876
2649
337149
3242
100242
4845
7606
5210
3
640
7192
114439
3
17810
3
637
3
421
3
3
397946
671
498779
3
24404
16382
105
3
3
30087
411780
8847
68565
172
201525
3842
3
3327
3
3
3
3
12165
387
3
3
3
1502
3
3
43805
56375
51798
1110
3
239733
3
2794
3
87553
3
3201
1050
3
68295
3
259
710
13983
4778
3
174136
3
4875
3
3
167710
11074
4578
156
23144
596932
3
223796
3
3
3
5420
3551
3
3
1816
3
11475
1764
3
1918
3
3044
82687
3
772
33425
73860
2172
412432
3
3
8587
287637
1913
186444
3
377
3
182666
3
8060
3
6272
10109
7122
2301
3
3
6861
3
3
3
1013
76226
1949
3
1497
1409
21830
19862
8671
3
3
3
11158
342500
71736
11042
3
9556
2188
3
5730
3
3
183862
3632
18411
994316
4880
52728
199773
48761
3
3
2308
3337
3208
2297
490996
895
62281
3
242387
31089
82737
3
31378
228607
19053
58451
14987
2077
3
228013
102054
3
3
3878
3
56561
12456
3
1713
2773
19499
1185
20257
3
204
3
3
3
55980
3
3
3
2098
29085
3
3
3
5503
3
15315
585
4114
1619
997795
3
3
4995
3
26966
2386
13187
3
3
380968
5507
105839
4334
19010
3
68880
586024
10169
3
3
3
1868
3
3
356881
16670
3
3
3
3
3
86355
657
1550
3
724566
10163
90294
3
3
796525
215
3
3
155387
3
3
3
3
55040
12049
3
165371
3
122351
440
22953
3
3743
3
3
43445
3666
2605
6182
3
5197
3
19798
3
3
3
3477
3
13913
17928
3370
19204
3143
779971
3
430
314262
1584
85555
3
71061
2656
3
83488
241
3
1389
3
3
3
3
48829
206814
2867
3
401630
37640
3
3
782
3
3
116580
667
3
22534
12358
13775
903
7658
3
3
15445
81756
30769
3
1544
2119
3083
3
3817
8255
326365
27482
15397
3
3
75923
3
20755
3
3
3
3
39347
3
583677
356
3
1356
3
3
3
3
3
1028
8212
3
3
3
3437
45346
6557
3
941
342877
3
667
288371
3
1106
140364
85571
12516
3
3
3
10666
3488
3
7197
3
273091
77531
3
58033
34178
3
3
3
9195
3
3
174
40045
13679
3
9514
5332
200080
955520
3
3391
3
3
3
3
3
3
32485
596
8982
3
3
117414
3
30614
17036
3
41680
227146
3
829
16962
47868
99
3
1030
8104
3
5040
75898
4520
26822
13876
3
870
400
14347
3
101370
526
192272
45541
1536
3628
553309
4720
31505
507
3
95947
1569
144381
304752
10815
330091
42811
3
267830
6834
3
3
13490
3
1218
3
3
3
1596
1487
349740
682442
3
3
310860
227654
50
3
4720
3
3
1021
3
3
55830
3
3
3288
3
19071
2637
3
452949
441849
171924
3
49506
1539
3
111308
6441
6283
2490
3
113688
440
3
421468
3
35191
398377
13194
1553
3483
3
97542
3
582
55958
3
3
3
242421
3
98124
3
45104
3
180306
488
105505
251786
216429
121106
3560
1707
4303
15546
311399
3
3
3
477
3
11078
3
356
20976
506076
3
3
3
3
7142
657
3
112686
3
11466
948
63718
3
9558
3
30172
3
3
595517
774
3760
20378
775784
3
3
3
10473
40874
140328
179723
10982
3
1158
492805
714298
19965
3
51500
3
154218
920
3
25127
3
422
3
3
319762
3393
1671
3
2486
32955
3
936847
152
25551
3
584
305
23452
6406
3963
19278
23402
3
307370
676
324146
322
3
28973
686
211871
34079
37201
29822
3
3
88039
1203
30825
949
487925
139060
287803
5733
3
3
2054
132201
3
3
3738
3
3
1044
781
4325
19307
622406
3
25934
3
32004
3009
3
3
876
3
679
3547
3
20897
3
44562
177
3780
14875
2420
3
3
3
12257
24287
143785
2283
374
1007
6995
2872
3
230074
3
400116
59284
17489
94683
29720
330877
3
3
6170
145870
3
3
3
3836
236507
3
53712
3
3
2994
20346
122894
3
3
1538
3
57809
198024
7647
6079
3
2190
3
3
3
3348
129312
41920
1728
3
3
25239
3
3
3
149852
1766
296
3
1178
742
3
1766
5106
42733
2569
29241
3
4269
328030
487035
3
3
733821
2621
2970
3
2216
5154
2208
3
1269
35083
417964
3
3
69518
662
3390
3
253
41459
157239
3
7398
3
3
295
3
212638
6013
5215
3
802
1404
799072
3
3
3
848
3
11333
3
3
2094
34585
13147
3
3
3
3
102275
2473
3
3
3
7039
721860
3
14802
3
1142
10522
3
3
3
82235
44733
6237
29998
1436
3
5455
3799
43161
3
24
28192
3
603
41150
37496
3390
240427
77310
739840
3
38061
12464
11375
70320
3
3
850494
3
9330
24034
3
3
2202
36743
1529
1850
390555
7919
3
3
5517
3
18726
3
1538
3
3
55117
63952
3
3
3
161804
334488
27974
157502
3
3
1916
3
3292
3
3509
1950
68044
3
3
3
1462
40254
453
1910
3
3
1999
3
3
620
3
226932
2873
3
10162
89192
255156
283059
34597
313
3
11937
3
3
3
3
192500
13660
3
3
3
3
90
1118
16527
432189
3
2886
3
76453
2729
303745
3
431
3
3
30116
133506
113910
