10
296 9
679 616
419 336
676 487
748 747
624 533
529 355
345 136
321 298
72 12
269 45
956 829
563 359
513 1
289 154
558 179
128 36
661 206
966 397
170 52
644 104
86 77
318 19
457 201
621 12
659 449
224 149
422 269
194 97
661 601
701 369
418 325
159 149
725 373
766 643
188 180
38 14
636 595
55 52
346 42
972 247
915 247
321 15
685 503
622 473
348 113
268 97
501 181
196 12
253 172
823 601
74 65
712 316
919 523
153 9
144 4
971 10
672 266
98 27
805 643
53 14
392 111
621 617
449 94
820 240
481 185
492 121
206 4
614 403
673 48
92 0
243 148
226 66
353 33
973 497
393 315
12 11
49 41
379 242
152 142
902 269
896 25
537 58
949 868
929 803
973 877
789 295
81 17
832 32
41 35
293 90
181 107
921 350
993 438
431 270
202 81
128 72
429 157
550 226
870 317
350 191
849 468
408 248
504 462
66 32
395 134
330 314
718 145
156 113
901 398
206 9
974 814
903 221
700 351
779 64
281 248
115 35
617 334
761 122
113 7
17 12
888 145
786 84
947 480
667 324
231 135
653 589
908 762
605 131
6 4
880 757
214 168
118 92
869 604
655 622
56 14
544 310
720 328
900 365
621 18
865 45
141 24
406 385
72 66
6 1
97 20
67 46
232 192
197 145
767 6
136 133
225 153
117 81
7 1
961 36
637 544
830 356
343 137
176 66
950 680
195 107
418 9
412 148
150 57
804 71
162 157
441 175
970 468
681 595
628 401
308 175
819 703
392 336
76 42
278 236
100 72
423 308
438 273
222 142
794 330
206 88
316 193
693 511
907 60
318 221
718 330
798 553
817 473
400 292
108 37
269 96
502 380
75 15
229 113
229 88
673 410
680 499
783 590
977 820
801 518
223 150
622 363
758 594
560 396
683 431
186 74
225 38
346 17
329 99
299 53
299 101
694 167
311 308
702 116
165 36
637 334
371 175
110 37
400 21
637 528
40 13
385 216
213 166
268 192
7 4
802 5
537 370
282 54
323 217
837 787
836 40
578 59
83 33
38 1
61 26
916 303
848 371
68 39
733 721
304 186
901 718
43 28
952 779
339 212
11 5
817 571
352 50
756 253
786 133
619 270
819 209
649 417
537 360
77 20
403 395
359 65
189 27
443 422
429 287
118 2
660 93
340 250
680 575
796 152
241 64
662 122
300 110
77 12
379 307
105 5
237 223
436 329
568 53
917 18
363 119
138 91
320 156
384 326
924 618
816 683
944 764
927 516
491 167
79 70
859 706
2 1
349 43
225 142
370 182
615 246
879 469
457 98
933 38
900 255
370 144
372 133
896 185
556 529
4 1
607 276
872 847
661 297
100 84
840 828
378 150
553 517
910 678
805 651
849 509
698 117
771 222
883 247
70 60
403 151
776 144
286 267
672 602
572 90
183 164
240 39
217 60
167 50
152 138
968 479
27 7
570 418
789 506
166 107
594 369
634 55
633 346
721 38
570 453
75 26
54 15
664 350
809 349
749 453
505 27
312 58
437 398
383 10
36 35
787 174
819 284
55 35
43 26
755 261
770 140
716 38
198 184
797 225
264 24
317 222
965 232
354 198
212 75
977 484
635 424
581 39
535 374
904 8
761 108
541 237
190 135
704 698
338 204
744 56
397 86
721 26
40 33
465 343
162 159
203 69
908 434
601 163
769 423
723 189
866 448
762 221
870 216
146 28
317 113
159 128
654 146
130 62
305 81
648 9
740 449
613 371