568 352
200 48634 87 25242930 310 83131 71 917678 726160 5667 2 3034363 442020 31148300 764 76546082 5356750 53159982 798361 25 832 85 6 9695923 81 92 38969 7988196 92010 8 3 9836380 716 69547655 49750142 3 31399575 833489 54 4003 5434 7 14676243 964563 29 39038 5392 2 39673304 9805392 83 68588 2133244 68334 25008 31 98763 4167691 127 21 1557530 829 2508 6412556 34665 32330 22581 8748382 4 880026 14329647 93177 422926 5674687 4 480 866121 815 6 97 632 10 86 7 27794 3694 4195194 49328585 92139843 20400419 887356 55382 145 65 53 3739 4 119377 57895053 17284 78011958 522 79 26 11 7684304 9 7 213403 7 336992 45082 573877 7059311 45600591 78306730 5 457183 163 901 969 9920917 2422600 350115 86908 3229 40 361 6 4066016 51069 2889 9 4 174694 219 91 358 4708608 21 60 8652 174205 3 452 6270 877 61 928651 65450812 3682 343610 216666 674 18446887 6 4 37149 5 291 1363 78 84 55312140 5330 35 86811551 50518861 14305448 24289071 88 855 33236 7266 607033 44497 45222969 1422949 9272 2 75 24791415 71062407 36 208141 860 29335 34 6484 916 7769 43985701 55374 5 80320468 2577 1268 3 5 989923 7923157 28 18285445 86838 973 734667 876629 8702179 8741 70 9 3 104383 95 81 442 43247 43 8 553 39953 1033444 725 998401 7 6020 31583999 2365100 3 55117603 8557626 178523 1469 5 621 399453 13779618 50029788 682711 912 43390 7848 80 3956903 901604 84570773 3783 71088671 7 401360 68525452 30661 79 181 46790 6098062 280522 43164115 4202404 141324 5211 7259533 380 2 97318672 1 758 7 30906 42963196 3919881 8774730 1137 751716 8411 7 5018905 1 8969458 721 847 701935 25170742 48 5673 35229 674067 932102 14524 7 3711433 8 9129099 80450116 38 809945 31 8 6 858 11 2787843 34555 8 214351 69796 444 620 6723 3961282 8 7210 67 9145 6 5 18878930 6425 7 36 838 440308 51758874 674 880 3621 549664 7356327 43 8256 5687 2 8667231 7 56 55130 4 4603 3 13 61036358 309247 877706 80 23 465 18515467 8103690 532132 9574 242395 428 2135 273 95 8942 49083 849 33935190 68 9 38634 50 88361 4493 78749 59839 9 78780 90 519 91826712 4091504 9405 4 614 4 427 155 7329 84406 76 483 2 76 1829 246699 95 2581169 84344729 3409166 95590 7778 18184 783 858 8 94650 4130 1872 43 69524121 9924389 32645763 9643 8 41073 2001 99520 94582 32607 41211 140753 44 2 68076 746 634 1 675 67080334 406623 618 8453310 77647627 44654239 159 7053385 6737 65698154 9941 4685 82832 43240467 553 1450 9752 5752 74409641 584 404569 15 60039666 807283 35296711 800 13685073 60079 82029 261 2639 49179 38275 7 842 1468840 9 7 764 4533 219 84256 6068920 38222167 4127 1 46304936 24 4 31503811 258227 2564625 15057625 4515833 134 746 8 9565437 6437 62302 9288719 45491276 2395724 69561516 53796 3 9755 39 8468174 8112278 5539314 49554 48126212 73608 9285 4 638 565 110 48950 74952734 1286 7 67017 2906 33748365 184086 9 7160389 98 25 54450 2739158 7 8857895 5879 11295898 53009806 7501 183160 95366 87 65 2 3690 35232525 98143531 68575 233323 809026 55487 94 8252929 12137 4 91 67 856727 534 5 1 292217 892400 994571 83799987 26950 5 94665617 5456 41 6011912 57852177 74343317 42304 577 21 6 79 4625 71534624 69506793 653 3931706 546902 8857 293097 841 6 
6302
4563
75683
7359
905
59571
55914
620
75
11
56974
60101895
30
966
966947
3375369
3
96335825
1861779
2557296
339690
356251
2374
3164010
1965514
574720
31237993
91233
9132683
36873287
3
9815
9
532
27339
553
735653
16
756917
9221214
86269
42458996
2
62169
735769
5
6
6279444
75219
11822
48
868200
10559115
5
8805
9378
385
535450
5726132
139954
9
5048
83350
7348
44398
3121785
7
9
2
91222357
495935
7
6188
4783742
33027
5
724
394183
8112
1
48634
25
7983
89140
680003
914
122
50769
1819001
18609
542
49
23292
784
2487
2
908
9973
9
519343
3859227
942
6
94674600
221
774
2278
1
3496
243
403825
1
546780
293800
5
45
6863014
5088237
49
6806029
38
1
5864
9813795
74570
32
1797179
532674
1704
6673265
605474
812317
14379076
3289
6402478
9115
39
676
7
6
71969016
5
209
60606
58
95
63
7938558
82115
808
9093
92744196
3
4446
918
6238
1639929
4385346
86725416
6448368
98
77
82537111
7
63421
772
29540
2644
2
66217019
7457
755
865
1025
312
58157467
5322
19231084
29647797
1065
8439754
2574675
75222121
70117
41
5081
362659
6802
9
154967
1
3775766
446
7689
2105751
6909
7714212
91427
27568
3463
926910
741273
2
6446
7244338
670051
5831
6879340
56
1
7
1166058
7
570912
9984
124
2818
12434
86
34
26
7
295856
97228
55451
7
90811695
38
1
582
74955911
305
1770
8
21657
5166613
80601363
1
9
7
152117
7
18
925
4
53
2
74421078
60387
315
7
18
43
81051
26725
4058
7
1
269
4
70207512
245560
50880
48
4784
9
51356
4534280
6251
3436
55
5302
2599997
193546
37101
44047
8721001
3294800
46
446953
853971
9471
7300
917384
10765237
57
16865
67
27248
767837
158
98
24612
92846
8002200
6698
5942
8618
656850
9
8281400
8136
5221
85
610416
6024207
104919
84035732
2356435
6
570861
529
2260737
515
736980
602
7
961
833015
440
254
8069205
533
514897
60926349
658174
14037
8000
39313
559600
1575
57387
635757
39
521
5070
7208
3166
95
5
96
81127
1848741
1
856713
40
63
16757253
475316
70
364813
898784