461776089
1
404715160
553350713
91106668
775962359
619771965
902755934
61192809
808281562
749448009
826571670
181445834
919327724
792690685
921981678
394604897
976890737
999314150
320752500
937323624
458361142
503437387
266368930
678700741
551120021
159116947
671389276
403474573
806238789
620456183
967459029
430554299
855365661
787395415
179084386
725188568
1
339563296
551612963
674840520
39093960
1
414658834
15039353
99120792
927442127
857401443
280678110
89715294
747060711
189795651
1
74680004
543452783
118446006
225293439
216683946
554562799
860165432
1
256004192
75711974
70252233
175859033
1
325245107
1
946233805
943900503
841816187
572725821
78899060
646000663
353453418
494896111
1
282165288
182753401
621097989
359106547
175609136
753194660
108024991
1
878875224
1
857573296
482023569
42028505
343620499
496378151
836975156
155560261
326211534
811997089
249794412
767674822
6391534
672605951
