343959473
1
294034091
369974413
660083868
579444656
635058350
80305087
265239869
870231581
914662980
950638244
906249611
234150109
460618779
44589467
990286822
156797824
490730123
265271662
47847765
288616581
792611412
955137485
295659492
830377914
506482037
552915721
815279706
372952215
298100750
944656850
675285849
803353214
822348572
529723115
327078908
1
142964742
757792065
693628183
137689913
1
963414735
182238176
427377145
828757964
808676730
812988564
575957375
134917055
912932837
1
345599205
365570309
354222716
704267752
334363186
902848989
588503014
1
379712708
226936378
353415022
967552079
1
923766825
1
659645263
916278715
859167942
402643564
307872386
259454684
676790759
596501903
1
94669514
411231195
654856856
784114543
13661541
424316770
148466714
1
372106716
1
115092303
302503850
695485146
394884026
906901445
712208581
65077096
644099948
762429609
23021558
51080941
968184733
639801922
