488253
486789
488253
486789
486789
486789
486789
486789
486789
486789
486789
488253
488253
486789
488253
486789
486789
488253
488253
488253
488253
486789
486789
488253
486789
488253
486789
488253
486789
488253
486789
488253
486789
486789
488253
488253
486789
488253
486789
488253
486789
486789
486789
488253
488253
488253
488253
486789
488253
488253
488253
486789
488253
488253
486789
488253
486789
486789
486789
486789
488253
488253
488253
486789
488253
486789
488253
488253
486789
488253
488253
488253
486789
486789
486789
488253
488253
486789
488253
488253
486789
488253
488253
488253
486789
488253
486789
488253
488253
486789
488253
488253
486789
488253
488253
486789
486789
488253
488253
486789