100
735 442
261 906
247 721
733 36
339 687
295 29
729 328
767 163
424 226
325 742
8 45
652 45
648 195
499 167
897 588
209 38
709 94
824 602
937 547
523 32
787 655
678 114
493 575
934 271
633 944
774 533
385 161
867 81
79 681
337 119
631 784
755 232
521 714
820 456
961 311
109 588
808 50
766 298
596 371
143 97
227 119
283 941
672 384
456 7
890 963
281 179
776 251
151 566
81 993
966 93
723 539
622 529
654 677
678 787
201 99
720 120
199 159
869 385
638 398
456 923
986 474
942 935
521 589
189 322
845 480
145 96
434 228
901 944
546 69
994 741
496 309
435 698
852 330
41 83
859 703
661 730
830 329
146 964
798 559
877 131
972 500
872 302
437 764
712 984
582 525
245 163
180 781
230 111
423 251
265 983
924 318
732 243
834 557
425 116
946 664
254 735
587 692
471 259
732 32
520 232
