1780
84
451
117
8387
84
4
761
278
1740
1105
9231
8688
5979
1757
3224
2937
3382
2226
1797
5090
9941
5167
628
678
4898
32
242
4761
3419
2067
1074
647
9189
8000
1236
9676
8428
4961
97
1
553
9581
540
4776
907
252
8447
45
6325
280
110
2558
6605
3383
7660
5663
7235
733
3
806
2
724
9791
7277
9658
19
6864
4085
1533
7068
7223
544
9109
209
883
2545
453
362
729
3672
426
6834
1516
2450
81
79
94
1345
1780
7585
35
847
5
2712
9223
3226
507
8369
2276
4
1
86
8160
23
1611
9494
183
17
1779
440
880
8076
5
997
7474
8888
711
1139
2153
2396
4268
5159
402
1990
5645
0
8763
351
8335
1272
1884
6505
218
127
42
1583
30
2482
3137
3415
1895
66
4178
147
0
1907
6695
2071
6451