5
941
714 -428 -976 -552 555 322 914 287 -503 -998 55 666 -769 362 -183 -680 589 729 -460 -551 325 -564 965 -1000 276 39 504 683 -740 938 762 -290 -521 -292 528 -195 120 557 -116 -423 676 -499 330 785 528 57 0 444 -824 -936 -813 811 -548 -20 654 856 -840 259 754 -152 699 -38 280 235 -818 -714 362 298 887 816 432 -96 -987 -315 961 -965 -318 178 786 421 -59 -839 -511 689 -159 -84 -550 432 497 502 -315 -562 964 831 312 -872 210 -815 -178 -434 485 -382 356 274 -380 549 516 -367 -761 964 -729 38 883 894 -126 -904 -161 436 253 -461 65 905 -601 822 -710 -46 -504 755 -45 -663 423 -106 -566 -55 358 875 316 148 -811 879 -1 951 -736 -925 -405 -261 -504 572 -179 220 770 -149 882 -934 112 -458 233 999 345 -152 -508 -216 -397 -175 493 656 -315 -236 -586 159 322 -424 66 -271 659 259 -212 -84 626 -593 323 827 157 492 -272 116 -700 3 -98 478 649 -290 -39 417 20 -836 -714 -579 -489 907 313 -409 -19 -890 -848 -598 260 18 989 -751 -516 818 -600 -861 641 -723 -615 -5 974 260 -842 -421 718 -165 589 -54 988 678 -594 -717 383 -972 803 -692 -571 -932 111 93 -820 786 651 859 199 897 212 426 -251 -191 -675 -910 394 912 476 693 -948 668 577 38 256 -133 -22 587 -886 3 287 -768 493 -658 8 -137 -252 71 150 491 842 -764 600 -235 -418 537 -885 -792 -967 368 -830 -655 -48 595 -624 -624 247 -114 774 -215 -821 11 510 873 897 -143 -262 -113 247 -903 240 84 -236 42 816 -646 -774 798 354 475 646 468 38 -324 707 -961 -514 400 258 783 636 -845 -439 609 -93 633 -114 676 481 618 972 -894 519 240 -315 76 412 375 791 97 408 824 719 -561 -983 -673 -390 75 -928 638 818 -865 369 -517 -100 168 605 -771 -310 -567 -669 139 -752 790 -463 -122 -37 773 -434 -360 382 -264 702 973 -195 435 618 473 -835 -193 -89 -435 607 163 309 283 676 -100 699 -819 775 148 96 -771 -459 -24 -430 508 778 -948 -152 -701 -624 682 516 -763 322 -41 681 -372 551 559 848 -725 266 490 -515 897 430 -181 -652 -320 725 -423 -660 380 -621 878 -178 -438 477 -767 471 620 -205 548 -713 -652 403 -290 -478 779 -818 -371 -785 -648 839 449 277 130 555 944 56 579 74 787 -21 980 736 -831 -862 -588 509 910 758 624 556 -592 -620 -156 859 193 -444 486 -378 692 -155 -503 175 -383 -502 -759 323 -33 527 -395 -582 344 865 652 -339 780 678 417 -819 822 967 -355 950 -333 -663 -228 87 -193 647 294 -681 -686 -765 918 612 -240 -495 909 16 198 -620 870 -544 869 478 989 -389 545 859 80 826 361 -487 -782 -298 -613 -905 -68 335 624 -374 52 -81 -135 -862 781 911 996 -211 -787 780 837 -552 -730 205 -699 113 601 528 253 -972 -135 173 95 17 -212 -124 931 870 830 314 -796 -8 538 -526 825 -59 945 360 -803 865 -563 -369 68 489 771 54 734 -624 520 427 557 31 895 -505 -210 371 723 40 -1000 813 -15 997 -940 -25 -926 -312 25 510 -959 695 -123 844 182 -605 -330 -838 214 234 -995 786 -448 910 421 -804 12 674 962 -897 796 -423 443 -249 -440 -773 -954 195 -607 161 -735 -245 -156 26 -685 461 -343 665 762 -678 -982 409 -289 414 -578 -78 -379 334 -905 456 116 -681 -757 233 -480 765 83 -967 86 223 872 356 32 907 760 -539 735 -428 -566 -192 -781 -323 -357 -639 -398 871 616 8 -973 56 475 -109 504 633 721 255 62 830 -100 436 -780 417 -119 163 -163 -635 -139 184 -982 52 -920 424 -907 428 -117 213 735 -970 984 -605 -613 -542 403 -49 814 532 521 888 790 591 424 -478 863 -240 461 940 -663 -638 95 179 590 -847 -864 505 -241 963 -960 -233 -910 286 2 -964 784 -762 441 -81 698 -269 -485 -822 933 261 -996 653 -266 144 22 350 -510 -780 140 -909 -539 316 -340 521 -715 555 -58 249 899 668 -868 194 -940 727 865 -14 608 633 32 -846 -716 -694 416 61 58 581 671 440 -115 -819 944 920 -635 -818 -219 884 -645 -81 615 612 514 -432 -541 -737 -109 161 593 -226 699 780 608 758 313 451 -737 390 118 185 -584 -898 -694 -360 -974 -143 -891 -630 653 713 394 -94 627 141 -156 -478 -31 81 -99 917 784 799 911 687 -935 578 -469 412 407 442 199 -34 -74 -129 535 -855 565 474 850 -58 -520 -203 -293 -302 427 315 973 -449 -721 -423 -356 480 553 -131 -750 952 871 -735 48 865 539 213 -574 -936 639 405 246 571 -24 -449 -609 -385 944 -850 -658 141 -879 952 -502 266 -387 -44 -940 -290 -288 -524 -166 -745 611 452 593 754 60 -750 -735 804 -736 634 -868 502 174 -110 903 274 347 903 590 -819 -13 -154 665 -851
1 2
2 3
3 4
4 5
5 6
6 7
7 8
8 9
9 10
10 11
11 12
12 13
13 14
14 15
15 16
16 17
17 18
18 19
19 20
20 21
21 22
22 23
23 24
24 25
25 26
26 27
27 28
28 29
29 30
30 31
31 32
32 33
33 34
34 35
35 36
36 37
37 38
38 39
39 40
40 41
41 42
42 43
43 44
44 45
45 46
46 47
47 48
48 49
49 50
50 51
51 52
52 53
53 54
54 55
55 56
56 57
57 58
58 59
59 60
60 61
61 62
62 63
63 64
64 65
65 66
66 67
67 68
68 69
69 70
70 71
71 72
72 73
73 74
74 75
75 76
76 77
77 78
78 79
79 80
80 81
81 82
82 83
83 84
84 85
85 86
86 87
87 88
88 89
89 90
90 91
91 92
92 93
93 94
94 95
95 96
96 97
97 98
98 99
99 100
100 101
101 102
102 103
103 104
104 105
105 106
106 107
107 108
108 109
109 110
109 111
110 112
112 113
113 114
114 115
115 116
116 117
117 118
118 119
119 120
120 121
121 122
122 123
122 124
124 125
125 126
126 127
126 128
128 129
129 130
130 131
131 132
132 133
133 134
133 135
135 136
135 137
137 138
138 139
138 140
140 141
141 142
142 143
142 144
144 145
145 146
146 147
147 148
148 149
149 150
150 151
151 152
152 153
153 154
154 155
155 156
156 157
157 158
158 159
158 160
160 161
160 162
160 163
163 164
164 165
164 166
166 167
166 168
167 169
169 170
170 171
171 172
171 173
173 174
174 175
175 176
176 177
175 178
177 179
179 180
180 181
180 182
182 183
183 184
184 185
185 186
186 187
187 188
188 189
187 190
190 191
191 192
192 193
193 194
194 195
195 196
196 197
197 198
197 199
199 200
200 201
200 202
201 203
201 204
203 205
205 206
206 207
207 208
208 209
208 210
210 211
211 212
212 213
213 214
214 215
215 216
215 217
217 218
217 219
219 220
220 221
221 222
222 223
223 224
223 225
224 226
226 227
227 228
228 229
229 230
228 231
231 232
232 233
233 234
233 235
235 236
235 237
237 238
235 239
239 240
240 241
241 242
242 243
243 244
244 245
243 246
243 247
246 248
246 249
249 250
250 251
251 252
252 253
253 254
253 255
255 256
256 257
257 258
255 259
259 260
259 261
259 262
262 263
263 264
263 265
265 266
264 267
266 268
268 269
268 270
269 271
269 272
271 273
269 274
274 275
275 276
275 277
276 278
276 279
278 280
280 281
281 282
279 283
283 284
284 285
285 286
285 287
286 288
286 289
288 290
290 291
289 292
292 293
288 294
293 295
294 296
296 297
297 298
298 299
299 300
300 301
301 302
302 303
303 304
301 305
303 306
305 307
306 308
308 309
308 310
310 311
311 312
311 313
313 314
314 315
315 316
316 317
314 318
318 319
319 320
320 321
320 322
322 323
323 324
321 325
325 326
325 327
325 328
328 329
329 330
330 331
331 332
329 333
333 334
329 335
333 336
336 337
334 338
338 339
335 340
340 341
337 342
342 343
343 344
343 345
344 346
344 347
347 348
347 349
346 350
346 351
351 352
352 353
349 354
354 355
355 356
356 357
357 358
358 359
353 360
360 361
361 362
357 363
363 364
362 365
365 366
366 367
366 368
368 369
369 370
370 371
369 372
371 373
371 374
374 375
375 376
376 377
377 378
377 379
379 380
380 381
373 382
382 383
379 384
384 385
382 386
385 387
385 388
387 389
384 390
388 391
391 392
392 393
393 394
394 395
392 396
391 397
397 398
398 399
398 400
399 401
392 402
402 403
402 404
403 405
405 406
402 407
404 408
406 409
409 410
410 411
409 412
412 413
413 414
413 415
412 416
416 417
417 418
417 419
419 420
420 421
421 422
422 423
418 424
421 425
423 426
426 427
427 428
425 429
428 430
424 431
429 432
424 433
433 434
433 435
431 436
432 437
433 438
438 439
438 440
439 441
439 442
434 443
443 444
443 445
439 446
446 447
447 448
447 449
444 450
448 451
449 452
452 453
453 454
452 455
455 456
451 457
456 458
457 459
455 460
458 461
461 462
462 463
463 464
464 465
464 466
466 467
466 468
468 469
464 470
468 471
468 472
471 473
471 474
472 475
474 476
476 477
476 478
476 479
478 480
475 481
479 482
481 483
483 484
482 485
480 486
485 487
487 488
488 489
489 490
489 491
489 492
490 493
493 494
493 495
492 496
494 497
497 498
498 499
497 500
500 501
501 502
502 503
502 504
503 505
504 506
506 507
507 508
502 509
509 510
506 511
511 512
512 513
513 514
513 515
509 516
515 517
515 518
516 519
518 520
520 521
520 522
521 523
522 524
523 525
523 526
524 527
526 528
528 529
526 530
530 531
528 532
529 533
531 534
529 535
531 536
534 537
536 538
534 539
537 540
540 541
540 542
542 543
543 544
542 545
543 546
544 547
546 548
544 549
543 550
546 551
549 552
552 553
553 554
553 555
552 556
553 557
557 558
558 559
559 560
560 561
558 562
562 563
560 564
564 565
565 566
562 567
567 568
563 569
568 570
568 571
571 572
571 573
571 574
573 575
574 576
575 577
577 578
578 579
577 580
572 581
581 582
582 583
583 584
580 585
585 586
585 587
583 588
584 589
588 590
590 591
591 592
590 593
593 594
594 595
594 596
594 597
595 598
597 599
597 600
600 601
600 602
600 603
602 604
604 605
604 606
599 607
605 608
607 609
603 610
609 611
607 612
599 613
606 614
608 615
613 616
611 617
617 618
615 619
610 620
613 621
614 622
622 623
623 624
624 625
624 626
623 627
627 628
624 629
628 630
629 631
630 632
631 633
633 634
634 635
634 636
632 637
634 638
638 639
635 640
640 641
641 642
637 643
641 644
643 645
634 646
643 647
647 648
648 649
649 650
650 651
651 652
643 653
652 654
647 655
648 656
651 657
651 658
657 659
659 660
658 661
660 662
660 663
654 664
657 665
657 666
666 667
667 668
666 669
667 670
669 671
671 672
672 673
672 674
673 675
674 676
667 677
675 678
671 679
679 680
679 681
678 682
670 683
681 684
684 685
682 686
682 687
686 688
687 689
687 690
689 691
691 692
692 693
690 694
692 695
692 696
691 697
697 698
692 699
698 700
700 701
700 702
701 703
702 704
701 705
693 706
705 707
695 708
708 709
707 710
708 711
711 712
712 713
708 714
708 715
715 716
714 717
715 718
717 719
719 720
719 721
719 722
720 723
722 724
721 725
720 726
726 727
727 728
728 729
728 730
711 731
730 732
729 733
733 734
734 735
730 736
734 737
737 738
738 739
736 740
740 741
740 742
730 743
740 744
729 745
743 746
744 747
742 748
746 749
748 750
742 751
751 752
747 753
752 754
741 755
755 756
740 757
757 758
757 759
755 760
735 761
758 762
760 763
761 764
760 765
762 766
759 767
767 768
768 769
763 770
769 771
765 772
771 773
758 774
773 775
773 776
774 777
771 778
778 779
776 780
774 781
779 782
781 783
783 784
779 785
783 786
785 787
786 788
784 789
788 790
785 791
781 792
791 793
792 794
794 795
787 796
792 797
793 798
798 799
785 800
788 801
798 802
799 803
801 804
802 805
798 806
804 807
803 808
807 809
799 810
809 811
810 812
809 813
812 814
802 815
815 816
813 817
814 818
813 819
816 820
819 821
820 822
822 823
818 824
819 825
823 826
819 827
826 828
825 829
820 830
821 831
824 832
826 833
829 834
825 835
831 836
836 837
836 838
835 839
834 840
839 841
832 842
835 843
836 844
843 845
845 846
843 847
846 848
846 849
847 850
850 851
843 852
851 853
850 854
839 855
855 856
855 857
853 858
853 859
858 860
858 861
857 862
860 863
861 864
858 865
865 866
866 867
867 868
868 869
866 870
860 871
868 872
865 873
873 874
874 875
874 876
876 877
876 878
878 879
876 880
880 881
876 882
882 883
883 884
879 885
883 886
886 887
878 888
882 889
886 890
882 891
888 892
890 893
887 894
890 895
889 896
895 897
897 898
890 899
887 900
888 901
895 902
901 903
903 904
901 905
901 906
899 907
906 908
908 909
904 910
905 911
906 912
912 913
909 914
907 915
910 916
916 917
912 918
917 919
909 920
915 921
919 922
922 923
921 924
924 925
925 926
922 927
921 928
928 929
922 930
928 931
925 932
932 933
931 934
926 935
931 936
935 937
934 938
938 939
930 940
938 941
912
635 -387 808 607 -396 -892 798 297 -911 -464 -83 349 345 -267 301 -456 808 226 882 943 -357 -108 886 605 -1000 884 999 -815 747 815 -579 717 -837 598 -718 -21 438 378 791 240 -526 -110 -899 -881 -936 867 70 -699 -67 -674 7 -788 -891 -501 245 -420 83 97 -356 27 332 604 -606 -225 841 457 922 142 175 736 -89 222 919 -79 756 -654 -118 -794 729 -284 105 648 -36 969 -833 -377 -4 -809 -203 855 -546 419 -639 -290 -677 -656 782 -496 -750 202 -243 777 -415 38 996 983 986 -604 -621 842 589 -178 315 831 -264 -393 -143 -338 -162 109 826 -736 833 -962 682 673 620 -779 618 -169 823 -375 -220 519 516 -173 670 974 830 804 -295 -781 -261 -528 -281 -536 -220 996 -806 -784 -566 851 -948 601 807 -475 -870 -191 539 -146 322 -237 563 503 26 -941 860 -807 -227 187 -915 552 344 588 -406 -468 -964 -902 775 194 808 -979 718 922 -743 -679 -589 -442 594 265 -333 342 -210 254 672 -439 -486 -633 -864 178 -850 564 -289 -253 239 361 -579 963 -277 -621 602 -843 -120 -104 525 951 830 44 781 936 -648 -295 -272 750 658 -323 -388 -153 -402 283 558 221 -738 986 -685 -851 917 488 -455 647 -677 994 640 394 916 -974 -614 -464 -492 -679 502 664 237 529 -48 649 -143 -114 -268 -355 -912 408 -110 -32 771 146 -161 -707 72 -83 551 593 166 159 -552 26 -516 -900 611 -755 477 902 -489 -118 -308 83 -419 254 -67 -155 272 351 190 886 167 684 -434 34 -334 -812 945 845 363 529 221 -387 -894 -787 273 -934 901 337 -805 51 854 -622 -375 170 -590 724 -569 36 -811 -474 -509 -736 -977 -991 481 426 -817 -978 923 -905 -725 278 600 -866 -230 -43 79 292 413 918 -402 203 294 593 216 -615 357 -495 -707 993 -642 -178 -229 787 -736 434 -929 -644 -297 140 -63 450 -284 71 772 703 408 505 -580 294 -23 582 193 96 -555 -475 -467 175 509 233 873 -870 264 533 -809 307 728 -366 273 -758 911 -283 730 906 378 -230 509 -753 -790 741 228 754 -279 -384 989 -815 149 -308 -783 -158 -703 -611 385 788 616 -741 508 907 -449 -212 706 497 -154 847 280 -755 808 -820 -321 20 622 -997 527 184 990 -785 -971 739 29 987 -95 721 -422 523 -674 -30 301 -65 892 -587 -998 -645 -658 656 -365 -65 -997 736 260 -954 -998 -501 -35 -420 -458 763 869 991 -991 617 -698 -464 82 826 581 -334 454 -176 -896 18 569 -949 572 -323 -586 297 -156 -38 647 -129 -529 720 142 689 -299 -230 -633 901 258 -58 111 -591 -209 504 94 -444 -909 914 721 -120 -284 816 597 433 216 -813 -88 920 -39 811 -493 -434 -824 725 102 813 -107 -464 -386 23 -181 -199 -662 -904 -824 -885 -998 953 -247 850 -127 354 177 -128 -247 -178 132 -820 -720 -691 -6 839 -303 29 -218 802 43 646 -148 -907 685 464 921 -89 414 -842 56 358 -438 578 602 985 -923 468 718 264 -60 -893 -272 -137 327 -985 8 -175 231 -655 -573 9 -444 -174 -983 455 -587 7 767 -348 912 189 -593 -756 802 -93 -383 -704 -876 -986 563 430 604 802 -742 -992 -846 310 -166 375 130 26 352 842 107 -693 -119 0 136 474 -120 791 647 -81 -2 10 -745 -759 710 -788 500 713 864 -200 -832 -681 635 687 719 -932 897 -727 954 211 49 348 -726 -913 -766 706 -694 -833 115 7 -493 541 222 -418 882 868 -546 -580 983 891 -198 718 -763 259 -259 313 417 396 -55 230 -870 -273 834 -689 548 454 -875 -131 -503 51 -258 -474 -550 280 261 -804 857 -819 546 254 147 544 388 735 281 -870 875 -235 -693 -457 124 -473 -33 849 -357 577 -160 849 -462 -888 -638 -440 -126 879 1 128 205 -227 -978 974 615 -766 983 -985 -124 752 132 -362 885 -290 -683 933 1000 -310 731 926 656 -233 -737 -897 -799 982 -171 -936 -614 -712 154 -333 952 241 -39 997 765 773 -527 -18 -345 -621 -258 148 -56 -933 56 -631 616 268 -299 495 -683 -467 -98 -168 -405 -524 -748 788 712 -736 995 276 791 400 -292 -935 -184 -901 -922 -40 -44 807 -281 -567 791 974 803 -869 -231 542 -728 -610 -16 -969 -571 700 -619 -19 662 891 -432 712 -408 -134 -449 438 -514 566 796 974 -754 495 -87 -415 -492 950 682 625 67 -70 -555 451 338 695 910 -222 908 -433 -808 601 -311 422 -92 -999 -366 76 -539 11 -203 -34 621 506 924 -321 437 334 970 -250 -194 -766 645 892 269 -198 579 201 -835 -58 -926 549 -832 -337 916 -129 884 113 -714 432 524 264 891 106 -906 907 -602 -738 685 578 -74 -301 293 774 -719 -53 -609 -605 624 420 -509 620
1 2
2 3
3 4
4 5
5 6
6 7
7 8
8 9
9 10
10 11
11 12
12 13
13 14
14 15
15 16
16 17
17 18
18 19
19 20
20 21
21 22
22 23
23 24
24 25
25 26
26 27
27 28
28 29
28 30
30 31
31 32
32 33
33 34
34 35
33 36
36 37
37 38
37 39
39 40
40 41
41 42
42 43
43 44
44 45
45 46
46 47
47 48
48 49
49 50
50 51
51 52
52 53
53 54
54 55
55 56
56 57
57 58
58 59
59 60
60 61
61 62
62 63
62 64
63 65
65 66
65 67
67 68
68 69
69 70
70 71
71 72
72 73
73 74
74 75
75 76
76 77
76 78
78 79
79 80
78 81
79 82
82 83
83 84
84 85
84 86
86 87
87 88
87 89
88 90
90 91
89 92
88 93
93 94
92 95
95 96
96 97
97 98
97 99
99 100
100 101
100 102
102 103
103 104
104 105
105 106
106 107
107 108
108 109
108 110
109 111
106 112
110 113
112 114
107 115
110 116
116 117
117 118
118 119
118 120
118 121
121 122
120 123
123 124
124 125
124 126
126 127
126 128
128 129
125 130
130 131
131 132
130 133
132 134
132 135
135 136
135 137
137 138
135 139
139 140
139 141
141 142
142 143
143 144
142 145
142 146
146 147
147 148
147 149
149 150
149 151
150 152
152 153
147 154
153 155
154 156
154 157
157 158
158 159
155 160
160 161
161 162
160 163
163 164
162 165
157 166
166 167
161 168
166 169
164 170
168 171
169 172
171 173
170 174
173 175
175 176
176 177
170 178
172 179
179 180
175 181
180 182
182 183
179 184
176 185
185 186
185 187
177 188
187 189
189 190
187 191
187 192
186 193
193 194
194 195
193 196
196 197
196 198
197 199
195 200
193 201
200 202
195 203
202 204
202 205
204 206
199 207
207 208
204 209
209 210
208 211
210 212
211 213
207 214
208 215
213 216
216 217
213 218
217 219
217 220
220 221
220 222
222 223
223 224
224 225
223 226
221 227
225 228
226 229
229 230
230 231
228 232
232 233
225 234
229 235
232 236
234 237
237 238
238 239
236 240
238 241
239 242
242 243
239 244
244 245
241 246
245 247
245 248
248 249
248 250
250 251
248 252
251 253
249 254
245 255
250 256
255 257
250 258
252 259
256 260
258 261
261 262
261 263
261 264
253 265
262 266
263 267
266 268
267 269
269 270
270 271
263 272
271 273
271 274
273 275
274 276
266 277
277 278
267 279
279 280
277 281
275 282
282 283
272 284
283 285
285 286
285 287
287 288
285 289
285 290
290 291
287 292
292 293
287 294
291 295
295 296
290 297
291 298
295 299
294 300
294 301
300 302
301 303
303 304
304 305
305 306
303 307
305 308
305 309
305 310
296 311
305 312
312 313
303 314
314 315
315 316
315 317
315 318
317 319
315 320
313 321
319 322
321 323
323 324
323 325
315 326
326 327
316 328
321 329
327 330
330 331
330 332
327 333
333 334
331 335
334 336
336 337
335 338
337 339
335 340
338 341
333 342
340 343
336 344
339 345
341 346
343 347
347 348
348 349
346 350
347 351
343 352
352 353
346 354
344 355
354 356
355 357
341 358
355 359
358 360
352 361
359 362
360 363
362 364
357 365
360 366
366 367
367 368
368 369
364 370
356 371
370 372
368 373
372 374
372 375
374 376
371 377
375 378
377 379
377 380
378 381
380 382
380 383
371 384
378 385
384 386
385 387
378 388
386 389
384 390
386 391
380 392
391 393
389 394
389 395
395 396
395 397
397 398
391 399
398 400
399 401
401 402
401 403
402 404
404 405
405 406
406 407
405 408
396 409
404 410
409 411
397 412
409 413
405 414
414 415
413 416
404 417
408 418
416 419
411 420
409 421
412 422
420 423
423 424
424 425
423 426
426 427
421 428
428 429
428 430
430 431
426 432
426 433
426 434
428 435
430 436
433 437
431 438
436 439
423 440
440 441
435 442
437 443
439 444
442 445
445 446
444 447
438 448
446 449
449 450
448 451
447 452
451 453
445 454
447 455
452 456
440 457
456 458
458 459
458 460
458 461
446 462
458 463
458 464
460 465
462 466
463 467
461 468
466 469
465 470
468 471
468 472
471 473
469 474
473 475
473 476
455 477
462 478
477 479
471 480
473 481
478 482
470 483
472 484
481 485
454 486
485 487
487 488
488 489
479 490
490 491
478 492
491 493
493 494
487 495
490 496
484 497
489 498
492 499
496 500
496 501
496 502
483 503
500 504
493 505
495 506
505 507
484 508
505 509
490 510
504 511
511 512
511 513
508 514
498 515
515 516
516 517
517 518
503 519
519 520
520 521
521 522
521 523
517 524
524 525
521 526
522 527
522 528
525 529
522 530
530 531
528 532
529 533
533 534
532 535
528 536
536 537
529 538
533 539
533 540
537 541
539 542
531 543
542 544
530 545
543 546
546 547
546 548
542 549
545 550
537 551
538 552
552 553
539 554
554 555
538 556
549 557
557 558
549 559
551 560
552 561
539 562
552 563
563 564
564 565
551 566
552 567
547 568
558 569
567 570
566 571
569 572
563 573
573 574
572 575
575 576
567 577
571 578
577 579
574 580
576 581
578 582
575 583
578 584
580 585
582 586
584 587
582 588
582 589
581 590
582 591
582 592
576 593
591 594
586 595
594 596
592 597
567 598
596 599
597 600
590 601
600 602
592 603
601 604
600 605
602 606
600 607
587 608
607 609
599 610
602 611
601 612
606 613
599 614
614 615
606 616
612 617
615 618
616 619
617 620
618 621
609 622
620 623
623 624
620 625
595 626
620 627
625 628
601 629
617 630
624 631
625 632
626 633
631 634
634 635
627 636
619 637
629 638
636 639
622 640
640 641
618 642
607 643
639 644
631 645
645 646
645 647
646 648
636 649
579 650
637 651
644 652
651 653
648 654
624 655
650 656
650 657
657 658
632 659
630 660
658 661
659 662
659 663
660 664
648 665
641 666
666 667
659 668
666 669
659 670
670 671
656 672
666 673
671 674
673 675
656 676
672 677
675 678
661 679
677 680
670 681
629 682
675 683
665 684
675 685
671 686
673 687
686 688
686 689
687 690
643 691
664 692
670 693
690 694
684 695
695 696
695 697
695 698
686 699
692 700
700 701
689 702
689 703
693 704
702 705
705 706
706 707
701 708
684 709
683 710
683 711
711 712
708 713
707 714
700 715
713 716
699 717
714 718
715 719
713 720
718 721
718 722
702 723
718 724
723 725
716 726
725 727
714 728
720 729
719 730
714 731
731 732
728 733
733 734
730 735
735 736
713 737
735 738
680 739
733 740
736 741
728 742
740 743
741 744
735 745
734 746
744 747
744 748
743 749
729 750
745 751
744 752
729 753
739 754
751 755
743 756
737 757
744 758
751 759
756 760
736 761
750 762
756 763
758 764
754 765
761 766
754 767
761 768
763 769
761 770
770 771
771 772
768 773
771 774
765 775
755 776
776 777
770 778
778 779
778 780
769 781
769 782
740 783
774 784
782 785
768 786
779 787
780 788
775 789
789 790
773 791
781 792
756 793
791 794
783 795
794 796
789 797
795 798
793 799
799 800
797 801
793 802
778 803
782 804
801 805
780 806
805 807
795 808
790 809
802 810
800 811
789 812
803 813
801 814
803 815
813 816
816 817
810 818
818 819
809 820
820 821
815 822
819 823
822 824
823 825
816 826
806 827
800 828
827 829
822 830
820 831
829 832
826 833
822 834
829 835
834 836
830 837
822 838
826 839
837 840
823 841
838 842
831 843
842 844
825 845
820 846
844 847
811 848
842 849
808 850
842 851
831 852
830 853
852 854
816 855
839 856
850 857
852 858
858 859
846 860
855 861
852 862
860 863
860 864
860 865
864 866
862 867
867 868
849 869
860 870
853 871
845 872
863 873
865 874
867 875
867 876
876 877
871 878
876 879
878 880
869 881
878 882
871 883
879 884
866 885
881 886
881 887
876 888
886 889
889 890
887 891
891 892
863 893
888 894
871 895
894 896
896 897
859 898
896 899
897 900
860 901
899 902
889 903
896 904
878 905
902 906
865 907
900 908
901 909
903 910
907 911
909 912
996
-673 -315 -699 -351 332 172 356 -11 -670 -605 637 -72 -188 831 929 943 480 259 -638 282 235 993 919 -86 -985 885 298 597 439 -156 493 197 -556 344 669 398 -402 878 -906 -813 62 677 639 -763 -341 -816 90 -830 -893 887 581 -98 -812 11 588 612 393 -521 -590 -33 287 -945 613 -330 266 -592 -220 402 638 772 -696 397 33 680 -386 914 -417 -270 -604 974 -866 936 346 539 -866 344 624 -900 -358 -359 583 -906 -832 453 -151 -392 248 -65 512 536 -193 635 -526 25 202 872 317 -660 -626 850 455 882 478 309 -215 446 -326 -899 710 350 -847 738 694 -527 -947 -166 -84 -816 -639 -958 -139 733 57 -350 -727 -916 -917 320 -590 990 -396 -202 643 -127 -299 -906 233 -312 901 -784 -594 900 -990 -751 -5 -178 685 -479 184 87 781 882 610 -754 387 -914 545 -201 887 -76 -925 613 -296 465 -29 183 -151 -343 61 -106 70 -335 -909 -597 431 506 240 -178 -1000 -478 -671 458 423 -863 816 341 627 -83 -961 -466 -257 503 -934 -63 -269 -546 -922 -788 144 254 529 107 -110 -999 -928 -701 188 661 -885 -713 590 737 -63 183 352 -395 283 -219 -580 160 147 -823 -789 -208 -847 136 41 488 265 485 27 222 154 -376 -147 -39 485 -664 331 627 -970 839 523 -312 814 855 -508 853 736 -915 -138 -537 -338 -346 -492 -413 -240 -235 836 272 -260 -437 -661 -686 -325 -212 -558 -264 753 -196 352 506 -810 -720 -551 -145 -433 904 676 -292 214 430 820 -469 -248 -570 958 115 -741 343 -137 765 -640 -559 -702 -208 -174 -365 321 510 463 995 119 -603 -441 537 -104 117 267 589 -142 -409 -872 -363 749 717 -368 671 -478 -755 747 -334 806 -903 53 843 -385 49 311 269 6 11 188 665 462 305 -421 -546 -849 995 -175 815 -685 -136 61 837 450 761 -173 928 99 -442 350 -475 -767 -824 407 -864 867 968 -716 -43 -143 958 573 -887 -90 92 -107 64 354 963 -667 -936 -242 -191 -418 496 -774 -997 -608 -440 -259 350 -337 -535 368 -204 -864 87 -445 -716 369 978 524 31 709 278 328 -223 515 -98 806 760 -672 628 -767 -278 85 561 -962 -653 971 867 748 -246 489 -504 337 834 706 84 515 -275 697 953 603 383 -552 -546 -608 -504 -668 367 729 64 307 -818 498 -991 -205 -512 970 981 -453 -433 -326 -436 941 7 -356 -304 763 -276 186 -986 712 -746 235 749 123 -21 998 235 88 -78 -645 -950 138 -756 -99 -372 388 497 -446 155 659 -947 827 717 -391 -134 -439 -75 437 -514 488 -352 220 780 -834 -590 785 485 47 565 -786 -178 4 -610 33 -445 470 449 -401 319 16 -478 775 -192 946 -502 -195 -938 -952 -505 579 -633 925 197 -771 -592 927 -200 624 450 -619 799 361 701 718 -866 -881 -132 756 601 924 189 -722 -39 -756 -851 984 872 -664 419 -903 -783 -311 -784 606 274 310 632 254 -962 -123 -635 628 274 -189 649 -512 586 -385 91 -280 -460 -246 292 330 -592 -622 471 -592 -513 -101 -475 442 -299 -77 87 -15 -414 447 -211 439 767 815 909 567 400 882 -511 849 -217 -806 -362 247 -717 -158 462 391 8 -426 -653 -589 404 -802 -334 -303 -1000 -954 330 -923 -94 884 -510 -232 754 4 -642 392 245 91 -217 681 -962 -67 853 -943 -638 -132 -691 -465 508 -639 477 -246 -919 -968 -496 -930 -785 -87 -346 -44 894 -399 -146 833 -707 895 -117 448 716 -805 -121 -738 -964 -337 930 -239 -642 -519 144 -431 534 822 767 -11 -537 -109 -682 44 806 472 -745 -484 -528 233 -436 580 566 -922 -999 -375 -843 577 -849 -307 -145 -918 679 390 -807 -439 56 -513 -831 -124 988 -560 -698 -939 676 118 -747 -73 -939 582 881 177 -936 -454 58 -545 806 444 766 -778 391 -167 558 -61 418 821 -48 -964 649 -494 592 108 -664 -616 373 -673 -214 835 228 -195 409 -476 -349 -988 240 -816 -329 240 -581 -450 -965 -760 -806 -675 -353 -330 -227 697 -48 26 446 -472 292 -397 775 -276 832 210 29 459 283 306 370 763 -407 -636 -373 -876 681 193 995 -154 684 863 803 -799 -562 -182 -825 -573 694 251 -579 -927 674 -82 -603 -222 -442 627 -69 546 -40 467 -580 390 853 -412 -387 198 821 -546 849 -185 518 -147 -236 373 286 -516 -229 -117 757 826 -688 173 -188 358 -946 -556 539 573 113 -841 -912 -694 95 -946 -619 -720 28 938 6 -130 -979 -422 45 729 645 850 -772 731 -983 -708 -165 -241 -4 600 -171 -960 -975 936 643 -384 -865 -353 -948 925 -939 -835 793 -798 -549 -947 -362 -614 -332 -285 91 242 123 -206 836 -895 851 430 -920 127 710 292 680 817 -646 234 -311 -663 807 888 848 738 -436 -758 -513 -269 556 464 -415 769 -384 -143 -448 678 237 -497 89 -792 710 261 -565 -829 -173 -894 892 -715 549 921 -603 780 -548 802 111 168 858 646 -608 845 131 -287 746 177 -751 426 -66 -296 -799 -658 -775 874 -504 354 -95 788 900 -245 -719 829 -494 -106 306 69 -233 -253 161 988 -715 -451 -415 725 93 757 -928 803 -66 288 -833 -32 -526 898 -563 532 485 -58 -944 -116 356
1 2
2 3
3 4
4 5
5 6
6 7
7 8
8 9
9 10
10 11
11 12
12 13
13 14
14 15
15 16
16 17
17 18
18 19
19 20
20 21
21 22
22 23
23 24
24 25
25 26
26 27
27 28
28 29
29 30
30 31
31 32
32 33
32 34
34 35
35 36
36 37
37 38
38 39
39 40
40 41
41 42
42 43
43 44
44 45
45 46
46 47
45 48
48 49
49 50
50 51
51 52
52 53
53 54
54 55
54 56
56 57
56 58
58 59
59 60
60 61
61 62
62 63
63 64
64 65
65 66
66 67
67 68
68 69
68 70
69 71
71 72
71 73
72 74
73 75
75 76
76 77
77 78
77 79
79 80
79 81
80 82
81 83
83 84
82 85
85 86
86 87
85 88
88 89
89 90
90 91
91 92
91 93
92 94
93 95
94 96
96 97
97 98
97 99
99 100
100 101
101 102
98 103
103 104
104 105
104 106
104 107
107 108
108 109
109 110
110 111
111 112
112 113
112 114
114 115
115 116
116 117
117 118
118 119
118 120
120 121
121 122
122 123
123 124
123 125
124 126
126 127
127 128
127 129
129 130
128 131
130 132
132 133
132 134
134 135
135 136
134 137
137 138
137 139
138 140
139 141
139 142
140 143
139 144
144 145
145 146
142 147
147 148
147 149
148 150
150 151
151 152
152 153
152 154
153 155
154 156
155 157
157 158
158 159
157 160
159 161
161 162
162 163
163 164
163 165
162 166
165 167
167 168
166 169
169 170
170 171
170 172
171 173
173 174
172 175
175 176
176 177
175 178
174 179
178 180
180 181
178 182
180 183
183 184
184 185
184 186
185 187
187 188
187 189
188 190
187 191
191 192
190 193
190 194
194 195
194 196
195 197
197 198
198 199
199 200
199 201
199 202
201 203
203 204
203 205
205 206
205 207
203 208
208 209
209 210
209 211
211 212
212 213
212 214
213 215
215 216
215 217
215 218
218 219
218 220
220 221
220 222
221 223
217 224
223 225
223 226
226 227
227 228
228 229
229 230
230 231
231 232
232 233
231 234
234 235
235 236
236 237
237 238
238 239
235 240
239 241
240 242
241 243
243 244
239 245
241 246
239 247
245 248
248 249
249 250
250 251
250 252
247 253
250 254
253 255
255 256
254 257
254 258
258 259
259 260
260 261
261 262
259 263
262 264
263 265
265 266
266 267
267 268
267 269
269 270
267 271
269 272
271 273
273 274
274 275
271 276
274 277
274 278
273 279
279 280
277 281
280 282
282 283
283 284
282 285
284 286
277 287
287 288
283 289
289 290
290 291
290 292
292 293
292 294
290 295
294 296
296 297
295 298
298 299
299 300
294 301
298 302
302 303
299 304
304 305
305 306
302 307
307 308
308 309
308 310
304 311
309 312
309 313
313 314
313 315
315 316
312 317
316 318
318 319
319 320
320 321
318 322
312 323
321 324
324 325
325 326
325 327
326 328
327 329
318 330
330 331
330 332
332 333
333 334
333 335
335 336
334 337
333 338
336 339
333 340
339 341
336 342
339 343
335 344
344 345
344 346
343 347
346 348
348 349
349 350
350 351
349 352
345 353
353 354
354 355
354 356
354 357
357 358
350 359
355 360
358 361
359 362
359 363
354 364
361 365
361 366
365 367
367 368
367 369
364 370
369 371
371 372
372 373
366 374
373 375
372 376
375 377
374 378
378 379
378 380
379 381
373 382
375 383
380 384
382 385
385 386
384 387
384 388
388 389
387 390
388 391
387 392
392 393
387 394
392 395
395 396
382 397
397 398
397 399
392 400
398 401
397 402
396 403
396 404
404 405
405 406
405 407
407 408
407 409
409 410
404 411
410 412
402 413
411 414
411 415
408 416
411 417
405 418
413 419
418 420
419 421
421 422
413 423
421 424
423 425
419 426
415 427
405 428
427 429
422 430
424 431
422 432
431 433
431 434
430 435
435 436
436 437
432 438
437 439
436 440
438 441
433 442
441 443
439 444
443 445
444 446
438 447
442 448
446 449
447 450
447 451
447 452
451 453
444 454
453 455
453 456
451 457
444 458
451 459
454 460
458 461
456 462
461 463
457 464
453 465
464 466
464 467
458 468
463 469
467 470
464 471
456 472
472 473
473 474
472 475
471 476
471 477
475 478
473 479
476 480
475 481
476 482
481 483
481 484
479 485
475 486
486 487
484 488
473 489
488 490
490 491
489 492
489 493
492 494
478 495
492 496
495 497
489 498
485 499
493 500
500 501
497 502
501 503
501 504
501 505
502 506
501 507
497 508
502 509
498 510
508 511
510 512
511 513
511 514
503 515
510 516
509 517
516 518
516 519
513 520
517 521
521 522
513 523
522 524
524 525
521 526
515 527
524 528
525 529
521 530
522 531
523 532
526 533
519 534
529 535
528 536
531 537
535 538
538 539
538 540
538 541
538 542
537 543
543 544
531 545
545 546
541 547
546 548
542 549
544 550
549 551
544 552
547 553
547 554
553 555
544 556
531 557
556 558
558 559
548 560
560 561
561 562
560 563
551 564
562 565
565 566
564 567
565 568
568 569
567 570
561 571
561 572
570 573
573 574
572 575
575 576
576 577
574 578
576 579
578 580
574 581
574 582
571 583
564 584
582 585
575 586
584 587
587 588
587 589
589 590
581 591
590 592
587 593
590 594
589 595
590 596
593 597
595 598
594 599
597 600
600 601
583 602
602 603
598 604
603 605
603 606
606 607
601 608
601 609
599 610
609 611
610 612
610 613
612 614
606 615
615 616
613 617
615 618
618 619
617 620
618 621
621 622
621 623
620 624
624 625
613 626
620 627
620 628
620 629
626 630
615 631
627 632
628 633
631 634
633 635
635 636
632 637
634 638
638 639
637 640
639 641
635 642
638 643
643 644
639 645
641 646
646 647
645 648
629 649
649 650
650 651
647 652
649 653
641 654
654 655
642 656
654 657
647 658
657 659
653 660
655 661
658 662
661 663
661 664
658 665
665 666
665 667
666 668
651 669
660 670
665 671
668 672
670 673
669 674
674 675
658 676
675 677
669 678
677 679
678 680
670 681
674 682
680 683
664 684
678 685
670 686
683 687
678 688
688 689
684 690
685 691
689 692
691 693
686 694
690 695
691 696
691 697
691 698
698 699
697 700
686 701
700 702
700 703
697 704
702 705
683 706
691 707
698 708
704 709
705 710
709 711
697 712
705 713
702 714
701 715
707 716
715 717
717 718
718 719
714 720
717 721
718 722
720 723
719 724
723 725
712 726
725 727
726 728
727 729
725 730
727 731
707 732
725 733
728 734
733 735
730 736
719 737
736 738
725 739
738 740
738 741
738 742
742 743
742 744
743 745
718 746
744 747
738 748
746 749
749 750
734 751
748 752
748 753
751 754
753 755
743 756
755 757
739 758
756 759
759 760
757 761
761 762
756 763
752 764
752 765
765 766
765 767
765 768
755 769
761 770
764 771
759 772
761 773
763 774
773 775
766 776
772 777
771 778
772 779
768 780
780 781
754 782
779 783
778 784
782 785
770 786
785 787
778 788
785 789
774 790
779 791
787 792
763 793
790 794
786 795
794 796
793 797
794 798
789 799
796 800
795 801
796 802
771 803
795 804
797 805
804 806
787 807
797 808
803 809
806 810
806 811
811 812
811 813
813 814
802 815
813 816
812 817
803 818
810 819
803 820
816 821
820 822
818 823
820 824
820 825
821 826
826 827
823 828
819 829
820 830
829 831
827 832
830 833
830 834
818 835
835 836
788 837
829 838
832 839
836 840
839 841
828 842
842 843
831 844
843 845
838 846
838 847
844 848
847 849
847 850
848 851
840 852
852 853
853 854
848 855
854 856
850 857
850 858
834 859
847 860
850 861
859 862
858 863
862 864
863 865
848 866
866 867
865 868
853 869
867 870
854 871
866 872
868 873
873 874
872 875
875 876
869 877
872 878
877 879
832 880
861 881
874 882
878 883
877 884
864 885
884 886
875 887
878 888
878 889
886 890
887 891
882 892
876 893
879 894
894 895
891 896
885 897
895 898
894 899
898 900
861 901
897 902
895 903
896 904
890 905
895 906
906 907
887 908
908 909
903 910
910 911
904 912
907 913
912 914
905 915
914 916
902 917
906 918
910 919
899 920
903 921
902 922
916 923
893 924
917 925
917 926
922 927
925 928
921 929
924 930
926 931
929 932
924 933
928 934
932 935
930 936
908 937
929 938
931 939
938 940
937 941
940 942
942 943
931 944
922 945
923 946
934 947
937 948
931 949
936 950
932 951
947 952
949 953
938 954
954 955
951 956
952 957
948 958
958 959
930 960
954 961
955 962
943 963
942 964
946 965
959 966
966 967
965 968
964 969
952 970
967 971
963 972
967 973
962 974
966 975
972 976
966 977
964 978
972 979
958 980
958 981
978 982
972 983
945 984
982 985
984 986
981 987
972 988
983 989
975 990
973 991
981 992
988 993
968 994
983 995
979 996
999
565 -111 992 -920 728 -62 -557 824 279 -771 417 356 455 221 -951 -158 561 509 9 -14 -998 -952 -718 -970 664 -657 -462 998 -930 91 -556 -637 -581 842 989 -611 908 -18 -871 -186 59 -223 222 -714 45 767 328 -224 192 -506 -637 352 341 -726 13 396 -23 131 744 760 -911 329 -377 834 101 92 320 775 302 -12 -674 -551 203 470 -837 -238 -560 365 -361 892 435 377 -587 543 -261 995 -638 608 214 -706 -861 -60 -124 -808 -607 -760 -578 862 -610 256 -81 792 -31 -178 -843 350 815 27 666 690 -299 -785 -388 -313 -772 -48 197 506 -127 -16 272 86 -810 -52 752 806 150 -141 318 878 -615 507 -399 367 648 75 382 -846 780 -566 492 421 -334 161 923 144 53 440 -555 -621 -526 204 -539 777 101 134 618 448 -716 284 -67 532 300 203 980 190 -962 -306 -958 772 -228 -469 376 -183 -217 -891 698 -280 695 881 -353 372 -602 831 -829 987 583 824 588 619 -184 634 43 -125 -847 328 375 701 -509 10 626 499 741 136 -955 -959 63 667 532 930 483 -453 61 669 -498 644 680 -621 -56 846 -386 979 -411 169 -702 -447 -822 211 -536 885 832 -167 437 -580 -451 -47 935 941 -262 391 -892 995 875 -934 378 -155 -407 477 -623 -287 -574 -265 953 -821 -479 -58 -296 529 193 -305 943 775 302 82 95 -744 -366 873 -443 -155 839 893 -140 221 789 -715 -92 57 -644 -736 295 -890 -407 32 -409 -926 178 -760 359 863 965 -973 -745 37 986 -798 709 821 -659 -150 141 -627 934 -170 -542 -37 -580 -676 595 -858 48 551 497 -506 442 573 -855 574 39 406 -466 262 -316 -752 452 212 780 -613 -857 198 -762 -145 527 183 -880 -384 -505 -405 -471 -9 802 -809 -860 -90 -984 870 -812 -329 796 -791 -8 333 -794 33 428 425 603 -799 -843 -842 -979 493 -399 -954 -79 819 602 -240 -950 91 62 -84 -903 911 -323 705 379 961 607 905 -689 890 -614 721 861 527 -454 -53 66 -342 918 65 349 865 648 777 -697 -466 965 842 100 777 635 -750 -52 779 -136 -757 -635 -338 -762 536 606 921 602 343 647 432 -727 573 -580 -346 -953 689 376 -693 -12 -177 812 720 -667 -55 306 -322 856 -332 739 -625 -249 678 -299 -638 -700 -772 -782 -931 -112 -621 -964 145 -797 59 950 76 683 626 -686 620 34 964 -52 -331 -842 -416 -877 -536 -548 391 -423 -782 -702 -455 -218 46 378 552 -932 739 562 199 162 136 648 119 -784 -437 767 357 -366 372 -266 -751 -137 -718 -687 347 -469 -872 832 394 -519 682 193 656 562 -137 -593 734 -765 235 870 793 -316 -204 -141 99 711 -396 -30 693 -301 -100 214 -551 400 -781 -322 459 -247 -956 -48 -289 -337 -697 -787 -952 876 55 873 846 -293 -199 -969 434 -348 -254 311 478 -477 -620 -3 933 -112 581 358 409 294 -985 -866 -742 953 -113 242 365 923 92 794 78 719 -383 -173 -849 712 -582 -222 634 -622 -120 -292 -729 -989 312 480 565 -730 -971 614 -926 -680 649 -177 -785 343 -92 -366 -821 87 -296 -985 -188 386 -585 649 707 -980 570 -230 -110 873 70 871 -32 -393 -542 511 -824 -733 -368 -262 -638 -226 -105 972 -189 262 -456 -783 184 969 4 279 955 622 285 -225 -451 -907 -343 561 845 888 -32 135 194 829 -432 -294 282 287 116 910 746 -744 -238 -535 -464 219 -848 -788 968 77 210 907 677 606 632 272 -565 -89 839 465 -207 -797 -959 794 -931 568 223 451 -989 -372 160 -779 -258 -3 -593 -406 -413 39 -990 503 431 158 766 -992 903 -957 610 805 941 -517 959 -977 756 -986 -221 -564 965 -891 704 88 157 -449 604 434 -902 -1 420 -295 967 287 -642 975 -446 883 30 -197 -480 770 -997 39 -569 527 540 -184 345 -852 270 -209 687 -245 490 -775 18 -114 -277 -844 -476 -805 -274 374 758 373 -199 -904 440 441 394 485 689 197 -639 116 81 383 -719 -625 603 519 -175 484 -334 71 -393 381 12 -633 978 125 -314 -538 -933 -254 -561 -705 488 -259 -815 -892 -601 308 374 724 -581 782 -469 -583 248 950 -410 -446 -503 838 -803 -397 585 -971 -22 -829 -984 -811 -650 -311 -833 77 -944 -286 -119 -898 180 -654 497 -908 -886 -404 235 -171 994 664 724 186 -860 -189 658 -898 391 213 585 -508 752 -856 149 52 375 509 837 -878 699 -716 318 779 -729 -788 470 234 782 -380 854 -64 -29 648 425 -746 596 -600 -765 515 -602 27 -19 624 757 515 167 470 -913 -182 -892 644 493 85 761 -35 50 -602 172 151 -420 -199 346 -779 -340 7 -215 -24 -327 -696 793 -914 -983 160 449 -295 105 -501 -544 -422 -656 -927 173 -395 344 -794 -294 -372 742 -597 259 -810 -723 -806 -590 55 924 299 226 78 481 747 -558 42 147 741 -516 306 -60 -745 -78 -420 807 648 234 -384 -727 923 928 361 414 353 818 -411 -640 503 -443 -534 -337 -312 920 879 -277 -669 -334 -599 600 -996 251 -594 96 -461 -751 292 -207 -504 489 -360 898 458 -251 -228 -90 -551 192 971 915 -197 18 419 407 -944 -351 649 418 786 987 234 966 -793 -829 -345
1 2
2 3
3 4
4 5
5 6
6 7
7 8
8 9
9 10
10 11
11 12
12 13
13 14
14 15
15 16
16 17
17 18
17 19
19 20
20 21
21 22
22 23
23 24
24 25
24 26
24 27
27 28
28 29
27 30
30 31
31 32
31 33
32 34
32 35
35 36
36 37
37 38
38 39
38 40
38 41
39 42
40 43
43 44
42 45
44 46
43 47
47 48
48 49
49 50
50 51
51 52
52 53
53 54
54 55
54 56
53 57
55 58
58 59
59 60
59 61
61 62
61 63
62 64
61 65
63 66
64 67
67 68
68 69
68 70
70 71
70 72
70 73
73 74
74 75
73 76
72 77
76 78
76 79
78 80
80 81
81 82
82 83
83 84
84 85
84 86
83 87
87 88
85 89
86 90
90 91
90 92
92 93
89 94
94 95
94 96
95 97
97 98
97 99
93 100
97 101
88 102
101 103
99 104
104 105
105 106
105 107
106 108
107 109
109 110
110 111
109 112
111 113
110 114
113 115
115 116
108 117
117 118
109 119
119 120
120 121
121 122
119 123
120 124
123 125
124 126
125 127
126 128
118 129
129 130
122 131
130 132
131 133
131 134
131 135
131 136
132 137
132 138
138 139
139 140
140 141
128 142
137 143
141 144
142 145
131 146
145 147
126 148
143 149
144 150
150 151
142 152
148 153
149 154
154 155
150 156
156 157
157 158
154 159
155 160
158 161
161 162
148 163
162 164
163 165
161 166
160 167
151 168
163 169
169 170
157 171
169 172
171 173
169 174
173 175
172 176
176 177
159 178
171 179
175 180
180 181
181 182
181 183
178 184
184 185
184 186
186 187
181 188
188 189
176 190
186 191
185 192
182 193
187 194
194 195
191 196
191 197
194 198
196 199
186 200
199 201
201 202
197 203
200 204
183 205
204 206
200 207
207 208
205 209
208 210
206 211
206 212
205 213
213 214
205 215
178 216
216 217
195 218
208 219
217 220
220 221
217 222
214 223
221 224
219 225
214 226
224 227
226 228
216 229
212 230
226 231
229 232
221 233
226 234
232 235
220 236
230 237
229 238
228 239
236 240
235 241
226 242
237 243
241 244
243 245
245 246
245 247
246 248
242 249
247 250
240 251
244 252
246 253
250 254
240 255
248 256
256 257
253 258
255 259
252 260
248 261
251 262
258 263
260 264
263 265
262 266
245 267
266 268
264 269
264 270
269 271
266 272
253 273
269 274
272 275
261 276
275 277
277 278
275 279
265 280
260 281
281 282
274 283
280 284
284 285
281 286
283 287
287 288
288 289
289 290
284 291
291 292
288 293
289 294
291 295
291 296
292 297
297 298
285 299
297 300
286 301
300 302
302 303
292 304
300 305
288 306
305 307
301 308
306 309
306 310
299 311
310 312
304 313
309 314
311 315
314 316
313 317
313 318
314 319
317 320
309 321
320 322
316 323
301 324
306 325
325 326
321 327
308 328
328 329
320 330
330 331
320 332
328 333
330 334
320 335
324 336
331 337
337 338
333 339
339 340
337 341
333 342
321 343
334 344
335 345
342 346
346 347
346 348
341 349
349 350
336 351
316 352
345 353
353 354
344 355
342 356
355 357
354 358
355 359
345 360
341 361
361 362
334 363
354 364
361 365
359 366
366 367
367 368
364 369
364 370
368 371
368 372
370 373
372 374
366 375
364 376
368 377
374 378
376 379
346 380
356 381
378 382
377 383
374 384
380 385
376 386
381 387
383 388
388 389
375 390
386 391
387 392
382 393
392 394
388 395
395 396
396 397
364 398
390 399
390 400
398 401
387 402
387 403
402 404
395 405
399 406
395 407
406 408
399 409
404 410
402 411
411 412
408 413
408 414
388 415
415 416
415 417
416 418
385 419
395 420
416 421
406 422
412 423
413 424
412 425
417 426
421 427
426 428
406 429
429 430
424 431
420 432
430 433
420 434
430 435
435 436
432 437
431 438
438 439
433 440
433 441
421 442
438 443
436 444
427 445
414 446
440 447
445 448
428 449
375 450
447 451
437 452
433 453
452 454
435 455
448 456
455 457
457 458
423 459
456 460
456 461
408 462
461 463
450 464
452 465
458 466
455 467
400 468
462 469
456 470
465 471
444 472
471 473
471 474
462 475
473 476
462 477
466 478
461 479
448 480
480 481
476 482
480 483
453 484
478 485
485 486
473 487
477 488
475 489
460 490
463 491
479 492
462 493
490 494
479 495
438 496
487 497
492 498
498 499
492 500
500 501
492 502
494 503
501 504
487 505
491 506
497 507
502 508
497 509
506 510
495 511
502 512
494 513
507 514
514 515
502 516
507 517
463 518
511 519
519 520
512 521
508 522
513 523
521 524
518 525
478 526
525 527
527 528
511 529
516 530
528 531
529 532
522 533
527 534
522 535
531 536
532 537
519 538
524 539
481 540
538 541
526 542
528 543
543 544
537 545
544 546
545 547
546 548
534 549
531 550
538 551
524 552
542 553
516 554
516 555
552 556
508 557
556 558
541 559
545 560
547 561
538 562
535 563
545 564
560 565
560 566
566 567
565 568
540 569
540 570
546 571
542 572
569 573
549 574
564 575
554 576
575 577
566 578
553 579
565 580
574 581
568 582
580 583
583 584
548 585
562 586
586 587
521 588
569 589
521 590
572 591
579 592
585 593
553 594
576 595
589 596
550 597
590 598
596 599
586 600
579 601
579 602
597 603
591 604
596 605
604 606
589 607
585 608
603 609
594 610
586 611
586 612
610 613
606 614
602 615
605 616
591 617
615 618
587 619
567 620
602 621
620 622
611 623
617 624
618 625
622 626
613 627
623 628
627 629
626 630
620 631
631 632
623 633
623 634
614 635
596 636
618 637
630 638
625 639
629 640
637 641
636 642
639 643
639 644
641 645
614 646
630 647
628 648
648 649
641 650
642 651
623 652
635 653
648 654
637 655
638 656
641 657
620 658
655 659
658 660
635 661
646 662
658 663
661 664
639 665
661 666
616 667
651 668
664 669
660 670
619 671
654 672
665 673
658 674
647 675
668 676
662 677
674 678
678 679
676 680
657 681
668 682
676 683
680 684
665 685
667 686
674 687
684 688
636 689
674 690
670 691
679 692
675 693
677 694
660 695
694 696
656 697
696 698
683 699
697 700
670 701
687 702
698 703
680 704
696 705
699 706
695 707
703 708
698 709
708 710
697 711
696 712
702 713
711 714
713 715
713 716
707 717
695 718
688 719
693 720
718 721
710 722
714 723
718 724
722 725
699 726
616 727
717 728
702 729
729 730
729 731
708 732
731 733
710 734
734 735
731 736
697 737
714 738
712 739
735 740
691 741
726 742
740 743
726 744
744 745
745 746
733 747
734 748
743 749
731 750
714 751
730 752
752 753
713 754
725 755
752 756
706 757
744 758
733 759
755 760
749 761
750 762
762 763
699 764
759 765
756 766
766 767
757 768
709 769
753 770
770 771
762 772
743 773
754 774
738 775
752 776
756 777
730 778
773 779
751 780
694 781
763 782
770 783
778 784
772 785
770 786
783 787
751 788
745 789
789 790
759 791
790 792
785 793
780 794
778 795
789 796
794 797
790 798
795 799
792 800
787 801
790 802
788 803
796 804
786 805
784 806
803 807
796 808
773 809
803 810
785 811
759 812
799 813
705 814
783 815
786 816
815 817
811 818
784 819
817 820
793 821
819 822
807 823
822 824
791 825
824 826
823 827
791 828
826 829
788 830
793 831
830 832
831 833
832 834
797 835
835 836
834 837
827 838
829 839
819 840
713 841
821 842
838 843
784 844
801 845
844 846
824 847
834 848
833 849
824 850
848 851
846 852
831 853
837 854
841 855
853 856
856 857
806 858
818 859
836 860
760 861
853 862
835 863
862 864
796 865
853 866
846 867
842 868
868 869
780 870
849 871
863 872
863 873
873 874
862 875
784 876
844 877
861 878
816 879
879 880
855 881
849 882
870 883
855 884
874 885
876 886
843 887
880 888
886 889
852 890
889 891
889 892
890 893
869 894
885 895
892 896
882 897
888 898
880 899
870 900
887 901
887 902
866 903
889 904
891 905
884 906
868 907
892 908
843 909
871 910
895 911
832 912
892 913
887 914
892 915
910 916
905 917
859 918
885 919
873 920
912 921
911 922
901 923
914 924
890 925
917 926
911 927
926 928
922 929
925 930
913 931
834 932
913 933
930 934
882 935
930 936
882 937
896 938
897 939
903 940
877 941
936 942
907 943
911 944
942 945
866 946
935 947
914 948
928 949
929 950
865 951
945 952
915 953
936 954
857 955
946 956
954 957
935 958
950 959
956 960
949 961
961 962
960 963
942 964
946 965
935 966
954 967
963 968
956 969
960 970
941 971
933 972
962 973
953 974
956 975
957 976
972 977
977 978
968 979
977 980
958 981
979 982
952 983
977 984
977 985
985 986
942 987
935 988
961 989
946 990
989 991
981 992
989 993
966 994
991 995
984 996
981 997
993 998
988 999
988
-905 -31 -822 490 802 71 422 -994 191 -628 568 -216 166 -27 572 54 -598 526 15 -714 938 621 -278 -616 -355 -868 -743 165 -886 572 472 11 -506 -400 -301 -758 701 678 205 964 361 -914 572 -68 -315 -447 -810 -471 -940 195 -268 -587 315 817 562 631 -268 660 132 310 853 966 83 836 -328 -686 155 176 985 -165 88 568 -993 -950 -783 -664 -732 351 -289 740 73 -99 287 60 84 -117 -212 -479 -219 -241 -901 782 -287 79 -62 385 723 689 885 996 492 534 -845 -747 -508 -179 -541 685 -336 -798 -312 -457 537 153 -498 463 -53 746 911 479 -250 -306 642 24 992 -495 41 726 -666 717 865 725 -355 360 372 947 -817 283 290 -191 -996 -237 -31 -542 897 899 130 156 61 -341 274 -761 260 885 -865 -588 -858 -749 604 831 723 635 347 -54 -512 938 -200 -423 208 -887 -30 -948 859 79 -544 215 799 -515 831 883 514 -398 -319 -200 295 180 767 -760 -670 629 -554 -61 -182 219 449 581 720 -408 -687 -978 806 -172 -244 -365 -883 4 -236 -24 -942 923 -95 112 -542 -760 610 162 441 -58 639 211 965 583 828 134 701 -710 -812 683 596 771 153 893 -13 -293 -49 -146 279 45 667 568 459 -57 302 847 694 -923 783 -784 448 -291 -36 -294 97 288 -744 50 -254 -585 -45 142 -291 -780 956 451 85 594 -273 -770 265 996 490 795 -300 727 326 138 -890 -792 45 -659 -367 684 -791 -611 -630 -88 -942 -562 963 779 797 -876 -555 -909 482 495 -623 -643 -330 -885 609 -648 -93 401 -70 -662 -36 -740 -470 -741 380 50 623 391 899 -840 -847 782 -431 415 120 442 645 -595 373 462 -573 612 709 -518 136 597 258 451 -449 619 -21 -550 -609 639 -411 -232 -676 -208 -36 455 204 -663 337 108 868 651 -528 -261 313 -709 229 514 34 -787 845 83 84 512 526 -784 -724 -291 854 831 68 120 92 -720 -178 4 941 -840 484 -986 864 310 -922 -701 -490 884 -11 71 356 -994 -281 -282 -476 -879 462 711 79 851 -73 -197 902 -143 -2 767 945 -790 -996 -270 608 185 486 -908 380 -422 473 291 829 -373 -927 -452 -657 949 -95 -487 -53 -958 847 657 -564 841 -965 -309 365 -397 -456 -324 358 -368 -500 -124 -68 -375 -78 440 834 661 -221 506 -391 620 349 -100 -751 202 -140 -839 514 135 58 -376 254 898 -10 -853 -212 -191 173 829 -816 -120 -808 -150 -471 284 -145 -909 587 115 -647 -939 95 -762 820 -94 305 -630 87 -551 302 652 135 -694 -967 -949 -396 413 215 880 -614 668 120 594 -216 -264 -66 179 355 715 -3 -628 816 238 -986 -964 55 -878 -644 720 -593 -179 532 347 826 -762 504 -413 184 -42 -79 932 -487 240 428 -38 -873 -73 -38 720 -866 -569 -767 -820 797 -645 -468 -206 81 -713 674 -317 -632 -629 103 775 288 838 922 324 -70 -532 798 -226 -411 219 -994 642 -470 -316 164 315 320 -26 347 -411 -736 574 -456 -181 -385 -373 -827 963 -943 -767 -11 289 -939 407 230 -182 907 -666 -169 -527 334 208 -757 -833 -590 948 -332 360 -664 374 -923 263 -76 -863 74 -315 -180 -38 -828 -878 -952 619 815 -834 1 -979 884 325 794 419 -726 466 -231 303 -450 -467 242 17 494 -209 506 -546 -323 280 396 477 -523 -546 -250 4 712 274 -970 -212 421 917 461 -752 -716 -841 48 566 485 856 -248 -7 979 573 -438 2 478 -280 11 606 -317 594 -575 -996 799 -374 -373 -634 -407 -88 965 123 312 -326 -706 859 -510 -622 -234 -985 -944 165 -64 -317 862 -5 786 577 -122 331 795 -676 -688 394 500 -118 -527 553 -528 256 -853 278 -366 745 -390 407 -380 366 800 -809 591 832 389 -101 -172 -486 219 555 866 181 -66 -295 -807 504 -483 -761 -104 -965 -725 -591 192 287 -2 261 -546 817 552 -264 -804 105 650 -449 -316 427 139 473 -697 260 -41 -498 -995 -588 -519 403 -257 97 779 800 -707 -85 543 -884 414 -128 368 -459 7 -613 -778 697 -642 639 924 -662 772 -644 -613 653 -970 -755 -210 -734 703 149 954 -846 -531 800 -539 406 204 -743 -414 416 -611 -757 -81 291 -535 251 38 626 -407 -639 293 475 -405 -144 992 -964 380 -458 572 -480 38 -792 -351 450 -989 -232 741 -28 538 -187 320 722 -23 40 -440 300 464 -818 -684 -364 -592 223 419 934 217 -970 -99 943 2 305 -261 447 -672 552 -674 -165 -699 399 689 285 502 -692 -818 988 386 517 944 792 -178 -402 -830 465 913 364 735 216 -333 619 347 -561 -490 -33 12 851 554 -96 347 -891 -738 237 -599 295 -888 143 604 999 -51 -354 -299 511 -298 851 631 -137 -933 -898 -670 479 815 901 515 -526 301 347 628 -847 524 -488 866 793 -639 -779 -636 903 -335 987 -759 -364 -756 -918 -432 -337 -675 -110 364 146 -962 -878 264 180 328 -889 196 -780 -491 -560 -212 -43 864 -689 -766 589 504 133 -539 686 -242 296 220 -420 -952 -703 -126 478 -356 106 799 732 -451 -222 220 -578 559 88 401 -829 683 -427 815 -745 54 -811 21 -474 -851 990
1 2
2 3
3 4
4 5
5 6
6 7
7 8
8 9
9 10
10 11
11 12
12 13
13 14
14 15
15 16
16 17
17 18
18 19
19 20
20 21
21 22
22 23
23 24
24 25
25 26
26 27
27 28
28 29
29 30
30 31
31 32
32 33
33 34
34 35
35 36
36 37
37 38
38 39
39 40
40 41
41 42
42 43
43 44
44 45
45 46
46 47
47 48
48 49
49 50
50 51
51 52
52 53
53 54
54 55
55 56
56 57
57 58
58 59
59 60
60 61
61 62
62 63
63 64
64 65
65 66
66 67
67 68
68 69
69 70
70 71
71 72
72 73
73 74
74 75
75 76
76 77
77 78
78 79
79 80
80 81
81 82
82 83
83 84
84 85
85 86
86 87
87 88
88 89
89 90
90 91
91 92
92 93
93 94
94 95
95 96
96 97
97 98
98 99
99 100
100 101
101 102
102 103
103 104
104 105
105 106
106 107
107 108
108 109
109 110
110 111
111 112
112 113
113 114
114 115
115 116
116 117
117 118
118 119
119 120
120 121
121 122
122 123
123 124
124 125
125 126
126 127
127 128
128 129
129 130
130 131
131 132
132 133
133 134
134 135
135 136
136 137
137 138
138 139
139 140
140 141
141 142
142 143
143 144
144 145
145 146
146 147
147 148
148 149
149 150
150 151
151 152
152 153
152 154
154 155
155 156
156 157
156 158
158 159
159 160
160 161
161 162
162 163
163 164
163 165
165 166
166 167
167 168
168 169
169 170
170 171
171 172
172 173
173 174
173 175
175 176
176 177
177 178
178 179
179 180
180 181
181 182
182 183
183 184
183 185
184 186
186 187
187 188
188 189
188 190
190 191
191 192
192 193
193 194
194 195
195 196
195 197
197 198
198 199
199 200
200 201
201 202
202 203
203 204
204 205
204 206
206 207
206 208
208 209
209 210
210 211
211 212
212 213
213 214
214 215
214 216
216 217
217 218
218 219
219 220
220 221
221 222
222 223
222 224
224 225
225 226
226 227
227 228
228 229
229 230
230 231
231 232
232 233
233 234
234 235
234 236
235 237
237 238
238 239
239 240
240 241
241 242
242 243
243 244
244 245
245 246
246 247
247 248
248 249
249 250
249 251
250 252
251 253
253 254
254 255
255 256
256 257
257 258
258 259
258 260
260 261
261 262
262 263
263 264
264 265
265 266
266 267
267 268
267 269
269 270
270 271
271 272
271 273
273 274
274 275
275 276
276 277
277 278
276 279
278 280
280 281
281 282
282 283
282 284
282 285
285 286
286 287
287 288
288 289
288 290
290 291
290 292
292 293
293 294
293 295
295 296
296 297
297 298
298 299
298 300
300 301
301 302
301 303
303 304
304 305
305 306
306 307
307 308
307 309
309 310
310 311
311 312
312 313
313 314
314 315
313 316
315 317
317 318
318 319
319 320
319 321
321 322
322 323
323 324
324 325
325 326
326 327
327 328
327 329
329 330
330 331
331 332
332 333
333 334
334 335
335 336
333 337
336 338
337 339
338 340
339 341
341 342
342 343
342 344
343 345
345 346
346 347
347 348
347 349
349 350
348 351
351 352
352 353
353 354
354 355
355 356
355 357
357 358
358 359
357 360
360 361
361 362
362 363
363 364
364 365
364 366
366 367
367 368
368 369
368 370
370 371
371 372
372 373
372 374
373 375
375 376
375 377
376 378
376 379
378 380
380 381
381 382
381 383
383 384
382 385
382 386
386 387
385 388
388 389
388 390
390 391
390 392
389 393
392 394
394 395
395 396
395 397
397 398
398 399
399 400
400 401
401 402
400 403
402 404
404 405
405 406
406 407
407 408
408 409
409 410
410 411
411 412
412 413
413 414
414 415
415 416
416 417
416 418
418 419
418 420
420 421
420 422
422 423
423 424
424 425
425 426
426 427
427 428
428 429
428 430
430 431
429 432
432 433
433 434
432 435
435 436
436 437
435 438
438 439
439 440
440 441
441 442
441 443
439 444
444 445
444 446
446 447
447 448
448 449
449 450
450 451
451 452
451 453
453 454
454 455
454 456
456 457
457 458
457 459
459 460
459 461
460 462
462 463
463 464
461 465
465 466
466 467
466 468
467 469
468 470
469 471
470 472
472 473
473 474
474 475
475 476
475 477
477 478
476 479
479 480
480 481
481 482
482 483
482 484
483 485
485 486
486 487
487 488
488 489
489 490
490 491
491 492
492 493
493 494
494 495
493 496
496 497
496 498
497 499
498 500
497 501
500 502
502 503
503 504
504 505
505 506
501 507
505 508
506 509
501 510
510 511
508 512
508 513
513 514
513 515
514 516
513 517
517 518
510 519
515 520
520 521
521 522
522 523
523 524
524 525
525 526
523 527
525 528
527 529
529 530
529 531
529 532
531 533
533 534
533 535
535 536
530 537
537 538
538 539
538 540
540 541
539 542
542 543
542 544
543 545
544 546
546 547
545 548
548 549
547 550
550 551
551 552
552 553
552 554
554 555
553 556
555 557
556 558
557 559
558 560
558 561
561 562
562 563
562 564
564 565
565 566
564 567
567 568
567 569
569 570
569 571
571 572
572 573
572 574
574 575
575 576
576 577
577 578
577 579
578 580
580 581
581 582
582 583
582 584
584 585
585 586
585 587
587 588
588 589
589 590
590 591
590 592
592 593
592 594
593 595
594 596
594 597
596 598
596 599
599 600
600 601
598 602
602 603
602 604
601 605
605 606
604 607
606 608
607 609
609 610
608 611
610 612
612 613
613 614
614 615
615 616
616 617
616 618
617 619
618 620
620 621
620 622
622 623
623 624
623 625
624 626
626 627
625 628
627 629
629 630
628 631
631 632
631 633
633 634
634 635
635 636
636 637
637 638
638 639
638 640
640 641
640 642
642 643
643 644
638 645
644 646
644 647
644 648
648 649
648 650
648 651
651 652
647 653
652 654
653 655
654 656
656 657
655 658
657 659
659 660
658 661
660 662
661 663
662 664
664 665
665 666
666 667
663 668
666 669
667 670
669 671
671 672
672 673
668 674
674 675
672 676
675 677
676 678
678 679
678 680
680 681
681 682
681 683
681 684
684 685
683 686
686 687
687 688
688 689
688 690
690 691
685 692
689 693
693 694
691 695
693 696
693 697
697 698
697 699
698 700
695 701
700 702
701 703
702 704
702 705
704 706
701 707
705 708
708 709
708 710
710 711
711 712
712 713
710 714
714 715
715 716
716 717
717 718
718 719
718 720
720 721
721 722
722 723
723 724
723 725
721 726
726 727
725 728
728 729
727 730
729 731
729 732
730 733
732 734
734 735
735 736
736 737
737 738
738 739
738 740
739 741
739 742
741 743
742 744
744 745
743 746
746 747
744 748
747 749
749 750
741 751
751 752
751 753
753 754
754 755
752 756
753 757
757 758
758 759
759 760
759 761
761 762
762 763
763 764
763 765
765 766
766 767
767 768
768 769
766 770
769 771
769 772
767 773
772 774
768 775
774 776
771 777
772 778
777 779
778 780
780 781
780 782
782 783
783 784
784 785
785 786
785 787
787 788
786 789
786 790
786 791
791 792
788 793
793 794
794 795
795 796
794 797
796 798
798 799
799 800
792 801
799 802
802 803
803 804
804 805
804 806
804 807
807 808
806 809
809 810
807 811
810 812
809 813
811 814
814 815
812 816
816 817
812 818
817 819
818 820
820 821
821 822
822 823
820 824
823 825
823 826
826 827
827 828
828 829
829 830
825 831
830 832
829 833
832 834
834 835
830 836
833 837
837 838
837 839
834 840
839 841
838 842
841 843
843 844
844 845
844 846
845 847
847 848
845 849
848 850
850 851
850 852
845 853
853 854
853 855
854 856
856 857
857 858
856 859
858 860
855 861
860 862
859 863
863 864
864 865
857 866
866 867
860 868
863 869
869 870
870 871
871 872
872 873
872 874
874 875
875 876
874 877
875 878
878 879
878 880
879 881
880 882
882 883
882 884
882 885
884 886
884 887
887 888
888 889
889 890
890 891
889 892
891 893
893 894
894 895
895 896
894 897
896 898
897 899
898 900
897 901
901 902
902 903
902 904
903 905
905 906
904 907
907 908
908 909
908 910
910 911
909 912
904 913
911 914
910 915
915 916
915 917
913 918
917 919
912 920
920 921
921 922
922 923
923 924
922 925
915 926
924 927
925 928
927 929
929 930
929 931
927 932
927 933
932 934
932 935
935 936
934 937
932 938
937 939
939 940
939 941
941 942
942 943
941 944
942 945
943 946
942 947
945 948
948 949
947 950
942 951
949 952
952 953
953 954
950 955
948 956
940 957
956 958
954 959
959 960
960 961
960 962
962 963
960 964
963 965
964 966
965 967
964 968
968 969
968 970
967 971
966 972
965 973
973 974
974 975
973 976
976 977
976 978
977 979
978 980
980 981
980 982
982 983
976 984
984 985
980 986
985 987
985 988