100
169678468 81195817
118400960 7765654
181098823 176335057
113213171 2209504
120185677 24111756
199493245 170569467
117572761 14933991
199150323 117857144
125084100 27148455
179461075 116440840
118322042 94082953
151042659 55912012
192456289 21488111
133293469 46636142
178841551 63633426
172125383 127266190
172063133 130210679
140019304 132911005
130365981 97742761
173953666 55160680
130788967 119502078
170090192 157730386
188380902 3090555
111088131 35848086
177683174 69083816
138649718 9508037
130301183 56379365
116945487 51629681
118434573 29024082
154725062 68925754
192713933 186652865
198312496 122355931
169893141 51061872
122971726 52775475
196596980 110537474
155843485 48168524
170372305 108077726
128264029 54741502
100206898 37076283
124734562 31468177
182417719 68877967
126411641 42955929
105593010 51129401
187992726 84063954
198628789 2090196
121303708 71787104
174600938 48329744
161152493 113552953
162980710 6239961
149785905 61290451
181049613 19331714
186963638 95192805
184079421 90354037
115207829 30347869
107096180 49881664
167209095 84632045
155843024 55235921
154749154 59203233
142010569 127215957
137979969 93155711
190492373 159338166
184498433 179615932
183932587 114234693
114620094 40949274
182291499 16922352
159007339 61813431
122551742 105314685
172312086 14523344
166231349 158975077
195950186 37993324
132495011 18190602
167874133 72980255
161812722 28121512
154806773 63078687
117881519 42445477
149495354 65936705
157103124 129685148
131016259 62535805
184677418 183539592
192981712 47558422
162558705 141946700
135342733 25570402
102992734 47800140
196774315 144320231
147691087 97549767
100100669 32400444
160916487 67974803
173556837 75245563
190598089 75373166
131585205 76729116
173666704 65263392
174402557 9951931
172623403 142301802
124321892 116794334
103571522 45873166
129302443 30739251
174325361 42836168
156273378 129834448
177332700 128231346
151574882 2975440
