100
7481 29313 46
14410 1912 61
13718 5150 44
23442 76 73
9661 6575 99
18765 5886 59
14246 12301 74
7785 31421 36
26436 2668 16
28366 14677 85
1069 228 42
5850 27712 27
8761 13857 27
30175 28339 86
8951 18033 13
25713 1060 59
15179 13940 99
4018 21492 19
16286 8720 88
32476 19020 28
1622 7297 59
31411 5958 32
9114 22671 30
26282 31995 37
29327 7259 41
27107 12818 38
8073 17988 27
6728 8670 87
1007 20677 98
18038 5165 49
28603 24939 98
2872 5722 56
17889 4909 14
10160 11327 96
26625 26309 19
3986 11031 58
9006 9192 35
7420 31090 75
29365 3181 88
3008 5836 41
20263 7860 81
9805 4703 89
12044 22268 58
20597 19532 92
11284 30570 37
30393 19765 15
15003 27872 23
26862 32720 55
23260 31490 18
23891 29994 35
29224 1017 14
21868 26503 17
24566 4301 91
28744 14630 65
13746 17781 16
28145 859 58
2447 14317 68
22076 16301 34
31683 17389 69
26937 30725 52
764 32023 62
18918 3085 90
16372 24511 26
17403 18771 46
16737 25740 2
13290 8393 4
6336 13741 22
1121 32695 50
13730 1109 53
30454 2884 40
140 29622 97
5572 1299 60
28554 19134 24
18975 17585 96
7670 12340 15
14508 17604 30
7737 11540 19
15740 5178 14
5982 7990 48
17158 23276 78
6610 15009 53
17668 24174 29
15794 16927 91
11431 24323 45
25189 20456 90
26020 3568 42
6782 28031 25
9216 5536 89
16410 26141 92
24740 349 26
11571 16689 87
10019 5507 10
28831 15079 16
31035 10877 37
25526 28341 75
23798 11239 80
3539 19544 66
12400 19117 5
6699 27087 15
10933 3078 24