10
1 2 3 4 5 6 7 8 9 10
100
259 243 208 421 218 444 265 342 468 192 124 143 48 290 56 79 147 66 467 439 149 431 90 133 241 383 116 204 328 495 462 422 202 235 139 497 351 332 465 395 456 459 442 97 366 21 95 339 386 432 269 475 416 9 358 31 291 413 210 137 375 131 190 461 122 187 311 305 3 205 112 327 19 303 257 357 188 40 477 14 455 338 223 486 128 136 195 117 10 178 306 322 151 492 132 494 189 419 307 126
133 205 428 241 413 467 281 481 235 78 203 72 58 338 119 174 199 148 479 20 298 323 152 104 168 192 22 474 378 500 458 82 279 346 246 331 86 226 417 16 280 341 73 118 459 76 188 107 398 191 210 66 382 84 391 259 435 349 213 399 389 81 35 497 489 167 189 284 147 158 303 490 62 483 32 272 400 207 143 23 141 491 214 353 102 163 321 49 169 268 215 358 181 350 356 190 153 312 275 494
373 110 26 496 361 438 54 3 313 194 345 399 85 480 413 257 259 461 278 378 28 135 58 229 342 100 381 153 226 227 187 252 400 41 427 402 353 120 99 231 370 35 62 134 292 172 95 69 49 474 55 459 202 396 435 401 283 161 426 322 264 150 221 304 76 9 48 72 91 417 107 152 51 250 175 497 170 223 224 181 23 471 90 457 371 225 469 148 46 232 298 266 36 239 272 163 486 189 269 489
91 370 163 439 39 385 260 114 418 282 436 7 307 231 59 306 276 291 455 393 178 180 132 73 451 294 58 491 414 46 81 283 60 19 173 444 130 286 361 412 368 354 450 37 226 202 343 118 22 101 303 325 246 212 315 159 109 248 293 168 465 464 102 324 11 27 43 364 257 493 275 70 329 488 9 140 214 185 277 500 396 386 247 40 405 216 357 463 458 44 473 484 438 336 93 430 351 224 390 201
85 29 266 269 265 43 268 12 428 366 52 332 82 408 200 396 217 95 369 53 32 56 145 314 18 381 164 160 105 213 189 433 478 457 50 20 77 61 299 442 464 483 375 371 34 271 88 128 491 492 159 398 136 472 416 16 427 120 40 325 469 117 226 340 193 138 139 486 102 121 324 154 411 281 402 291 222 389 263 489 405 250 376 141 258 36 317 152 42 418 196 180 33 133 28 245 456 79 219 165
403 120 455 477 361 69 465 265 318 84 140 311 342 175 127 419 178 21 336 225 200 243 258 332 270 2 139 302 81 357 335 329 273 163 189 341 128 453 11 63 444 173 404 119 299 148 319 10 373 370 253 482 53 374 483 44 28 415 400 345 102 228 117 264 416 310 368 172 306 164 344 61 134 494 235 281 165 97 5 386 349 486 291 74 321 334 101 87 233 446 188 461 414 304 75 398 448 246 203 111
441 116 244 435 350 24 451 446 381 336 146 218 126 72 38 459 172 125 44 469 164 4 235 319 231 161 217 178 407 419 140 199 386 383 485 88 259 33 139 271 31 356 248 454 246 59 222 102 385 457 32 56 39 192 272 69 450 42 208 149 428 443 133 15 201 420 399 191 281 398 289 234 143 211 216 152 8 453 460 351 82 279 320 478 180 247 261 472 83 12 14 124 292 412 265 26 406 315 236 122
467 243 74 426 133 81 128 214 359 398 245 30 376 276 277 499 292 389 471 226 400 336 350 44 247 466 69 5 280 156 126 98 51 382 483 3 95 341 401 340 222 498 258 239 448 484 490 284 185 33 2 101 238 256 363 231 265 106 386 460 481 439 360 172 161 339 10 465 248 264 83 399 119 270 281 120 223 18 252 330 233 334 335 349 72 96 251 404 34 462 427 46 301 417 56 117 16 303 380 450
392 279 68 14 411 39 236 280 290 65 364 124 251 213 414 175 160 16 78 45 478 357 91 278 125 146 394 140 300 441 44 255 8 57 17 46 292 297 187 208 12 162 311 224 428 485 235 443 420 270 370 49 246 367 294 385 18 419 325 61 25 184 117 42 81 260 190 120 468 201 133 130 277 60 114 11 355 379 142 126 1 229 131 247 238 307 159 263 343 276 304 423 387 345 206 27 335 173 86 448
36 440 179 177 418 40 92 424 268 411 54 366 149 213 377 263 55 152 66 329 390 262 223 96 306 249 430 331 186 230 126 408 42 395 86 433 486 9 201 396 415 479 294 158 33 297 75 39 336 435 134 494 35 324 221 144 41 198 403 82 488 15 77 349 67 115 220 93 482 229 477 278 304 189 316 139 476 301 484 10 216 307 211 347 427 114 281 18 453 147 446 270 400 341 359 381 69 335 11 224
376 178 363 351 479 346 360 194 5 442 256 203 368 369 483 238 322 129 183 474 193 304 241 93 496 99 473 65 286 335 140 161 13 354 11 491 200 222 36 56 163 291 258 383 12 472 333 73 154 158 266 310 398 210 305 497 34 221 282 361 294 381 214 223 265 377 110 172 392 252 126 263 374 97 447 446 102 105 63 411 272 68 350 306 288 174 500 276 406 66 431 480 330 160 89 51 340 135 176 455
8 124 401 305 225 357 368 488 211 139 55 412 296 194 247 321 374 226 259 57 440 316 145 366 485 279 393 291 138 191 443 92 400 162 79 110 300 133 373 448 327 119 120 372 493 198 482 297 254 273 464 399 418 329 235 196 73 25 334 67 128 383 466 289 314 427 298 387 7 347 410 204 328 58 457 101 21 207 370 201 441 65 125 317 250 416 384 229 299 17 112 409 195 385 53 83 106 108 263 15
417 215 36 123 84 236 416 500 213 232 102 128 467 330 426 168 347 389 147 155 150 73 201 386 268 254 468 225 230 240 129 296 127 104 379 214 371 480 54 421 309 331 88 7 72 234 161 221 158 458 277 354 31 359 93 160 154 71 115 33 284 485 263 210 438 242 358 402 445 297 261 16 30 273 39 486 397 304 174 21 335 32 465 494 185 35 460 69 318 444 381 424 493 239 326 290 86 305 245 307
344 141 474 147 314 494 333 197 310 326 382 285 302 162 80 133 392 461 56 385 51 381 174 85 318 330 353 28 74 12 223 67 485 221 232 331 54 429 140 231 336 16 463 349 95 240 407 3 124 457 235 297 394 53 479 98 432 52 109 154 470 94 374 202 276 279 130 267 10 291 102 377 105 450 323 42 230 165 38 288 431 192 292 29 123 195 137 128 82 354 366 209 132 347 328 489 17 93 340 144
272 421 49 288 458 337 101 241 380 244 269 355 439 257 482 455 191 335 320 251 319 166 78 459 6 359 328 98 89 19 94 212 142 499 248 330 452 488 210 47 108 64 485 217 397 259 84 110 9 402 127 87 132 445 39 82 385 57 175 448 347 168 298 95 498 434 59 148 42 474 484 258 370 275 16 453 384 376 206 363 462 418 346 456 427 494 365 441 63 121 239 118 443 176 338 336 149 322 96 312
323 331 187 380 193 1 297 391 258 105 317 104 321 270 44 383 390 134 244 359 177 186 386 14 21 335 255 282 128 429 113 314 309 157 47 424 61 216 379 381 337 274 264 78 260 7 436 173 449 416 58 136 232 312 417 211 241 24 49 38 190 5 465 66 151 343 446 339 116 375 419 351 310 111 229 432 246 22 484 395 398 384 284 439 240 219 403 305 222 97 103 60 64 15 328 434 30 100 99 405
62 180 336 159 491 79 173 365 414 67 114 149 202 52 389 272 306 45 493 402 147 405 465 14 84 255 299 113 207 397 17 268 76 353 427 283 451 49 396 197 218 447 437 489 252 482 334 5 480 90 469 291 137 282 188 154 401 115 358 179 33 140 129 315 497 237 66 8 55 111 240 486 181 436 478 205 11 121 341 144 160 494 44 274 351 223 307 343 203 473 382 200 35 118 265 394 171 357 296 262
471 281 442 258 111 146 120 83 339 263 242 332 159 367 35 381 25 229 498 110 134 32 80 399 425 370 69 133 17 331 104 150 124 213 260 270 333 194 460 447 435 291 105 301 177 337 326 257 272 175 405 58 446 303 334 167 224 467 54 422 184 29 295 318 488 109 265 400 369 75 428 252 185 329 278 403 233 335 200 388 168 366 16 55 436 44 189 230 358 218 302 122 491 53 343 417 20 228 297 271
312 131 470 199 299 187 309 432 290 176 339 225 72 27 307 265 236 376 418 358 366 323 200 135 155 451 154 375 178 303 145 341 433 466 40 83 4 367 293 205 370 447 63 318 51 480 268 78 402 160 28 408 34 57 210 30 398 494 347 437 429 350 488 295 495 363 351 364 161 391 223 102 55 129 60 208 206 314 220 86 73 253 142 134 283 127 179 407 331 167 201 177 381 392 42 335 282 264 289 74
170 269 485 230 326 298 449 411 222 201 405 355 335 147 334 316 240 498 344 441 174 224 343 65 265 30 198 381 318 271 50 438 255 279 263 227 26 126 280 282 481 466 428 314 281 105 53 130 448 345 303 172 40 219 288 69 416 168 238 186 70 175 293 200 289 197 58 95 154 375 23 319 8 127 137 427 420 292 450 459 10 237 379 426 257 116 463 142 377 431 155 96 477 64 191 482 439 301 446 43
24 82 469 295 225 418 254 235 7 132 160 263 100 474 440 241 229 316 23 31 323 119 359 386 161 341 324 493 121 16 55 88 310 279 357 415 13 363 47 477 146 498 268 238 78 84 261 460 258 231 319 143 391 159 467 151 439 85 18 345 172 179 124 381 446 488 95 492 12 72 489 361 339 438 274 338 397 420 215 26 344 276 227 134 96 479 384 127 102 116 89 211 452 282 255 312 472 332 249 246
22 146 128 441 212 153 103 437 496 378 15 130 90 111 108 326 237 61 160 1 151 74 453 284 328 116 256 11 217 353 32 362 480 325 425 485 427 213 156 228 461 98 190 420 423 278 332 363 333 366 137 149 41 104 51 320 435 33 440 458 424 389 170 255 44 249 68 493 438 487 415 215 171 3 347 364 491 495 94 251 307 414 210 93 446 203 276 91 31 486 25 450 479 463 288 245 29 226 384 312
72 99 302 419 355 248 169 13 230 105 310 231 159 65 6 101 341 388 438 365 337 268 179 125 60 82 90 295 246 162 393 47 80 146 100 463 158 181 468 263 77 384 121 29 76 8 467 292 197 234 323 173 98 106 188 28 351 349 272 398 280 223 395 185 53 411 104 372 174 32 107 294 61 182 153 27 325 112 147 21 210 380 479 397 407 329 97 31 78 228 253 473 458 437 25 368 392 424 206 186
484 387 191 362 211 39 473 210 412 182 89 390 430 348 218 378 230 296 105 482 120 62 270 496 282 162 243 174 437 448 212 272 186 402 133 248 292 457 203 491 398 444 245 150 474 309 254 307 428 168 423 449 441 17 377 316 185 500 353 438 132 100 409 284 283 158 228 54 241 227 401 385 180 476 312 454 276 253 470 101 481 137 138 489 75 464 440 304 256 200 88 38 357 167 92 110 407 146 188 72
486 281 236 439 408 340 260 9 320 396 498 152 72 468 27 228 223 79 315 113 435 333 204 45 239 201 84 397 7 156 382 139 391 172 47 82 431 407 253 178 404 405 265 327 224 291 54 446 221 220 410 52 290 166 135 38 142 419 310 384 442 208 465 372 466 218 401 474 165 48 197 308 101 494 28 321 35 368 438 366 33 73 403 66 322 450 115 425 414 487 483 111 456 256 158 415 146 294 329 6
268 266 371 301 190 274 356 108 447 73 57 61 498 322 399 388 305 138 112 245 8 116 159 118 113 452 400 13 132 405 280 250 276 432 439 401 288 46 199 212 454 259 209 10 96 499 446 395 243 422 122 352 173 134 336 77 85 204 197 375 456 273 154 48 226 265 353 136 272 1 31 14 157 392 414 430 117 102 304 30 86 165 263 41 500 387 195 464 459 7 169 84 62 355 186 368 70 78 133 443
101 100 293 405 481 409 144 66 73 258 107 424 153 323 460 463 181 128 46 94 431 252 7 469 471 428 398 103 426 192 55 377 484 311 209 392 307 275 316 64 381 240 60 385 414 19 347 146 244 187 495 45 248 465 472 145 419 249 188 325 477 172 136 185 415 294 459 231 357 191 470 268 427 383 138 273 328 135 368 14 63 362 410 162 326 159 346 421 457 17 56 493 432 201 304 57 483 177 365 314
397 192 449 265 57 363 126 466 24 304 198 34 399 178 380 319 486 396 226 330 179 426 133 335 331 174 11 103 390 176 351 81 476 115 489 338 93 454 214 151 247 294 180 465 165 374 190 495 404 468 479 96 302 309 121 164 263 339 114 91 315 228 80 4 172 385 217 67 388 316 213 293 177 84 18 218 430 422 185 408 369 69 1 499 444 442 358 373 195 257 144 97 326 63 389 354 146 407 71 75
180 108 334 48 445 402 388 298 85 387 489 28 198 403 52 410 98 160 191 211 156 287 218 241 363 434 163 289 465 270 122 12 67 376 399 364 460 137 352 339 168 401 242 71 310 231 1 238 140 455 166 232 169 99 394 309 63 16 282 426 82 157 177 116 165 148 333 209 485 490 222 348 129 13 360 464 105 208 378 120 304 201 146 332 497 114 496 420 395 467 83 104 204 419 312 193 493 11 173 372
376 32 272 339 136 479 216 108 468 371 160 466 54 157 79 50 4 498 81 399 316 163 354 434 165 415 426 28 87 297 403 470 420 93 457 308 64 366 31 76 183 436 84 261 337 110 418 277 432 190 147 365 207 61 142 234 499 439 488 210 80 239 340 326 121 8 57 269 393 437 230 310 273 7 242 463 153 106 169 66 248 254 38 241 384 247 320 58 179 266 39 235 115 159 289 176 99 382 490 251
339 10 168 86 263 232 475 355 115 74 174 126 132 83 476 163 113 241 53 199 208 64 178 110 304 318 137 402 4 37 487 24 249 107 301 455 73 226 128 198 357 63 173 19 175 266 424 473 403 434 142 72 71 395 270 48 250 158 35 125 484 135 231 285 90 303 69 500 219 483 89 438 12 235 262 350 489 195 343 60 117 329 17 191 338 51 315 322 185 46 458 348 467 200 177 224 274 186 161 272
274 339 260 320 181 319 437 122 499 453 312 337 355 478 158 391 23 115 17 223 433 63 470 91 497 95 129 9 231 400 282 421 160 101 102 389 75 477 193 238 165 47 215 322 438 90 288 306 164 72 220 393 310 487 293 70 338 74 490 349 26 443 326 415 369 154 107 106 318 6 321 491 295 410 130 100 73 202 361 446 480 145 418 354 362 195 455 239 138 132 153 286 112 464 103 469 284 263 45 214
469 128 384 329 74 363 325 358 132 261 211 238 474 405 44 212 394 176 217 252 461 180 215 415 148 350 262 287 475 362 266 210 42 191 72 366 48 204 478 110 293 451 367 337 162 260 12 230 324 409 429 56 278 450 169 23 88 143 353 352 277 276 142 443 331 119 53 123 421 419 459 435 30 470 164 393 73 321 383 480 184 149 473 271 209 347 485 18 122 479 313 452 449 365 426 370 135 385 156 206
319 408 351 391 81 233 371 383 416 355 38 13 63 12 359 400 382 332 230 194 135 178 410 61 399 44 445 54 59 2 225 352 115 436 337 281 207 487 388 72 402 430 153 133 262 326 396 411 235 456 310 130 252 215 188 254 439 6 457 406 256 393 94 243 301 375 483 372 128 234 280 366 266 161 191 14 71 277 469 232 73 299 89 303 134 494 26 440 150 121 240 24 103 463 3 467 282 53 442 95
246 364 223 66 448 480 490 424 167 334 78 301 180 340 178 119 489 298 210 12 252 24 366 439 147 343 222 440 437 319 303 11 385 250 374 347 266 393 181 195 193 360 34 370 330 22 20 39 271 62 403 396 52 125 335 341 295 351 179 91 405 438 310 297 118 4 329 38 10 59 81 48 444 352 461 61 363 89 464 339 275 304 134 264 7 164 207 51 420 144 216 113 408 293 400 470 302 311 50 201
254 401 161 298 313 375 238 277 214 13 80 199 128 438 362 334 488 282 329 349 441 62 257 233 78 34 123 127 234 228 380 246 26 192 121 263 468 400 384 255 189 245 440 29 378 269 227 79 61 288 187 294 453 264 179 75 390 265 303 10 328 482 442 132 167 69 31 50 323 72 295 114 100 24 326 102 466 418 403 470 344 293 146 244 325 77 267 209 335 91 9 162 439 474 113 463 208 416 354 256
204 293 25 458 262 368 250 348 366 15 443 190 19 308 3 494 446 55 2 107 493 476 72 307 35 362 223 388 117 278 32 235 145 360 337 492 225 203 286 267 305 426 500 66 420 445 472 273 403 465 248 474 123 134 335 345 21 303 122 404 295 209 401 7 45 244 83 247 30 201 243 334 127 242 251 46 38 170 441 39 418 266 161 453 358 276 255 331 179 402 79 260 175 342 181 395 424 389 17 139
418 407 213 87 347 103 356 112 116 259 416 473 34 171 303 64 424 342 495 35 276 169 228 457 224 122 232 494 100 250 411 6 315 350 204 417 57 316 32 167 231 4 52 253 159 28 352 462 62 127 482 290 435 205 263 166 257 118 19 123 368 327 500 277 31 443 76 387 181 397 208 248 275 374 256 309 460 377 326 133 43 152 66 274 371 244 125 499 237 155 442 164 393 288 344 289 101 404 36 375
377 262 130 491 422 441 367 247 67 500 42 109 3 459 234 225 202 358 224 290 365 165 453 304 149 398 404 285 278 280 259 270 319 199 488 418 265 339 193 417 311 470 168 141 384 157 63 493 460 242 215 466 378 344 245 128 102 366 446 152 206 268 44 173 237 154 410 174 146 20 57 302 83 49 113 145 142 327 463 170 207 147 123 425 444 126 159 393 25 183 236 261 476 390 266 385 415 263 405 471
64 339 372 28 335 13 206 297 384 227 356 382 349 280 178 326 261 188 218 285 370 306 398 197 47 15 82 461 278 338 431 193 154 73 362 19 159 402 5 366 136 205 145 313 31 405 500 100 41 221 257 290 418 303 305 351 115 434 478 215 51 50 428 69 328 438 323 184 458 388 447 122 270 203 121 96 126 385 462 281 312 395 474 292 452 417 195 353 345 263 180 282 437 394 103 235 224 487 93 71
121 141 351 162 305 97 487 155 241 290 72 435 143 268 49 174 401 486 389 337 231 343 246 66 361 84 11 245 115 81 217 108 283 378 412 365 418 471 6 341 405 148 454 291 414 197 21 256 118 173 480 54 183 76 168 293 275 249 170 38 386 456 302 392 207 391 12 64 468 154 477 164 284 144 257 263 339 216 258 131 491 152 380 187 139 281 335 23 442 60 87 409 213 415 424 238 233 459 470 429
249 160 145 6 290 487 364 293 218 200 330 405 338 462 91 386 485 32 445 423 292 9 189 215 99 39 422 331 497 243 112 98 254 108 103 395 446 466 187 163 18 369 419 207 93 314 392 389 88 183 250 277 398 348 315 171 30 164 265 493 113 100 67 412 397 385 450 60 402 318 478 148 52 313 378 441 401 413 190 177 162 343 184 418 358 448 263 470 317 362 37 80 259 273 29 170 174 347 499 133
494 485 185 158 215 477 58 479 166 86 140 406 429 323 175 286 122 437 108 438 151 496 17 261 268 45 430 441 391 428 425 236 265 109 394 331 85 303 309 102 389 300 7 317 474 34 454 95 470 413 32 120 408 400 232 27 444 161 319 187 244 274 205 204 19 387 289 322 47 242 62 346 101 230 134 35 455 448 296 427 207 195 490 171 404 176 111 147 302 167 203 320 53 343 493 451 84 54 148 36
135 318 21 170 82 476 469 377 254 175 423 411 260 264 433 16 292 43 14 93 61 216 113 58 109 415 494 162 62 29 149 379 402 460 286 188 482 312 462 392 424 226 325 439 17 219 304 280 20 224 244 429 332 159 422 346 220 303 451 204 163 410 80 448 450 111 34 136 480 324 4 51 128 464 330 499 425 427 19 83 349 364 155 151 209 457 354 371 366 285 167 197 281 78 352 166 65 184 342 69
234 321 32 415 319 71 339 97 90 274 445 305 280 447 14 236 152 101 288 406 120 484 38 197 188 55 113 371 396 33 456 68 65 370 386 487 60 335 76 333 131 233 112 78 98 347 81 300 369 271 204 127 467 243 182 431 465 429 464 420 497 380 141 366 201 294 385 199 26 349 276 475 47 208 307 346 397 468 132 375 434 374 56 217 485 180 258 411 251 66 128 303 134 421 187 332 298 35 459 272
434 166 431 131 94 179 99 225 53 384 98 461 100 436 297 46 129 41 296 194 169 327 441 136 10 239 23 468 362 456 134 292 86 227 470 184 303 375 68 400 335 167 188 150 233 259 42 28 304 62 477 3 112 140 93 460 454 89 445 27 419 210 325 293 277 76 479 263 109 495 219 486 374 202 5 402 314 496 346 299 455 151 240 251 248 266 273 19 475 449 311 104 25 290 399 287 250 195 282 469
32 7 343 431 209 347 184 374 194 29 24 1 180 263 251 279 28 297 355 472 460 458 348 249 208 135 350 254 268 318 285 274 12 216 334 210 59 404 280 83 311 197 154 441 77 238 353 240 200 299 146 52 453 316 336 227 327 403 412 37 323 292 405 195 447 101 387 177 229 476 459 81 50 132 320 399 270 133 87 489 260 199 494 82 490 130 338 76 290 384 315 467 464 277 396 314 27 485 174 344
302 425 114 286 11 461 449 351 72 147 197 5 137 326 342 320 254 132 55 68 450 18 357 78 413 22 404 292 7 430 135 160 206 100 298 216 246 418 484 244 489 380 182 52 45 313 458 112 476 192 240 95 383 200 376 370 211 81 469 360 148 381 457 217 201 205 80 174 386 483 218 51 441 181 16 268 353 207 359 194 154 242 245 29 111 307 462 431 167 164 123 378 323 261 436 255 321 89 356 223
29 36 239 148 388 297 7 433 450 248 331 210 336 292 140 2 104 303 476 482 34 299 94 469 405 379 142 493 234 364 374 122 454 21 361 251 294 200 126 322 382 187 9 173 179 10 129 333 486 110 367 136 55 335 392 236 19 192 109 145 500 395 360 447 319 328 24 327 353 202 189 481 35 26 442 401 13 348 235 404 132 63 139 150 254 141 250 229 497 440 137 295 425 307 301 134 326 174 158 199
451 288 211 298 375 466 430 289 104 431 42 203 72 143 283 64 139 223 52 433 499 359 407 299 344 232 153 17 242 40 67 192 180 277 342 54 94 271 194 197 53 235 252 124 229 34 39 368 108 91 152 107 449 58 257 144 142 409 160 383 301 226 426 480 354 267 385 447 389 78 495 294 164 246 417 392 132 456 111 239 398 263 198 320 306 341 313 66 352 47 366 77 473 282 81 228 332 10 74 125
1 2 3 4 5 6 7 8 9 10 11 146 313 247 486 625 312 189 172 30 265 996 726 398 938 659 125 121 520 51 597 45 222 842 461 524 41 839 916 990 980 857 487 644 103 325 268 767 513 791 148 130 138 873 527 428 883 548 403 54 497 799 275 338 259 798 378 449 65 719 780 274 206 423 376 882 691 494 394 833 641 523 971 866 50 100 405 297 854 458 793 652 84 910 233 860 711 930 490 570
1 2 3 4 5 6 7 8 9 10 11 37 858 100 441 155 954 250 299 605 333 429 867 565 640 577 214 569 66 135 56 978 432 423 932 927 184 719 62 820 827 208 685 161 649 191 466 898 489 583 269 289 147 908 217 360 829 282 495 884 612 278 306 895 204 842 965 265 13 144 678 220 180 868 370 656 118 210 78 700 479 718 198 738 934 558 566 568 404 449 531 33 107 425 589 948 390 205 960 533
1 2 3 4 5 6 7 8 9 10 11 472 579 764 562 513 673 479 432 428 280 962 461 386 401 333 127 605 644 659 839 174 722 263 572 506 695 439 148 556 357 971 134 473 884 998 145 363 781 925 642 742 737 27 128 137 711 606 93 706 265 932 879 338 546 803 844 592 593 343 499 950 665 633 422 549 982 918 911 763 842 552 856 578 930 335 66 992 941 159 697 557 442 575 894 339 729 89 931 322
1 2 3 4 5 6 7 8 9 10 11 507 809 364 436 738 699 502 729 639 12 777 547 453 351 440 791 432 529 73 753 311 854 375 758 266 122 786 658 872 292 818 588 80 555 638 581 635 628 592 411 174 396 114 613 538 545 493 611 649 156 464 265 81 496 18 445 281 27 316 925 845 255 751 892 936 386 519 527 148 692 274 261 657 811 805 149 773 656 179 921 669 674 290 465 955 668 780 879 864
1 2 3 4 5 6 7 8 9 10 11 112 144 482 268 645 255 73 652 194 251 572 214 925 213 678 231 881 810 461 96 196 694 710 473 862 413 269 908 264 757 579 375 252 60 642 896 666 714 548 860 965 471 241 36 103 912 931 363 107 976 425 837 200 452 956 674 826 559 733 820 807 751 885 706 610 201 176 34 441 563 136 263 830 47 545 193 505 520 617 436 356 805 635 803 609 942 476 786 500
1 2 3 4 5 6 7 8 9 10 11 101 793 97 931 191 642 475 696 513 443 483 221 599 117 23 207 58 499 993 557 411 597 863 721 438 225 344 832 763 1000 666 216 792 762 146 983 755 972 30 268 414 512 488 12 980 510 219 37 360 563 945 122 511 159 842 949 384 537 780 498 797 713 328 558 858 662 313 829 43 932 594 906 771 606 885 280 176 273 992 738 218 113 248 376 307 548 759 843 679
1 2 3 4 5 6 7 8 9 10 11 980 305 372 750 910 257 381 437 529 724 174 746 837 773 474 495 321 232 689 351 840 420 826 161 830 562 691 901 610 401 367 589 705 739 690 966 347 70 402 875 794 927 973 982 700 446 828 29 516 722 221 287 899 733 116 460 775 369 69 527 87 584 825 698 549 171 120 303 398 265 229 598 928 167 425 651 547 292 373 767 931 623 851 46 435 625 766 855 152
1 2 3 4 5 6 7 8 9 10 11 166 670 597 445 188 373 96 734 665 820 853 947 794 703 992 228 680 110 83 831 962 298 917 990 562 903 541 946 840 841 945 357 510 542 801 49 914 248 783 930 419 987 876 213 41 220 792 720 329 226 902 290 523 818 631 85 73 524 382 912 364 326 268 874 867 420 274 781 20 56 710 438 394 938 435 157 146 506 485 371 408 126 246 577 108 330 649 711 560
1 2 3 4 5 6 7 8 9 10 11 759 294 385 761 80 541 906 586 377 628 345 854 873 921 962 554 570 944 616 481 290 12 509 258 644 283 254 91 41 899 476 153 979 368 410 916 97 38 260 950 910 180 263 816 101 207 431 934 848 434 945 357 43 710 686 188 963 129 580 213 604 733 191 323 142 458 419 531 69 369 793 249 983 608 701 634 389 824 930 745 866 835 806 904 374 768 32 306 980
1 2 3 4 5 6 7 8 9 10 11 782 461 701 323 850 687 711 673 616 807 891 803 612 146 528 731 177 833 62 515 870 936 175 401 620 254 814 20 53 667 187 479 72 509 328 758 571 353 726 729 595 692 740 55 774 916 888 109 475 956 861 94 562 674 113 966 484 152 522 555 12 665 934 554 390 14 148 269 705 887 675 830 154 914 17 935 23 491 242 235 584 155 261 48 121 952 531 272 826
1 2 3 4 5 6 7 8 9 10 11 965 489 469 118 402 837 404 776 679 997 614 152 271 661 272 574 543 895 399 331 530 425 784 451 329 385 82 791 23 46 631 843 163 32 918 808 709 915 818 322 418 440 334 41 365 228 935 764 559 817 540 694 267 544 22 651 625 164 25 671 794 220 185 826 250 455 633 959 721 802 280 138 593 966 178 957 193 464 720 751 612 796 898 155 900 131 981 277 153
1 2 3 4 5 6 7 8 9 10 11 705 681 300 234 637 844 697 709 595 329 320 390 578 826 559 478 956 540 754 461 666 249 150 617 993 645 552 48 860 640 382 564 672 33 149 308 876 845 368 822 525 687 103 512 122 580 820 13 685 632 678 933 781 646 277 777 549 324 988 57 903 211 89 51 519 317 895 886 138 420 925 701 874 788 823 453 607 187 489 238 865 773 370 510 49 146 411 725 133
1 2 3 4 5 6 7 8 9 10 11 103 192 80 976 980 254 780 938 440 268 528 656 40 897 518 395 928 516 879 877 649 266 37 574 702 67 463 385 335 841 839 526 272 166 857 945 795 317 564 322 324 955 570 316 120 262 547 997 910 164 483 217 804 297 954 138 490 792 15 761 958 872 990 18 658 170 691 981 124 260 174 870 293 484 474 641 745 989 26 580 205 829 876 158 318 717 302 332 830
1 2 3 4 5 6 7 8 9 10 11 981 82 801 274 565 626 914 310 614 291 889 818 119 116 328 436 833 629 120 662 239 674 832 454 246 307 839 507 114 699 380 447 780 180 720 345 157 985 770 628 894 940 746 361 267 534 193 247 206 485 678 37 938 923 695 776 782 161 826 607 958 693 654 849 659 971 289 904 262 387 264 880 272 809 126 276 14 610 305 403 899 580 97 27 609 852 873 215 917
1 2 3 4 5 6 7 8 9 10 11 228 555 799 353 182 164 314 487 566 564 418 15 590 778 975 794 190 954 919 81 768 36 986 239 123 532 966 823 815 956 50 722 106 754 903 269 419 741 187 334 158 553 276 287 527 69 289 68 374 207 149 493 594 486 84 716 17 49 538 184 356 939 905 813 44 159 433 814 252 619 147 761 523 422 400 402 842 688 469 216 246 969 60 839 455 143 906 191 795
1 2 3 4 5 6 7 8 9 10 11 791 784 988 213 183 741 406 222 209 973 819 178 33 984 175 266 806 718 60 164 967 496 777 677 975 549 171 619 572 635 410 708 974 242 714 379 464 923 704 634 452 736 643 787 262 908 944 979 320 107 946 815 236 142 760 356 482 169 415 456 494 656 225 471 443 928 105 894 15 99 32 276 358 976 607 434 904 844 669 229 985 453 724 744 160 557 265 574 12
1 2 3 4 5 6 7 8 9 10 11 900 903 315 227 861 344 661 764 187 681 523 133 419 266 644 975 882 569 987 992 150 167 325 905 141 938 412 564 721 261 818 35 487 678 378 499 793 916 180 136 438 664 554 56 308 529 937 228 867 280 729 385 957 633 525 894 396 886 809 116 146 627 151 984 656 880 835 449 796 14 584 233 29 490 288 688 370 577 236 208 620 164 629 496 409 24 381 570 140
1 2 3 4 5 6 7 8 9 10 11 253 89 76 892 777 797 820 44 384 28 39 355 543 667 850 952 43 231 873 182 108 68 175 969 270 47 664 273 715 859 319 165 286 210 293 82 30 688 465 409 726 819 951 745 668 254 787 250 126 320 358 545 494 326 167 540 342 439 417 297 572 933 582 134 225 663 515 912 479 923 990 649 734 316 831 872 566 956 191 275 853 684 19 223 457 829 62 105 752
1 2 3 4 5 6 7 8 9 10 11 250 260 845 80 131 410 35 321 36 239 988 257 227 632 713 407 693 817 158 39 854 43 961 905 793 146 434 818 611 67 580 456 498 711 217 884 31 253 123 387 592 379 965 223 444 371 268 612 528 306 466 922 618 722 763 156 236 83 118 654 15 573 151 725 142 34 107 394 337 887 809 559 330 531 826 941 411 483 758 332 452 480 750 215 987 985 649 104 638
1 2 3 4 5 6 7 8 9 10 11 567 851 809 896 381 987 189 791 821 298 475 273 129 224 487 115 561 135 219 550 150 247 690 888 416 215 85 330 895 127 932 462 977 740 709 78 249 500 899 547 326 523 675 901 142 813 495 712 363 996 310 404 884 77 618 968 758 512 446 689 325 422 780 34 131 858 282 982 108 180 659 630 855 559 990 348 372 836 59 734 832 720 489 67 796 106 386 553 617
1 2 3 4 5 6 7 8 9 10 11 788 726 669 994 285 693 846 751 93 29 470 581 447 617 686 832 169 654 15 761 595 620 132 921 706 713 881 774 400 20 499 69 365 135 78 57 142 275 807 234 655 628 166 101 244 851 764 505 299 524 451 918 724 624 367 956 749 119 975 247 539 339 734 616 395 227 243 553 813 897 532 978 350 127 181 634 890 685 284 765 487 202 771 562 177 138 517 925 608
1 2 3 4 5 6 7 8 9 10 11 604 714 976 953 840 156 938 81 192 221 845 679 774 616 592 950 105 109 226 712 303 749 209 836 356 321 114 190 676 297 188 279 164 583 202 319 520 634 863 92 479 893 866 446 484 167 902 944 393 965 247 493 173 82 848 547 390 168 843 929 798 205 444 732 406 115 603 391 977 695 869 912 666 352 78 919 648 822 883 894 314 55 327 514 900 873 255 67 68
1 2 3 4 5 6 7 8 9 10 11 992 289 860 657 576 639 111 810 884 776 865 210 764 435 543 182 854 78 750 477 408 50 857 500 304 627 920 252 618 208 463 551 103 202 190 213 363 73 341 227 635 629 342 421 524 876 274 953 977 360 378 958 211 681 584 130 284 689 98 180 591 201 381 780 765 95 205 105 674 191 86 15 611 961 242 236 913 219 337 624 596 294 186 229 667 912 782 355 297
1 2 3 4 5 6 7 8 9 10 11 785 180 69 20 444 639 708 67 586 252 214 229 270 478 363 976 839 323 272 400 16 348 77 803 332 211 615 506 430 441 290 609 509 661 52 499 720 470 85 72 73 298 653 342 775 15 317 965 337 589 364 704 936 793 620 120 125 433 913 767 41 773 779 93 562 356 922 635 574 328 132 588 645 96 925 233 812 628 520 604 486 139 606 957 616 38 869 734 431
1 2 3 4 5 6 7 8 9 10 11 102 459 797 746 907 73 978 718 700 497 321 537 988 278 846 603 316 66 336 98 59 199 972 323 913 759 294 548 533 622 756 634 432 904 379 338 976 708 55 28 556 727 564 543 761 672 827 184 769 885 735 92 208 647 850 853 546 734 826 653 719 258 557 449 595 884 156 911 712 728 254 84 587 751 107 413 934 227 298 668 318 857 666 520 61 563 253 887 568
1 2 3 4 5 6 7 8 9 10 11 96 244 606 682 346 713 447 632 291 651 609 952 669 480 364 231 84 250 150 407 745 625 179 835 984 458 277 253 448 799 700 691 405 733 389 469 20 759 274 670 719 577 338 198 941 921 282 542 70 40 287 47 218 121 30 675 749 634 122 548 333 165 304 417 553 124 596 924 234 221 945 953 283 502 442 555 135 983 976 175 269 22 744 741 403 771 842 36 720
1 2 3 4 5 6 7 8 9 10 11 805 814 558 246 720 692 229 695 218 849 69 962 942 471 84 783 507 327 523 226 735 918 362 398 797 633 835 101 812 891 905 977 448 503 696 139 731 390 709 931 810 22 224 281 105 787 431 880 364 517 78 267 232 874 899 419 326 62 309 583 38 756 85 733 167 474 954 97 284 975 321 916 678 54 214 910 417 82 58 846 348 290 72 708 397 659 368 979 48
1 2 3 4 5 6 7 8 9 10 11 156 431 379 561 644 640 977 77 698 175 425 339 246 22 398 994 681 765 973 728 887 387 860 606 968 817 279 997 409 916 61 428 476 704 68 804 132 978 556 455 575 930 852 569 962 616 541 689 502 900 107 598 738 946 16 995 391 76 423 866 131 842 262 999 170 60 574 99 911 494 878 34 100 664 352 837 614 419 559 895 941 554 637 368 328 855 850 169 876
1 2 3 4 5 6 7 8 9 10 11 677 593 406 693 944 242 306 363 168 216 609 108 121 245 828 448 451 968 326 140 93 552 124 981 702 206 779 346 347 806 374 940 211 418 883 453 75 597 620 291 205 79 763 802 258 563 604 935 530 282 426 975 185 550 307 886 755 86 583 454 891 309 745 102 78 979 906 153 576 877 795 132 557 285 565 119 889 851 170 276 327 354 177 633 591 284 718 526 737
1 2 3 4 5 6 7 8 9 10 11 518 853 470 154 769 940 394 619 915 895 618 268 423 251 211 706 320 88 442 632 625 274 45 239 85 67 613 918 339 818 387 493 586 679 238 557 970 153 803 588 420 225 838 982 931 509 421 724 141 998 537 284 434 604 289 903 568 558 594 737 297 438 675 975 231 944 827 33 883 599 257 72 580 187 581 353 263 73 397 612 609 680 564 299 132 230 892 868 526
1 2 3 4 5 6 7 8 9 10 11 101 712 951 33 64 565 105 812 176 714 844 220 277 163 519 760 392 762 980 269 443 873 120 798 997 267 979 152 296 111 268 748 822 571 781 237 135 885 48 311 950 243 882 579 406 400 338 149 514 317 418 956 542 889 753 538 155 83 41 450 193 309 198 366 879 330 954 13 566 354 675 868 596 557 446 353 308 502 821 804 271 128 345 511 232 234 666 315 274
1 2 3 4 5 6 7 8 9 10 11 203 778 831 759 575 183 419 709 36 591 864 658 719 560 169 950 793 834 616 300 827 352 316 403 516 660 284 44 922 519 598 699 349 625 883 127 686 919 717 549 576 787 109 96 89 901 929 56 671 581 882 23 896 636 890 555 920 285 477 790 527 490 590 504 372 716 189 642 785 218 923 197 665 363 450 594 120 174 652 494 421 288 383 327 559 19 803 348 682
1 2 3 4 5 6 7 8 9 10 11 362 435 331 163 380 749 634 905 400 128 325 39 862 652 597 233 806 296 133 839 484 974 375 396 531 99 576 264 719 544 977 505 226 139 885 124 789 725 251 466 764 465 117 712 697 274 181 113 491 154 487 238 37 938 186 612 553 904 507 529 409 732 19 645 57 142 785 134 745 250 897 561 718 608 609 344 967 456 810 294 47 330 583 135 488 152 15 248 884
1 2 3 4 5 6 7 8 9 10 11 281 791 691 599 579 498 408 872 807 554 726 39 847 212 526 350 227 774 585 611 17 877 489 45 301 759 675 974 941 374 606 731 416 556 661 913 964 885 55 770 438 132 160 636 344 37 337 922 810 884 179 798 373 223 450 483 249 775 424 732 506 389 288 519 653 603 755 60 724 544 191 883 531 886 271 867 433 788 63 185 387 897 434 161 672 407 893 530 148
1 2 3 4 5 6 7 8 9 10 11 639 713 93 446 145 881 488 755 817 902 940 203 798 725 716 470 483 960 999 982 491 398 134 976 199 344 184 895 97 626 121 88 338 213 533 835 445 372 589 262 273 880 464 422 956 179 891 439 138 241 420 980 638 553 307 188 249 490 434 697 467 906 784 157 119 668 991 915 39 931 176 663 811 992 85 766 522 975 556 12 568 328 205 232 298 393 480 139 178
1 2 3 4 5 6 7 8 9 10 11 644 33 548 987 117 666 508 443 221 519 510 567 780 159 311 611 297 488 139 254 571 451 367 476 782 822 944 151 560 939 183 107 925 651 772 432 446 993 951 455 892 812 21 671 322 683 282 618 171 420 224 93 222 942 569 116 864 154 675 688 781 78 691 553 861 136 897 163 788 326 315 811 647 997 444 265 167 215 840 612 437 180 791 896 395 296 570 336 703
1 2 3 4 5 6 7 8 9 10 11 804 972 765 599 588 283 814 779 894 602 559 73 744 807 467 40 728 14 375 430 990 752 388 827 264 242 178 69 884 854 837 39 177 601 638 116 883 451 129 404 805 201 147 611 20 538 338 385 120 727 15 507 905 630 749 434 699 984 287 887 22 816 487 931 721 813 825 849 216 629 402 715 591 773 252 280 509 516 399 587 882 258 491 864 924 914 341 563 800
1 2 3 4 5 6 7 8 9 10 11 312 171 406 436 774 686 296 641 84 883 523 693 373 738 50 649 651 390 563 802 456 940 439 180 599 148 420 435 58 876 250 721 46 656 156 820 341 452 460 776 334 821 410 71 870 73 260 972 874 67 911 598 862 17 869 893 897 590 938 552 745 109 244 548 569 372 585 902 192 995 325 61 404 749 672 376 623 638 286 687 499 97 704 146 966 596 43 555 533
1 2 3 4 5 6 7 8 9 10 11 491 516 885 240 540 260 214 629 897 851 316 748 948 19 893 265 966 287 171 850 233 821 843 774 723 404 686 858 571 141 338 61 574 652 899 833 865 528 82 716 195 829 15 213 73 279 178 360 449 27 944 621 870 717 344 625 754 553 246 242 608 605 816 611 504 1000 828 31 81 543 225 261 909 789 334 539 318 45 987 696 988 959 917 56 654 894 161 206 440
1 2 3 4 5 6 7 8 9 10 11 379 471 307 639 259 992 177 928 36 515 976 23 473 892 78 127 785 590 684 225 995 835 623 357 801 632 869 767 468 116 813 198 586 836 197 463 12 476 498 878 451 873 351 343 302 829 479 864 55 238 699 30 594 499 661 815 265 481 930 429 678 867 900 866 63 714 877 539 563 755 989 435 457 683 89 637 514 332 500 568 569 597 163 697 610 329 313 442 258
1 2 3 4 5 6 7 8 9 10 11 417 55 775 452 143 411 965 474 262 532 394 460 481 908 508 442 236 820 883 493 913 353 969 905 689 859 610 901 287 878 219 703 932 345 506 426 107 470 251 720 354 644 179 186 552 38 627 787 210 861 632 122 565 952 379 253 810 988 153 96 217 723 150 148 419 656 925 877 477 175 597 830 819 127 15 722 517 993 78 205 491 551 770 929 22 603 917 527 50
1 2 3 4 5 6 7 8 9 10 11 865 254 675 879 975 543 224 834 620 428 325 170 549 118 99 923 721 367 449 770 851 401 321 835 772 527 744 372 562 827 919 426 80 945 656 406 487 239 458 659 563 980 559 681 78 481 753 796 281 874 646 34 195 833 805 73 576 528 986 754 799 763 185 743 419 590 582 649 828 391 370 218 775 50 594 331 752 592 364 946 776 520 371 351 400 708 456 198 471
1 2 3 4 5 6 7 8 9 10 11 117 276 488 166 154 433 848 906 24 563 203 151 435 925 501 834 633 308 383 103 947 26 343 527 251 231 287 570 130 788 246 416 745 764 569 178 611 826 553 526 381 704 960 305 556 145 937 864 391 810 904 733 689 506 964 327 75 93 114 333 691 881 77 454 802 254 979 807 293 359 862 252 664 417 748 952 280 626 442 530 35 390 456 110 835 921 794 525 870
1 2 3 4 5 6 7 8 9 10 11 559 741 610 191 718 952 632 247 379 113 634 120 920 95 954 840 888 830 993 757 511 299 232 608 865 997 875 989 533 918 81 142 108 799 94 91 397 824 203 30 943 122 124 249 313 430 658 941 956 703 548 539 568 896 765 926 236 297 195 317 439 654 115 884 744 863 707 298 893 419 368 601 84 731 31 850 323 48 904 222 587 471 117 351 749 352 1000 20 438
1 2 3 4 5 6 7 8 9 10 11 332 195 690 714 287 539 36 335 443 609 273 265 77 975 365 428 974 308 800 763 608 285 435 651 633 813 992 225 544 456 185 227 874 940 289 765 327 559 935 599 175 573 540 790 899 199 941 661 806 226 96 210 260 787 803 607 323 381 548 320 248 312 998 222 284 820 397 646 745 936 436 995 134 376 655 291 953 102 98 515 249 301 868 855 623 815 522 920 62
1 2 3 4 5 6 7 8 9 10 11 545 575 361 552 865 314 315 828 718 563 480 938 418 454 186 584 975 105 645 160 22 280 567 439 721 421 989 811 406 886 737 766 789 954 79 145 268 258 215 830 152 599 190 337 182 517 441 179 676 815 810 242 389 248 161 237 125 566 474 213 331 614 166 762 758 433 371 972 615 460 123 565 99 604 277 193 86 786 158 334 100 318 922 576 883 747 360 326 469
1 2 3 4 5 6 7 8 9 10 11 681 995 569 450 81 354 607 766 454 276 687 29 158 785 817 74 496 123 752 964 861 800 108 565 307 375 185 814 804 552 190 484 546 758 285 978 112 891 743 917 166 781 945 675 114 100 412 588 851 376 650 835 364 308 209 548 122 12 451 663 847 997 421 131 326 532 373 69 448 890 849 744 916 16 177 796 866 904 595 868 91 310 175 299 858 648 660 311 731
1 2 3 4 5 6 7 8 9 10 11 717 240 248 512 458 503 459 677 593 768 203 244 977 851 258 637 513 470 644 595 813 329 208 881 82 972 190 36 479 766 754 195 358 353 59 815 517 843 800 284 45 395 613 247 249 759 474 638 925 912 870 883 41 362 825 147 908 182 499 966 348 706 834 542 858 586 604 185 608 682 943 433 277 648 70 201 911 940 207 794 350 599 507 526 745 732 758 301 917
1 2 3 4 5 6 7 8 9 10 11 777 714 926 329 625 865 535 770 215 134 628 92 230 393 151 825 476 908 126 559 635 130 795 100 597 567 172 448 633 28 224 699 954 553 323 818 439 444 384 924 71 154 463 978 330 291 237 455 683 442 812 941 541 760 859 65 208 492 783 542 45 687 216 478 659 598 753 81 425 258 895 402 588 185 639 42 867 785 835 31 726 376 142 584 440 701 427 883 836
1 2 3 4 5 6 7 8 9 10 11 168 269 948 352 259 990 571 44 824 953 769 551 94 704 342 147 131 577 982 450 504 503 633 997 854 177 87 957 954 317 969 575 265 320 833 606 242 876 781 194 644 684 640 348 25 786 830 601 767 279 456 621 263 804 826 440 243 782 241 196 451 209 770 67 880 603 672 474 478 19 487 658 173 864 795 354 816 913 984 624 886 247 427 711 38 669 845 630 865