1200
1100000000
2200000000
3300000000
4400000000
5500000000
6600000000
7700000000
8800000000
9900000000
11000000000
12100000000
13200000000
14300000000
15400000000
16500000000
17600000000
18700000000
19800000000
20900000000
22000000000
23100000000
24200000000
25300000000
26400000000
27500000000
28600000000
29700000000
30800000000
31900000000
33000000000
34100000000
35200000000
36300000000
37400000000
38500000000
39600000000
40700000000
41800000000
42900000000
44000000000
45100000000
46200000000
47300000000
48400000000
49500000000
50600000000
51700000000
52800000000
53900000000
55000000000
56100000000
57200000000
58300000000
59400000000
60500000000
61600000000
62700000000
63800000000
64900000000
66000000000
67100000000
68200000000
69300000000
70400000000
71500000000
72600000000
73700000000
74800000000
75900000000
77000000000
78100000000
79200000000
80300000000
81400000000
82500000000
83600000000
84700000000
85800000000
86900000000
88000000000
89100000000
90200000000
91300000000
92400000000
93500000000
94600000000
95700000000
96800000000
97900000000
99000000000
100100000000
101200000000
102300000000
103400000000
104500000000
105600000000
106700000000
107800000000
108900000000
110000000000
111100000000
112200000000
113300000000
114400000000
115500000000
116600000000
117700000000
118800000000
119900000000
121000000000
122100000000
123200000000
124300000000
125400000000
126500000000
127600000000
128700000000
129800000000
130900000000
132000000000
133100000000
134200000000
135300000000
136400000000
137500000000
138600000000
139700000000
140800000000
141900000000
143000000000
144100000000
145200000000
146300000000
147400000000
148500000000
149600000000
150700000000
151800000000
152900000000
154000000000
155100000000
156200000000
157300000000
158400000000
159500000000
160600000000
161700000000
162800000000
163900000000
165000000000
166100000000
167200000000
168300000000
169400000000
170500000000
171600000000
172700000000
173800000000
174900000000
176000000000
177100000000
178200000000
179300000000
180400000000
181500000000
182600000000
183700000000
184800000000
185900000000
187000000000
188100000000
189200000000
190300000000
191400000000
192500000000
193600000000
194700000000
195800000000
196900000000
198000000000
199100000000
200200000000
201300000000
202400000000
203500000000
204600000000
205700000000
206800000000
207900000000
209000000000
210100000000
211200000000
212300000000
213400000000
214500000000
215600000000
216700000000
217800000000
218900000000
220000000000
221100000000
222200000000
223300000000
224400000000
225500000000
226600000000
227700000000
228800000000
229900000000
231000000000
232100000000
233200000000
234300000000
235400000000
236500000000
237600000000
238700000000
239800000000
240900000000
242000000000
243100000000
244200000000
245300000000
246400000000
247500000000
248600000000
249700000000
250800000000
251900000000
253000000000
254100000000
255200000000
256300000000
257400000000
258500000000
259600000000
260700000000
261800000000
262900000000
264000000000
265100000000
266200000000
267300000000
268400000000
269500000000
270600000000
271700000000
272800000000
273900000000
275000000000
276100000000
277200000000
278300000000
279400000000
280500000000
281600000000
282700000000
283800000000
284900000000
286000000000
287100000000
288200000000
289300000000
290400000000
291500000000
292600000000
293700000000
294800000000
295900000000
297000000000
298100000000
299200000000
300300000000
301400000000
302500000000
303600000000
304700000000
305800000000
306900000000
308000000000
309100000000
310200000000
311300000000
312400000000
313500000000
314600000000
315700000000
316800000000
317900000000
319000000000
320100000000
321200000000
322300000000
323400000000
324500000000
325600000000
326700000000
327800000000
328900000000
330000000000
331100000000
332200000000
333300000000
334400000000
335500000000
336600000000
337700000000
338800000000
339900000000
341000000000
342100000000
343200000000
344300000000
345400000000
346500000000
347600000000
348700000000
349800000000
350900000000
352000000000
353100000000
354200000000
355300000000
356400000000
357500000000
358600000000
359700000000
360800000000
361900000000
363000000000
364100000000
365200000000
366300000000
367400000000
368500000000
369600000000
370700000000
371800000000
372900000000
374000000000
375100000000
376200000000
377300000000
378400000000
379500000000
380600000000
381700000000
382800000000
383900000000
385000000000
386100000000
387200000000
388300000000
389400000000
390500000000
391600000000
392700000000
393800000000
394900000000
396000000000
397100000000
398200000000
399300000000
400400000000
401500000000
402600000000
403700000000
404800000000
405900000000
407000000000
408100000000
409200000000
410300000000
411400000000
412500000000
413600000000
414700000000
415800000000
416900000000
418000000000
419100000000
420200000000
421300000000
422400000000
423500000000
424600000000
425700000000
426800000000
427900000000
429000000000
430100000000
431200000000
432300000000
433400000000
434500000000
435600000000
436700000000
437800000000
438900000000
440000000000
441100000000
442200000000
443300000000
444400000000
445500000000
446600000000
447700000000
448800000000
449900000000
451000000000
452100000000
453200000000
454300000000
455400000000
456500000000
457600000000
458700000000
459800000000
460900000000
462000000000
463100000000
464200000000
465300000000
466400000000
467500000000
468600000000
469700000000
470800000000
471900000000
473000000000
474100000000
475200000000
476300000000
477400000000
478500000000
479600000000
480700000000
481800000000
482900000000
484000000000
485100000000
486200000000
487300000000
488400000000
489500000000
490600000000
491700000000
492800000000
493900000000
495000000000
496100000000
497200000000
498300000000
499400000000
500500000000
501600000000
502700000000
503800000000
504900000000
506000000000
507100000000
508200000000
509300000000
510400000000
511500000000
512600000000
513700000000
514800000000
515900000000
517000000000
518100000000
519200000000
520300000000
521400000000
522500000000
523600000000
524700000000
525800000000
526900000000
528000000000
529100000000
530200000000
531300000000
532400000000
533500000000
534600000000
535700000000
536800000000
537900000000
539000000000
540100000000
541200000000
542300000000
543400000000
544500000000
545600000000
546700000000
547800000000
548900000000
550000000000
551100000000
552200000000
553300000000
554400000000
555500000000
556600000000
557700000000
558800000000
559900000000
561000000000
562100000000
563200000000
564300000000
565400000000
566500000000
567600000000
568700000000
569800000000
570900000000
572000000000
573100000000
574200000000
575300000000
576400000000
577500000000
578600000000
579700000000
580800000000
581900000000
583000000000
584100000000
585200000000
586300000000
587400000000
588500000000
589600000000
590700000000
591800000000
592900000000
594000000000
595100000000
596200000000
597300000000
598400000000
599500000000
600600000000
601700000000
602800000000
603900000000
605000000000
606100000000
607200000000
608300000000
609400000000
610500000000
611600000000
612700000000
613800000000
614900000000
616000000000
617100000000
618200000000
619300000000
620400000000
621500000000
622600000000
623700000000
624800000000
625900000000
627000000000
628100000000
629200000000
630300000000
631400000000
632500000000
633600000000
634700000000
635800000000
636900000000
638000000000
639100000000
640200000000
641300000000
642400000000
643500000000
644600000000
645700000000
646800000000
647900000000
649000000000
650100000000
651200000000
652300000000
653400000000
654500000000
655600000000
656700000000
657800000000
658900000000
660000000000
661100000000
662200000000
663300000000
664400000000
665500000000
666600000000
667700000000
668800000000
669900000000
671000000000
672100000000
673200000000
674300000000
675400000000
676500000000
677600000000
678700000000
679800000000
680900000000
682000000000
683100000000
684200000000
685300000000
686400000000
687500000000
688600000000
689700000000
690800000000
691900000000
693000000000
694100000000
695200000000
696300000000
697400000000
698500000000
699600000000
700700000000
701800000000
702900000000
704000000000
705100000000
706200000000
707300000000
708400000000
709500000000
710600000000
711700000000
712800000000
713900000000
715000000000
716100000000
717200000000
718300000000
719400000000
720500000000
721600000000
722700000000
723800000000
724900000000
726000000000
727100000000
728200000000
729300000000
730400000000
731500000000
732600000000
733700000000
734800000000
735900000000
737000000000
738100000000
739200000000
740300000000
741400000000
742500000000
743600000000
744700000000
745800000000
746900000000
748000000000
749100000000
750200000000
751300000000
752400000000
753500000000
754600000000
755700000000
756800000000
757900000000
759000000000
760100000000
761200000000
762300000000
763400000000
764500000000
765600000000
766700000000
767800000000
768900000000
770000000000
771100000000
772200000000
773300000000
774400000000
775500000000
776600000000
777700000000
778800000000
779900000000
781000000000
782100000000
783200000000
784300000000
785400000000
786500000000
787600000000
788700000000
789800000000
790900000000
792000000000
793100000000
794200000000
795300000000
796400000000
797500000000
798600000000
799700000000
800800000000
801900000000
803000000000
804100000000
805200000000
806300000000
807400000000
808500000000
809600000000
810700000000
811800000000
812900000000
814000000000
815100000000
816200000000
817300000000
818400000000
819500000000
820600000000
821700000000
822800000000
823900000000
825000000000
826100000000
827200000000
828300000000
829400000000
830500000000
831600000000
832700000000
833800000000
834900000000
836000000000
837100000000
838200000000
839300000000
840400000000
841500000000
842600000000
843700000000
844800000000
845900000000
847000000000
848100000000
849200000000
850300000000
851400000000
852500000000
853600000000
854700000000
855800000000
856900000000
858000000000
859100000000
860200000000
861300000000
862400000000
863500000000
864600000000
865700000000
866800000000
867900000000
869000000000
870100000000
871200000000
872300000000
873400000000
874500000000
875600000000
876700000000
877800000000
878900000000
880000000000
881100000000
882200000000
883300000000
884400000000
885500000000
886600000000
887700000000
888800000000
889900000000
891000000000
892100000000
893200000000
894300000000
895400000000
896500000000
897600000000
898700000000
899800000000
900900000000
902000000000
903100000000
904200000000
905300000000
906400000000
907500000000
908600000000
909700000000
910800000000
911900000000
913000000000
914100000000
915200000000
916300000000
917400000000
918500000000
919600000000
920700000000
921800000000
922900000000
924000000000
925100000000
926200000000
927300000000
928400000000
929500000000
930600000000
931700000000
932800000000
933900000000
935000000000
936100000000
937200000000
938300000000
939400000000
940500000000
941600000000
942700000000
943800000000
944900000000
946000000000
947100000000
948200000000
949300000000
950400000000
951500000000
952600000000
953700000000
954800000000
955900000000
957000000000
958100000000
959200000000
960300000000
961400000000
962500000000
963600000000
964700000000
965800000000
966900000000
968000000000
969100000000
970200000000
971300000000
972400000000
973500000000
974600000000
975700000000
976800000000
977900000000
979000000000
980100000000
981200000000
982300000000
983400000000
984500000000
985600000000
986700000000
987800000000
988900000000
990000000000
991100000000
992200000000
993300000000
994400000000
995500000000
996600000000
997700000000
998800000000
999900000000
1001000000000
1002100000000
1003200000000
1004300000000
1005400000000
1006500000000
1007600000000
1008700000000
1009800000000
1010900000000
1012000000000
1013100000000
1014200000000
1015300000000
1016400000000
1017500000000
1018600000000
1019700000000
1020800000000
1021900000000
1023000000000
1024100000000
1025200000000
1026300000000
1027400000000
1028500000000
1029600000000
1030700000000
1031800000000
1032900000000
1034000000000
1035100000000
1036200000000
1037300000000
1038400000000
1039500000000
1040600000000
1041700000000
1042800000000
1043900000000
1045000000000
1046100000000
1047200000000
1048300000000
1049400000000
1050500000000
1051600000000
1052700000000
1053800000000
1054900000000
1056000000000
1057100000000
1058200000000
1059300000000
1060400000000
1061500000000
1062600000000
1063700000000
1064800000000
1065900000000
1067000000000
1068100000000
1069200000000
1070300000000
1071400000000
1072500000000
1073600000000
1074700000000
1075800000000
1076900000000
1078000000000
1079100000000
1080200000000
1081300000000
1082400000000
1083500000000
1084600000000
1085700000000
1086800000000
1087900000000
1089000000000
1090100000000
1091200000000
1092300000000
1093400000000
1094500000000
1095600000000
1096700000000
1097800000000
1098900000000
1100000000000
1101100000000
1102200000000
1103300000000
1104400000000
1105500000000
1106600000000
1107700000000
1108800000000
1109900000000
1111000000000
1112100000000
1113200000000
1114300000000
1115400000000
1116500000000
1117600000000
1118700000000
1119800000000
1120900000000
1122000000000
1123100000000
1124200000000
1125300000000
1126400000000
1127500000000
1128600000000
1129700000000
1130800000000
1131900000000
1133000000000
1134100000000
1135200000000
1136300000000
1137400000000
1138500000000
1139600000000
1140700000000
1141800000000
1142900000000
1144000000000
1145100000000
1146200000000
1147300000000
1148400000000
1149500000000
1150600000000
1151700000000
1152800000000
1153900000000
1155000000000
1156100000000
1157200000000
1158300000000
1159400000000
1160500000000
1161600000000
1162700000000
1163800000000
1164900000000
1166000000000
1167100000000
1168200000000
1169300000000
1170400000000
1171500000000
1172600000000
1173700000000
1174800000000
1175900000000
1177000000000
1178100000000
1179200000000
1180300000000
1181400000000
1182500000000
1183600000000
1184700000000
1185800000000
1186900000000
1188000000000
1189100000000
1190200000000
1191300000000
1192400000000
1193500000000
1194600000000
1195700000000
1196800000000
1197900000000
1199000000000
1200100000000
1201200000000
1202300000000
1203400000000
1204500000000
1205600000000
1206700000000
1207800000000
1208900000000
1210000000000
1211100000000
1212200000000
1213300000000
1214400000000
1215500000000
1216600000000
1217700000000
1218800000000
1219900000000
1221000000000
1222100000000
1223200000000
1224300000000
1225400000000
1226500000000
1227600000000
1228700000000
1229800000000
1230900000000
1232000000000
1233100000000
1234200000000
1235300000000
1236400000000
1237500000000
1238600000000
1239700000000
1240800000000
1241900000000
1243000000000
1244100000000
1245200000000
1246300000000
1247400000000
1248500000000
1249600000000
1250700000000
1251800000000
1252900000000
1254000000000
1255100000000
1256200000000
1257300000000
1258400000000
1259500000000
1260600000000
1261700000000
1262800000000
1263900000000
1265000000000
1266100000000
1267200000000
1268300000000
1269400000000
1270500000000
1271600000000
1272700000000
1273800000000
1274900000000
1276000000000
1277100000000
1278200000000
1279300000000
1280400000000
1281500000000
1282600000000
1283700000000
1284800000000
1285900000000
1287000000000
1288100000000
1289200000000
1290300000000
1291400000000
1292500000000
1293600000000
1294700000000
1295800000000
1296900000000
1298000000000
1299100000000
1300200000000
1301300000000
1302400000000
1303500000000
1304600000000
1305700000000
1306800000000
1307900000000
1309000000000
1310100000000
1311200000000
1312300000000
1313400000000
1314500000000
1315600000000
1316700000000
1317800000000
1318900000000
1320000000000