100
268047612
456375456
146165415
268240467
76072689
197722080
401095644
546253790
145419087
350289816
39715650
736347700
118726266
310839696
172074801
149067163
406145080
38945316
204531704
13441872
618321237
331613820
46789015
488925000
259462330
85419461
127847057
462395820
382903146
219456864
146682900
246082158
359673083
796880100
859067088
652990572
101428284
47680694
341305260
157772732
212713221
215828104
521394770
405881796
182839008
34257762
94487310
189883200
92341128
9481760
97049400
476878596
359758880
49985478
512851482
845600326
300669586
9633033
68887056
181459744
584126234
35342502
74351750
591940221
626856970
237363112
547831560
928460413
447157040
453373839
137184944
29916845
546232026
447589920
421984
404815410
431817765
18196864
107926655
184240008
299944755
293926831
177040720
20288352
296261597
122717196
226562985
589311528
74654757
72220005
771838050
79313500
146405592
765554571
143465674
13710
736377077
671309862
220149826
146167392