61
17357774
248290406
171408490
20054376
118774144
110228788
8827234
85304880
158466588
168421585
174586544
51487597
19100400
4459509
85309162
445813368
115311040
646041788
22514822
141558016
677295564
42909504
20244456
10294157
412622298
147040179
895755190
22900590
39112446
625856699
54563476
122726842
12364040
193836240
103766460
663067791
236047392
215619552
189980703
581422589
88792600
158585283
147569914
214747280
24002640
48495600
91682360
555558300
520683856
85532984
308121580
19327731
108536704
199523612
138459402
168774435
34291301
187161188
112276800
50862240
699838110