100
383 1269
1692 777
1128 793
878 386
1070 649
389 362
749 690
1689 763
966 540
908 172
579 211
996 567
1312 782
985 862
202 67
1731 929
80 22
236 69
849 393
53 11
602 229
1340 421
1321 784
522 198
685 315
939 413
1071 91
1829 956
1032 862
1277 996
1230 305
411 84
841 336
1575 846
1170 313
1019 124
1127 582
1181 814
798 434
793 43
895 87
454 276
1372 788
1054 403
1153 754
992 932
1044 676
751 739
812 226
633 94
1365 795
812 434
1068 467
999 97
809 317
1408 652
581 301
727 286
1554 865
1063 444
1169 440
148 31
868 97
1156 481
1636 709
1423 567
850 497
1551 586
989 306
843 219
1399 528
1561 732
522 503
638 270
1423 708
489 340
1519 796
863 618
1297 846
1476 921
867 379
992 764
1191 841
693 193
798 34
1038 124
1843 987
1234 743
592 227
1795 859
983 432
665 437
682 275
595 474
1253 858
266 29
1028 235
1246 818
154 143
1457 928