991265651
689783905
738551682
406109185
739754579
387259199
29753887
738551682
675442190
244558325
510737747
360662221
800089371
124751142
536283941
274831335
661482778
231562985
137918766
263231716
689947897
977649253
357364530
198099305
763925952
800935754
141236409
382330081
470855481
553447172
834159702
96892456
7582182
259780100
128847803
496022411
478658248
287239238
546285627
666965173
975566180
309398193
361461977
299785721
430328282
182735029
745777957
458727445
6229409
378616015
465587470
701991062
728002739
49344570
985131823
161665162
750422871
171119983
848310267
677808970
99593228
913982657
553023708
877591864
647295079
648875646
49146790
285621127
668604121
837540922
563793168
568312199
114917380
767403349
495540835
98741135
422732523
757337369
233032261
697214758
239727896
180789791
819167295
883854490
77997992
7582182
962748859
688161094
581807886
399420876
446995002
270901145
587893269
554395372
664359393
855915840
274493725
893833593
416316476
818938973
537069076
76110619
934348946
919074834
135078348
756554259
335493505
722122666
775690928
235494869
260786658
417033024
665547474
787677119
4059299
525535195
789238758
495540835
724346607
619939196
848310267
380767301
385155296
24769082
619939196
164300294
133230385
770133111
658823951
213050551
621503692
276957762
438937591
97964130
149776077
894336046
415810191
665579263
779873538
351565453
33057252
909012222
851198691
886297826
662145914
129332701
689962428
961364338
118959233
165166683
615090449
926835135
214875621
690398940
789238758
446347381
567727762
35025960
942486675
7582182
537069076
593388193
953183853
979375130
165166683
398972640
496022411
184443938
834159702
97050984
943149042
296284731
978690372
789380360
833612237
219343917
913318488
265610898
380840574
863984011
319991217
553810682
417033024
808898840
171519720
943297137
560427605
109310744
668604121
490881178
78117061
747479643
936683563
819227129
479273375
951349453
266583855
424367098
737434623
555569311
85526967
516839030
333514593
275148426
278306215
921328481
321676980
103158919
731381537
972913950
303339069
860559593
869811382
945013337
757465104
554040964
94772002
929038210
810464205
148061036
293410099
931584215
333625853
619939196
255206617
666056744
685071284
882985943
525535195
13509438
952176794
333625853
319991217
711017225
342634130
160022536
171519720
634099962
761893097
86665351
247265127
86569173
439156474
885626042
45913159
952200533
189584689
131864937
256871288
662326482
270901145
417375801
799515077
848951405
370109350
302331073
827419924
325142741
961548754
94404939
122920945
800579858
550769742
898199735
696717034
285859923
557156977
706042503
351128556
204070393
429193078
275148426
320293178
142556183
767719243
633834772
349816138
508456476
823067208
365454283
37184523
390039018
765560151
150487792
510130598
192206477
274654908
573020095
518316693
933788414
52494895
460672795
761858916
557156977
191960613
968672214
399785641
276349819
416103440
910585520
833877412
336282492
972558388
434670964
583639194
739565421
438937591
167112897
897569787
368287830
704048678
44699519
285621127
848415193
908853443
57361838
348686829
834676716
36280012
632194072
455333341
518316693
789380360
40454468
875513825
963476682
473644011
134618008
595351999
201949849
753737015
134618008
571938185
883346999
552734143
561650669
394107970
309398193
318115181
888496107
937924749
378616015
443165136
429032556
149238430
608039160
594109877
774822968
133840056
209903741
971161105
305564699
947257550
473096031
130893703
170453500
118996543
941348130
260786658
126393525
789238758
352757829
734598954
162822951
627506813
697430531
455581591
312628118
962768704
127731298
202114646
351318026
602440265
245147188
439458275
505010285
504795194
55709667
30324466
98638580
769966289
760391543
440027818
821412101
868640977
489573661
432676281
998204151
653746718
666056744
718268249
197803350
502635108
177213342
545187375
579491875
646731251
37007427
450220140
646102232
182398182
440925808
63854004
280751003
165826181
411167789
84529565
399420876
430328282
511654142
120809982
308839617
365454283
272053931
693529139
48033766
292953587
658823951
789758539
398972640
457402625
110351547
793367918
365121521
767628130
437485383
586260881
964638776
749493618
494697432
127640454
470456495
145645456
674492736
770376993
298526129
298526129
845135551
430328282
193192864
662295238
57454438
924180438
75143417
516468883
121888334
813612210
477906260
883597413
793367918
904344546
565916153
530447093
898519379
102031934
502635108
318942084
142030094
473398332
732572967
71586101
881392511
736062582
873066190
513012076
594694758
167864015
450232238
27556611
861097064
819167295
776565642
44314627
793090452
468435477
782456020
470456495
941574158
87968333
118996543
511334757
430965301
837134157
36792271
382738237
459130269
859348078
978690372
937243431
799025050
358034824
554040964
757465104
284152087
579402537
768181757
584665302
838910400
79574572
145259431
971261581
775690928
920345423
881178428
875566323
863984011
879877667
272688045
615060467
823964351
897573889
738551682
285851084
815108921
739026880
384993393
740575622
474473670
274831335
883180483
590527022
221476767
118790345
704048678
241348768
595351999
580840904
412599343
572428162
304181189
638727205
303339069
127731298
479273375
300559867
435325487
203415074
904858696
524023625
182398182
880513419
625571622
833612237
840328788
746875441
769554308
619146733
126393525
688806611
943215129
892828588
403458776
616621658
44093214
664352708
507572775
274493725