500
6657
7891
6241
8231
7362
5624
9625
6307
8420
7162
6833
9106
6863
9008
7145
5782
6793
9171
9168
5933
8528
8505
9003
9776
7052
8022
6882
8211
5595
8389
5855
6142
7807
9336
7591
6861
7265
7317
6036
5837
9040
9836
9182
7160
6718
7388
6381
7127
8957
6521
6179
8442
6299
8318
7371
5783
7571
8506
7185
8198
6624
6980
7830
9092
8522
8868
8366
9473
7888
8851
6738
7297
7671
7145
5931
8328
7342
8115
9098
9836
8251
8366
9628
8473
8870
5723
8828
7779
9461
7195
5807
7584
8269
8416
8988
6875
9425
5876
5858
6985
6757
9568
5928
7657
7635
7277
9271
9020
7824
7133
6094
7993
6252
6161
6079
9579
5833
6603
5733
8729
6455
8272
7003
6525
6754
6290
9974
7353
6949
5590
8675
7210
6101
8554
7465
8072
6411
5965
8908
7554
8133
7882
8375
8247
8725
8882
7374
8334
8749
7691
6833
9093
7018
5634
8670
7088
6308
7788
8899
9239
7814
9053
9663
9957
7892
9597
7201
8820
5670
6951
9794
8090
5704
9098
6741
5822
8358
6331
8969
9946
7209
9287
5627
8447
9329
6257
8966
8289
9254
9296
6407
9851
9593
9812
8027
6400
6609
8992
8479
9402
8990
7622
7735
8948
9398
9775
8888
9021
9776
9136
7714
7682
8328
8126
6415
5597
8519
5690
5790
6096
7626
9111
9498
6250
8977
5603
7671
8540
9182
8873
6013
6788
6358
7276
6029
8189
7758
8650
8924
6969
6805
8239
6818
8402
7797
8949
7657
8496
8864
8116
6186
6763
9843
9715
9927
6298
6332
7755
8937
9206
6783
7187
5939
7095
8591
6090
9371
6924
6854
7509
8448
9621
6863
7032
8716
9819
9424
6840
7554
9227
9939
7432
6916
6259
6288
7753
8597
8707
5585
8418
6841
6551
9135
7208
9068
6777
8467
7809
6072
8174
6912
8396
6011
6103
5944
8652
9378
7112
6107
8194
8496
9646
9923
6169
7274
9697
7032
7362
7805
6352
5962
8379
7822
5598
9578
6884
9854
9159
7912
7025
8579
9744
9556
6998
6520
7510
6506
7086
6795
8021
6100
8093
9199
7419
8392
5974
8465
6950
6902
7975
5661
8490
6947
7027
9687
8946
6777
5557
5801
6249
7456
8620
7994
8558
6122
6497
9664
7926
7334
7125
8620
9379
6746
6836
5956
6054
6316
7724
6993
8714
9872
9286
7255
9131
8903
6798
9986
9423
9059
8411
9144
8610
5719
8843
6220
5726
8776
7541
9806
7902
6956
6063
7259
7246
7410
5602
6372
6525
8229
6969
8506
9820
7978
7937
9045
5852
6870
9875
6526
8488
7853
7038
5705
7112
6538
6476
6556
7061
7202
6073
7150
7107
6950
8176
7058
8480
8226
9134
8392
9032
9004
9546
7856
5977
9638
6413
8883
5999
6172
8666
5748
7858
7042
6623
7720
6219
6879
6657
6461
5924
7468
9465
6088
6607
8634
9618
9314
6351
9072
8069
7426
8452
8217
6045
6247
6491
6887
7453
7671
7147
5776
8144
7111
8993
9736
8161
8247
8482
7273
9823
5927
9780
7010
6424
6825
8862
9143
8568
8345
7718