185194425
310371949
831168449
545444603
26041975
13117486
509256486
391682772
977454529
45985840
234929531
810320745
107484462
297634957
751966106
200524484
683977840
513923309
836355509
82207392
371343694
9561792
968813402
940235643
931320437
276706603
88519618
180740490
331564019
180740490
587097320
318207024
770624708
75868781
352639805
921844625
216588424
537295748
564696581
420863457
64132502
755758263
317105426
147028465
305142864
333190216
272130765
66763477
410948467
859922764
208405809
483055511
963411930
921844625
205626686
370177773
551192917
229832977
664435284
234929531
936300580
427942980
254610019
251390666
184197010
882459854
731566302
275976654
174364786
341007631
615361320
577558397
410997708
912541185
355531579
934829039
566288981
131226189
753902836
414130225
891043472
75037839
976222171
57508579
574553982
216174668
316204790
192349193
939504509
797982721
164114776
634707443
452854092
43854334
73279174
335559058
671804521
940235643
976965596
53471364
73827571
251390666
788618903
849756209
487595663
200372854
73279174
147028465
841874649
94152580
158133783
450004611
194997170
931927116
68536510
276706603
502698511
213709711
130693451
133678897
573497824
406858112
874692678
511332453
106609250
254831250
976222171
33868311
410997708
968813402
962858473
874528766
904932683
586995411
330649942
14617474
971359908
406302821
361725321
68536510
918780370
953479722
159177692
703164983
472546078
458784624
15297986
595474158
296792838
445418665
968813402
698176447
176764906
10158665
822618730
153948174
8498132
41407078
274978340
296792838
977772456
169963094
963411930
924429248
88670278
775004312
718752878
53471364
96158198
723747949
745438903
118523233
886931270
207083148
858089636
341692289
775004312
111576965
643682129
676786592
106609250
649933407
33868311
143355483
552843776
621093045
450004611
999943521
13404325
425011841
400417061
329036469
893026756
753902836
981812962
775005657
759147566
480271897
747292132
423936197
30879992
513923309
331159247
468818497
159250242
366512522
683977840
279191071
454165160
160337091
604232450
483055511
313674752
322332104
987349975
352031342
126267669
947513092
331564019
353003177
842638862
229832977
13117486
185194425
842638862
874692678
775005657
850162080
103333664
974918945
329036469
537295748
874528766
952799561
858129809
475506679
521556704
198863187
607117913
990925063
928989756
985010043
713053020
365492724
945784482
934829039
118135587
981812962
123906063
688361030
891888735
515687213
44896064
403761944
150561057
504022811
985010043
489330151
701273144
508382259
74182363
504022811
764889510
194997170
526517448
274978340
134749986
643682129
987638371
896763278
77724948
818432179
136199616
414784338
528498045
12324102
374158989
12324102
672378297
763641364
361195985
905716622
228278183
514874788
719005707
410948467
990925063
239139045
213709711
963411930
159177692
13404325
143226910
410948467
37976523
274978340
849827760
689421662
589254499
428025657
755758263
501401606
80649946
809515343
894246612
918780370
849827760
753580094
445418665
605333918
533433026
909422885
234929531
26041975
611743067
632936726
887522767
410997708
251390666
790291637
250360935
445418665
924429248
813691849
123906063
129519234
511761841
418365288
912655054
352837118
764895461
80649946
336697473
753580094
149655235
664435284
686361583
931320437
718752878
747292132
306360331
684043064
758619292
26041975
874528766
33868311
967420655
94256517
602523290
236428363
344853361
243678342
261219421
251390666
836355509
130693451
80649946
815045476
719005707
146317831
968813402
130693451
95780236
386983628
968721838
437993694
857488315
567439893
861228542
931927116
846802766
23033607
248983311
694057165
314841676
924429248
228803930
206860813
352031342
194997170
167984257
333284582
513385433
289968756
552108100
886931270
331564019
167984257
335549258
884219840
587097320
274978340
595474158
322332104
990925063
261219421
783100219
130693451
504022811
767198560
637526659
153948174
44896064
390540325
643682129
713053020
747103980
813691849
546886682
861228542
348660146
755441589
687975061
42347181
655268508
836355509
243678342
243678342
688036456
620855530
921844625
329036469
297386116
454165160
916281722
976222171
840396007
77724948
81090350
91228151
103333664
745438903
483055511
650664046
858089636
788618903
75868781
275976654
251390666
66763477
228278183
161395745
88519618
703164983
980568674
228367045
204266874
586183262
68859875
88146232
228367045
147028465
254610019
369205094
279191071
847053919
543689619
573497824
310371949
590869214
580762675
744272072
745868910
930589936
857488315
200372854
44896064
624072632
980568674
810320745
719005707
432033223
515687213
156468076
912541185
976965596
479475871
161377513
522819489
386983628
254610019
80649946
187379976
20762516
514874788
764889510
517753154
537295748
93394929
413648202
944990341
84162830
153948174
797982721
8868774
571510333
577558397
341692289
728790983
279191071
335549258
335559058
713053020
939504509
585445983
842638862
205626686
822618730
490840046
646490568
33868311
613080378
364479770
731566302
953479722
261219421
156468076
26863016
990925063
118523233
745438903
461537283
184770460
251390666
739466547
594213079
21655549
430678030
728194530
430678030
517753154
228278183
205498274
228367045
427942980
592911676
850162080
468835088
767198560
841874649
251390666
675781280
623528936
728194530
549808360
133678897
744400308
750746014
689937085
191269470
664200962
68536510
545444603
882459854
520236676
684043064
523265486
998168674
8498132
458784624
44006192
228803930
886931270
143226910
526517448
475506679
231573073
423936197
200524484
893227619
831168449
233256575
709561278
586691717
106389292
621093045
602698696
950699329
450004611
912541185
353785023
681020805
274978340
716287720
9041318
8498132
987349975
348660146
392926626
358602702
143226910
318703506
634399106
786222871
931927116
997548061
210060124
107484462
103449246
75592969
221559779
841874649
149072977
703164983
415551400
133678897
355845755
477016810
734101620
998168674
380851747
205498274
274887204
931927116
159548775
643682129
709561278
53471364
357432215
67967255
857488315
235015947
251390666
934829039
809515343
355845755
251390666
20762516
466999377
561541767
355845755
134599270
169963094
278538337
207083148
543689619
524887613
976222171
614056274
846802766
713053020
103449246
248983311
930515966
88670278
352837118
976965596
149655235
990925063
235015947
872232752
620855530
276706603
483055511
549808360
675781280
480271897
822618730
322332104
450004611
273667386
569964076
172448910
107484462
886931270
809076111
928989756
191269470
254831250
10158665
348337507
302548115
149072977
118135587
753580094
504022811
435537915
919692462
874528766
874528766
968813402
977357974
905716622
577558397
345861884
184197010
519177847
42347181
747657895
602698696
952799561
891043472
551192917
329036469
156468076
336697473
366512522
157618133
40585118
107484462
921844625
815045476
810320745
102250267
876911321
454490383
88519618
831502419
946844822
703164983
577558397
403570446
842638862
125445259
164775602
275508048
345965574
826841863
822618730
822618730
874321008
254831250
391682772
21655549
916366894
571510333
150561057
831028172
5213705
38357626
950699329
365492724
928731636
15297986
586995411
559560219
842638862
709561278
602523290
815045476
945784482
430678030
850694891
536226848
414130225
73279174
313674752
254610019
604232450
826841863
274887204
552527312
75868781
369205094
251390666
585445983
628041444
13117486
635375988
505278861
988959073
167984257
573497824
329036469
216801835
690573252
13404325
632936726
999807749
694057165
586183262
197603705
251390666
454490383
329824873
201651170
274978340
809076111
981812962
475506679
33868311
157618133
134749986
314841676
125445259
26041975
44896064
106609250
542032176
750767850
391094740
88670278
852124822
374627928
567439893
289376552
998168674
784067079
947513092
430678030
172448910
348337507
716287720
157618133
670997786
274887204
150561057
422295578
568512686
372975850
331555549
535339967
511761841
999023274
934615493
953479722
276706603
103462083
75592969
683977840
284894222
91381269
477016810
810320745
751966106
40585118
859922764
145169198
602698696
662361989
331159247
501401606
635868872
103462083
336697473
308470037
718419158
919692462
545117077
272767777
770624708
718752878
192349193
548153176
806107795
822674418
167984257
398158415
329824873
664435284
859922764
747292132
333284582
197603705
103462083
588293570
747103980
118135587
586691717
882459854
44220210
761525159
867820252
690573252
123906063
846386860
664435284
106389292
432033223
545117077
248983311
587097792
423936197
559560219
886931270
842638862
750767850
228278183
85855115
909422885
410948467
225894204
296792838
858089636
80649946
976222171
713053020
75868781
386559373
231659344
229832977
77724948
831168449
594213079
123906063
809076111
916045459
573497824
251390666
355845755
514874788
762036348
361195985
916281722
757007301
912655054
341007631
971359908
103462083
136704482
315066796
592911676
587097792
552108100
77724948
75843079
159250242
559560219
822618730
331400346
831168449
164775602
577558397
699438356
750746014
341692289
10158665
841874649
826841863
536578969
131226189
831168449
684043064
64132502
489330151
37976523
868358896
272130765
94152580
646490568
568512686
445418665
976222171
559560219
605333918
837449913
326605788
552527312
728194530
621460504
150535289
33868311
414130225
930515966
750746014
200524484
103462083
113651701
352837118
623528936
254831250
122883304
423936197
103333664
976965596
161377513
912655054
898917881
216801835
990925063
275556215
585445983
57508579
275508048
602698696
637526659
831168449
511761841
934615493
976222171
764889510
268893415
655964748
228278183
776237043
274978340
846802766
55127219
500836384
107484462
998168674
604462815
752664492
131226189
750767850
310152833
355506752
345861884
651180948
971359908