100
2 6903
0 9273
1 6099
2 3323
2 6680
1 8557
0 6595
2 7387
2 1409
0 4773
2 2108
1 684
2 46
1 762
0 5927
1 7006
1 265
1 3876
2 2079
2 9379
2 1358
0 6256
2 9892
2 6193
0 8317
0 1243
2 9461
2 9804
2 1431
2 165
0 3812
2 6127
2 4624
0 6399
1 5910
1 3252
0 1163
0 988
2 240
1 8599
2 1313
1 5635
2 7562
1 1318
1 6666
2 2154
0 7375
1 7507
0 3473
1 4684
0 4075
0 2720
2 4931
1 3316
1 379
2 3009
2 512
1 4063
0 6464
0 173
2 2281
0 4158
1 972
0 2637
0 8335
2 4625
0 6866
1 9707
0 6874
1 1948
1 8921
0 5332
1 2159
2 8933
1 2410
0 4870
0 6792
0 9315
0 6285
1 1026
1 3712
2 1472
2 3680
0 8394
0 8420
2 712
1 6175
2 8131
1 8930
2 2296
2 7324
1 2772
0 3869
2 6815
0 7112
0 5157
1 9142
0 6239
1 8503
1 4129
