128552626
18
284860514
550478138
237392997
576637596
676097272
502022667
735044489
406017590
780187761
116595763
496061840
428593965
772369931
981832538
883889650
741874125
85335164
898906674
810746576
119532181
592377731
862918965
612915529
608246602
12349068
940942941
15998473
451460765
564367013
389764350
853424021
373096311
97559168
679809487
483499019
353144683
347519449
480442681
293593380
907521526
648291491
672704566
138110553
526545230
576191132
173294012
261906644
4121407
714363372
9101420
541852831
47041418
467911314
498161599
873377917
129511731
921937953
694470562
149351492
1
668702749
169419930
620344321
406155228
604586542
205669173
586850275
241254644
690438452
576096060
730529889
563079142
275166376
491468582
293711079
837594481
775693279
472369921
972043555
963431047
150421136
438469747
648103749
988623081
296212089
774076430
779286351
884467222
10420597
404519080
1
796275842
692692312
167628799
860415847
634599351
791209653
853097250
139290585
323572957
17896486
557221153
653681534
368928
145730413
840384722
227743832
184359854
659597695
96487152
176135556
260024428
88452907
244
404238527
89252894
726903663
8702191
446379376
738197093
203812388
119625923
588887155
690153687
323634006
289425861
244
841243144
621714310
91677049
613689055
3951424
241085495
599442911
389626492
276446493
958878931
784357125
432891136
558711366
227136833
328221524
676835224
937987784
759027169
789660479
847473773
368928
937201634
413234188
612457536
309388380
560376108
755745965
366421446
593709934
477604342
935139231
167739592
6208699
643787753
412710826
947901256
927645334
887996560
326323844
454371322
585873801
780377373
331345974
119261604
351634
81114398
25543011
176887095
117223838
292210480
227068234
285666559
219115144
886023222
773075632
845123654
502508642
503316730
713216019
186025240
474900501
569809574
882052992
425081090
266917301
775836762
326875792
590420782
447495582
92763899
383838890
91995102
781956450
620201730
682427489
604365490
142943944
972255977
634208000
947815709
940781526
396066
747197646
333755963
13985212
241684682
326336859
83916575
540134377
564329140
842070009
244
170863446
116189578
816736452
896311222
18
268049687
836645955
60486655
329086094
933297134
257960699
417435810
160426808
34589721
143790823
335516731
117183319
29993483
791525655
715659310
52020330
868164177
813082382
633574260
648499540
749784868
601407932
248809817
81901236
591522564
402080886
747766475
171666899
397225133
914682918
505059914
973117890
771839009
37356283
519208898
862124845
118046443
565316084
599519269
100389186
234583666
445941403
699411260
439218130
700791457
634797434
415459950
210578621
537605449
733174716
661574337
678964433
942982464
957171840
641641474
738459006
794712910
217003356
764121671
486584208
527833173
938087080
99496254
104261990
905690579
665518591
347270036
237956253
752510606
504948401
81778969
637019325
688692826
18
415079081
682427489
539423428
367376933
809613921
730964893
334347516
106669193
921211441
872380004
296320166
823144258
968124951
617771103
362335019
497738397
260025480
128104481
286571327
556397718
705124490
411034869
152677685
270936555
618464998
433888809
18
370034236
425325666
875934299
58640799
519329623
272657199
346163191
386351505
8736479
147525374
498925477
962467589
138956918
690163713
236036777
714285623
431494567
167621336
700721565
128655855
3951424
904124453
124642149
307936000
643306826
405433357
411363070
157077563
937996332
224501944
11700362
562290202
226589118
1
733744843
851162932
24531503
951584247
416521042
779037973
955212476
186471284
143163469
502451383
112281258
476911097
125142557
125274613
162007848
461877009
952057926
182989027
706534928
298336543
86459258
334099548
488920192
754685935
232048670
703652980
281189350
989800446
124564087
347110756
392367741
727803913
165920071
443878431
951940900
731515324
231211064
559594807
500093661
184065367
921981173
513445454
261751760
306864036
495262457
224463320
157218640
413029756
92640970
98052839
656827325
244
687061165
691601308
41611392
934288542
487946922
41611392
41611392
683892730
632771633
317929491
759027169
80480215
441704904
205686996
178707803
109055496
180169178
83234482
900925191
882982346
553476215
804162359
141320570
368928
783653702
927811215
107313690
402768981
762108737
327581002
308018277
261921598
825629315
515684807
797939204
76948602
558781270
7634877
431882010
483189159
687279023
962701381
644817950
536118732
492327075
279389720
966292169
704078366
244
371536170
713946781
835294867
194296118
302769448
744419905
860782341
190802156
204605174
959702015
883509881
165393606
890010670
776048900
24671635
751568790
955611797
314338860
415546331
74929019
620201730
804729461
173851794
74070609
642820045
218731755
263643124
33616
741598402
303636741
141482289
237000939
72197405
123333488
287811450
431596186
289701924
930712419
