4000
740948
2
551
1152761423221685
618927954312
3411
874277931986
286024865090
613893446066184
6378
291359840
6361542097
7260
657541200146071777
335998182660
8012509478351201
406
8984143988
8778383
107349
510
968348499255
3374380880681989
22828907815861
425
6265392
6182119762952
391819532
25
67722941969825549
25083939
79976
35766582
441616335532825361
62146291503
492934405
6342
875812574
444293077
7303825203729
534321132535122264
70340053106750045
9564821
831
849207060705673
4926577
579
302236715540260
11173
48301290388
77089307478371
834501456
3566676
71
16
727651399
926532444279
373157858324115
5106
530
91347463652
1
3155221748236
35
807
25910850790
34104859
541395827961771
341753324129
8745680
743136
190429
1482055932874814
552689295945058801
2227031337
955837837
391828018486093008
63565839483976
5861551964542
326826639456
53566
446268255101517600
43362823434
684739
88051436392198234
2319898
135142538928
148193597980
4755
9282
50440511590
387269381033848
1
41373585690893
6978941
666667140612149523
1523168
2771260494603
245881214
824529
8386986623
262757827
2089282055276
87
16095890007255214
6
689
35515584054721499
3035076
83644195574734
88152324666290493
19955560594634
5391288186
24902215444250421
77955
3
12298227858394469
56607
72647132163832860
26054679
4788163876172378
85
73310810924915733
22012
702410373959
202867
818303620284183
581704881367895556
3
882306509
228294482725
473951902
3143104079081
7
538232104075905120
89173307660289
9994208
87307642191603
6221432605496082
407601
9
85156688987079
5863945382394851
2816467796419263
59
26
76
53407553188
1750590935427
6
220117
9181786699
665
4037831125762
611574856498432538
270680119536315340
179035291261701522
518368861667
4989498
564868780956900135
80
774670741218357147
82302788597
34713712753445
14126633
813816980
39393655405065
18
622505
52067280068306437
5207561
185659265
3212288
740059953
995111233972330
84392490574
66309080151039
8962576385930251
77941785
88423841
417721313151505122
5538928427
840944358410334067
5609835790487402
5416645291249937
587
97716501326
574490611
42197093331356
598839513628
1981334
927217
1730602560720
5432560881
7579
3727936381068
651295615413
50921
35290485
33030321
8187289230
8255812498827
79
34
1534232
492490449853230171
88
293328340201
1076680
889573222002316877
879
929130819202
75810071693
37304323102
713070
631956151097
81517179498001
50892
85147361680865710
83556149383
3
7301487898
7919589693
1414
76346383
2
890140
3494568989
7084569362006516
973500651827
45225869835
58150734
564170406105525832
852729
6315
895495252230
7283754
8296898163754101
285467734
91838797114
5291
567902319878444358
294
835043525777
404115402868147
49873862809
496828479
7481822146693
136452201038733
45
121918047
4119810325032263
615821939721
20927450
29780114
43996762096230
5196
92756824
30918768403
96227307307364
7401244634502
16937
1524413468
70344
718121231
108910977451678393
396375207170671754
17521753100
5007864914808
9799960638
36942
4436918
118635091082
68977
93056
9774
58333610474271
72270360989640
90322477453
3343521698
4145730
777020086
50157
279114033158305102
1040648956222174
86002139241540
681331058938984
9969772523
83385788135
2086553953548503
84358126
2216501773835
321942301486
138
944354
277566907098673
15356546815853328
69646321
587003734
2
1165349
34
77
915400712377333
15
88024433676614816
96871916
637127947182
8816204859444
94
32174319
738426987
4878
21937444
5132809034
44
98538123898510
181877282
669651380761
310431589545744
7752688
1980502960229267
6052171153
6681586
4662
81687897905
2
97175
644996155607
795685370752
498580097744759232
31973043780881274
1936207200
3577
433
6445924
2425323
237207761756790
574256588
852767335
944596929
61783726910045
36467
39147500558869815
604
86
3410043610568
7
78945
2867077462
96564069629126470
241003617
802989747753912961
4986974825
256193713206899
911348
4914394
52
67251807
74291844
1
84673158542664614
466
58115119
7634457265629
53216349056506533
6606200
20561049
266407266851002
38
350870535630299
793930
511833746
194612
2577842
650560724440506
2631755548998
277921
29799006425
51978491987969
6474486514
88734577
13379653
24980426156
50
8708172801191
323
281875626
74370543738056826
1266243
2051058013828
57238916221385668
3576
5770025930
76152595355366
521
268962588
616712524927004
8100173569
6623675256
6786455
442286509
93871519985231
73885969311
124680
95046867331731342
7336553609
63329963551471
9965
237
976956993581896
845346415217548385
3
3200
8528871
8
32227
84743444605537219
8
8
91678
5980546764018
494640929124399
76
793
45469868267586
24356626492429662
565295744349213
7330
451285601892738426
630293992229494846
428337837591
917625228615596
6890640
63541884473
432512495
6
541
19232229
750998
801806845508605462
325635728548
286888599429
8783130663408376
5207368794808
72429201
1400
7477
28359789609019
60
43479690
55
9420973377053
2642
60352711496
987840
90582629698395701
76563
855880194
6771836338359611
439192607093873086
3
68539
605
38960
99175488411702
6880
34375606109879
371173
69142708
49701311999
9356143954550372
4305803
65408
48177809000
454216846662885
769216076005584
39636841155429240
7604475591
44651049958754860
6273159598974
8472088602391
79
3125620617
56122610553312
72171228094931
1430487
2823985083515837
6090531420159042
5
42385
532973749
8809730
6124
863
83510962
4853170804696852
21785992969
6252316102
10355
801
449092514021516
825642452115
5172373
9844950
1240
199370560857910
69095991147
139843440174175095
127096788
851351472464814
666097993414076
2
62389373764130320
3437520
6086
94393
7072373159181838
84721267083
192211351108124
505530890
28059891
537907447214
271125858468585
721972352796
283573597910382861
691892
88428617314975
8155226737
472493742196799462
7312971266374225
41532329297
594290253190475908
285441475914906
73118603168
1
260430695635285065
422
56136030
43
92522842
58272203910154459
2690356889
691420
87818335
7251582408
533585799244
69268520128297
887
5
591006187
7107793603449659
38643
4312074849397157
28
979375
198462139
72809209420
6461364589744
675402
3223
8939755295
9
41038273235607
966427596076150
578
1
2529
226092516547
921
716431
555290839924
2
536284
266914
46843847
6466380611690
8111583490
193874707
3926989517007
26
43
2
233
1023
99265
634
88835137374
6
946243013583
471239
8286078
65140579053948
388074332
864697779
556
6450625366863491
44439674763421
59611836
69094693613
307
27
5331695838711435
178651
991
2953046328
5008185704
43
25402
946388919320608
3124955298290
674
634361141292609
9520740
2535824683
787250853061
51740390830814
4264654820
82140624
66627
197251308984
66710283312631
4534473432
407897031361
833132149624922
90095251
13
65
3424362593763910
819054884838750250
524624
549492969130623390
7099017934155349
5481363715110250
73431187905921
347001831
8833592834590624
985187
759431054
81174454290
9470564925
121433
19493
5061
316204
8
96819
398753005
13573
8428
416
837219712112
35601530853226
92
61210080
598124302004196
3974894087756038
94935478614
3970
44658478752177
9493114955023
69
81360
9
487499838521531673
5221502
28367453778840358
31709335736494
978652235
79105093
55961991759475032
388594037795906
76909179859040525
7493401
471064380104535942
8230
257518531608
8757550
480495412
7902247701717
515
437292
5250408844335
205
43268815623891156
1
719
204128
460
39854544809897098
9
807302507
27900641512970636
6766332481
1906713381
9130183034
732
482793654641987601
5568682465
3948920155947509
141329863
95110769
246932341801689
7638214540911855
430977911984
9259947687496236
188134848854410121
2050108
5254242985661041
653146291677770
770337
151780419308082106
8549
15808581151
29170542768
7958183
9358
9569
8981736863260870
818138789519669
52
162788050997336
3839266591
9874427
720981622748398
68687
87571737
96922016155964672
869
8844079984115
732088931
610152220427183349
3322652245623
57811
37967
87152316642197282
2607941861078
51841647579304
9507496475585
21702181266
8118280
85280373543254518
4018297
22417
2142947
31617725377
138247222741
81732109157
9173787465219
97
6025100109841
9524300168717027
6459605585433637
2796750850736
2517037
5454606
5788
6922382116
78682
71197079040779
981
21733693164885110
6969689548
26863316069
33666486006987849
801103497032
522901556739685966
362138759975227
355
6
2709
57773655613530
17384346485
51630447246
6663316556889147
45554752980
652589986300138
882
971420981765653356
55701037313496
219888750903725
35779
1
4459
6476
867833826
85670611
95
13886
9706014642
22687929386066886
3311504034
4249137
2381
150
66073720085991956
39347565267248
2807716
67407513396290706
730059112220
188127
5012087209
30
23929333466
40225395
8946342056985289
23706301
7563906
65711106388748
9565248708387182
56024276368645
869882163260628862
134
725
57
7480464156
565
4921777763521
9615
9
180475735
40
84
163801
339237893
37133049838708
28648
7577150
589
2876358
107
9
8607360866
99328075526
950745560890377
534642515154813056
9757934838
79655736033993011
3882083608515
6369449978
523075445320
752660141186
694622210508977821
380
87990060810604
73597864865331863
73175250215038
53
490
53375
50281363186097728
238986025774
226454834150788
42781980
24757070054344082
38147304
7095775089384906
8302267141
523347842
8717322015567
38273634
569282416854
48110358990928301
541
468749
5628366655731989
2262159478
9522271841098578
55975631944
6129810
53282017279
80
50
18581475120
759135
3215974542745559
55169
728931116898611311
67215589104483
33112393060
26431293229249065
226550686843
655196868859238
36810417
912953901857
7086
225856013687346657
68443952377
7
79680245848
7210963361848236
753265164423
6948026
33418153
36353274976441
20075531259886
633730445441507
9
8389
654677210155
768738479401357017
419100638302515684
338678
8244698
16264452
8416
890385524245
3
2418041
23601598
7
96854479812227
78283381069
9746195899197934
39428472
62
891373548541423
63113566811
371129694301797
158204
9051107975
229644409363125
788607949949298732
370844734
3122409
5312170843
6193650402355667
60643
59869
296206943
29051
73783132520
61
395173
666534747261981176
25017067465
5142706818
951810241
6368930501
5
8669383105006050
36
8676194
636345707938042
198082121
49305
98
268890329345
998746866860256912
7993
77484257
93221278485918175
836778
5000764266903398
9107
123471636882452
228631044512289199
44786883940
55780887
590903726799
23297905343351
155764546205016641
7792643283
61111356
3003811320
3
930754107187285
99364693
13458205
25090971421
3569684
31076023635
21103194729
36029308676261
76517243332
2068379550278127
717317
82882277
36841172292775
131024843492757857
84760625
1284443885
137997560871509963
489830447062574
3309886
355602069070431671
2415400
8
6274
804247045
396843050883458
939
1408
2093251400921
52341956547908010
678668906
44883013
898607232269115
5248349978475
8170118
901362610665536294
187871
29011430238453942
70249
337706388027569
750727305
97484
134480
8641858075855
9415
711071548811
527138492649617
5
61
9282907857925918
16264018
3928712067
520944938846709
87496601936311268
959548455914540
1416590364799723
8671297707963185
4828251938542658
7684485354348
9128603
7261990071546175
9018
44750135408675204
246
297920
46035727793
1261823235857574
234349937189565
228
19836
1007111893890817
467455
85
44059198611839
8645590698391974
52732262591
1430230971
35722818833
76888673
3256859380404072
4785426
7633832084195465
235
7554030364
894244610452
960048612663904
254152342017814100
7910651185578
639515
46611722125117
50107142
7531
8681108928939
17030676934505266
88
34
43139448310775216
5543876
1240
87424443976956
29762103144848832
73425415936334216
54000872070
33720519614457079
2681452
3082791649
349
495658544
928142427976941
39577050666198551
4806553248824672
8210725885273840
6149
877255352423005
36176
28419
831434948441349450
22181
8299398719142305
37002162
131586326
324104173928423
601
7955520134758440
13
25
885222466330
718100952490
654971083
764025909
5571075068705302
508075046297365
83848765281830991
586471224347
4864491132
998388719177123
583496236837541229
893
3021560428066
668601345808769769
7944127
75
935862
124485651250
380993055896897
376798795857111
3257381
1768202682491746
985199892
40867301997713
5092954400567
498588868461
14396
954
4372651044928473
28421894577019566
607
7768182812838972
5239986
84654316122
69714721744
63606625
8953077234518564
442873975635246
941
5665804528433295
8002708
715377870691
407462256075
350701665
247311704004007934
22
42642562574524196
189557140522
2027
255009462221135
11
4579122
237
832744169990
64478360784184
4904876775
45034833
18138
55988
7342431290929423
250093
760023457265
8928042910
1950578162
254231235
4999
8956
6386734744195173
5435187596504530
1681889
3
378762
7
58261857695
32426
42
843877
11159676669724509
9315806
5973464546
24421172
9792334042455
2
704535050554611157
10210
5100050187250
8
5213750722285697
19103527931
169340955627
2794193162088
9
3863875345707
527
2107292350659409
99893
25048513797
9866920373155987
894001222259
19575375303
722555855130615605
737
71974207257286
86741098775414809
324825
9693327990546
4582726385
1451
60047109482764897
5
25215604172229928
3
977643344
860
27
22395
7482929123
581752181654764795
236402876730
7082910332
90990462
2
1971837007679
34959267687749
19561519579
9148934371
82980094799537
78568105205
50508706130
273
18429
583947
827372483406
87767045
86812069635
75846647108510
5296789
7058873475877924
19734654837430
79263169323
62676372
319630255
69664441547909450
5130324
9430991
82867046345790
46
85955680428
8840828
77320267544
78450275237877
7841807922
7
7875
741957753139054
6368321547951
84465
383176481
130925
1196277682
35459442
90
979321941950
22493245639322078
4834553234120455
437404691248
62861040611
2450484
5582
721913783
392561649606964
539719
998630872
4831182770631080
48696777001495
21207671686
61447881
43
667253
8100588413362350
75552836137
863305025759
547339746883137
9613945453401930
14691422201
511
35725734142707
814507925739653
509940190
867819773295
594235231404465018
15969539
23128035884630529
677
87094818
867944
6780815
37952902
97922012901489
969583
65505039779
5555786049187327
354
315
121371064594630
105158899110601528
4812234742407
66726210434356
167893536274
89
852890525
103231114185
33055553993
634083310135345
6974773659884
88535705
688
99362
191988605441059742
8045773807
4
666
33
813151936784093690
265
2671532338868863
5
7935710622787651
2650251898
389596524
4
58342454133801079
134493689
541777760620465
4863492462
4796157353083
63607526871
58193192539684
54789669
25750668822363
907332875822360
200445759192705736
8478803024
3650051153
14518
3
92
3885641269
8684744192377585
6707422787
5933121684946
9442
4458814081
70140907
732
290370914833
153150413124260465
185
454286957249204
39
725
6051355
505694063
269234369591409833
2133376026
99
68852482741259
810572339475901347
3640229670997
66313912450778924
80742332921866
8081
666786
65038
61345374
5858459162468
618
75369508890
392154141908066643
752556812
7470066602964
56
699944757183101
4267151388529
2646251070498
68501701633651
653356
705
9359328786918780
639600
379692152
8384319
279940679788
6083
5732
3457
1393387300896
49934531797078185
72063154390464090
94
78
47218280638517757
96650
747394049471
649913929644439940
292327
371999592462893
3952
84130410222
36
5092263083089
6696158627646
52
673016
53229684016340
3846166416
896012284
8952
988602067392527390
191761991185085107
83
599490711892450
3
30123713413061
5413791494977
9283032525060644
9
747689170
6820990624570
5245380294692368
81517092010548
3271
2714
3
652170615213476535
609627919389044526
877145418649
886606357276
6475775681506132
4430
2009
403212601895
48264068359
2
4
759497033
19
65739
947
5246574691
15162377
4643678062332301
78071684205148
1487002
77489280673
516347026662
3363
825726200308
48190875
6466241729
729521637803552
13020802483121737
11
49839325330
920609
937
5550411226772737
9073965876536
40108
67923
8180634
6492064305618294
4
469534160609
8
965
1683617
60
4870732110428804
5126441103
623241883589
7165
92572752830
9
25785605
529602
83094598622
2
1343360226533
99998066135377241
958990461
517856896514
58160144396306022
2882
68419134585425
857117027179251
680201469122
4917
30939313075
12077558934643
40
8035767753
84
6
98118
99904
60
8280632946
3195
1433488691513835
2035414
55257793045741
9243126
66201
208389014012
66611335193
9489835635600
41195437131628527
6882576505910476
5482138
6509
385
949929222
9222
60
7812
96059932910
35794677688
6766594
85435
318284
732497
1125
43
48525788519218
26993544184162159
19849994733807
915
98349172896
9364297624275
14049841559
574700332866
38264138547651063
6496532156364718
36773152147
28638
5878470
14717776778
997354832
4414725705
42312449782220
538699951862
72296429285
461
167228610
825007777929
221158731112112
107903818626425
478764277657959726
931
28
823288940061
349872760257
16175686093979423
9439468
44326320920517351
29192705431
3599217094165
8641422
4
531281475310
2917194010275
29293
62366348853912832
692887
350702141234
7700367189737158
51128675
437185329
13022382401
913536416019
3554991529336754
6890477669473134
927120409635733
744487629291213115
502506318
99488314313169797
71
1447
26256943207
835321736
183164863
24505385
79527118510
493316146
71719
52982468
30
526606659427
221271918
688
889628550514380968
4571913789
3886
5
8698543873
86683
26948961814616
50100807393963
5331668
755669917403921349
5466085041239
38159752636102774
4707144
20277964835659
98625400720859
1
56458224227907942
5
538
481158
4501453901
602787374886334
40591912
88816305763539
911564416329839
27366
371
81653021816
67
5417098722451928
3523582872
1
321488
482886374
689
7237113848467641
41507
1930414758653
7601922670
1254346631
8487417633318040
35288902645778450
9
964784520080
2204203
681373297856572089
8515951059059
146
879685572688178340
361
9
6915
14468132091
4482867687
4198
66
268
50693556896586826
509475447871838
86748
685708
50210701000794
352
90
324668462030137449
5522897210524365
99
906328392
71
8442659038979
9354674
9659253392
637054749563
55322224173
994554443246306440
193650535347459
151696196348
121957909304471
20357923593
20
74129828332351711
328
54146058090
2268
9009250221454895
561586
51058129434
396918059338319174
922423652624738938
4616411
7519
130223770393
73975550859515529
7441
8363872055
9130
61196565808703
46696390
131300809313623
11
6740
704795878
861143639800659477
27566597
316115226597148589
95278
5168
984161
46978812031494501
14
2475847492528784
769957516417840
334377
5736888652254
276
75049
597376436564149
951386
149003235
7
51407173589829316
436384
33061463561
41
1
1186
941350476
972443
658877
58657135260272
10
67559602
465496988401257537
6882
10
510043493528
70283570219370
143776944416
76445699715
6633714876316055
44
763539028502348
9286329
4
273226527
225429498686852
475437
12435826
7
611860940888
101
280652999823
1517139447
41067847
71
640599918
6687997027949
368184
69773127552634237
88937984403410
871428193628461
822
78655975
90310992
516457737326069897
954417
200610880
905295357
431597856
391886830568
143539837873
71379750787013
3705815
694765045
2054770383669307
3411969128
93647764591283913
1257
71624004488634
794679237711932
99485720323216
4944608
640618433397697
9033940
9586154683359
55110442367719965
60813448543623638
4268362
96019
39974534
15619476
847607191257379
3306
2
7018111
152
23411464205897903
78904621
28318566
2924760
34
116625870
533083373560
605237135160400927
5062966642875078
37244
333
987675981
7125145
72594765488833211
15536305969
84669673081
63992
8750594315978956
480
18468746227
1
932343176
24770139
359099449756652
12056632106681
2431453289710
1445369839
4566451858
716
10207
64136763436824
2
5350
52
4458
9408251928824826
4600
29301561620
6412640
102
92853659743498
712462
6
388267814704130896
598742
3072306343696341
24906137248195036
2149183903981
95
9245125655840
193969353060
64421
42
4221315344212076
88738
33429
6979010347622501
43
8200
52640193889
748585033351
651856627464311
95058
5434
1889156096
54124306002829102
4
3224846
193182705465
38109985
28728
2861687694415
2546778921806
862787961337471
2691
36857343278
28116310905
85652475
1334478465
88938392071374104
8365344350731139
99
69100003
9063364528
528115819544
109276225409
993462603686932
69
366736668973605
6743133
107215936
5574999154568
9375249562506
83733203435
212690317713870966
1827392
62660669213669546
452135907
931897562024793992
8623351349773
278502756914233438
87607
771719568520
4114305
25532858
7253036129735
997
5257807
463963586606369347
450
973648121238429
78
21942
671536361
10868164
68
1829305090440
80500854509667
15653705
3964
554996141636176732
3978089
3449441271021
13807807
11146645
81159
65
187
2042
58
947812763
41885832
84874105902646
90337167
936229604
894939515929
1
5122205718
56498
539
751054614
84677
8457525
8
207119
30957162554
934026
3323210018
28
35737010196
8135
6411555834483867
335438367124300643
953964373816469679
6314134193982063
20953900483786575
6
36851
45573296675354017
531389367243204005
4
3292519078
5054367308607112
677717625142
860811095018598942
801408767
1691
77
6863356731
516650048
17070
2790997631067002
7421130718894
109507575
33187734
8592692735649044
278
1
962263337378
713633
877699141827904897
86
942817643524
5438
720367
542076
75964231801852
104227146027
112
856703
49336777
9
421
3898370000698758
151389037351671849
831506
7
60086175753
921750651088179956
5956338433957
7490012706126
432693215
63708934795
7542508723422310
396
2284597584543
8302
988117699104
17607
99168
9224004325
50500218
56430525387283160
98991690
9251088559343
2816659981575103
68762833276
537268977741
29074038181
3691917145
4582542
99
18648
77330151
812992485466024845
32372411
38598854739428
2898
1581617511
3048
24707979
978242636
34168915653
790
91154850622472
2134921968663
61
93088070
501
219545791173030
9656054694257
54746619547195
640
8
3874154109773853
5530924358335
23332166292249
7018681360482892
61819336
88756858091925
4351272112
69958496411088448
617483873
221632741718375
425870298856317
400384699129892
824459
5573301
895315
362264375697803292
903816410055
621171440419226242
6849982307
40622
9723109582
78937178684941
6340538091501
77367436
8622071273324408
333
385962556050555
19
6688
9858918
92659853031
2
271917
48008691583291546
7361
321040
900076611353
82533
8621558161961180
64977023
7176602345308
22682725023
92139620
551198
310
1
2237
17052373712402
791303509172817368
8321261410732
7661924954412021
693878024727469961
1
157259794237744
903278017
6525160339
2397378612
4032
632710172875766601
218
60055
10913316042202896
4
8
626233782173387223
4937
3669795
92029152733870
160396
49045
37566658664882036
682
1793693762
658350546677982
2148638989
41
322368306416898
2
9
60874274661886639
81628
6834873783630551
5834430809
300551677259892974
2631546167
6925
7
900998403131921632
88590115
9750513086756892
36598304230
38445861422033560
68535920495378496
523012
968733
35
3099047499243659
674672
261734604823
206564474233215
18379977247375
9485389113745177
63619540908896
6392709554559699
98
6107410928889534
64113280690032
583681
7569313
517858
68
5905037393311
409
350220478535269962
6346106200848216
126902975421822
77991410413200
40861964537068
20167456248
37
867183745128
2330
6827898033568422
146152988879
4
856
417314328
1
15606872612995521
758984629
36
7020
928104394
6
45216299391
791
15924584807499824
93960388
9309096014061
329
5112
7556342
926395798311942541
778387
26800509933956
5022344973
8
5164568134226
5045
65134195390074365
73595324
2938441458
73666
30062
9087328328155
13445
632561613671495648
78
41696084720423431
34426397393532
3146675
41510017535
57218937620
8097811232
36
74
3839460
27952571
4
7017977702
57590200701074
46070801316100
3106735804
918774530878111
28911857924
3577797860186
555139695
341
60455009
4743682325989
69
6942104
16284
65217266
89
5
15364
1
3867378
14769320579
4082033717996
215
72334625030334422
819
3512074459178446
84584
697156163261010
4
7019704065985
763609520
20071
68235733148726688
5956635835217
406
949
51017818122979028
43425
7278188813812222
518
86472972
38313421589
313238041985
226021750996
768278236
93857563178
73198213762379581
77477346578924
988589
372936986
68238912228800
86609037133946
823189930515078
86647828090
53223372
328261231245886124
931
2009
440516526651955292
87870993673358
4265876
5
9705416138
11159902954027068
4333270939938161
567525324292825
39251
443874127334
409158991812937
78599073
8
15045
18473
6839792452435082
7952736816051
502507
2
3052273996374
17723
86337656593
195673497805179
556994144975
2720384503957648
96199085563680868
50186692830303
4755973485
493147700313208225
400878553117
177
7115106464680
514493399981
65542523
1583295951127104
6217704
44327988184967
52832
64794783
6852229897669348
1932198251796461
617561229
46605556
368
69891871569
65
85081
79351914941
82194305116222096
98
944862513634
1514
669068600395
87255
86404312289014187
289584945
5
1
806986855774944
50690883
629530
238667
8077
65466254752348
13682031008169
721757898574855035
347565317708274
639
920954675187
5000082
701603179222
2610824740
21801
327010894
9812576591
98
969332775
4282996293
59131612548951393
89798
1053341
1156432701077382
6692
8
851514428
968310066935562717
42806933649
9006829664496231
50256010342204237
223643572293
962811854064200
5786123217145
404250057266011
923727432796791
619347459357954590
53
151020074101968
15393208773413850
910551492728285
3807742682
749
62739761692
332664340876
63
62382743204
4883
5026
17115293901076
8603187444712952
8504238652067
487357520707156427
780357357453
4629780
339724
314771995554
22261899620
757
37482632405
94
9038
8073847476835
3018726748315
5889341919
64731141600455
9043
9706269020060225
1633
906319
397
745
85219796396482
76002576245
6
756987724362
96
394507919
16771
85787754144042
824120800836535
16941
7514
1854809425765981
231524239048
527297272647387
1403
60
87599635
239356
137754696301734289
901063920404
5445
985334883350981
80898615
67667
561189342
198969535
757285
622338
448674206348
37354062108552718
246583386805326063
4159758
72619296700355267
4659433257
82517216845074778
11575412233039
23186761398
844296
2631031431405053
1278948081062093
60
4337313
143763385959
419507928191
41088060
564273
1813332571230
377
320927
1892
477351
6271137
8768942896227518
6454277838496
57291828424
85496
889653085366698319
6583237864952
65870696784
78426114133067296
9
21801434
379315684
6548221
835566461450
736797492
4280380840
5
4603
8
138339471331741
16
2068387691858
4027061198594
968
396658
3010
4153
6313439318142
6366
45677
794972
8863787
79188888
7
8876876573872665
741906129458
691028
574827147083
478
79
9490389865
206116083491
9
84769569922071266
9
235914907475312
54866768252463
64293099851
91735
96163869586701186
72732192412598581
588
68653
35707836078
773934247992
7749805146871
33826056
5438037946042
7752
90846978468606
688315949607567902
50
35297900295
9451544400069627
508792963
7735
65643
84472
18201940448891397
627
130774185513
79700649470389
9004638400497051
878796872
220396567
5473765223906
6168580
88
2718899805230
3071616
5971448
33
900913361
24847822204
3993311284249
809
56642935188033831
73170
21878079604726946
364392
5687739122
8530289186047
6249735829
2655205222
6404456667
671808543704441792
66495741069178
3223639
666632772463451697
657755288039
8362670399478374
20042882884
812710
77417075289309936
256593
9527
6495903499
339900953
2967184678
7252827327
3595566605146
182931226940986361
4646
517626084
946321
4439
5237300510288716
31465354
30522137459570
31837221161981
939255
17883694138
73404587187500
4
8084479
807431059333676
1
30082103432430
646
7276889
57812
5623
873830492733137
490
260910464141073879
44856454
70257532523804939
890
12552
2713353
305639882
138657
107020041207859
709
76714174
8284989903
758611164
75755253313721
255
3491471164414547
268682142295
46984906086019
37
3731559
9198845564
9984
342236850858
6384487247801773
4
381176608
17677574338
447077336453074407
20627901
92
6
721972882887489221
599009751249504
780252040210952003
31791888487
3585887583
168
351467859199
1095896615
999342113148878568
73392
711595052739
516399
454
3
121617994811515058
34884774
271498214
932308219877
74297018234571
747099531474187899
10
6419525704248
25910222307
9459655866755
78507
753365914450
4122182627
87454377
46909492955377
5794723
442384043688
55726443606
3268758
9530912049525865
18606
477102
3001180257
3
28751652
20362020
9906176550601
90721023642813487
467792344
75073612
286
839632479041730
686
9441972452298669
461
44046
913864
168514
2411300
7147
52251950470
9
663735
965308345156015
83492742565580
437
220237
20596019
2294
961838
412095929
737469
404041392739
23977997
312948783506
23040340296076979
969023647
8367441274432440
327803436
3476971468269
558981085630
4801535466460487
5055
2346870689797
2997
9623030681097
744448706
50009
82918963719536100
77769447
49
65888011455
12418316
85460
722596849823
6
2069
67
4058506902
9899089206
7
6016251534257176
34054189146496740
9770
144
3615675533414689
400695410
2817252412443158
372200
4473549904112
416064487922682
332933091527
54427406100469232
775363
28034908996451
836879141081
1365769
736616523459418730
993393801
38079
249420375431
640
7707
678562703495
80800205926335
644320
17140182753934013
794726
933521140415
517
194580093791769
5205530185
65
7
40429302239591
5178146226
504852698183
6395831
567
823940231
35982
196001688
2898
96696541682944
949645786440823212
2120427496947270
1800486072640768
592621768564774845
227457826475464592
31042811026724411
8639711128792259
132099526152008
643870675
673205752445002740
54015886162405213
5272
50
287479604496842096
838315413373
31825619266
997359735118
47652
70083940320256420
225833
5323684131859762
9
636
5094778
1868835380
6944654196
1
7322
89
92039703402096942
9936393
779539
1166
9965590478850
186677446694607360
71942559080117562
7
84353874
50569339
9680884485
886445383080111608
28593999168340194
49755849114
498508507411837
524341
130867881975
6
36635
1627741
266275084575939398
58916
9569782521
48558363748916270
2204386
18368
317
1067013483073
3817198740893
88006301914
198185630
82894995
12834299723
5687087277
27961055360789604
403844493974
5576126258
773396083549172
3834
36625339847971560
400
17180772846
57057917841027
237
836476394
395019281
4262773851
89153898412505740
79
105351
705507707878020967
12301620431510
3
57893
957499387
558814387590
3190028
58031293056268
91
97888894
50054253602
4745917
7488625553611
846680149110766148
625140005
88029
673130101203450
8
66063850
353728
87594338252961502
85176614942533
44176596271683214
74259
13726630924113
8820827563656
2331924
20201479901517397
99187633909201205
60827
2119726019100946
22228269388203879
8550729274
5
30
545451
674312478
9718982650
2564
406099430
842982
4749246896113141
96026319
929387984175464861
58823
32
123
45886
4312
979845588376
202093500
33189
13634842812
2638328331655402
50643023115
218912817415544742
780014
2161895007967
115879842394991
3427585
68244
62262590
5603137282998
86597835
547199930558609
6358812894104752
962
1285444
652822
2
89558356712122282
1
854591313548560
953263969030568
141763258
5774730872651277
667
874
907
24797965
1415
448920
77
1
5795833757
915274230574945
61045786
46034046410
5933763906478
153
634748947
42139670550486757
26728373153291
4510830237817297
57210
4
5775
222
50
72424624
9522196085146933
9
10955
1682019656330
6009677506751431
2174892766009594
43
5573105
204669119845
17178
2802
51693
1100
975636051528219596
213128556767
552803184
3578619027
37353344194363039
52271
50803
673421929
22586888009616
96884043437499990
459717191
762
954544
840324024459047
671
9363960739096
922915772
99589854714
89071312398896
37
77374
8538585724389
541739889434281713
9418207007
9474480510662042
64057241
6030
464753872
458878968396024452
40670448332808017
6357904174784695
353
8499
626010003127202
14494
3527213191135
4314778
745562069
32294
29842532911886
1
1574708776557
4435936731037
4836511613400
4
4721475160161
5696
427575293717716
137014
27765832674935
9129970659345
80771872815638646
45347415307
1680626
29160985
8466982681946744
36392785744225
219663190047378853
7904617
118399784
281829
2003730316174292
205742802471
9
233845559
69837638370
5797993462
32064643402
496160
4803637665
48848701
40753845
446
33031465
3354145121725039
971926
99680662
8152020551
939053524609816
3579
184
1417198
7115324400
2719
7837334638118
35613
6403334683738227
83
9386101
748
82329793288213
10369890546302325
151
539
3
2
7927142664433
4821839202
1253
337
39528257526385
65082528
22259514
4
4860
652
978815050044132
770933944
986344
6311238314883097
70538334593711
83696
574
1898027716433
747431
946644
4805259074967158
2134700927658
7735302732591184
8
7912513631312306
4891260297020
8012
675001031406
390040521
4163434
470
5051074973
7286337964100
4624300282060
426173
56475560324514931
9
524926209538
6900284469044450
3504
8370428142497988
979239741121
1087265063476
67652934141291775
9789
975530
91715
49
887145267349278474
479749
9542515583
9910
4
9491699574
461368221
648918706927
755612203
696689325286149842
184646613810985532
24481917
4
7658121
91697108497
6
220209993
6986625
4
65687816715390754
2596918418
84249171
384141050754045
46671
90923261037239
63540896269
8
69591177
499426
858
5095656
9863
4884398387
814124590
8323065023286
84847571800014535
90476208576249
3820599782189017
825503916545022
71159
980219773794806
3478
5398375
594
20775410
16058998
2143827086
785370
599819440872
867755177
459105
749264135745352369
17
36218876551
3942
41215828225385
43526
47831860760
4
875272900235709294
12614636595910647
8
1045667228171021
2588571738113921
5746062597502634
5320
8185667909252
556253889493
198160744105679
839141359
19353632
1329
9570154
5160
2100709825
406165
2163746910163307
6557581812916294
81789203009
9972522459840087
517016
3454
92945727247
66625503573784
748748438
773639
34
5799837
973718472
92578320958666412
78301
7211929051941637
312307293
91301935207532596
72403
7242966
9093710681421028
8
897669361
6
9
2890
29
89799
1487933173674
839812
3885
525499326
94
24982
4019701012241107
295
471672501097
960223366
9
71702953
435
33397
326251410524134
47758
845891745
947258
22844937897524
6569729466
37328117322643
2981207453460
1722912478909106
9341397102973
8276737
4462
761
395803216482
77090801376
400254
5176366442
773
968715448182
47
9353792
406301067048
4028161
59088811803
7675885542955817
2163
11463933
4721575
69629423166
8230
457638140608
91924
78381805988859
70793
961602869268676
563258500722
143557
6784582579446
742639420
2493398562214
3117527246089
39408719
87775534
12756735583757181
389927004
4827
58340
6838116465719
409094235261107861
835
63779284939
7878899233223
599798774187
10755596
12155638460060544
65702068815913
5400672
4
28333
7140603
486083066478153304
287374
5613807989705332
219091173434922512
79530000515
5264896666
6
19761357
2986318495000005
889100836
687661774558
3973
321666488373
20300214404797326
6729309474660
3023983503
936815
85016276095824
9157813676125
2
3
40002791
35462756693
599328622988
89
77223791959534
85041531818157892
55314551393899
15162518800254721
280957563320812
51674975797
61917
5
41
922825639024336399
984693345
95381855275383
2906435792
21562121
696988
7323836522682348
574
1461858
212477550475865342
638
2186038155
693341768997272
84082617618118447
183
64438772394046
6775
6148630304493255
6731090969702243
77998582
347
71734587828030062
686824365318123
779
1282688
9538
246666177529177149
2402203
3426647625
11627704678
33852075643905
922223713344172616
768
73593258494883810
83944
4517857814009
98684266539217891
1105532509341
30774586121
5602162867656705
377398352
66
7530344304
60642913759121
889
648025979521537164
79496106730
3
94059438585917018
726814126244018769
37045706
8
36
18439322078139
5
93325782303
60245158256766539
46903
71488152
298695
545263
9540725182
586717050175994
8035543068090
68680995173072
973821
2567767
92
1048089350561644
3343974
11595665448
4619722039818
84679850145
1267101998826746
1
565232149
1786077527046
36
15558608356452824
510771
786
206572486830751
325936296842338340
236183431
99710229333688490
39280197344674
15338491914195
35285632
85466896634
5357885654377763
6
300608028
77549283347859
92028954497236
1201715316349585
569
84141
65
25156402
57780956207
33257
209385440231082860
499826326355328
308565064
7253123
735911607914
12171277548786
5975205
13033064915994673
70400134640500985
161009387870962342
873713012
493668877388842410
3
604691065727
7228
5
7741349
21756
554014184
42249
905822682318
93404
890209265760483
946845391592095
71986929508
4689773987
6734505060418
799079218759
6315550033031
82096418315365869
789040399066656
77318343
68921118181956
36698815
8
47
2625937
70521225198705758
7324502
15415066968259594
180
71115349947
867567273118
309089673813517
50310726075574017
43179835758563
961
756096009534512
366
94166551921
677883994190808429
53710898562002719
6799471
14132727144952591
1
574638225
8856
50412868954540
607839752870708648
875457645745
6773291959
4457824174
384
1341819432
984275553444
1855
9038
8410
841115958
23770
11095533155995204
480074283
9683430180779
1813644606
9670054
69
28009214199235
173400315
9629
5764094912312
3860516
8596
28568645320
9383
26200670829
591
7
5
583
1697
9254193642362
51
1710774771279
13229194526525033
31404032
464606175
8552
86760
7665361
64634
639
70
77
343132182107627
668499681723
338
578905
94182245462369414
779411829443445737
1653561768293431
39099330809
92685804464
73450
967287
35515421
1046
1040948053789733
53
51147804759
281353424167835701
4172135903952
6229411926428072
9673211502
78375470482
440
136
50250275271
9371030
36711307231
99037950
8
31801172327
561
23747
6289515773516
991266240480
7811715856519
7773015
5
3371313176
7752874
177369187403619
4173857509914725
39089614792432904
407277752
1743927071
8829
267754147
7522697171402242
60
2185
62417705
5676663670911
25982315941760
125455115120
355173913480743
5971995397301439
823764712731002
8417881783812932
910377328
701765321242473
1744
3185040145479
5466767
4307645289660729
840587148413082775
870104960749536
2835253
2731502867729
2155401609
134014
5990909376620
83045440213
6323616492
4023859655
4650996145
85899625533175161
83126638212087
66513797
651333051217
6462342671860885
729
47065
6413
5225303504188823
80948574396035
67660
714736
1405831037
568768573802
3780053809
486040725
81972266250373
141539
939643181321
55728855790216123
7082039295971052
104651
9874356249857
2253631
645157115164007792
62479316695
3808246075
515478945756908
644571469140792490
4363356423
7153075901
3052775943523
99557581729
73322
5585622
9676347719330937
5669731609
42803
485630
9292
4708422425120399
44433264
203741930253
164929629811017503
815
37205
629835886964288
53
642455
82789987237
123790562189529
6
39120
9462814665613526
467305895777
89218
1
8003
406869275762385
724
30837
97832508220805
4872479256869
70
68114758476681
91116
798301
656
912412684456
4584412
3266048184229
686959472970
320984380
7772471165804374
203
69202
5434828
55021
8051668
705
493
122
15021146419463
4
6598
114878171714047
4442274
1
280399
9352083770
272603284968
70308550908496497
3135371369
7
556047
695125932524677
13286525917002
365567903104
346509459617
9518704249525172
366368
124
13433215368612643
31566362
13828095847074
6178267400718091
827020435
960791
60408
159991
597375383480
93
6877127578
810355098217280
823354076186367166
695871710461389
3
686268105418375
78
7399287823
489390986945829
55866537124219
6193900564422814
579
42078610764210125
103103531781
4
490381
8277569
50851080918102
5
118663234120
45724944525
35303898925777369
823370171757
62681
3604417481376845
294
3631034066
882
664510230525
2901684618
9909082652
62367409
897168730652783588
48786970713409
2884380
3446516874079
4623314192494
6357052
20728524144
70516841772949
95162868838925
793121451846361
8538289297564933
2
77
91303232437427996
128489051923375
5756573910472
56669618483516766
88446109069
7595110609305691
7
8357870156078
7
90458635449634
34338552098593
786450
462197710754
390873182792
1065101465
6473405536
9389319
8402794141
41
7508
92837
4852154876
6718806696844731
2113619017
807354354
3828
2701
642440
39156878495260582
715157305179223713
4443058187
101366643
5210397121749
32
863350179763
8171
19676280107
204720371
1840262889
86359481
1316795943062
6
6080
7
25668000851056
6264
221813624
90815722429
494
100
3
585919998725129517
923469969205573
7061
885183524
37
427347967970499
8076
8051776
55742363
893607721964631237
88
907259857188178210
2599
6161
7754196088592
32516356590
72247645
755831638484
9580549925183104
9
5532082802155641
1
16075
6358213974
2532
8399760581104
51254207660547467
4378444364430
72282148
47
188828165968231
3348351
72006371
93568336
14606084
19412803294247983
2809058
3124
96647
826397415
8872248082727
3
23592211280
175801138
3252834
3752532203448493
62578369728
15412528884345
1375519604853344
10356776
6797
769322113426
1
2100394
575
6670075559
29156704343
955801373975
8586757
60186
4805
787814621738
1445129740987685
554128821833
96
650789769656676
99668
6521
748337789000
811763538
921
83488918622284287
14935824803526426
190293
46864
77529072584
922057887
38177121117786
8177121423
19209
24270112
4
41484283621
835755
51848
70873000
18200160042980538
30624
596666844858948
513996636748413
1
8663173514
223
58
1037842232543392
283563107
185168544915
4
4
86917920409
2994903114
6316704260
207281
4820177468376
7749527003
6920
5797810389539
575755573368
61152704
17353355
78995
8312030014
389567
2114
4347630434
450212085157
522942170411338
96609696790
26316156
16611
57
75434013809
628314707128326
593
62674640
62
4636303823142459
3691292454298760
93528193601
537111
52418192750988213
641572022951078
32197
59307
5719355
47383405581834
778038777
34
893635151
357553710760
6129
59751726588179
30565393967
40
6
269
2478
5
678319150
11888325
82
3430
30710
2464232989569137
865143226
59655345186
1542215214561
13605997
613261
5137767127705
188450
8779532740439
5436086153687
41959462
794
160450015109
239084440928
2571252
19
258441842627838687
5644870018731694
68531314803729424
952241586334
1148380475
7724
70446322414958
312110244271740794
453336506486
52152023704577364
7
6674949574251797
372310977504553
8
965260793055879
7703194
67359699964503
5834
409894709
25340052906697735
8
42
8
379
4
3288360375
61361961
858952959428
7089662020
17829
64
575704
795023557106
2292182059
37279458837
9772955686298427
7474926
145204235532755
32040194028059121
704353007727092077
564620689
71547
704302427839
3591818
804
326141596143
47828617585998
10105146
80
337704517811050
2364
38925
27878527870103260
64585
12
