1000
8468 42
6501 6335
5725 9170
9359 1479
4465 6963
8146 5706
6828 3282
492 9962
1943 2996
5437 4828
4605 2392
154 3903
2383 293
8717 7422
9896 9719
1727 5448
1539 4772
9913 1870
6300 5668
9895 7036
3812 8704
334 1323
4665 7674
7712 5142
6869 8254
7645 5548
2758 2663
2860 38
9742 8724
779 7530
3036 2317
1843 2191
107 289
8943 9041
2649 9265
3806 7447
6730 5891
5351 4371
1102 5007
3549 4394
2624 9630
9955 4085
1841 8757
7377 4967
6309 3932
2440 6945
1324 4627
1539 5538
2083 6119
6542 2930
1116 4834
9659 4640
9931 2705
2307 3978
2387 1674
8746 5022
9073 6925
5830 6271
5574 6778
6513 5098
3291 3987
8637 9162
4768 2356
5575 3656
2053 4032
1151 7351
1725 6942
3431 3967
192 1108
1338 8008
2288 5458
384 7754
8910 4946
9759 2210
8589 4222
4947 6423
3031 7507
9169 6414
2592 901
1656 8763
6360 7411
538 7625
6484 1549
4042 7596
4351 3603
837 292
1021 9375
4022 4597
3200 7349
4485 9669
4735 8282
2000 54
7939 6419
3789 6901
468 8128
4894 3729
2484 4649
2422 7808
6618 4311
9515 2814
7617 4310
7452 8936
5250 601
1557 6520
304 2799
1009 6225
2610 5845
2703 4990
486 3196
4344 3094
1588 524
9504 9315
5201 7449
6619 3459
9797 581
5282 4799
799 9590
7158 8010
3623 473
2293 8539
4180 6039
9658 8191
6192 7959
2889 9816
1512 9157
2635 6203
56 4273
2647 329
4887 6363
8434 8876
143 9870
1417 3845
1999 1882
8652 323
5700 22
8477 3558
4390 7893
713 5076
2511 2601
6870 1004
4689 7862
9790 3402
6424 5256
586 5003
286 4183
1427 7089
3758 8618
933 9833
2155 4170
7190 5722
1330 9977
8693 2369
556 1426
6550 3435
9513 7442
8061 146
3754 1719
2424 6140
5997 6280
2530 6688
7438 2550
2950 9867
3196 194
417 3298
6106 8287
6283 4489
5735 2456
1702 8115
672 1317
2264 5787
4356 4314
54 1186
809 913
946 1833
7757 4314
9559 8322
7983 3647
4145 482
223 3197
2162 7130
451 5536
467 1174
1660 2045
6440 6293
25 7254
9511 6155
650 4746
8314 3187
8023 4475
4019 2169
9906 8788
7392 7959
3626 203
4415 6478
5825 9315
5875 9335
160 4373
8071 1834
8298 7488
8178 7519
2271 7774
2669 1764
3986 7193
8481 3103
7628 9214
4100 4803
2626 528
1925 1544
9973 1024
4182 3062
7433 1004
7594 7506
3032 2726
143 8493
1287 7223
7901 3065
8361 9188
975 2414
9171 4271
834 236
5761 9712
4668 8897
2551 7286
3695 141
1625 2696
2126 8020
1695 6577
6303 2659
2467 7372
2594 4679
5485 3852
8465 1019
3153 1120
8088 2801
1927 1061
4758 9011
316 2171
228 9577
2759 2044
5110 7165
7087 7883
3488 9566
4475 9578
5628 2626
1929 5630
8521 5424
4963 6903
4597 124
3262 3738
2526 196
8261 1265
8117 6203
327 5031
772 9012
5548 6412
1521 1154
4925 9791
1764 189
852 4941
3830 8663
7714 901
7579 8959
3008 8366
1201 1478
6440 6059
2761 2304
2325 9358
5109 6478
4888 1114
2851 9802
2429 4461
7385 2994
6541 9406
8705 1112
2357 2836
9351 6073
4486 8824
3217 557
9358 1627
3358 8527
3272 9338
9362 3870
3023 2897
113 9618
8697 2718
4042 1586
4130 4424
4566 4230
8933 6560
9856 2297
6963 2054
9735 3585
6973 6655
4370 1458
2964 2533
2484 2608
1636 912
2849 68
2939 4676
2143 2224
6512 3755
176 2742
7826 1460
7871 3222
1935 1627
1784 5206
7399 3851
2702 2280
2735 2194
6535 1638
1994 5557
5706 177
549 6963
301 5882
6642 4414
4856 9856
1463 3143
878 7612
2679 425
8444 1753
2674 8297
9314 41
73 876
611 2819
4933 1018
696 8113
3832 3170
6489 41
9091 8686
2590 9498
5146 5991
9315 9354
6741 8652
1259 2045
8760 336
7606 1193
2182 5265
3830 8504
609 3776
5998 9293
9557 7550
1628 5562
9542 6468
1241 6130
9175 7814
6078 602
8684 216
3993 8214
5602 5825
5760 3393
6429 2671
4085 8028
8787 76
4971 5499
3848 6288
504 2605
2664 1222
2364 5707
2172 9011
8241 7490
5543 2165
914 7620
6705 7592
9233 1819
5206 751
1540 4976
1423 304
1248 1099
3649 3585
7865 2972
1076 2914
8713 1546
8679 7547
5263 1770
3986 8520
5945 8290
8541 2866
5509 3246
7871 8319
8324 9602
4473 1133
5088 7153
9764 8571
7104 9902
3528 4424
6970 1601
5566 4016
1544 29
2089 5348
2638 2944
6464 2410
4682 5050
1343 1589
2061 609
1759 1222
889 9955
691 4147
2844 7950
5621 1431
7068 749
784 4537
2227 8036
7039 5186
5630 9854
5749 1225
3360 9924
4767 2258
4956 4945
2727 3319
1026 5412
1002 356
9497 2550
9516 8585
3343 7965
7914 8076
1197 6143
5073 1949
4607 427
4430 6174
6706 2405
9813 627
94 9376
6037 6566
9142 4737
5995 815
6653 8257
839 3937
1356 483
1132 1016
7842 8231
2012 4626
4187 2638
1651 9691
1635 5663
354 894
3453 1417
7263 4009
5455 2234
6635 6304
4257 6304
1125 149
4214 2318
4029 7110
1081 9201
6859 1319
4156 4051
5265 1362
3677 1904
6910 9644
3562 4903
4949 8490
3654 1283
2221 675
6924 5403
9370 3832
260 3879
2620 9009
4 3972
9782 1946
2393 6505
5314 2686
5590 6699
5939 2723
6411 9038
6235 1462
9962 2509
6494 3960
5270 1516
8870 4938
4701 59
6265 3972
6216 5118
7816 4556
3040 8331
9289 213
1955 8083
711 6086
4775 4485
9816 8381
6542 5952
1680 8116
5899 7111
789 3074
8133 3978
8690 9957
9 6114
5791 2942
1364 1724
5185 29
7201 4779
1886 5072
1072 1975
2868 1334
4296 6154
826 2169
5630 9677
2599 8651
4694 3310
81 4687
2250 117
1529 6668
7865 6680
8406 9422
6817 8827
7727 7517
9088 8667
9965 7682
5687 1341
1663 6022
6065 4722
416 9310
9874 7903
3942 7125
1763 2746
7532 8424
2269 4807
5603 9319
4308 1908
1013 3482
6631 1137
6810 4115
3557 4085
1294 2291
9153 9997
5346 1055
249 4709
3713 7492
115 5132
7959 6440
9705 4723
1053 6996
7480 5270
6424 8239
867 7919
2499 7660
1197 8487
6634 7463
2023 2159
8393 1147
3926 3038
9459 648
808 6603
7831 4099
4601 9293
800 7279
449 8353
541 3883
4576 8316
9568 8763
8398 2337
9898 1419
3852 5829
4231 6817
6926 4450
230 659
941 4521
5148 9561
1656 5163
793 676
1755 2362
3147 6399
6947 8715
9570 1189
7664 8639
4516 5076
476 1522
529 5616
2571 3235
9465 906
8963 9558
525 4162
7470 2550
1924 331
4334 8351
911 2926
6337 9738
1279 8338
7637 2394
8165 715
9950 1592
2506 9136
5 3338
2624 6338
9971 8665
569 5609
7086 9282
8374 9153
8195 8653
3827 9877
7573 8397
4641 6250
8820 9175
2612 944
290 1942
5566 8420
7586 3806
1451 6217
2610 1616
9167 1065
6075 6894
301 3510
9574 9696
3162 5590
7969 1173
6032 7359
9427 6269
423 8511
8780 775
3553 911
5392 4183
5765 5496
1365 875
8256 4903
475 4461
6822 6973
5548 6123
9790 1578
196 5606
7951 7595
755 6344
1013 2482
3440 1673
5913 3429
5968 9763
4416 4409
7224 1909
6435 1760
9487 5205
959 4320
6807 5946
8701 8167
7693 1368
8533 1788
975 557
5022 3448
6223 8284
2377 9332
6949 8584
7983 2724
4777 2019
1112 9221
3857 2183
8926 9491
6487 4325
5970 9678
7535 1644
2669 5678
1992 1069
7784 2197
7728 6829
5872 9427
7613 698
1028 8704
5546 1409
7186 9509
4238 239
1314 6444
8851 2502
2112 5129
8150 3651
1455 1193
682 5870
268 7466
9794 7714
5473 8635
2831 973
8443 4902
3878 5178
703 5771
1382 4365
8824 6591
8024 2238
6596 2180
2328 170
1311 2043
1059 8183
9488 7927
2529 1671
2259 5652
9861 7214
1287 5784
8611 2743
7129 4473
5842 8435
3504 719
4866 4868
1882 939
2751 9258
8599 8615
2662 8459
2757 6064
279 808
9436 9490
2076 6366
1387 7587
8361 7834
6049 3331
9493 8929
3841 2434
1736 6767
1600 9811
1893 1838
7329 1983
1370 9353
1795 1245
9253 6609
7433 1648
7209 9536
3498 3265
7650 3244
6842 2016
6101 190
649 9813
9852 9524
8634 4475
7201 9892
9991 9855
4920 5698
2579 7781
2545 2932
3488 3341
2526 900
5539 8484
6194 7493
5012 8253
5835 1561
1498 1841
8530 2786
8806 1541
3393 8792
3550 3211
6980 1579
9278 972
194 74
1498 1621
1277 3827
6583 9791
1160 3579
6490 419
3450 160
9073 2925
7009 381
209 7968
8504 6478
2608 5371
2075 4197
2612 3723
8762 9020
2891 1057
6684 1164
9933 3717
2742 5453
6814 4955
397 2863
616 5461
2600 905
4681 137
7033 9199
2585 4388
3518 7241
8671 7007
8883 242
3524 5250
2106 1759
7096 9622
9917 7297
179 5679
5059 3580
2751 7578
3730 4008
2996 4082
4677 2679
900 7754
5566 1785
3609 3094
1244 6173
7515 9930
5056 169
5974 1192
6749 8923
987 5652
6447 2145
6518 1578
9917 4630
5792 5875
2913 5470
694 8147
9816 9092
6858 6950
6053 641
8552 237
1227 9488
6956 8163
8395 3184
6098 181
7066 3066
9262 2514
1079 2579
4141 6879
1948 4612
171 2446
3490 9976
6150 4751
3866 3334
7283 2215
7433 7008
6368 8897
4883 8523
7642 1811
2188 7232
6480 6706
6539 6322
9448 1352
9647 4209
5760 2277
423 190
8487 7667
2029 3456
4861 9615
1778 9254
2504 1349
2432 862
2456 9083
2107 4198
5822 8753
6282 7297
4456 6022
7125 5948
9136 8319
1775 1377
4999 9860
9254 2075
636 6923
8889 1644
3233 8154
8681 4748
5679 9927
4802 6451
4200 4962
6364 856
574 5717
3246 1562
8275 6474
4354 1551
4288 1182
8111 2700
7466 8644
2530 7173
2113 9982
4382 3477
6891 8248
8806 6672
33 2373
9321 3990
5432 3166
1294 9659
6579 7207
2207 6949
8167 7172
6698 3397
3695 1021
4789 5530
7985 110
8979 1970
4016 1618
3685 6627
7907 9169
2098 5929
4391 8119
1786 5200
9200 4487
711 2421
5814 8272
6086 7416
3581 319
7268 1332
3445 8388
4508 3187
7828 4361
6432 8075
272 7153
4694 269
338 9886
7605 1312
407 2678
9023 7769
5001 9414
7538 543
1389 39
3290 7356
3182 1648
6585 3094
762 988
8218 494
7483 9502
5666 9448
2105 754
9096 5085
222 3526
1782 3965
8107 4873
3344 3657
7081 2594
4869 6081
3714 1412
3252 969
2080 7217
7041 8769
2934 1532
664 3780
6654 2260
2096 7937
1875 4366
6836 7721
8977 5681
5726 8456
4809 4072
9157 3560
7833 5603
441 7906
1563 7376
1963 2886
1837 1081
1203 798
81 509
2077 5341
1494 9059
8547 7741
4774 475
8881 9098
1073 3336
708 3401
667 2956
3589 4142
7169 2482
9397 8316
1010 6226
8137 2013
8763 1456
743 5044
7923 22
9249 4513
7369 6019
9715 3718
3291 7651
2760 3336
1896 3170
2641 5304
4200 1980
4792 9106
8682 8662
8754 3653
2030 4034
7043 5988
84 6254
5815 1421
2245 2719
7230 1064
8865 653
471 4770
1048 5006
1488 1595
3277 4327
6541 1324
3991 7680
4711 2589
7946 9272
8471 9222
3590 184
4979 3956
5007 4780
136 3263
7197 3488
2089 9034
9780 2936
4791 5994
8966 4963
9106 1002
4568 1808
3135 2670
1458 2672
3546 2999
4219 3598
4845 8839
8564 7373
9265 1029
4724 8802
7605 3491
4228 1602
3693 1198
364 9772
2364 9302
3566 7722
3446 7422
496 8611
5023 6742
9152 1813
8056 3016
8739 3394
9883 5280
