100
468 42
501 335
725 170
359 479
465 963
146 706
828 282
492 962
943 996
437 828
605 392
154 903
383 293
717 422
896 719
727 448
539 772
913 870
300 668
895 36
812 704
334 323
665 674
712 142
869 254
645 548
758 663
860 38
742 724
779 530
36 317
843 191
107 289
943 41
649 265
806 447
730 891
351 371
102 7
549 394
624 630
955 85
841 757
377 967
309 932
440 945
324 627
539 538
83 119
542 930
116 834
659 640
931 705
307 978
387 674
746 22
73 925
830 271
574 778
513 98
291 987
637 162
768 356
575 656
53 32
151 351
725 942
431 967
192 108
338 8
288 458
384 754
910 946
759 210
589 222
947 423
31 507
169 414
592 901
656 763
360 411
538 625
484 549
42 596
351 603
837 292
21 375
22 597
200 349
485 669
735 282
1000 54
939 419
789 901
468 128
894 729
484 649
422 808
618 311
515 814
