10
95 93
0 4
0 11
0 26
0 35
0 47
4 7
4 19
4 20
5 18
5 26
5 30
5 43
6 10
6 13
8 28
9 23
9 24
10 43
11 3
11 12
11 49
12 33
12 39
13 7
13 16
13 17
14 42
15 21
16 2
16 19
17 26
17 45
18 18
19 12
19 26
20 5
20 8
20 17
21 2
21 4
21 6
21 20
21 44
22 16
22 22
23 18
24 1
24 37
25 7
25 27
25 39
25 48
26 19
26 21
26 49
27 7
27 15
27 42
28 5
28 7
28 28
28 46
30 4
30 43
32 21
34 31
34 35
35 1
35 44
36 8
36 42
38 0
38 45
38 48
39 19
39 21
41 4
41 14
41 16
42 29
42 34
42 40
42 49
43 7
43 25
43 33
43 48
45 14
46 8
46 21
46 43
46 45
48 11
48 16
48 48
13 24
13 26
13 37
14 13
14 15
15 23
15 28
15 29
15 30
16 21
16 31
17 16
17 19
17 28
17 34
17 36
18 14
18 17
18 23
18 32
19 15
19 16
19 18
19 21
19 32
19 33
20 18
20 19
20 24
20 32
21 19
21 26
21 32
21 37
22 30
23 27
24 20
24 23
24 25
24 26
24 34
25 30
25 37
26 13
27 19
27 32
27 34
28 36
28 37
29 14
29 17
29 21
29 29
29 31
29 36
30 13
30 22
30 27
30 29
30 32
31 22
31 23
31 29
31 30
32 13
32 14
32 18
32 19
32 29
32 34
32 36
33 14
33 23
33 24
33 32
33 37
34 20
34 23
34 24
34 29
35 13
35 22
35 31
35 35
36 13
36 15
36 26
36 31
36 34
37 20
37 22
37 27
37 30
97 87
0 30
0 31
1 5
1 40
2 0
2 1
2 29
3 2
3 17
3 22
3 25
3 32
4 18
4 33
4 39
4 45
5 9
5 11
5 16
6 21
6 25
6 31
8 11
8 25
9 19
9 25
11 5
11 32
11 35
14 18
15 7
16 26
17 36
17 47
18 5
18 19
19 7
19 33
20 40
21 5
21 17
21 26
21 28
21 29
22 10
23 2
23 22
24 2
25 1
25 3
25 12
26 12
27 5
27 36
28 4
28 12
28 23
28 47
29 42
30 21
32 47
33 0
33 1
33 12
33 18
33 41
34 12
34 23
34 49
35 16
35 19
35 28
35 37
38 0
38 2
38 20
38 30
39 10
39 35
39 46
39 48
40 14
40 30
41 40
42 19
43 19
43 20
44 5
44 17
44 24
45 1
45 23
45 25
46 35
47 24
48 17
48 49
13 17
13 20
13 28
14 13
14 17
14 24
14 25
14 26
14 29
15 16
15 18
15 19
15 20
15 27
16 13
16 15
16 17
16 19
16 22
16 31
17 14
17 20
17 23
17 33
18 21
18 35
19 22
19 31
19 35
19 37
20 15
20 16
20 18
20 30
20 34
20 35
21 14
21 21
21 25
21 27
21 32
21 33
22 16
22 24
24 23
24 34
25 16
25 22
25 27
25 35
26 17
26 22
27 13
27 21
27 27
28 13
28 26
28 33
28 36
29 17
29 29
29 31
30 15
30 16
30 17
30 20
30 23
30 32
31 17
31 18
31 32
32 18
32 21
32 27
32 29
32 31
32 33
33 25
33 32
33 35
34 28
34 30
35 31
36 13
36 15
37 23
37 24
95 91
0 0
0 46
1 28
2 17
2 32
2 47
4 25
5 37
6 7
6 9
6 22
7 12
7 25
7 35
9 16
9 44
9 49
10 5
10 23
10 26
10 38
10 41
11 16
11 28
12 7
12 11
12 29
13 23
13 30
13 38
13 40
14 0
14 3
14 26
14 32
14 41
14 43
17 1
18 2
20 14
20 18
20 22
20 48
21 15
21 20
21 31
22 26
22 29
23 27
23 28
23 48
24 6
24 8
25 23
26 44
26 49
27 39
27 49
28 38
30 4
31 29
32 1
32 2
32 9
32 18
32 44
34 31
34 39
34 40
34 43
35 4
37 12
37 43
38 27
38 29
38 40
39 11
40 8
40 12
40 13
40 19
41 16
43 1
43 9
43 45
44 8
44 12
44 20
45 25
45 41
46 7
46 24
47 7
47 10
48 35
13 13
13 25
13 27
14 21
14 23
14 24
14 31
14 36
15 20
15 24
15 25
15 26
15 29
15 33
16 17
16 27
16 33
17 15
17 18
17 19
17 23
17 28
18 21
18 27
18 33
19 21
19 32
20 17
20 35
20 37
21 24
21 35
22 15
22 20
23 18
23 19
23 30
23 32
23 33
23 35
24 15
24 16
24 28
24 37
25 24
25 35
26 16
26 27
26 31
27 19
27 25
27 32
27 33
28 13
28 20
28 21
28 29
29 20
29 22
29 23
29 27
29 28
29 36
30 13
30 19
30 24
30 28
30 32
31 13
31 27
31 28
31 33
31 37
32 21
32 32
32 34
33 14
33 30
33 32
33 37
34 20
34 22
35 18
35 37
36 22
36 25
36 26
36 36
36 37
37 26
37 36
56 91
0 0
0 1
0 6
0 7
0 8
0 11
0 12
0 16
0 27
0 29
0 32
0 37
0 39
0 40
0 41
0 42
0 44
0 45
0 48
0 49
1 49
2 0
5 49
6 0
7 49
8 49
9 0
9 49
10 0
11 49
13 49
14 0
15 49
16 0
17 0
18 0
19 0
19 49
20 49
21 49
23 0
26 0
27 49
28 49
30 49
31 49
33 0
34 0
34 49
38 0
39 49
40 49
43 49
45 0
47 0
48 49
13 15
13 28
14 19
14 28
14 36
15 19
16 15
16 33
16 34
17 15
17 23
17 27
18 29
18 32
18 34
19 14
19 30
19 33
20 14
20 28
20 32
20 36
21 16
21 19
21 24
21 32
21 34
22 23
22 24
23 15
23 20
23 30
24 16
24 26
24 33
25 21
25 22
25 30
25 35
26 15
26 17
26 20
26 26
27 16
27 27
27 31
27 32
27 33
27 34
27 35
28 19
28 20
28 21
28 32
29 17
30 26
31 14
31 18
31 30
32 14
32 15
32 20
32 24
32 27
32 30
32 32
33 15
33 19
33 26
33 28
33 29
33 30
34 22
34 27
34 29
35 20
35 29
35 31
35 33
35 34
35 36
36 17
36 18
36 20
36 24
37 13
37 16
37 17
37 18
37 23
37 26
60 91
0 0
0 2
0 3
0 4
0 8
0 9
0 11
0 13
0 14
0 15
0 17
0 21
0 24
0 25
0 28
0 29
0 36
0 40
0 41
0 42
0 44
0 46
0 48
0 49
2 49
4 49
5 0
7 0
12 49
14 0
14 49
15 0
15 49
19 0
20 49
25 0
27 49
29 0
29 49
30 0
30 49
31 49
32 0
33 49
34 49
35 49
37 0
38 49
41 49
42 0
43 0
43 49
44 0
44 49
45 0
45 49
46 0
46 49
47 0
48 0
13 17
13 19
13 21
13 28
14 28
14 35
14 36
15 22
15 23
15 25
15 28
15 31
15 35
15 37
16 21
16 24
16 25
17 16
17 21
17 24
17 26
18 14
18 15
18 33
18 34
19 13
19 18
19 23
19 26
19 29
19 37
20 20
20 23
20 35
21 15
21 21
21 24
21 31
22 13
22 14
22 35
22 36
22 37
23 25
24 32
25 31
25 34
26 15
26 22
26 30
26 33
27 13
27 15
27 19
27 24
27 30
28 13
28 17
28 19
28 27
29 14
29 15
29 16
29 24
29 27
30 16
30 22
31 13
31 14
31 36
31 37
32 27
32 35
32 36
33 13
33 33
34 29
34 33
34 34
35 21
35 24
36 13
36 22
36 24
36 26
36 31
36 32
37 14
37 16
37 30
37 37
60 91
0 1
0 2
0 4
0 6
0 8
0 9
0 10
0 11
0 13
0 14
0 15
0 17
0 18
0 20
0 22
0 24
0 33
0 35
0 36
0 38
0 39
0 40
0 49
1 0
1 49
3 49
4 0
4 49
5 0
5 49
9 0
10 0
12 49
13 49
15 49
16 0
16 49
17 49
18 0
21 49
22 49
23 0
24 0
24 49
25 0
26 0
26 49
30 0
30 49
32 49
33 0
35 0
36 0
41 0
44 0
45 49
46 49
47 0
47 49
48 0
13 27
13 28
13 30
13 33
13 34
13 35
13 36
14 13
14 21
14 29
14 33
15 23
15 33
15 36
15 37
16 14
16 19
17 17
17 20
17 21
17 35
18 26
18 32
19 19
19 23
19 24
19 37
20 30
21 13
21 26
21 35
21 37
22 16
22 28
22 29
22 32
22 35
22 36
23 14
23 21
23 26
23 30
23 31
24 16
24 22
24 37
25 25
25 33
26 16
26 28
27 17
27 28
27 29
28 16
28 30
29 14
29 20
29 21
30 14
30 18
30 21
30 36
31 13
31 15
31 27
31 28
31 31
32 15
32 29
32 30
32 36
33 13
34 16
34 17
34 21
34 29
34 32
34 34
35 14
35 16
35 19
35 30
35 36
36 16
36 31
36 36
37 21
37 23
37 24
37 29
37 31
99 89
4 0
4 4
4 8
4 12
4 16
4 20
4 24
4 28
4 32
4 36
4 40
4 44
4 46
12 4
12 8
12 12
12 16
12 20
12 24
12 28
12 32
12 36
12 40
12 44
12 48
14 4
14 8
14 12
14 16
14 20
14 24
14 28
14 32
14 36
14 40
14 44
14 48
22 0
22 4
22 8
22 12
22 16
22 20
22 24
22 28
22 32
22 36
22 40
22 44
22 46
30 4
30 8
30 12
30 16
30 20
30 24
30 28
30 32
30 36
30 40
30 44
30 48
32 4
32 8
32 12
32 16
32 20
32 24
32 28
32 32
32 36
32 40
32 44
32 48
39 31
39 33
39 35
39 37
40 0
40 4
40 8
40 12
40 16
40 20
40 24
40 28
40 32
40 36
40 40
40 44
40 46
41 31
41 33
41 35
41 37
47 45
47 49
48 46
48 48
0 0
0 4
0 8
0 12
0 16
0 20
0 24
0 28
0 32
0 36
0 40
0 44
0 48
3 49
5 49
8 0
8 4
8 8
8 12
8 16
8 20
8 24
8 28
8 32
8 36
8 40
8 44
8 48
12 0
14 0
18 0
18 4
18 8
18 12
18 16
18 20
18 24
18 28
18 32
18 36
18 40
18 44
18 48
21 49
23 49
26 0
26 4
26 8
26 12
26 16
26 20
26 24
26 28
26 32
26 36
26 40
26 44
26 48
30 0
32 0
36 0
36 4
36 8
36 12
36 16
36 20
36 24
36 28
36 32
36 36
36 40
36 44
36 48
39 49
41 49
44 0
44 4
44 8
44 12
44 16
44 20
44 24
44 28
44 32
44 36
44 40
44 44
44 48
48 0
99 89
4 0
4 4
4 8
4 12
4 16
4 20
4 24
4 28
4 32
4 36
4 40
4 44
4 46
12 4
12 8
12 12
12 16
12 20
12 24
12 28
12 32
12 36
12 40
12 44
12 48
14 4
14 8
14 12
14 16
14 20
14 24
14 28
14 32
14 36
14 40
14 44
14 48
22 0
22 4
22 8
22 12
22 16
22 20
22 24
22 28
22 32
22 36
22 40
22 44
22 46
30 4
30 8
30 12
30 16
30 20
30 24
30 28
30 32
30 36
30 40
30 44
30 48
32 4
32 8
32 12
32 16
32 20
32 24
32 28
32 32
32 36
32 40
32 44
32 48
39 31
39 33
39 35
39 37
40 0
40 4
40 8
40 12
40 16
40 20
40 24
40 28
40 32
40 36
40 40
40 44
40 46
41 31
41 33
41 35
41 37
47 49
48 46
48 48
48 49
0 0
0 4
0 8
0 12
0 16
0 20
0 24
0 28
0 32
0 36
0 40
0 44
0 48
3 49
5 49
8 0
8 4
8 8
8 12
8 16
8 20
8 24
8 28
8 32
8 36
8 40
8 44
8 48
12 0
14 0
18 0
18 4
18 8
18 12
18 16
18 20
18 24
18 28
18 32
18 36
18 40
18 44
18 48
21 49
23 49
26 0
26 4
26 8
26 12
26 16
26 20
26 24
26 28
26 32
26 36
26 40
26 44
26 48
30 0
32 0
36 0
36 4
36 8
36 12
36 16
36 20
36 24
36 28
36 32
36 36
36 40
36 44
36 48
39 49
41 49
44 0
44 4
44 8
44 12
44 16
44 20
44 24
44 28
44 32
44 36
44 40
44 44
44 48
48 0
4 3
3 4
10 13
25 5
26 21
11 5
18 9
19 17
56 50
0 4
1 4
1 5
2 4
2 5
2 6
3 4
3 5
3 6
3 7
3 8
4 4
4 5
4 6
4 7
4 8
4 9
5 4
5 5
5 6
5 7
5 8
5 9
5 10
6 6
6 7
6 8
6 9
6 10
6 11
6 12
7 9
7 10
7 11
7 12
7 13
11 16
11 17
11 18
20 5
20 6
20 7
20 10
20 11
20 12
20 13
21 5
21 6
21 19
21 21
22 5
22 20
22 21
23 19
23 20
23 21
8 4
8 5
9 3
9 6
9 7
10 2
10 7
10 8
10 9
11 1
11 7
11 8
11 9
11 10
11 11
12 0
12 8
12 9
12 10
12 11
12 12
13 8
13 9
13 10
13 11
13 12
13 13
14 9
14 10
14 11
14 12
14 13
14 14
14 15
15 9
15 10
15 11
15 12
15 13
15 14
15 15
15 16
16 10
16 11
16 12
16 13
16 14
16 15
16 16
16 17
