10
10 97
0 24
5 0
5 30
6 24
10 26
15 26
20 8
26 42
28 20
35 40
0 0
0 2
0 8
0 9
0 10
0 14
0 28
0 30
0 40
0 45
1 8
1 22
2 0
2 2
2 19
3 42
4 25
4 40
4 45
5 18
5 34
6 40
7 16
7 30
8 30
8 36
8 38
9 8
9 21
10 4
10 16
10 22
10 30
11 35
13 27
14 8
14 20
14 24
14 38
14 45
15 30
17 38
18 40
20 0
20 1
20 10
20 18
20 20
20 25
20 45
22 0
22 14
22 20
23 20
25 11
26 15
26 34
27 26
28 10
29 20
30 0
30 14
30 22
30 26
30 38
30 40
31 22
32 15
34 1
34 9
34 24
34 35
34 40
35 19
36 4
36 26
37 42
38 4
38 44
39 25
40 0
40 18
40 20
40 36
40 43
42 0
42 6
42 19
42 46
44 2
44 22
46 2
46 25
46 26
48 4
48 10
48 46
10 93
0 30
14 10
16 2
25 23
28 16
31 20
31 25
40 24
44 18
46 35
0 0
0 6
0 25
0 26
0 40
0 46
2 6
2 8
2 10
2 12
2 22
2 25
2 32
4 12
4 30
4 40
5 10
5 15
5 25
5 37
6 34
8 6
8 10
8 13
10 10
10 16
10 20
12 8
12 18
12 46
14 2
14 6
14 8
14 18
16 0
16 24
16 28
16 30
20 2
20 42
20 47
24 0
24 10
24 16
24 42
25 10
25 22
26 40
26 49
27 16
28 1
28 24
29 2
30 0
30 8
30 22
30 48
32 4
32 6
32 30
32 42
34 10
35 17
35 21
35 26
35 34
36 0
36 10
36 40
37 42
38 14
38 27
40 0
40 4
40 18
40 20
40 36
40 45
40 48
41 3
42 6
42 40
42 42
44 1
44 23
44 28
45 10
45 24
45 47
46 1
46 2
48 10
48 38
10 92
2 12
13 15
22 30
28 30
31 22
31 28
32 12
33 12
37 16
43 43
0 20
0 28
0 34
0 35
0 36
0 40
0 44
0 45
1 1
1 35
2 23
3 30
4 15
4 32
4 42
6 11
6 18
6 26
8 48
9 20
10 0
10 6
10 30
10 32
10 42
12 20
15 7
15 8
15 12
15 20
15 48
16 10
16 16
16 25
17 30
17 46
18 36
18 40
19 20
20 8
20 16
20 22
20 26
20 27
20 31
21 0
21 22
21 26
22 9
22 40
24 35
25 25
25 32
27 9
27 44
27 48
28 8
28 38
29 35
30 0
30 5
30 14
30 24
30 40
32 40
34 6
34 7
34 13
34 40
35 4
35 6
35 45
36 0
36 23
36 34
38 13
38 30
38 36
38 49
40 0
40 4
40 16
41 47
44 2
44 40
45 2
45 46
46 0
46 28
47 26
47 38
48 37
95 10
0 0
0 3
0 4
0 21
0 38
0 47
0 48
1 20
2 8
2 28
2 42
2 45
2 46
5 34
6 12
6 15
6 24
7 38
8 10
9 2
9 10
9 16
10 14
10 26
10 33
10 35
11 2
11 43
12 10
12 16
14 6
14 15
14 30
15 18
17 8
18 4
18 28
18 30
20 13
20 26
20 39
21 4
22 10
22 44
23 44
24 4
24 6
24 10
25 0
25 16
25 42
26 10
26 11
26 36
26 46
27 28
28 49
30 3
30 6
30 14
30 18
30 20
30 38
30 46
31 10
32 0
32 38
33 10
34 10
35 33
36 0
36 10
38 20
38 40
40 0
40 3
40 29
40 38
41 21
41 28
42 2
42 8
42 18
44 0
44 22
44 40
44 42
45 46
46 20
46 21
46 36
46 40
46 44
47 22
47 36
7 20
10 28
12 45
19 46
20 16
22 14
23 22
24 13
34 20
36 32
91 8
0 10
0 14
0 15
0 20
0 25
0 26
0 29
2 4
2 5
2 27
3 10
4 10
4 30
4 35
5 20
6 4
6 24
6 34
6 49
7 36
8 16
8 28
8 36
9 16
9 22
10 4
10 14
10 20
10 28
10 30
10 40
12 26
12 38
12 42
13 27
16 8
16 14
17 0
18 0
18 18
20 22
20 30
20 34
23 0
23 5
24 42
24 45
24 46
24 47
25 4
25 17
25 18
25 35
26 45
28 44
29 30
30 4
30 26
30 28
30 30
31 19
32 4
32 20
32 30
33 0
36 15
37 30
38 8
38 10
38 48
40 1
40 14
40 19
40 20
40 27
40 39
40 47
40 48
42 10
43 0
43 25
44 18
44 41
45 28
46 6
46 40
46 47
46 48
47 6
48 20
48 34
8 24
10 6
14 40
25 47
26 12
33 42
40 44
44 43
98 10
0 2
0 4
0 8
0 10
0 15
0 23
0 24
0 34
0 45
2 32
3 20
4 4
4 5
4 31
4 47
5 3
5 10
5 20
5 24
5 38
6 16
6 17
7 5
7 23
8 26
9 42
9 49
10 0
10 7
10 40
10 46
11 21
11 44
12 0
14 22
14 27
16 4
16 22
16 36
18 0
18 46
20 4
20 8
20 18
20 24
20 47
22 35
24 2
24 34
25 18
26 0
26 42
26 45
28 22
28 48
28 49
29 42
30 0
30 2
30 20
30 24
30 40
31 0
31 2
31 46
32 3
32 12
32 26
32 30
32 40
33 34
34 5
34 47
36 6
36 18
36 26
37 18
38 14
40 0
40 10
40 11
40 25
40 45
42 9
42 30
42 37
44 1
44 20
44 22
44 40
45 20
46 24
46 32
46 46
47 5
47 30
48 48
48 49
4 30
5 32
8 0
10 1
26 34
32 18
33 24
34 45
40 30
42 18
96 10
0 22
0 25
0 27
0 28
0 30
0 32
0 45
1 4
1 46
4 27
4 39
4 40
4 48
5 0
5 8
5 40
6 15
6 18
6 36
8 13
8 18
8 20
8 30
8 32
10 3
10 10
10 18
10 32
10 34
10 36
10 38
10 44
12 6
12 32
12 42
14 40
15 6
15 23
15 28
16 18
16 24
16 30
18 44
20 0
20 10
20 12
20 17
20 24
20 31
21 0
21 36
22 6
22 35
23 43
24 17
25 25
25 32
28 8
28 20
28 44
30 2
30 23
32 25
32 34
33 38
34 20
34 46
35 16
35 20
35 38
36 0
36 5
36 7
37 27
37 30
38 18
38 25
38 38
40 0
40 8
40 18
40 38
40 43
41 14
42 0
42 44
44 0
44 24
45 9
45 32
46 6
46 44
46 48
48 2
48 18
48 34
6 10
10 26
10 29
10 45
14 42
24 36
25 0
27 34
38 0
46 5
95 9
0 3
0 10
0 20
0 22
0 28
0 30
0 37
0 38
0 44
0 47
1 7
1 26
2 31
2 42
4 19
4 38
5 14
6 0
8 15
8 48
9 35
10 5
10 40
11 9
12 8
12 26
13 10
14 0
14 6
14 12
14 31
14 33
14 44
16 14
16 36
17 14
17 18
18 0
18 17
19 15
20 11
20 21
20 30
20 39
20 46
21 8
22 25
23 21
24 30
25 17
26 15
26 20
26 32
30 0
30 16
30 25
30 30
30 42
30 44
30 48
31 17
32 0
32 10
32 14
32 35
34 6
34 18
34 48
35 41
36 23
38 33
38 40
39 7
39 33
40 0
40 2
40 10
40 14
40 20
40 24
42 8
42 25
43 20
43 24
44 7
44 30
45 4
45 12
45 28
46 0
46 5
46 10
47 30
48 20
48 37
0 0
0 8
0 16
2 10
7 41
17 13
25 0
30 33
43 38
10 10
0 34
2 21
16 25
16 46
25 42
30 5
34 8
38 28
44 40
46 24
6 29
16 40
20 3
20 38
25 10
25 34
30 17
30 23
34 16
46 12
9 9
6 10
10 42
13 0
20 18
22 34
26 0
30 34
32 46
35 20
0 0
0 20
10 12
19 20
22 48
25 20
32 34
42 1
48 49
