10
99 100
5 37
7 36
25 25
25 27
25 30
25 34
25 44
25 45
26 33
26 35
26 39
26 40
26 45
26 46
26 49
27 33
27 37
27 47
28 38
28 41
29 27
29 28
30 28
30 33
31 25
31 26
31 33
31 41
31 43
31 44
32 26
32 36
32 48
32 49
33 36
33 37
33 40
34 42
35 33
35 38
35 39
35 48
36 30
36 31
36 45
36 49
37 28
37 30
37 32
37 35
37 39
37 48
38 33
38 34
38 41
38 42
38 44
38 46
38 47
38 48
39 19
39 37
39 45
40 30
40 31
40 33
40 40
40 41
40 42
40 46
41 30
41 31
41 35
41 40
42 42
42 46
43 26
43 29
43 40
43 45
43 49
44 25
44 27
44 30
44 31
44 36
45 28
45 35
45 37
45 46
45 48
46 36
46 39
46 42
46 43
46 47
47 36
48 28
48 35
0 14
0 21
0 42
1 1
1 5
1 17
1 20
1 21
2 2
2 5
2 20
2 22
3 1
3 9
3 19
4 3
4 4
4 6
4 7
5 12
6 9
6 20
6 21
6 22
7 4
7 9
8 15
8 18
9 20
9 21
9 22
9 24
10 0
10 4
10 8
10 13
10 19
10 20
10 22
10 23
11 6
11 16
11 24
12 7
12 21
13 1
13 5
13 6
13 17
13 18
13 23
14 2
14 9
14 15
14 21
14 23
15 0
15 3
15 7
15 11
15 18
15 23
15 26
16 7
16 12
16 22
17 7
17 13
17 20
18 1
18 6
18 7
18 19
19 4
19 11
19 17
19 19
19 20
19 24
20 12
20 15
20 16
20 22
21 8
21 12
21 13
21 19
22 4
22 6
22 8
22 16
22 17
22 18
23 7
23 20
24 1
24 10
27 24
37 19
46 21
98 100
4 44
25 33
25 37
25 42
25 45
26 34
26 39
27 2
27 28
27 32
27 33
27 41
27 42
27 45
28 26
28 34
28 38
28 41
28 45
29 25
29 41
29 43
30 26
30 27
30 41
31 22
31 26
31 34
31 37
31 49
32 26
32 29
32 33
32 40
33 26
33 27
33 34
33 36
33 47
34 30
34 31
34 32
34 34
34 47
34 48
34 49
35 27
35 36
36 36
36 41
36 44
37 26
37 30
37 32
37 35
37 39
37 43
38 26
38 29
38 32
38 39
38 48
39 43
39 48
40 27
40 30
40 40
40 44
41 27
41 42
41 43
42 34
42 43
42 45
42 46
43 33
43 35
43 36
43 45
44 33
44 40
44 47
45 31
45 42
45 43
45 49
46 29
46 37
46 38
46 46
47 26
47 28
47 44
47 45
48 31
48 43
48 44
48 49
0 3
0 7
0 20
0 23
1 3
1 8
1 12
1 13
2 3
2 22
3 9
3 14
3 18
3 19
4 6
4 12
4 18
4 20
5 2
5 4
5 9
5 17
6 0
6 12
6 19
6 20
7 0
7 7
7 10
7 20
7 21
8 0
8 4
8 9
8 10
8 13
8 18
8 20
8 22
8 41
9 2
9 17
9 18
9 23
10 2
10 17
10 18
11 9
11 19
12 2
12 13
12 14
12 18
12 21
13 8
13 18
13 22
14 10
14 22
15 1
15 6
16 24
17 1
17 6
17 7
17 13
17 20
18 2
18 4
18 6
18 12
19 1
19 2
19 6
19 10
19 14
19 17
20 6
20 8
20 10
20 12
20 18
20 23
20 27
21 0
21 13
21 16
22 1
22 2
22 4
22 9
22 17
23 4
23 15
23 21
23 42
24 0
24 4
30 18
34 24
97 100
25 35
25 40
25 46
25 49
26 27
26 28
26 32
26 38
26 40
27 14
27 28
27 31
27 36
27 37
27 47
28 32
28 36
28 44
29 31
29 35
29 38
29 46
29 47
30 24
30 31
30 32
30 42
31 27
31 35
32 32
32 33
32 34
32 40
32 42
32 46
33 28
33 38
33 43
34 26
34 37
34 41
34 42
34 43
34 44
34 47
35 27
35 29
35 30
35 42
35 46
35 47
35 48
36 45
36 47
37 18
37 30
37 32
37 36
37 42
38 34
38 41
39 32
39 38
39 47
40 26
40 33
40 39
40 43
41 26
41 31
41 33
41 38
41 43
42 34
43 31
43 34
43 36
43 37
43 40
43 42
43 48
43 49
44 36
44 37
44 44
44 49
45 26
45 40
45 41
45 42
45 45
46 29
46 33
46 38
46 42
48 42
48 45
0 0
1 4
1 7
1 11
2 0
2 1
2 18
2 24
3 0
3 10
3 11
3 15
3 21
4 0
4 11
5 0
5 15
5 18
6 2
6 3
6 6
6 11
6 24
7 13
8 10
8 13
8 14
8 17
8 18
9 0
9 11
9 15
9 20
10 0
10 2
10 6
10 10
10 14
10 17
10 22
11 1
11 9
11 12
11 21
12 3
12 6
12 14
12 24
13 3
13 6
13 8
13 44
14 7
14 9
14 11
14 13
14 16
14 18
15 4
15 8
15 11
15 21
16 10
16 15
16 20
17 3
17 6
17 7
17 11
17 13
17 16
17 17
17 18
17 22
18 0
18 7
18 9
18 14
18 23
20 1
20 2
20 9
20 14
20 49
21 10
21 12
21 15
21 18
21 21
21 29
22 0
22 2
22 17
22 19
22 22
23 5
24 0
24 3
24 21
24 24
96 100
8 35
25 29
25 32
25 34
25 48
26 32
26 33
26 37
26 43
27 33
27 42
27 46
27 48
28 26
28 31
28 32
28 39
28 40
29 31
29 33
29 37
29 46
29 47
30 30
30 31
30 39
30 40
31 36
31 40
31 47
32 25
32 31
32 40
33 2
34 26
34 34
34 36
34 43
34 47
34 48
35 30
35 33
35 41
36 39
36 41
36 44
37 33
37 37
37 39
37 40
37 47
37 48
38 32
38 43
38 47
38 48
39 26
39 42
40 25
40 39
40 41
40 44
40 45
41 32
41 33
41 43
41 46
41 49
42 31
42 36
42 42
44 29
44 36
44 45
45 38
45 43
45 44
46 26
46 29
46 36
46 38
46 46
46 49
47 31
47 32
47 35
47 39
47 45
48 28
48 33
48 34
48 37
48 41
48 42
48 43
48 45
0 0
0 9
0 23
1 2
1 7
1 23
2 11
2 19
2 23
3 0
3 2
3 7
3 8
3 12
3 13
4 14
4 22
4 24
5 1
5 4
5 11
5 20
5 23
6 2
6 18
7 6
7 13
7 14
7 20
7 22
8 3
8 4
8 8
8 12
8 17
8 23
9 11
9 19
9 22
10 7
10 8
10 16
10 18
10 20
10 24
11 13
11 18
11 22
11 24
11 42
12 13
12 15
12 17
13 4
13 11
13 13
14 10
14 11
14 12
14 15
15 3
15 5
15 22
15 23
16 2
16 7
16 8
16 9
17 2
17 16
17 22
17 24
18 15
18 21
18 23
19 4
19 7
19 22
20 0
20 2
20 9
20 23
21 2
21 3
21 5
22 0
22 1
22 4
22 7
22 11
23 0
23 9
23 17
23 22
23 27
24 4
24 7
24 12
24 14
24 20
50 90
2 44
3 2
3 4
3 9
5 2
6 24
8 6
8 37
9 30
13 2
13 5
13 9
13 21
13 29
14 25
16 10
21 0
21 9
24 7
25 28
25 49
26 13
26 17
26 40
27 13
27 19
27 49
28 29
31 11
31 12
31 40
31 47
32 44
35 23
35 30
35 44
37 18
38 30
38 40
39 3
39 16
40 9
40 23
42 6
42 22
42 25
42 30
45 7
45 48
48 5
0 0
0 1
0 3
0 6
0 10
0 15
0 21
0 28
0 36
1 0
1 2
1 5
1 9
1 14
1 20
1 27
1 35
1 49
3 0
3 3
3 7
3 12
3 18
3 25
3 33
3 47
3 48
5 0
5 4
5 9
5 15
5 22
5 30
5 44
5 45
5 47
8 0
8 5
8 11
8 18
8 26
8 40
8 41
8 43
8 46
11 0
11 6
11 13
11 21
11 35
11 36
11 38
11 41
11 45
15 0
15 7
15 15
15 29
15 30
15 32
15 35
15 39
15 44
19 0
19 8
19 22
19 23
19 25
19 28
19 32
19 37
19 43
24 0
24 14
24 15
24 17
24 20
24 24
24 29
24 35
24 42
29 5
29 6
29 8
29 11
29 15
29 20
29 26
29 33
29 41
50 90
2 32
3 40
6 34
7 49
8 3
9 16
11 44
12 21
12 23
14 4
14 29
15 33
16 15
16 49
17 25
17 35
18 27
18 35
20 5
20 48
21 48
22 36
23 21
25 31
26 32
27 2
28 18
28 22
29 21
30 36
33 17
33 31
34 1
34 31
34 35
36 1
36 3
37 11
37 38
38 43
38 48
40 11
43 40
46 3
46 19
46 24
46 36
46 44
47 41
48 17
0 0
0 1
0 3
0 6
0 10
0 15
0 21
0 28
0 36
1 0
1 2
1 5
1 9
1 14
1 20
1 27
1 35
1 49
3 0
3 3
3 7
3 12
3 18
3 25
3 33
3 47
3 48
5 0
5 4
5 9
5 15
5 22
5 30
5 44
5 45
5 47
8 0
8 5
8 11
8 18
8 26
8 40
8 41
8 43
8 46
11 0
11 6
11 13
11 21
11 35
11 36
11 38
11 41
11 45
15 0
15 7
15 15
15 29
15 30
15 32
15 35
15 39
15 44
19 0
19 8
19 22
19 23
19 25
19 28
19 32
19 37
19 43
24 0
24 14
24 15
24 17
24 20
24 24
24 29
24 35
24 42
29 5
29 6
29 8
29 11
29 15
29 20
29 26
29 33
29 41
50 90
0 45
0 47
4 24
6 30
9 36
10 19
10 25
11 12
11 15
14 16
14 24
15 48
16 16
16 27
17 32
18 24
18 25
19 34
20 36
21 15
24 13
25 20
25 22
25 29
26 16
28 30
29 23
30 9
31 27
32 41
32 45
35 39
35 48
36 16
37 34
37 44
38 8
39 34
39 49
40 13
42 4
42 43
43 14
46 24
46 26
46 38
46 41
48 14
48 18
48 45
0 0
0 1
0 3
0 6
0 10
0 15
0 21
0 28
0 36
1 0
1 2
1 5
1 9
1 14
1 20
1 27
1 35
1 49
3 0
3 3
3 7
3 12
3 18
3 25
3 33
3 47
3 48
5 0
5 4
5 9
5 15
5 22
5 30
5 44
5 45
5 47
8 0
8 5
8 11
8 18
8 26
8 40
8 41
8 43
8 46
11 0
11 6
11 13
11 21
11 35
11 36
11 38
11 41
11 45
15 0
15 7
15 15
15 29
15 30
15 32
15 35
15 39
15 44
19 0
19 8
19 22
19 23
19 25
19 28
19 32
19 37
19 43
24 0
24 14
24 15
24 17
24 20
24 24
24 29
24 35
24 42
29 5
29 6
29 8
29 11
29 15
29 20
29 26
29 33
29 41
50 86
0 4
0 11
1 10
1 16
2 8
2 13
3 42
6 20
6 25
6 29
8 31
8 32
8 41
9 35
9 40
11 2
12 42
12 49
14 49
15 20
15 24
15 37
16 23
20 26
20 39
21 15
21 17
25 6
29 17
31 32
32 15
32 29
32 36
33 3
33 12
33 46
35 33
35 48
36 7
36 32
37 42
38 37
39 8
41 7
45 35
46 24
46 32
46 35
47 1
47 25
0 9
0 15
0 19
0 21
0 23
0 29
0 32
0 39
0 49
1 9
1 15
1 18
1 19
1 20
1 22
1 40
1 47
1 48
3 4
3 12
3 14
3 30
3 33
3 34
3 36
3 43
5 5
5 16
5 22
5 32
5 39
5 40
5 45
5 47
8 0
8 5
8 7
8 8
8 18
8 19
8 25
8 30
8 43
11 4
11 15
11 22
11 23
11 26
11 36
11 37
11 49
15 10
15 11
15 12
15 26
15 40
15 41
15 48
15 49
19 1
19 3
19 26
19 31
19 33
19 35
19 39
19 45
19 47
24 10
24 18
24 26
24 36
24 39
24 41
24 47
24 48
24 49
29 15
29 18
29 21
29 30
29 33
29 37
29 39
29 40
29 48
50 82
2 17
2 23
2 43
3 32
6 19
6 27
6 35
8 4
9 31
9 33
9 34
10 34
11 9
11 45
13 25
13 35
15 0
15 30
17 30
17 41
18 5
18 39
20 10
20 49
22 6
22 13
23 1
23 34
23 43
24 1
25 3
25 9
25 22
25 24
29 22
29 33
34 28
37 38
38 3
38 24
40 16
41 37
42 35
43 2
43 48
44 20
46 16
48 12
48 36
48 45
0 11
0 16
0 18
0 20
0 25
0 28
0 30
0 33
0 34
1 5
1 8
1 10
1 15
1 17
1 22
1 33
1 40
1 49
3 1
3 16
3 17
3 22
3 25
3 37
3 47
3 48
5 2
5 6
5 9
5 13
5 24
5 33
5 37
5 46
8 3
8 13
8 18
8 20
8 23
8 24
8 37
8 45
8 49
11 1
11 2
11 29
11 31
11 37
11 38
11 43
15 5
15 10
15 12
15 13
15 15
15 36
15 39
15 43
15 44
19 0
19 14
19 18
19 28
19 38
19 39
19 49
24 4
24 13
24 18
24 21
24 22
24 32
24 43
24 45
29 4
29 14
29 15
29 26
29 28
29 30
29 44
29 48
50 83
1 40
1 48
4 6
4 9
4 20
4 44
5 31
7 3
7 42
8 27
9 39
10 8
10 12
11 4
12 3
12 39
15 49
16 9
17 29
18 33
18 49
19 15
19 45
21 33
21 34
21 38
22 7
29 48
30 28
31 16
32 24
32 27
33 16
34 11
35 5
36 15
36 42
36 49
37 1
37 21
38 18
40 6
40 35
41 1
44 48
45 7
45 9
46 11
46 19
47 46
0 11
0 14
0 18
0 20
0 28
0 35
0 40
0 44
1 1
1 6
1 12
1 14
1 17
1 22
1 24
1 42
1 47
3 0
3 1
3 2
3 14
3 16
3 28
3 29
3 37
3 47
5 8
5 11
5 13
5 16
5 30
5 35
5 42
5 44
8 4
8 14
8 28
8 29
8 35
8 36
8 39
8 45
11 8
11 9
11 15
11 20
11 30
11 31
11 33
11 43
15 4
15 5
15 9
15 11
15 15
15 23
15 40
15 48
19 6
19 8
19 9
19 24
19 25
19 31
19 36
19 37
19 38
24 1
24 5
24 8
24 12
24 13
24 15
24 33
24 38
29 7
29 10
29 19
29 20
29 30
29 32
29 37
29 43
