1000
2
999963064
999946998
999968550
999941282
999951070
999943708
999966344
999999016
999976114
999989126
999970790
999999692
999975234
999962566
999960208
999956546
999976922
999960174
999947400
999980210
999952376
999939332
999990670
999984576
999986262
999944710
999934484
999974280
999980516
999998442
999993928
999996314
999939786
999982114
999954702
999952388
999986540
999969298
999937796
999992902
999974752
999960090
999976318
999985246
999947382
999935120
999977352
999956922
999995834
999966916
999937768
999940682
999980138
999995386
999955226
999942508
999961854
999988340
999968852
999966974
999973418
999962726
999950464
999968850
999975894
999997698
999956550
999993138
999939616
999977324
999975424
999979232
999982180
999980482
999962822
999950106
999973938
999941662
999934816
999996688
999987280
999958924
999987032
999991916
999951298
999938326
999977958
999951956
999953600
999951030
999990530
999996000
999944122
999992422
999999064
999970212
999955032
999995156
999986764
999980970
999984766
999965096
999989500
999936886
999939392
999977982
999934780
999934594
999959028
999971312
999996824
999980992
999949598
999986762
999960406
999969436
999958402
999945684
999952754
999975414
999951640
999940684
999987616
999954222
999976976
999994730
999959888
999954706
999990226
999943132
999959714
999997166
999936002
999962696
999988600
999943046
999951220
999978574
999994978
999946260
999970622
999980420
999967152
999978828
999979428
999937146
999952484
999938134
999995690
999965620
999937340
999942614
999978888
999966900
999980974
999963878
999992492
999975152
999948006
999974940
999965124
999974100
999953608
999959166
999967788
999967434
999948530
999976596
999958656
999975472
999951288
999959892
999978382
999958108
999944486
999960882
999944034
999991710
999959554
999995676
999959098
999979066
999956680
999947120
999959950
999940978
999958700
999983372
999943954
999971962
999980188
999985216
999992748
999991170
999948350
999948250
999959680
999943858
999943404
999983644
999935458
999994662
999972028
999983038
999984744
999991800
999994748
999996150
999940054
999971636
999945134
999944812
999973936
999999714
999937426
999984198
999983278
999938050
999941658
999938332
999948478
999990664
999974898
999972610
999956750
999995748
999956610
999947394
999955066
999954812
999949030
999943070
999953694
999963824
999996146
999990484
999959368
999939544
999954482
999989780
999965826
999993024
999971050
999948744
999936142
999942958
999970074
999950806
999973476
999934948
999983478
999983766
999959346
999938456
999948904
999956958
999970150
999956472
999958296
999972340
999964572
999964842
999973984
999997598
999987120
999974478
999995350
999989782
999970224
999954298
999955142
999945230
999986918
999942590
999935286
999941298
999971028
999953566
999981284
999973284
999953456
999941276
999973954
999979774
999962606
999951916
999951740
999990868
999982134
999940288
999966074
999940530
999966054
999971260
999994072
999995032
999976728
999954302
999974122
999955714
999986976
999959648
999964348
999964258
999936130
999936432
999965202
999954596
999974530
999946930
999996012
999948588
999978902
999999398
999966716
999950288
999977074
999938244
999934642
999963112
999974652
999981372
999959854
999998778
999970134
999938608
999952336
999947022
999961818
999994820
999969708
999961370
999946518
999977482
999982480
999984788
999975636
999992340
999958782
999988004
999940886
999936744
999940916
999937518
999941650
999987844
999982632
999952014
999988796
999968480
999947142
999991830
999962426
999950058
999952304
999998992
999954672
999995272
999955656
999963518
999948914
999958172
999986590
999981534
999949588
999996920
999977154
999977504
999972702
999964270
999977848
999942574
999962642
999969474
999972028
999968110
999962918
999948982
999944258
999943352
999951054
999949824
999940472
999965792
999992944
999946060
999988868
999956912
999995822
999974724
999947072
999990636
999977314
999935878
999996482
999958222
999998618
999974312
999948758
999945864
999958432
999935546
999985922
999948740
999968502
999993280
999950466
999970088
999934546
999957948
999937996
999981006
999980968
999953314
999964172
999937606
999949854
999970786
999951140
999986588
999940374
999939812
999967926
999941716
999988010
999986694
999938322
999997288
999997736
999964316
999995976
999991626
999996698
999956730
999979292
999973094
999985474
999989090
999966730
999971486
999977750
999991572
999951942
999957838
999966282
999951688
999969470
999992646
999946180
999992876
999950102
999972692
999995558
999986152
999961260
999959480
999954760
999939992
999980436
999975214
999949372
999988820
999988122
999987178
999987530
999980076
999987012
999949460
999942260
999970598
999947470
999967568
999984368
999993920
999941422
999996090
999958578
999950450
999940368
999986916
999996640
999948202
999998422
999963734
999942620
999979982
999968418
999957272
999949630
999985598
999996228
999997856
999954264
999971408
999958348
999968740
999994802
999990612
999939838
999975500
999996942
999984270
999983188
999986366
999944546
999941824
999960070
999988626
999976674
999987870
999959168
999940252
999952116
999936474
999944936
999975462
999988794
999951384
999997974
999946738
999946380
999952886
999957412
999941694
999949308
999999502
999972574
999939770
999984082
999940590
999997894
999985040
999947152
999978266
999935002
999957606
999946732
999975954
999963214
999992148
999941082
999938384
999944338
999970798
999958400
999959102
999998918
999990848
999980864
999963204
999960204
999972296
999951538
999966148
999999540
999978118
999969704
999996688
999998414
999936490
999953706
999946106
999960860
999944672
999950968
999999048
999958942
999974858
999981070
999942074
999938950
999965060
999936152
999971332
999978178
999967326
999997442
999984726
999943670
999960100
999994988
999979990
999994752
999980058
999938862
999985828
999963252
999983610
999952346
999984854
999970718
999962360
999934776
999959420
999988868
999984828
999937098
999994780
999981666
999967850
999939398
999980852
999973676
999964062
999947936
999961146
999979154
999982440
999952894
999949216
999988470
999997270
999943488
999999050
999946356
999948904
999980420
999939608
999984098
999998490
999997974
999953120
999988174
999988064
999991168
999965552
999947130
999941026
999998082
999946386
999962598
999964614
999942934
999938050
999989956
999947554
999995246
999946102
999964034
999970446
999937776
999952286
999982148
999987026
999968060
999984930
999954662
999956016
999984432
999984544
999968256
999964774
999977944
999988908
999985628
999951524
999957372
999982298
999995776
999943700
999997090
999998636
999959464
999960412
999949054
999954338
999943114
999972244
999998594
999997236
999982352
999983952
999966808
999995344
999937378
999977882
999981024
999934942
999995482
999980278
999957426
999982778
999985742
999988316
999992992
999950268
999996236
999954498
999962802
999994676
999934486
999959442
999961128
999935848
999997226
999983278
999947902
999941014
999952318
999996528
999976800
999956214
999985342
999977260
999956410
999981494
999965134
999985582
999993004
999944700
999946316
999967798
999938702
999960296
999942732
999945598
999980018
999990160
999954842
999934910
999973024
999954948
999988922
999987612
999949976
999968330
999937004
999962940
999962388
999973214
999972900
999946040
999981444
999959612
999957004
999937446
999986834
999977680
999947020
999993100
999981854
999945982
999979582
999962992
999934784
999975850
999974776
999942476
999974218
999966632
999960134
999994516
999986372
999979206
999958768
999994800
999990638
999945934
999934830
999992964
999982658
999962234
999992952
999975788
999965808
999980166
999979642
999949882
999974498
999952540
999994008
999950646
999958200
999968868
999972782
999977512
999984970
999989888
999988052
999986502
999978026
999967106
999946964
999940166
999968416
999954174
999938612
999980368
999946284
999947894
999982896
999937546
999966088
999983210
999967804
999945868
999981476
999957842
999971718
999936104
999999658
999973020
999987700
999972268
999965434
999945134
999967264
999990234
999964716
999995624
999987040
999986922
999961104
999980706
999948480
999939154
999983026
999995942
999990278
999976444
999974992
999955136
999975088
999955786
999968356
999947436
999951088
999945750
999981728
999996450
999950002
999981492
999978728
999942222
999973534
999942638
999948642
999970396
999971600
999947272
999978852
999953508
999943450
999951292
999991424
999963778
999965068
999994940
999995774
999991236
999946218
999982388
999939934
999981358
999969136
999977412
999946842
999995586
999963666
999966604
999952610
999970422
999964030
999942042
999991968
999992630
999964186
999975804
999951218
999976428
999961600
999958578
999968372
999987828
999992838
999985464
999973110
999970984
999964344
999947136
999939456
999990612
999999324
999964790
999999186
999941954
999989998
999964924
999957222
999973420
999993636
999966830
999978476
999983564
999965034
999968668
999955790
999961808
999939556
999956436
999983786
999993312
999945838
999970262
999972572
999993496
999975840
999965918
999974132
999958672
999946692
999995808
999976250
999946328
999982046
999988548
999950382
999981686
999964334
999979118
999956874
999956074
999996326
999937594
999979838
999975846
999937012
999982906
999950452
999982238
999977854
999998584
999958666
999952822
999965662
999961206
999997980
999963726
999962474
999998514
999964154
999981502
999945262
999980570
999973418
999974480
999956208
999954718
999951600
999950416
999982636
999982492
999935940
999985914
999959832
999968370
999975510
999985540
999962270
999939058
999957904
999957024
999993446
999986918
999952018
999950578
999964108
999943058
999952820
999990042
999989986
999959728
999945606
999995822
999960440
999970418
999962068
999961788
999950864
999993730
999997084
999992908
999971562
999970310
999982872
999941470
999970552
999984790
999951544
999952614
999959272
999955272
999992868
999953108
999999008
999969954
999941696
999983888
999982522