100
10
11074176
11058110
11079662
11052394
11062182
11054820
11077456
11110128
11087226
11100238
11081902
11110804
11086346
11073678
11071320
11067658
11088034
11071286
11058512
11091322
11063488
11050444
11101782
11095688
11097374
11055822
11045596
11085392
11091628
11109554
11105040
11107426
11050898
11093226
11065814
11063500
11097652
11080410
11048908
11104014
11085864
11071202
11087430
11096358
11058494
11046232
11088464
11068034
11106946
11078028
11048880
11051794
11091250
11106498
11066338
11053620
11072966
11099452
11079964
11078086
11084530
11073838
11061576
11079962
11087006
11108810
11067662
11104250
11050728
11088436
11086536
11090344
11093292
11091594
11073934
11061218
11085050
11052774
11045928
11107800
11098392
11070036
11098144
11103028
11062410
11049438
11089070
11063068
11064712
11062142
11101642
11107112
11055234
11103534
11110176
11081324
11066144
11106268
11097876