1
1
1
1
1
1
1
1
1
1
1
1
1
1
1
1
1
1
1
1
1
1
1
1
1
1
1
1
1
1
1
1
1
1
1
1
1
1
1
1
1
1
1
1
1
1
1
1
1
0
1
1
1
1
1
1
0
0
0
0
0
0
0
0
0
0
0
0
0
0
0
0
0
0
0
0
0
0
0
0
0
0
0
0
0
0
0
0
0
0
0
0
0
0
0
0
0
0
0
1
1
1
1
1
1
0
0
0
0
0
0
0
0
0
0
0
0
0
0
0
0
0
0
0
0
0
0
0
0
0
0
0
0
0
0
0
0
0
0
0
0
0
0
0
0
0
0
0
1
1
1
1
1
1
0
0
0
0
0
0
0
0
0
0
0
0
0
0
0
0
0
0
0
0
0
0
0
0
0
0
0
0
0
0
0
0
0
0
0
0
0
0
0
0
0
0
0
1
1
1
1
1
1
0
0
0
0
0
0
0
0
0
0
0
0
0
0
0
0
0
0
0
0
0
0
0
0
0
0
0
0
0
0
0
0
0
0
0
0
0
0
0
0
0
0
0
1
1
1
1
1
1
0
0
0
0
0
0
0
0
0
0
0
0
0
0
0
0
0
0
0
0
0
0
0
0
0
0
0
0
0
0
0
0
0
0
0
0
0
0
0
0
0
0
0
1
1
1
1
1
1
0
0
0
0
0
0
0
0
0
0
0
0
0
0
0
0
0
0
0
0
0
0
0
0
0
0
0
0
0
0
0
0
0
0
0
0
0
0
0
0
0
0
1
1
1
1
1
1
1
1
1
1
1
1
1
1
1
1
1
1
1
1
1
1
1
1
1
1
1
1
1
1
1
1
1
1
1
1
1
1
1
1
1
1
1
1
1
1
1
1
1
1
1
1
1
1
1
1
1
1
1
1
1
1
1
1
1
1
1
1
1
1
1
1
1
1
1
1
1
1
1
1
1
1
1
1
1
1
1
1
1
1
1
1
1
1
1
1
1
1
1
1
1
1
1
1
1
1
1
1
1
1
1
1
1
1
1
1
1
1
1
1
1
1
1
1
1
1
1
1
1
1
1
1
1
1
1
1
1
1
1
1
1
1
1
1
1
1
1
1
1
1
1
1
1
1
1
1
1
1
1
1
1
1
1
1
1
1
1
1
1
1
1
1
1
1
1
1
1
1
1
1
1
1
1
1
1
1
1
1
1
1
1
1
1
1
1
1
1
1
1
1
1
1
1
1
1
1
1
1
1
1
1
1
1
1
1
1
1
1
1
1
1
1
1
1
1
1
1
1
1
1
1
1
1
1
1
1
1
1
1
1
1
1
1
1
1
1
1
1
1
1
1
1
1
1
1
1
1
1
1
1
1
1
1
1
1
1
1
1
1
1
1
1
1
1
1
1
1
1
1
1
1
1
1
1
1
1
1
1
1
1
1
1
1
1
1
1
1
1
1
1
1
1
1
1
1
1
1
1
1
1
1
1
1
1
1
1
1
1
1
1
1
1
1
1
1
1
1
1
1
1
1
1
1
1
1
1
1
1
1
1
1
1
1
1
1
1
1
1
1
1
1
1
1
1
1
1
1
1
1
1
1
1
1
1
1
1
1
1
1
1
1
1
1
1
1
1
1
1
1
1
1
1
1
1
1
1
1
1
1
1
1
1
2
1
1
1
1
1
1
2
2
2
2
2
2
2
2
4
16
256
65536
137558
398075
2
8
512
94969
43732
315416
244598
2
16
65536
119371
109362
546100
9090
2
32
215064
195216
54470
199527
173276
2
64
27447
18240
505636
613938
157548
4
1
1
1
1
1
1
4
4
4
4
4
4
4
4
16
256
65536
23461
406888
210984
4
64
56648
214116
162963
116004
465710
4
256
666766
204916
390440
28696
258618
4
1024
125929
424524
54392
426734
238611
4
4096
724500
71064
8573
293752
69826
8
1
1
1
1
1
1
8
8
8
8
8
8
8
8
64
4096
289108
150528
285808
318016
8
512
587996
208104
737855
208832
179849
8
4096
234260
249408
746760
254266
4096
8
32768
3328
1152
638318
96762
73232
8
24253
19570
279226
34516
558901
463632
16
1
1
1
1
1
1
16
16
16
16
16
16
16
16
256
65536
580892
37162
493883
91088
16
4096
342991
601043
326888
199522
159139
16
65536
229124
386920
7301
443068
462114
16
406683
36246
84910
31336
540908
884858
16
52651
865570
201340
123012
38935
283816
32
1
1
1
1
1
1
32
32
32
32
32
32
32
32
1024
359449
407176
438520
549844
262726
32
32768
167952
189011
140751
724901
268910
32
180794
7278
421376
704075
242676
54952
32
65132
158160
156347
29795
55374
25790
32
62658
386581
342426
389880
458143
40786
64
1
1
1
1
1
1
64
64
64
64
64
64
64
64
4096
566891
318592
122554
385048
484456
64
262144
778849
78244
444544
929440
61900
64
174928
360262
402624
381538
107695
22249
64
655749
317962
231424
73570
217139
474640
64
362986
621180
261601
612529
66704
287944
1
1
1
1
1
1
1
1
1
1
1
1
1
1
1
1
1
1
1
1
1
1
1
1
1
1
1
1
1
1
1
1
1
1
1
1
1
1
1
1
1
1
1
1
1
1
1
1
1
3
1
1
1
1
1
1
3
3
3
3
3
3
3
3
9
81
6561
263871
17137
48525
3
27
19683
96765
933409
49395
30201
3
81
155103
11486
238995
12861
275581
3
243
9315
36174
3
167487
135953
3
729
31401
1
117501
64686
272801
9
1
1
1
1
1
1
9
9
9
9
9
9
9
9
81
6561
4682
739100
18429
6561
9
729
187965
75
12169
374271
589689
9
6561
230475
275135
218631
493047
46605
9
59049
847953
763671
773745
375699
61392
9
531441
181226
206325
417805
121941
127681
27
1
1
1
1
1
1
27
27
27
27
27
27
27
27
729
531441
3543
119597
961
473879
27
19683
29775
20799
12811
236952
205527
27
76105
125791
152049
22091
244297
116825
27
17482
123830
325282
740496
4227
241952
27
11521
465083
308025
421257
443393
928129
81
1
1
1
1
1
1
81
81
81
81
81
81
81
81
6561
481716
49581
18225
154015
470153
81
191797
600321
45241
235971
273221
35346
81
6501
118785
674709
318753
680462
178191
81
500711
15481
579601
255921
605101
498793
81
530257
117735
33931
203637
356049
390016
243
1
1
1
1
1
1
243
243
243
243
243
243
243
243
59049
209969
227041
194163
37437
17567
243
42764
163239
209759
987
431907
356499
243
321030
369629
797558
58536
293316
61784
243
140455
124708
510981
328683
105953
38840
243
721808
13936
91196
252565
121923
659001
729
1
1
1
1
1
1
729
729
729
729
729
729
729
729
85731
539281
195273
394241
25331
283557
729
630927
101593
222261
496965
361089
428793
729
245853
39729
1485
544769
313006
25271
729
28314
154749
219502
26814
172691
118589
729
16624
891921
178203
216801
262503
217070
1
1
1
1
1
1
1
1
1
1
1
1
1
1
1
1
1
1
1
1
1
1
1
1
1
1
1
1
1
1
1
1
1
1
1
1
1
1
1
1
1
1
1
1
1
1
1
1
1
4
1
1
1
1
1
1
4
4
4
4
4
4
4
4
16
256
65536
243387
13036
41816
4
64
262144
2590
119314
286732
3808
4
256
203941
362016
498161
482866
50440
4
1024
543184
303912
254596
119104
243274
4
4096
533656
94704
88804
236386
182056
16
1
1
1
1
1
1
16
16
16
16
16
16
16
16
256
65536
5490
395008
721333
208024
16
4096
43876
497503
482871
687220
669164
16
65536
353314
289081
81274
410737
194196
16
208059
16409
388245
279496
868154
227177
16
794454
550670
324420
152776
667216
42516
64
1
1
1
1
1
1
64
64
64
64
64
64
64
64
4096
607931
78060
196600
163999
172558
64
262144
123634
339286
137344
359724
480391
64
605496
586224
1480
13717
103837
281946
64
275707
195904
134644
466834
121554
239617
64
259312
136636
107005
233363
16168
127540
256
1
1
1
1
1
1
256
256
256
256
256
256
256
256
65536
192695
561654
147976
283936
148586
256
288309
253574
9967
27536
336715
137086
256
511831
444736
563477
565681
157036
65254
256
538816
448393
20826
71791
126100
63240
256
147718
343008
512100
33564
356198
306415
1024
1
1
1
1
1
1
1024
1024
1024
1024
1024
1024
1024
1024
494412
12678
151488
858807
67420
27072
1024
143776
470644
29723
1324
76282
319724
1024
622591
230662
122860
202416
291385
43936
1024
727464
63943
81248
3616
47070
4020
1024
172144
585486
149022
60748
398976
18280
4096
1
1
1
1
1
1
4096
4096
4096
4096
4096
4096
4096
4096
206816
514246
213070
735961
213988
124504
4096
806286
186271
487504
37741
81760
98662
4096
533852
45046
453520
206532
256250
287746
4096
41926
67166
138120
60922
13611
584788
4096
494196
273664
523377
778676
82012
215404
1
1
1
1
1
1
1
1
1
1
1
1
1
1
1
1
1
1
1
1
1
1
1
1
1
1
1
1
1
1
1
1
1
1
1
1
1
1
1
1
1
1
1
1
1
1
1
1
1
5
1
1
1
1
1
1
5
5
5
5
5
5
5
5
25
625
390625
83720
173905
80755
5
125
214321
128708
124313
50363
47507
5
625
475190
120181
288691
93838
375655
5
3125
342277
57455
27711
62339
354426
5
15625
639250
18849
377105
664966
377605
25
1
1
1
1
1
1
25
25
25
25
25
25
25
25
625
390625
101429
231518
166945
40527
25
15625
414217
842154
569650
40241
117325
25
390625
17394
228375
9169
649999
292696
25
160799
498005
215601
267719
10615
71663
25
297025
500141
91402
103931
159155
240463
125
1
1
1
1
1
1
125
125
125
125
125
125
125
125
15625
644920
466707
239877
542401
215262
125
88949
479765
404926
280646
435026
216773
125
388361
41629
453889
581095
219810
367416
125
901325
13461
426267
400502
290415
303190
125
332386
392618
82814
627400
201043
17707
625
1
1
1
1
1
1
625
625
625
625
625
625
625
625
390625
549313
107720
36644
659125
77461
625
183757
43295
154870
694117
187468
52687
625
352191
237736
277391
184777
350809
153358
625
124675
137389
225250
304017
544358
65905
625
111481
1369
153429
325655
76021
52525
3125
1
1
1
1
1
1
3125
3125
3125
3125
3125
3125
3125
3125
786754
14074
256096
37493
337213
142768
3125
445123
84125
67478
254249
121523
214389
3125
533969
443275
138775
272381
564463
27252
3125
145475
489491
94945
180509
218673
102245
3125
24625
4951
258502
60245
484425
263293
15625
1
1
1
1
1
1
15625
15625
15625
15625
15625
5905
15625
15625
140555
393685
8601
187489
203617
14825
15625
49393
545130
10837
450784
280861
84915
15625
15316
16737
49505
205660
69205
329485
15625
649737
170121
145957
518449
380773
527440
15625
382135
90805
7265
381313
7400
40897
1
1
1
1
1
1
1
1
1
1
1
1
1
1
1
1
1
1
1
1
1
1
1
1
1
1
1
1
1
1
1
1
1
1
1
1
1
1
1
1
1
1
1
1
1
1
1
1
1
6
1
1
1
1
1
1
6
6
6
6
6
6
6
6
36
1296
728473
206436
60558
515524
6
216
12672
109942
81406
198976
99728
6
1296
53216
53882
126095
181728
46215
6
7776
9201
235936
532872
609548
385
6
46656
241056
484516
357360
218328
635354
36
1
1
1
1
1
1
36
36
36
36
36
36
36
36
1296
24281
592352
9480
81240
583716
36
46656
39766
71776
116016
190086
112631
36
66405
21431
69930
32481
116922
521472
36
119206
504820
274851
251736
45080
393351
36
153836
272808
141896
615504
211491
369783
216
1
1
1
1
1
1
216
216
216
216
216
216
216
216
12773
579732
554240
35680
180640
407760
216
98226
183366
234548
713328
97856
276581
216
3438
309192
99462
76140
178074
285300
216
38724
481
54669
117716
848220
545544
216
578624
25754
273696
169118
26804
398105
1296
1
1
1
1
1
1
1296
1296
1296
1296
1296
1296
1296
1296
253102
109307
69462
184696
32551
671301
1296
22410
455757
333696
209424
123306
663681
1296
492330
320092
132786
328632
383536
781840
1296
464286
104526
301056
21368
410240
229901
1296
46656
7566
452192
290418
425020
47166
7776
1
1
1
1
1
1
7776
7776
7776
7776
7776
7776
7776
7776
356301
107916
46764
253632
689502
197016
7776
1831
13152
265483
72497
480771
109189
7776
128847
341796
52768
647894
43401
5700
7776
162291
61536
170722
23220
162436
97666
7776
261320
3896
281688
269120
22212
186836
46656
1
1
1
1
1
1
46656
46656
46656
46656
46656
46656
46656
290
94869
401472
181332
10256
18304
485821
46656
288811
104286
491322
688542
15276
84078
46656
358475
53078
2602
17761
32148
357363
46656
485376
384770
56266
245323
342001
382784
46656
63426
182466
146646
46656
78501
4162