164874
908918
723913
452637
235
563490
69344
158708
339472
51234
143265
435831
338162
652315
813653
435839
621739
274911
158244
277458
553766
89913
362045
283199
763952
254538
607919
282188
450287
468518
91312
448088
33699
509365
169933
320022
496496
577928
375262
27084
38861
161167
167071
51044
456152
322209
393178
268323
287892
454899
164874
908918
723913
452637
235
563490
69344
158708
339472
51234
143265
435831
338162
652315
813653
435839
621739
274911
158244
277458
553766
89913
362045
283199
763952
254538
607919
282188
450287
468518
91312
448088
33699
509365
169933
320022
496496
577928
375262
27084
38861
161167
167071
51044
456152
322209
393178
268323
287892
454899
164874
908918
723913
452637
235
563490
69344
158708
339472
51234
143265
435831
338162
652315
813653
435839
621739
274911
158244
277458
553766
89913
362045
283199
763952
254538
607919
282188
450287
468518
91312
448088
33699
509365
169933
320022
496496
577928
375262
27084
38861
161167
167071
51044
456152
322209
393178
268323
287892
454899
164874
908918
723913
452637
235
563490
69344
158708
339472
51234
143265
435831
338162
652315
813653
435839
621739
274911
158244
277458
553766
89913
362045
283199
763952
254538
607919
282188
450287
468518
91312
448088
33699
509365
169933
320022
496496
577928
375262
27084
38861
161167
167071
51044
456152
322209
393178
268323
287892
454899
164874
908918
723913
452637
235
563490
69344
158708
339472
51234
143265
435831
338162
652315
813653
435839
621739
274911
158244
277458
553766
89913
362045
283199
763952
254538
607919
282188
450287
468518
91312
448088
33699
509365
169933
320022
496496
577928
375262
27084
38861
161167
167071
51044
456152
322209
393178
268323
287892
454899
164874
908918
723913
452637
235
563490
69344
158708
339472
51234
143265
435831
338162
652315
813653
435839
621739
274911
158244
277458
553766
89913
362045
283199
763952
254538
607919
282188
450287
468518
91312
448088
33699
509365
169933
320022
496496
577928
375262
27084
38861
161167
167071
51044
456152
322209
393178
268323
287892
454899
164874
908918
723913
452637
235
563490
69344
158708
339472
51234
143265
435831
338162
652315
813653
435839
621739
274911
158244
277458
553766
89913
362045
283199
763952
254538
607919
282188
450287
468518
91312
448088
33699
509365
169933
320022
496496
577928
375262
27084
38861
161167
167071
51044
456152
322209
393178
268323
287892
454899
164874
908918
723913
452637
235
563490
69344
158708
339472
51234
143265
435831
338162
652315
813653
435839
621739
274911
158244
277458
553766
89913
362045
283199
763952
254538
607919
282188
450287
468518
91312
448088
33699
509365
169933
320022
496496
577928
375262
27084
38861
161167
167071
51044
456152
322209
393178
268323
287892
454899
164874
908918
723913
452637
235
563490
69344
158708
339472
51234
143265
435831
338162
652315
813653
435839
621739
274911
158244
277458
553766
89913
362045
283199
763952
254538
607919
282188
450287
468518
91312
448088
33699
509365
169933
320022
496496
577928
375262
27084
38861
161167
167071
51044
456152
322209
393178
268323
287892
454899
164874
908918
723913
452637
235
563490
69344
158708
339472
51234
143265
435831
338162
652315
813653
435839
621739
274911
158244
277458
553766
89913
362045
283199
763952
254538
607919
282188
450287
468518
91312
448088
33699
509365
169933
320022
496496
577928
375262
27084
38861
161167
167071
51044
456152
322209
393178
268323
287892
454899
3917713
1884241
4375651
126361
4572001
8032769
1458785
1994917
1228841
315743
1394110
6188036
1041851
546440
388416
240750
380444
3346120
331922
5634371
1276906
9253540
6866905
3285875
4972490
4146463
365381
5691929
416102
2924344
4759591
27561
3337569
5681354
323868
685477
324648
3924493
2070304
1916461
1442210
577680
2260257
655489
4040301
2746969
1408325
1300315
5090419
5230387
1664146
2290803
1069188
4841584
2517183
213872
5315233
1230917
994065
58784
6926026
3041820
2115519
4398118
202852
1715821
1603295
46857
954136
4416175
2291366
921636
4090238
6428083
95085
71548
6091549
64540
1224428
828633
2700049
4284242
1213262
53920
1766611
404933
143279
420014
5762405
794623
296028
2203047
3259635
2518431
2357910
93832
6107081
4009436
103924
2068157
668596
944784
2932703
141936
4984802
4689581
9489879
705750
470050
1735532
1050768
3903016
1432698
3827841
4107635
2480752
3031392
1588117
514355
86701
45893
7511632
3898441
5400667
1402496
1151592
2158045
4758006
482982
405030
2019988
3616840
319045
7720049
2204885
5444720
2064950
786045
1504945
2833573
2773184
2211441
658291
8489524
1678709
3680348
248887
122408
7380936
1050109
82936
8004506
184185
1068093
3302000
273373
1535220
124389
2102296
2125009
3229272
1223905
6005854
2048802
3285304
3212151
4793834
1483380
4560039
1662081
70890
614735
1276060
5899264
967629
327792
6100584
1677948
1
3617785
5104521
4519311
1492676
4989097
1
2920704
492436
951328
2032534
6969331
5180924
118276
655438
3572416
3805476
1416794
2207505
1007556
830500
38655
255297
87364
653185
8007052
3096651
272315
7938265
1323968
2249260
974173
4979451
4280704
184950
6361336
727197
4271708
56577
924785
2440241
553020
1597596
6192806
3800696
7723249
6306894
1357759
4283611
535441
434639
551001
1939869
1038230
2305
253656
2364616
9257056
2131903
2653393
740503
104733
1568631
709610
1579977
3210135
7142688
69317
3010408
2917404
840203
2161490
2084234
5909732
969410
16154
2167476
1066919
160705
3344039
1134884
2009800
1684140
1640860
3066544
403564
1332171
4373448
6536698
1123255
147888
5723736
4593750
1593969
1079771
5229555
5237378
5216168
7391693
472900
6825099
6969224
1455321
1320727
2909070
1284257
2041099
423168
3383851
1596509
1299965
2013017
3159169
1991424
3498762
3933036
372732
854865
5053170
3517381
236355
4241920
3526909
4643977
49862
4098337
586288
646167
3083662
5185920
7321084
106308
3917838
6979347
3168104
6661586
5590801
2999089
1412370
3967668
986259
1778868
2218705
3526270
754201
1136458
151042
1129052
1705784
545816
5695918
1
3297811
993923
312478
5225631
528984
2545872
1745083
1254320
1076163
2947729
5160916
1408097
1390208
2359716
81513
1583136
6344641
4487297
1327210
315056
548948
316257
2302744
2133296
3060234
14529
4071106
1804951
480067
20377
535184
3232672
3927199
870376
1041216
1101388
2475876
557546
3904861
3126156
911401
3239539
1297920
263685
1140921
890018
2594555
4464030
9759
3483229
2396031
536537
2393721
6440261
1325087
140860
5135625
880721
131877
545601
1719721
1260172
964576
89727
514432
3515140
617875
1743121
1741821
1079837
9748128
3384436
388354
1903460
1223887
5089140
5973777
1489993
60652
5979585
5421451
448032
2970445
1923103
4682014
1581324
6948023
779367
693929
1027937
3643225
5366753
475501
113048
1627068
4386561
1012353
1494637
3344022
4011393
2900617
725725
7188125
1887199
1725755
2776639
1264991
2037404
2108822
2084556
4678960
3345100
2047099
3088968
2462416
45039
250555
1766805
2610856
613888
5191129
7018735
5824150
3593768
1244652
5305964
8378864
318586
4910480
349249
1258897
1148455
3473844
5345572
180585
634814
5934616
3486061
4077644
3921443
819305
405645
1164069
3687509
5340806
1954222
343616
829414
2534445
3217208
58279
5726776
146276
2605737
4161765
677965
2033973
4451094
93205
1589529
398575
3769924
1305962
581404
2597352
247085
5322744
2310925
4714340
1305396
5492887
1898761
2121492
4724633
2144298
1408779
322394
657627
344187
27376
2120590
1146092
3426775
628508
2568102
2554926
2505821
19595
5669855
9166107
774797
43044
124512
72999
5052213
772897
2415047
206886
6792153
195730
426996
6153504
6690946
3331395
935076
3559678
7456986
3124107
4209844
243873
5964342
857107
7055253
1795546
6640434
7859216
5430925
980371
1080800
47466
578306
4705483
1065046
26432
246069
335280
638952
3962801
4011015
1435204
4315848
450321
1082983
1103245
4582764
1515472
6065200
2894068
1930583
109532
1356897
3297201
2269436
871192
2708227
888554
761989
806976
562409
1600441
974311
199347
453857
489926
35080
1027405
2550185
1424156
3024017
1483889
5631721
2957710
2924916
2294102
8607760
5419685
9067501
1466505
2082133
2555008
135052
1758793
262081
879721
7342896
946251
278200
3188933
6767927
3295216
1029480
7057313
6646413
327982
8620561
5394667
122176
36764
3905852
469944
145661
994049
73881
2085328
2757056
2489617
4033396
1611331
7548668
385525
4709385
120189
1430765
2660410
5608525
921211
202582
1294780
49422
3280164
4707881
202060
502550
4636350
821346
1684672
3735271
1224511
1947059
860904
2550213
7823178
2969328
365527
3354559
3204133
5876612
451333
136536
6807152
45815
5366936
1403911
653718
175288
8574030
4306
3312631
4246567
811773
989724
592398
2589942
234580
1739305
3913631
2565592
2898807
3154684
3214576
1114964
4041313
2534174
1509418
7290679
1576993
8338157
3093211
7999021
2950588
3897338
444933
98656
1803119
5052994
5281142
2355792
2176106
1972276
1580853
2945531
3365678
5991763
178456
2524953
1249620
2702637
4473846
1004944
1529920
896771
918182
568004
7544202
3642241
2016046
74088
2782489
7359507
5170576
2437912
4543336
1
4704672
1889784
293633
946630
2484059
4581217
43355
1139905
4425311
553566
4878389
4721424
425783
86531
1982160
778038
1298736
2490472
9624312
3078461
2629966
336753
649443
61492
7806880
611945
9038222
4058384
3063880
3150454
2944269
6054168
1340769
2818827
3358851
5865015
435107
3294091
34508
6564064
128923
89185
631048
411799
1933651
1127036
1872011
430704
674407
564742
6772234
362730
1041030
520026
1308357
581521
4792201
699476
2437217
4652641
5282036
46917
1094032
4409446
2112642
1384239
7334161
1404949
1159434
572256
5389360
3362668
2432256
239171
3089466
3650221
873168
834157
6587127
2924800
47387
844988
1602123
101253
2302181
34433
2675429
1498496
3966041
7401471
2637089
304372
4848992
7951291
1903508
3030061
418705
6584043
6285439
912557
108371
7878355
2033090
6000780
1830379
1545875
2639083
1535361
1055151
2510149
4379785
108877
168407
305131
4222636
1915499
2651372
125239
4298429
1573293
68754
2416996
412640
1908561
222115
2074329
2961430
6776986
3647627
4302081
1458523
5451952
3287758
269825
1726185
7041826
1253209
4724655
30387
425032
603665
2957652
1410352
361201
2141266
349518
354043
2637665
1301721
1156744
1109709
1508479
623008
1780535
2744266
1940966
4625
7809677
2066884
945613
333401
2062372
2613821
3723534
1172821
2983437
54176
3965786
7455281
90517
1745240
2410904
5645056
1466299
923896
5930742
2722611
1717571
4330947
3267922
4965479
2718619
4874911
314362
5310762
1901153
3031048
4316331
1172719
3089544
4636347
4644160
4250188
6282105
612864
367009
3573605
2208933
6449989
1136179
333891
1068682
203624
3127630
2827801
3923536
3234651
5318709
5573954
1099684
5000186
5672024
6804976
1451656
1511713
236149
1179982
1942552
2138986
3102496
2004913
3297073
1898718
6789434
1786929
2575059
4480708
5159179
516178
1836
1070075
9174827
6477487
2447871
468530
50145
427245
248038
611576
2423132
6697369
2529216
50286
5355631
7294701
241263
2654677
7526374
124740
5318740
6726398
2162623
531456
1308721
3193730
3611871
4298852
953625
2278036
1443137
3101151
1134436
4458883
260982
4990507
1162030
5847329
2446568
2009022
1016873
1874272
2576401
2889455
1867155
1591915
5677441
567487
866076
1815820
2332632
273447
2624638
402457
5922221
3275737
1991116
822136
2102926
1256285
5729074
2400568
1373365
1532376
684086
2217247
969814
4228754
3827396
4801585
3620624
5478055
1435264
586366
654337
768588
2659966
2071870
3007272
9588049
1390174
1624823
1937061
2757167
4616338
474816
1784501
9261001
4566766
2261740
4757698
5300614
1807977
225499
2810548
856630
620299
7030645
8686906
55600
1761418
93376
38968
1412104
816244
1420874
3929590
46845
1171476
1866690
1672595
8768347
1467726
2565183
583884
1
1937707
1048837
460912
3828654
4760638
4728538
5394496
1167451
2248753
6635817
4251744
2869897
521595
2031185
2372652
6312792
1558635
1296198
206898
1498847
708085
983165
1929500
1678918
3530143
91512
1630914
5269107
3665131
3271020
206660
2044435
1724937
1183015
5562156
3572291
9710430
299641
2786941
5974612
2512176
1489572
8971306
3052218
338655
2797312
1924533
3710592
3881802
2682994
911450
1050541
259261
992485
2108983
2381055
2074081
209409
1147253
769694
4730818
3549081
3379087
606510
4841741
824040
267367
2560662
2664616
312615
277971
1637469
638791
4587573
2212996
947115
1441756
258880
2049600
1085762
5151052
6755476
2136784
4553281
968936
943696
2094536
3309650
8659010
2030884
6338912
78428
7419042
283286
1307436
3039125
3549941
795038
4539196
5195661
698131
3398082
62161
6454240
2699026
2937028
3728967
2825005
3441790
3674035
2041648
4284360
1838398
1401669
9262195
4254413
4364119
6180496
284516
3641094
6699231
4857686
219409
6057462
220117
998132
4497725
643596
5545496
93609
7285197
2636832
3970104
2127511
2138149
2156304
685933
5248981
2810444
5804290
3404543
4405006
934705
304669
1359051
1614126
981445
4569600
1485343
611361
378720
761776
456001
4010986
2922173
3820597
883191
537505
1064788
1615491
1658603
2079827
970542
4692490
3936988
4424692
374337
2376547
1702326
6603519
193779
1353698
437001
3233532
2409621
4611285
5096679
961607
261048
2598900
3744832
4019769
3656752
4029072
1198191
294102
731849
555688
5984052
1114966
444392
2892928
1074013
3792947
1312193
2039338
726430
4423377
1682813
287861
5346810
5487252
1686870
980933
3051463
7292161
124326
5807457
6173931
1927472
1387072
972625
3119264
659427
5885600
898076
85435
3028196
6833310
2645918
676880
4261221
929416
221841
1334674
3734010
5313401
904887
6399841
2428401
3202741
5279011
2562166
706263
5485249
4676278
5671579
742466
4337579
1846681
1661117
252625
1564111
1794870
2662408
3758111
3850909
1391313
378049
400297
1349006
4014813
4148171
2342276
3583321
2130566
2667804
6967361
1402372
546185
2931305
2324
1986801
205533
1684539
5637552
1781375
2004216
361709
2958781
3870223
6567466
2095939
3849171
380249
4486790
4829864
43473
529687
2110483
4116399
4598040
5053321
2963544
12339
2985943
735425
1053289
3827473
4576784
925926
1585861
2481057
776004
592197
1304980
2169408
2024386
2050410
1700406
1987046
4828417
574103
7563036
718336
7395890
1900055
790069
4818154
353354
4149597
1922923
1597425
4952794
409245
634761
2901056
7018210
836254
283061
2069898
644263
2993678
3766947
4776284
3526866
7038704
4570324
1348636
1500108
5869986
42198
8833737
9308861
24814
61578
407782
886621
993161
1739818
600320
1929825
24857
3673082
3589635
1503617
8014992
2062585
196554
5493650
3962801
72491
2908813
1398528
6876905
841415
3322258
2412035
941801
73018
1666799
7510096
2718451
2147146
4268701
5599987
5118895
6401661
1164070
106719
653612
5984896
11953
2083160
307601
294995
3278741
712048
5454432
100063
5643738
853548
9012343
1956422
6513521
5908213
497806
2779041
7356712
2308888
922874
181994
2085504
368909
1147808
185636
1277104
558898
758844
2760085
2653992
7385257
1202917
1099025
5686555
3477716
6209027
91043
3753123
1319074
5064721
32008
6509009
3752776
117340
5551641
2371708
3386223
1341922
1804976
95992
4195368
586169
1251686
318515
5406487
592876
4449081
1898477
577536
162817
1430160
973639
2746822
2278961
645884
1193992
1858735
717914
5620532
274066
14496
4782540
1
3437146
720118
844946
1183375
1985051
4683056
780182
2010100
2449641
141364
990892
756513
1090743
3932527
1020208
945855
7440886
438045
823111
4741
1240615
208340
222995
6374887
83546
858845
2830374
188415
3013894
6640929
4560818
1053171
2684163
2941760
488376
4752121
621647
2070685
1776164
2093081
1300411
2903451
3893670
6835399
2193214
1488544
290225
913921
107822
2164834
3205957
3346474
1404076
2738124
182553
562021
2688611
723550
5716249
775720
529439
2096536
3794421
2569114
1799443
4684955
296837
4020672
3682501
5214374
5132489
4941369
3622221
3893038
160081
4839354
189628
533414
177123
2480385
2041072
9314931
788750
5470999
4314983
1272933
4325320
1601398
7455345
2511598
479673
302593
572484
2414205
782125
6634336
1578321
2151835
1681508
5177517
4343703
153630
26028
7147702
1490392
2859052
3094731
3480793
631570
4890376
20544
3359830
5035780
7779942
4143382
2345666
444496
5078974
3757375
1373385
1043216
81402
657204
4529219
1098782
538776
768408
880707
5172103
502529
6672229
9259115
475268
4134365
2370289
1191675
1775228
1486804
4012416
5017405
116556
2056266
144000
139864
1270656
1004449
1054826
1049104
277187
4805230
4866392
833383
1742486
3205426
883928
598785
87076
1140655
3529797
111699
156255
8487193
2815927
2985231
797886
3506826
5247881
7959392
5783238
7512
7255981
4032306
1707605
1376232
861697
488606
187493
8393398
1401811
305574
227217
1906441
1583793
1532883
1317502
889425
3543753
1004716
1777705
966832
1701977
420150
5413965
209132
8303008
4842083
5550745
50934
4448291
7893209
1519519
196483
1599464
1120039
619306
228149
1616707
3245716
2989536
6542068
3884934
3498951
6842496
46729
1319349
3986860
233169
2132785
3261919
22700
1115712
3270415
1805384
881688
1803492
4219492
1106857
1928976
8540470
1865774
601125
2769124
4860696
4303186
774540
5065932
267478
2891395
5701144
4107536
181165
4935347
1465333
49222
9490577
1263756
1391961
3299903
3042866
1934486
1272477
2437799
5995336
2896819
3053961
3716794
1650739
1668072
4571360
2058959
559053
1283836
5592382
5929434
1302276
3313225
5021611
1622845
2637760
401765
3767633
707017
2120920
2822023
2260336
4850489
6195261
658625
3954784
290674
4426725
2187495
1081670
2425338
1098973
6211240
669696
560417
3782244
4387031
3071305
7516881
939030
959654
1536179
659716
1131648
252508
9063698
6908550
237322
5680232
5591728
42371
3043594
1386672
3974796
343009
622281
1956960
943281
2356337
8325897
2178388
535315
1845480
7986
2838253
4458961
3058641
952699
6276744
2807989
56913
1225086
3163830
1330989
2166989
471940
1264576
2008620
5291616
4939555
17568
41411
1147140
1755064
241759
7307603
3637297
4517257
2973803
1389321
5051896
980325
1271291
544577
41706
3605464
6094446
340145
3651094
2093422
5518592
314641
661641
107088
1285821
5806245
122018
4683627
1582191
1691547
1772329
7060600
29994
2327257
429679
5784994
264691
3341474
1097
394011
467019
3455156
5852820
4642612
96264
5904099
2092948
4912020
788051
4288911
6424001
1791296
287350
476579
1602501
5978476
8714279
213080
482695
765866
4950286
1761786
3263662
4256776
514702
503358
1631802
1517824
3345526
2071969
1
106309
5068442
1504236
3917874
6917476
1402403
158472
980407
1352206
2005840
2001652
1276771
2070797
497152
4041592
5093200
4213425
1865181
1637653
717294
709038
4320703
7620068
252630
9503196
6823216
5545276
510516
2474136
1051077
142415
7029544
598744
7605602
99977
6315294
5508634
476149
592545
6419659
4007480
1745040
997
951415
1536040
97483
2510528
7920649
2528172
2326083
952365
900766
5002866
1612040
3387609
3019798
145877
2420887
455216
1678503
2078312
3794653
1575986
4592680
7337409
890847
337286
3362695
692229
1154217
4382434
524510
122202
383820
6331126
829473
156033
1642159
2492367
279169
860588
1314839
38321
3026896
4517380
1622472
1037827
5948592
829427
149989
5728265
2103951
4279981
20161
367420
1047089
2017271
359024
4325476
484996
906403
478477
2094040
2608646
6343410
1688722
1376125
148639
6576090
4965444
2173097
7716865
6809013
1200160
4778476
1190205
1163416
1863237
176415
903673
3184935
3354570
355997
4698896
400352
3177421
1402488
383777
8066013
1329937
938241
2478831
1977886
4447128
5249141
4134227
2303062
323780
2474865
2025364
190201
66321
1721897
7210976
8267917
2195605
707763
361660
5857555
1441152
1896912
4989296
1079254
272309
4979157
1779964
166401
1788021
95519
5186784
5452100
569353
2196780
1117396
5689192
1688583
2963704
249777
2865910
274532
1698991
3555441
63722
2775429
3290422
1584117
2086525
987931
2986649
660244
2336911
113871
3970241
4743171
614656
1216450
2705991
1612567
1214471
2471700
2535909
2009237
4702301
426963
946011
2029000
2548178
2520553
24777
4540957
7038655
863116
1030036
7178641
3236058
8501315
785629
6607841
823132
863918
3887808
819889
152395
1093921
8410249
7142516
787225
4111183
1006255
5941314
2210095
5122016
425264
1453907
3870017
2084741
1456559
332191
2533761
4647614
2451076
35417
2746867
3560769
61693
2384337
909488
166622
446726
3704409
2311120
1975076
3998368
8585992
7711528
3247729
1716705
3112143
7230016
2007009
1072897
1094443
1851825
7810618
2663282
4000137
1058714
2527133
3600168
7346522
751495
613547
95871
2745190
6883761
1114144
3034902
3442563
2380344
1142527
384320
1142962
6909777
1183823
246739
2382000
1712784
2048220
3771352
482166
1394323
1508491
24969
676127
6610405
935142
1633366
257896
390226
346230
270922
170648
3282001
4049541
5236826
3120021
5972947
609405
5118971
2692447
4759032
3066400
1310696
960660
7444212
288053
4837645
612424
6289895
2033128
6335236
2705741
1
571680
1620880
7419132
3665988
3527351
1470126
5114321
2451801
2697200
1425681
10128
182331
1434254
7080568
1657664
1106665
9381604
1560648
1965128
6642325
3504403
3269200
5170092
67969
1179289
4320796
2233521
4693642
6165401
4300651
181427
3488512
3659636
937024
2679353
220977
1266700
1325599
2756194
570690
1108828
2230728
1190205
2561569
5780811
527263
780605
4762561
5880604
1634556
7637031
2729724
1051156
863904
1271864
6299606
1349811
1426069
155048
1750805
323090
2394907
456686
5595612
5244381
670837
1910389
3408036
1004389
886534
78676
6023295
336377
2995119
441956
5939846
2617834
4664580
8363356
264496
8259265
2586741
3549172
2275957
3094919
4024464
3835685
5104551
764210
64580
2788960
6639965
4085916
1177912
520767
893685
1671191
285546
2373904
4270992
6149857
3962664
2030611
1338526
62608
1713061
5370594
841573
536915
462316
4705643
1528768
51547
596296
920775
242629
622175
3034024
4685706
2926929
102737
4656416
273043
11064
411188
3015313
1735084
274776
2819037
1879068
6014601
4716600
7626021
3578544
9047117
1728424
1616992
26676
4394121
2288320
2976492
5771407
1731322
2928424
690909
5237032
2540479
6471201
6516367
5694442
2254105
3254281
52857
383628
432616
3578688
2524306
4364165
926199
435140
1246594
3852229
5838425
2389076
2668993
1141091
827395
317113
746720
373254
3098830
1596816
45991
139000
5488655
5332849
182920
877358
621011
5797848
81446
975873
3885225
8716487
211361
6960278
3173313
110557
8624006
1988918
4781191
1648998
551368
7239490
491821
3177976
4131681
5747310
894834
1928786
948964
1711312
590129
2401673
961154
1085593
17235
1132079
4373825
3324616
774943
4215595
2060020
3371819
3471757
609961
606724
5548567
264807
160675
2165785
9538933
746974
1358069
1381183
573348
259812
6321475
4044841
1085164
3823615
2943872
2851901
2522336
3875550
60466
1514971
753502
1534534
2113379
496651
1098265
3850024
2733760
2922489
2963607
4616913
4088953
97912
7114824
510061
2071213
1116596
3546832
4001015
760293
265318
2189656
1816531
4780206
2215328
6532846
2221722
3634586
3976651
1805859
2630289
1273549
2414137
1921281
6053006
660661
6884355
1791156
1929101
1460853
2128542
3667287
2293399
977725
2494086
3529896
1786757
5521231
376483
3148080
4126464
2470164
4624777
2041263
99975
183437
876744
1658359
4169368
2453430
2645386
819505
1371224
3707965
2350
919744
5316785
6462730
473705
2346224
5812997
2831492
3025441
1518232
974439
729549
845908
240645
1647264
3185610
1702625
540813
2542873
362044
1499272
2420741
1655395
3564016
1869554
5100274
6764148
4480278
295855
1191069
1140679
2020400
57912
8328244
7521417
1222021
1877140
334616
3055549
10431
3409138
5082363
221904
12019
2845810
2511445
448748
4754377
282096
903886
4748626
84548
6375605
4162090
1838449
2527471
3875377
1344565
3080341
1477238
5244853
1170040
287929
4860126
8475403
2323944
2126583
3761165
1212822
1618832
4950020
1318597
115740
3594581
7775741
3466564
3621301
3223626
3055536
1264296
187282
1206753
8014298
3606849
3160920
5192555
3994048
3534112
1162816
6059461
6268276
3827608
311857
183848
852346
1190386
586848
3098781
3043000
512917
4839819
8872555
516320
7972551
590755
7509888
423554
2071239
1335376
4146841
3941065
1873743
1168864
22735
7769018
4315248
4140946
1130825
3706800
447097
1884801
1931765
3188425
1479280
3301947
149725
5851279
2527568
2056807
1819
6212152
6136640
3811952
4432688
6952429
1186372
1304814
481945
1437724
2032128
1335597
3584313
158481
195919
3393824
290993
867361
1423321
1772986
4507624
503948
1916361
1830634
930888
587084
1866463
5277470
529025
441120
4360747
1747271
197653
4084821
2763840
352664
1008575
276264
1361226
668391
69988
1765848
2973777
401626
7668540
77081
766009
2104170
4798884
7507481
5898675
689836
1448932
143628
6000166
650198
1209502
1248425
2674730
699381
5195563
910198
5959929
5212089
1007280
2626433
3704533
1243432
1972647
3685615
2846765
115077
2969461
766645
1230201
2665971
2576073
1907159
2962373
3235513
3992312
7062744
866994
1465561
1925738
2306200
1462701
316801
1886153
6160470
1090881
3173313
6695781
869884
2948776
1924048
1309512
2048245
1215369
1893598
1262041
216505
3625681
2181185
328134
1165973
4886549
3874089
1491400
1702369
75136
209128
813268
740811
2318244
2406405
1881685
1349539
478952
142009
1787084
3662482
5776
326095
3489534
7218153
2538824
1246321
728421
4153741
227611
1221773
1728118
3401497
5133121
418566
809497
286573
1960571
156144
618904
422145
1973984
3614150
1219456
3246532
4913998
3433775
990788
411954
5294511
4660542
490074
4849018
804859
1860868
4463635
2039048
6512680
15875
3058040
532238
1761345
1073403
2878140
8953852
1671625
2681388
562625
459493
487025
631754
2611915
5617327
745582
7220417
7722641
1530202
436759
2220517
3840913
3976036
301495
2995044
1090838
138081
623000
69508
761575
4599496
12541
237049
2003146
1609306
268686
971659
4409532
2463760
634034
2509101
2391547
3291065
113722
3479334
3871432
240769
2232660
3472650
1998973
1028589
346267
912536
3878513
2930537
2281449
1575991
110432
932844
401514
1774949
152537
1799720
342454
1294407
1891936
2821976
7936
459552
340182
224912
1561617
1151656
230689
4524607
6406039
194481
868404
17487
2897441
1808990
6552711
210666
2510325
1882926
2414785
7497739
3870756
678455
207667
4182825
466818
5107470
3891433
1285300
6813940
4221357
1048067
2692229
4883936
3473065
2775627
117917
7914970
97246
62888
1581243
3671380
2150634
2707477
1169603
46880
1785337
210310
1207295
976469
29382
36891
741308
4779178
299521
2633148
3940327
4511320
1875070
1053385
386497
1891903
2084920
3403091
1910437
3352988
631520
3922459
3020665
5139630
5299416
3058976
142359
6424565
1048248
6720320
3075089
257245
666786
3152671
936053
2220054
4237338
577955
5236861
7622541
21721
21760
1190732
3342655
512129
2090661
5933625
747465
152231
2330861
370649
5371848
334810
341317
6653185
1668355
1329624
644266
635658
8219809
1775452
6786304
833886
7348223
2930661
2960477
158716
1455377
55600
1562029
5742372
862240
1911951
2404676
2181422
368574
2380889
7158114
3445811
655387
2315167
3253039
1110367
3420048
5969943
7523880
130641
3456418
4514300
4983041
8462960
172095
8195088
847938
3679281
2186570
1531489
3137176
98644
1883856
3203963
1278096
168792
1660099
2510946
602981
2021971
597255
5581632
120061
49216
603725
3860145
445606
2204144
2483157
3021001
7449793
26523
6467257
5741108
6095026
1842688
1093743
3153268
2547414
152586
5593813
1
618809
3320872
2157885
2283423
8435641
821156
2492513
1
1844097
17492
362144
516461
1358944
787815
2091966
1784972
4238137
3622654
6091923
3948300
1449756
2509657
4898261
2332248
926485
562390
3865246
781326
687698
7248220
1821736
1261567
2023
733549
348284
2945575
324181
2578473
1014610
2125764
1576371
67508
439418
1826813
1572281
1560075
668277
219129
4474297
4664701
425280
918571
4485779
483679
1875769
7070146
165086
3520146
2266261
2477333
5061655
2348620
1217065
3534666
2560779
3227053
2785753
318603
2594386
2905761
3778560
3429877
2180016
6184193
3222423
3394136
457777
1181692
1100629
1760798
1820912
1398634
2532528
886415
1001218
1373992
2519616
145051
1650972
235504
1974961
1550256
4770496
2052184
2645073
2801682
3355236
1212946
128571
5764625
3925576
1414603
844062
2278759
2376760
22642
271681
389950
1184073
3492432
73156
999147
957879
109732
606372
75226
1798998
1307021
122143
415569
1136050
472472
4727038
1622571
1109871
1449996
2814517
1444752
3515304
862296
8234316
1730945
1311856
4738607
2031789
620400
2451918
977844
2014300
1681021
1113620
9151257
9266126
5917647
2951744
2759840
2424748
1169674
1757995
3457631
2469682
51576
8022705
2270792
203370
772933
4980857
5362744
2067520
741880
51409
4144776
572093
833166
2848392
5746561
259371
1492401
78491
2855929
1380059
1630498
6248460
718710
3248291
882993
6970041
1067392
166888
138309
4505441
22729
1275409
956014
1440193
3095192
702535
860185
3962044
119750
597241
231912
3392800
69461
724704
1917023
2611827
6029051
2329596
898426
39705
768610
228125
456153
7448659
2060033
104326
395118
1000772
441601
1934671
7930542
4688260
373440
200981
645475
292465
3092770
4232035
254658
2124657
9292552
2761676
745065
2360464
5687588
1622380
4206290
250762
370565
1991296
21777
3744181
253891
292227
8372266
1057640
2350150
6693238
338185
6479816
2674288
2302049
152880
2665279
2304544
3624073
822065
637315
2444807
1006757
205633
7951616
478976
1674309
350950
4228645
5875377
4472696
3800317
1285224
1133873
3356174
496401
181194
705216
1669265
1036777
3499996
4715181
1671817
8651746
2233101
1206941
1762944
445771
6838675
3098404
181044
397565
6585734
5229830
1227326
1841160
3244394
101802
331408
3674651
1803937
1874545
4684051
436218
1638898
5273973
933318
868938
4560740
3525247
2189619
4441989
881788
4375188
1237842
349008
1413797
1649986
3963226
2719857
5633968
1369578
3143008
2294406
55080
5865000
6075631
5987969
1997703
1184371
159976
1627825
5028323
2639155
413440
413105
1381586
3443634
1395837
1707083
75037
1782972
281413
294176
643744
1286056
1021244
848520
3320764
2257761
1986213
4454649
179488
3668592
1512995
2845517
7448230
1209792
4684836
22632
1061386
1603965
93776
861566
355850
755637
388131
3074752
1391953
307192
1929559
2426347
4411459
5698453
1344411
1307203
3341143
73309
1111149
290033
725255
3014880
3444759
245064
1272306
2174292
6955160
5494176
309321
1588591
4591156
1056672
1717324
923914
6060688
8427326
8662466
343948
215048
806215
180823
7007511
4176201
244209
3336151
954624
100585
8469311
435644
1489032
1913946
135238
6061482
6390592
1128232
2519282
3139984
3452401
329743
3244224
719309
1873291
5646446
629336
1929864
4107327
26801
117391
423448
1377589
3057809
1099134
5595931
1155649
4570358
1411682
11872
7945953
5701336
2752800
3736826
2050645
1567409
3167208
5909772
1981886
6709633
2761765
2285130
1586551
2455062
8017576
3181963
9825729
3753149
355631
544551
3438721
8156809
2403560
3701440
918648
2874224
265279
1444119
3404565
1072351
5050520
2495604
614864
4222719
72427
4774941
1331772
2586781
1796950
15715
197931
35285
5101041
3821699
733646
1142912
4469760
4533165
3482429
40405
3361769
2193092
164105
293787
2566032
4190976
81277
7671375
307217
4110002
844489
3558925
3055068
1075152
1020797
2911370
2914452
2816461
688609
255917
3848659
64
3821690
1602282
2872856
280036
240143
4037042
2868435
1270556
1450604
4669535
6044547
5842067
1320340
25279
1436118
2091536
1840554
6958120
2281886
1831412
7975981
962466
6217414
16849
2327094
56884
1382192
2484265
8061344
180948
4389267
680888
5088788
5394978
2989365
2202963
457576
1266721
5907956
316325
7876675
438577
2421106
8094744
5188900
3113377
1457967
159057
338871
2440944
3263369
3132571
4992351
5448058
6880883
3449502
3631551
4805155
2121991
511974
3119001
834055
2477974
1328794
2389765
3292681
3573988
4479577
6337166
4638281
1416041
954816
1325312
3118137
2137548
897282
5558732
1830960
3209655
32439
699246
3123127
463081
507268
419753
1419857
1541617
3744507
1895160
911280
2210081
114744
383636
1443709
417531
248500
1066894
1550114
965975
1306483
4905964
666289
2496
2525310
1935067
437001
212812
737074
112509
940969
559952
1171921
820166
2900053
2085101
72350
51788
2012161
4552375
4046395
3960586
2239660
4967751
4830736
862366
300552
7221946
2563455
4061716
1169464
1250507
1768453
301569
5913737
327387
1
1894108
2913489
107413
630538
3775192
125722
2528214
4546000
63280
1410467
944965
4472797
1324862
964160
1330650
238543
5118356
1629750
3031399
2215349
5241014
723436
1168696
1169216
5388202
3150991
1058635
197202
29397
921600
6741441
877830
29565
818101
1837705
3164924
3118731
669793
1240949
2631947
3170330
1394721
4310317
1645255
61813
2056411
3553795
4656579
4664872
677029
104276
3422592
818679
1715264
688010
6844918
4887031
4855345
2280306
3054068
6017971
82715
6735486
434304
2412589
992938
446240
101676
175654
815442
1232810
220368
2851751
838863
8083991
3911903
6283296
3087337
8773044
1512598
43976
5719576
4825969
2090069
169302
5596225
1608576
1450866
1731343
1798592
398600
1977162
501724
1522675
2832100
1713126
479424
1840921
4041171
488821
4936475
1845922
967488
3351545
5704258
75215
453623
2069215
286100
1249216
4329208
5619529
1517104
1738903
531212
959828
168421
1222660
5573129
5272009
879929
2018932
1102726
1831449
851961
931043
8604840
438691
1346770
673446
111918
2176005
4458945
3899827
2864332
3548256
704098
472168
9163141
3057380
3884842
2684875
8331117
2983413
3035663
953596
2304289
640097
799506
1729664
1950534
2217804
4328863
5638750
3993758
8966944
4158106
3216175
2599696
1093436
145848
4331096
4912491
1665457
108115
6978000
644368
4945025
2991421
705537
4996962
4648440
7697936
1544842
1632288
2699709
771400
1719310
1739271
1757328
1158940
663045
654081
4175183
4335293
1192801
3460140
3007115
172045
786440
3728741
5489653
3623268
6080833
5045525
2314668
932655
1416817
2510103
905804
456754
2471905
628897
1958930
2434189
5670920
1460138
762026
229406
850904
1676724
1210540
1307902
1888459
877345
1537171
3798528
180388
1774182
2359726
4324416
183011
1781201
807403
4108320
4011000
592912
435353
2015008
1076301
1147681
2127085
2113849
131223
6018360
3658899
2421056
6779267
1491391
825544
1844302
234816
3035375
1305957
4485067
2522715
6559304
3635309
2186741
855323
2511773
1410624
4133011
1631797
551710
4118286
749650
973779
372843
5888635
6027796
66497
444161
348161
709973
1156695
2953931
102716
2190561
235125
1398546
1201250
8987523
6464043
1573664
4325777
844506
6223075
1630828
2348473
6479841
639946
3663136
7097871
2351759
1931905
1321836
1470834
1844476
828532
4265072
4198949
7933430
3187120
389089
3694176
3883646
841173
68851
4195201
3406393
1354343
1015168
5705288
849044
2819617
16048
6145624
920403
5710033
4447808
677665
360984
6261657
1467034
487484
3651576
4293566
5551724
4376511
5190840
3217225
6282151
2880515
7032841
5099256
5403753
65766
1681679
1178542
7863823
2051232
289940
3323425
986665
3180430
983872
1900744
764083
6491646
6229549
3740816
2429511
2125152
221812
151160
54702
4277623
4779761
76000
110826
2825928
1820941
183691
1823541
1735731
484544
378209
5503465
528897
1096804
1110871
5374176
2914756
2915089
2411236
7852261
2459011
492411
2139214
917824
179556
5613777
62844
2318401
462725
456590
871888
92833
6244186
901243
1569628
1672200
245732
659709
998681
1383003
5939929
1459936
922880
3319867
7556949
1996742
1389718
3795777
958624
1477349
3854140
1182979
1642320
244394
1935606
716296
565480
3339837
2621693
5269741
1081270
1334329
3887885
1594967
2537050
1797454
870348
3630658
5012804
1345781
170604
2849444
1399113
1112201
1838440
3002099
5260749
7964168
1246796
3291390
442085
5485792
1763811
1811734
709570
479115
1097976
643155
1147195
7855342
3727570
3632416
643954
457744
2225577
1801279
1
4789272
3360295
5770413
7547137
315981
1320147
3286702
1829299
4632860
1863017
4610095
7261333
2829194
120395
4307678
3221694
1018561
4404385
2691468
6023968
478534
652276
501323
4006873
3393104
8720803
150507
2533976
8128802
327970
2114052
28306
1627351
574208
7607744
2490851
1136080
1135758
3344317
2384833
1427625
3880535
563712
746705
669601
237111
2286344
1606716
4697880
1741764
2037898
6389529
9556260
1270544
1168065
776841
1062480
50624
8526400
2600796
532537
1737960
7640444
336418
693193
2373020
518758
7446195
50406
4398001
2751139
3589529
20736
88271
277870
5851445
6192252
2250381
3963331
19368
202681
2959921
821981
2353300
3130447
5115986
5927510
1378071
3535625
1472065
8142508
55805
6293045
993734
51759
6390616
1466790
566190
2147836
8935668
3844960
5475158
5342004
2177139
407184
2346584
4461950
2288966
1
1093042
2305664
1801176
2630896
2044203
1563706
7701689
236209
3966700
172705
3748287
4215574
4643841
3244836
6585789
1375721
502677
4474661
3548285
354238
2759391
1879389
3190460
5153296
5456571
2795984
5049805
1168558
1267742
588600
324000
6346707
223457
3317744
287025
3035881
4358744
3193021
3986231
4156426
2956906
2779420
4706145
174421
5575481
512790
1826977
124711
5989879
192781
3987266
3457105
109440
696541
7650541
457744
6808035
3624712
5307121
955357
2942032
5788104
797232
790364
95199
544215
1094276
703290
739690
194923
561001
162821
2816262
773773
835630
131933
798318
8624967
111160
3977038
4927892
2079705
851260
7554217
9399711
2068128
5147704
550322
6867316
4422329
1040538
3801015
4402049
257107
541123
3004498
4630756
3603980
2281645
1721696
114632
638833
4102416
4910284
656301
4542255
728971
729908
165237
290484
315998
315206
2003625
1527128
3010681
1118587
592339
178711
3227073
1346740
1573537
1661471
604168
2306553
670136
2514413
503688
2351923
7110829
514291
6876451
641097
3112017
7733801
745728
2821076
1618135
2545666
79948
6814780
3432016
3025089
6082437
730681
9310000
601296
268407
1307653
2672499
3008899
2329347
58685
2880974
186336
27073
5565329
335902
1538956
3455544
1779337
921043
1531756
2608300
1727947
107948
6062112
445467
1992991
388931
4766059
6539035
4997065
522865
3202431
882919
141392
741547
5666169
1356236
1067355
464413
1223001
931386
4086411
1295981
2244691
453960
2974645
3765633
1987229
688535
4412465
5757466
556102
5546581
6455
5044596
1756021
3510249
2207832
1495034
4766356
4321441
461808
5792943
5691448
4390129
1896502
1417315
795988
5846936
1490100
1879936
340033
2545978
2316788
1677585
2902432
7348540
4191159
1037443
3200967
6071199
217482
307561
8849121
3818529
2880406
1548453
1208200
3861305
432672
2641248
3731144
167207
5089784
1219303
1176100
4409951
375679
151531
667401
235640
166049
1478405
664774
5020906
517657
144669
1547216
560197
8173231
3650518
5336907
5602459
6345868
977749
1899177
4258825
49815
5357744
332329
7303942
5548461
984593
1324911
625792
574465
1136296
893601
2403621
2021295
704379
3460545
3867547
826354
3410067
4115258
6940281
126330
1658565
2030581
832654
2672167
527140
737485
1310137
2525281
906724
246798
52226
4820667
2268075
1570184
7615612
5917009
85065
227440
410650
851788
2840496
2242287
2700911
3351018
3975200
120334
3655944
757719
564864
5888779
56912
5430041
107585
1241146
2222790
928084
902587
3012061
1134658
7111250
1293059
2600540
1207980
157562
1395868
4710856
39065
1085256
3705554
198499
2013106
1457280
1036274
325947
5227475
2830060
1350952
3575929
3523522
3666521
13856
4114630
3643540
186387
276878
5319576
935473
5705416
2343168
2248984
359538
669601
2173672
660443
3382816
628827
443226
344332
1225310
1174369
2373414
2085660
334127
26501
1950543
1223753
1652904
105201
3212235
1080910
2068423
2140480
537616
219266
200877
1386187
378931
4917105
158266
2359507
4819324
2119597
865593
1922152
9501851
300833
213921
368888
302658
2659401
2015650
3039089
132153
4239
2711268
3365635
294208
5766497
4007367
1126171
2882205
3286540
4616998
595479
4283335
2064700
3234648
2260351
4483637
715795
2684473
1500961
1940659
3836541
31498
2023088
358227
326778
1038148
7521476
4754731
90697
6859841
718336
1733275
171369
3586056
7509295
516764
7053229
4583814
1981401
68386
931365
605712
7795633
224537
9707740
2257989
228030
1570475
2429076
5008405
174952
997362
458998
2853601
1438035
2846306
4502569
306681
1432579
450135
520898
54379
4751041
1990108
3058696
1019120
496619
3038401
7731766
388375
4002076
3684371
1923533
2982224
119061
265490
1125816
808470
123018
2716041
345093
162868
1555552
2363294
1585184
8293360
74711
2256406
1525697
5234086
5645721
1994230
615747
4719003
6378282
4204410
928177
925485
1525888
1244317
793904
1316207
504960
2472241
4506840
1191177
2664320
1518054
383736
2829897
4098868
8074366
643360
7778659
5234441
4396967
1867105
5440861
5130835
1604401
3496609
3586801
964801
7952264
8287
4615248
311666
5081221
862798
5486329
1144358
5408856
1281879
282972
7548302
1162226
2627167
1035461
394889
2165525
4253989
1278588
4856145
3158738
3433375
1330874
7281633
1513504
1698465
38496
2514694
963180
3439696
5738229
417195
4730540
3137747
2593873
973009
110711
4204425
852841
5324374
3712641
1346384
869048
9773222
7084435
1332358
2317261
131540
984128
1838685
3346036
21434
1469339
6814611
1764530
4372911
4480151
2388150
3584977
1764076
6716669
752142
1877281
1602252
5822476
385120
1442773
27217
5869906
6584481
4983434
4216451
1340686
3414069
327892
3370027
5180905
883429
169972
186328
3503268
209778
1838404
3817969
1935201
107560
129522
1573339
4384668
953657
1256101
59509
505595
1975896
5890753
5285661
759212
1650481
1332546
1
4795547
2133288
705706
672109
93504
3763384
4413215
1029883
5112792
1821312
786072
551424
3128190
431570
2087620
614678
473462
1610852
179174
130527
909546
6593326
6130431
4482384
2561847
2812741
3052357
8117227
3207261
823501
1496732
333261
2037285
353057
1710699
2492476
2227096
297776
342145
2625017
566520
210639
3645806
171415
3077253
1888516
4687963
507781
4789966
219012
2645745
4460666
2316780
3154570
470884
7303304
4267305
1015730
1449326
4667121
1211576
338177
1118490
1413475
1945882
3312824
2006952
2551021
604605
855324
7296340
208587
819775
118153
170468
1826416
1185767
14633
1967710
806521
2804025
1919191
739726
49789
932950
4565397
2378836
4189453
379333
4860086
1469313
2786722
976990
2632365
1965513
381260
3343523
3581465
78654
2821296
687418
1431651
1652721
6301462
804113
4258493
251471
3459925
3825766
519949
1527132
1681875
1822329
2870849
5261157
746499
3095436
1622383
249334
4026951
1124179
4186719
2435465
4870412
602609
5498399
5292307
1748521
1123762
329545
1476136
315553
420176
607129
2614621
1
476046
2102714
393441
2191488
1444186
737001
401795
1034657
7832343
3033226
2067391
679166
2418497
4502526
1255485
494614
8835245
3507747
2361601
175756
5110930
5407459
2466226
1562276
352083
947189
555646
2275273
5587563
2097936
2331691
2651806
112577
3208941
1824904
1452168
29008
1131938
497483
2401024
8132200
1362804
1599896
6593247
8009137
5366962
4919702
1678425
219736
6732558
1620443
41297
2568609
1833592
3999819
5887301
1594701
4869379
5290741
527446
2358517
1130241
509702
2775304
3709441
1612677
1556815
3159860
7818076
1151911
1495846
48346
4857805
1543651
4825796
4574753
130516
96440
880463
1669107
5121840
5439131
2113749
2983410
694076
3768297
4562827
828817
1268398
4013449
354174
2524579
828101
98424
3048140
804193
519253
2678316
35136
294439
3952045
3245636
815586
2018010
5401520
331856
284890
5087261
2296820
250064
5834006
1350001
481416
7892287
141101
1093375
4195516
6626654
334724
3331691
854690
1146538
8002763
5141847
2641982
216541
2172233
1514715
6417456
5030892
920041
1359151
1789367
4832556
327466
2367500
77840
4895561
3277380
3024132
1061221
3594529
1701723
2204476
1464519
692527
3968133
4205446
2433438
1066187
222968
1929530
1640644
1123610
5397310
7005181
637333
1013526
2181350
1640122
4751791
74524
630016
4542901
450381
1978641
6472360
4807037
2635494
5552294
2774532
2222889
537536
946632
334664
1753933
1966643
3259329
2744664
5973444
4594371
6898998
995869
1685146
1499758
5009509
342880
3320211
1323627
142876
3433129
3145905
1226449
5335296
3233296
374986
979492
249000
1683235
6918226
1565001
5976026
7766738
6037924
1798012
5013037
648744
6652651
1989846
1012621
1469851
4726251
8358107
2304961
4055904
2945796
3394405
5135140
579092
731273
5424520
1311567
1055872
810487
5040016
5348800
2320476
4159153
3058729
6467961
1548818
1563029
1411936
1675389
3817949
1524242
4598140
718001
9058852
289499
7096916
4451869
1050363
1519969
124643
2080781
2876737
3349701
47851
1062928
1233668
6865066
2307304
1622914
2591761
3897231
811904
723895
1257307
2206592
2992466
4408401
9560748
2922116
2014848
540346
1727393
6299842
5637226
1165645
2986306
133378
2912492
2541018
2269338
6943225
2778361
4484979
782514
14584
1646652
315400
3284279
1686979
2163169
2674828
1171316
6566167
1377313
1970032
278988
550525
6825566
253461
3939627
4899514
3502076
2897556
1671218
2863804
1677141
2739907
912850
4288576
1208642
1375725
1
6824376
2077153
4513351
2911588
2377508
5101083
2685292
1469240
3665598
4047168
3071789
4862057
1137105
2465074
1829616
7329135
1484203
5732540
106149
386105
7637509
2343927
2099467
1437981
214033
2604160
1273006
394759
760109
282511
1076228
3958971
6386997
3534336
3012920
1993261
1932756
2605216
8680056
692791
3330913
4138071
6183
2388941
2413976
267215
2287756
846451
216911
2606458
1815848
2744932
2766394
3823098
4731810
457364
3399496
460080
992080
1645141
3378169
3080009
3974544
496430
818424
352861
4543798
2348585
1427483
103654
1952674
8495776
3615269
43803
231841
4766616
8195284
4198596
7358960
2833357
1877100
6679365
98859
3002328
106978
2772691
4817830
641156
2056757
884615
1398333
314568
146371
955785
1855123
180544
3422849
2244634
3656766
2275365
2389649
3413389
647172
3802485
211303
2573064
3345735
5810884
1
2785402
1534835
3886446
4898206
5374207
3871349
1233211
2069451
722570
2941274
1902985
2198400
4321
4574440
1274201
2800096
6847091
141526
2348235
7167836
4559536
4711959
549271
347751
3994721
2117623
966854
7347134
584053
93421
1322213
1387645
2984416
1112621
7325690
6333650
1168287
4792081
5602072
820744
1060012
2154496
11204
1772538
922636
7459362
572256
8832636
356806
2022069
323035
789693
1242269
898016
4531809
2199580
82637
1485921
3431625
4725096
5316767
1155441
2434485
5092693
831216
3788154
3686131
2458161
4809536
941097
3085865
1919606
1450704
7074157
1762616
1
1097540
658560
1565397
6648497
1627655
1846643
6855361
6665881
1648277
1863177
197569
894816
3471417
547984
4860508
2935166
6588493
1680512
1519855
1263343
2044521
117936
360640
8035775
2476326
3814721
5169730
4745908
1604878
4589
3460154
1508394
153878
4883440
441437
1454017
2410172
1445197
3602343
8469889
7468191
90643
245043
3954388
2342123
47829
451836
844208
2932176
4364592
544035
164872
1262671
1973344
5726107
52261
447399
1483036
615435
1465162
2658870
1141858
3585305
447424
287167
382711
208970
2220306
1020009
3077584
79533
4015825
2786080
1282604
6436726
6546216
800926
3743541
946632
1964936
1187904
2326255
91108
6934296
1126238
196186
2880909
743341
483737
2826840
777404
4210115
1447854
538202
5186256
59612
3507817
2115363
851176
7446897
1796222
816290
6815640
21931
779800
540171
3911353
3875048
178095
6596796
3049954
480576
347569
1793171
4280097
827901
96504
922944
3622103
4018096
3106965
6932249
3964222
5318019
7727640
4330747
59559
5042737
4197805
1218289
7253653
5892561
4580392
2225480
340653
1639767
7273480
43801
5256493
2232553
57157
2440829
1365417
402257
5588941
872464
2070218
464104
6155918
348888
90441
3716186
1570081
4865021
715766
3767105
1617346
4833053
3923130
1390454
41616
2418093
1456708
1426096
2666818
3782717
99226
2441439
3726561
6132713
7476573
2643421
432061
7832129
2086414
4131528
3851100
8426356
4221196
123040
6127831
288662
4233256
5287636
3924097
3497916
890106
1492832
2637825
327541
283129
4798600
156101
3479232
1686601
5927981
6899328
331471
143494
524106
1617718
340098
3998171
4693007
1719998
3147979
873792
217237
153909
1858758
838980
4118775
7021249
310400
1
4958795
426165
4754725
3664188
3392163
3655989
2390262
520996
618108
1506869
1049265
2828218
1217360
5738496
295002
526258
6410496
73030
1326264
1341710
618136
2484405
1870715
4235883
9211063
3289232
2091698
816909
2826271
1965912
308512
8257343
5063626
5198943
8805956
3480136
1539489
200509
3187367
2282431
748056
5242897
6056840
5353496
271947
62674
1038811
1213812
3223342
8790881
81430
159616
4775809
1
1
1995704
4056304
76654
1258431
3245721
60220
7003641
1803355
1443877
3264328
544771
7334656
6712825
890288
208415
492989
449125
267832
1223236
3227323
6596929
2746368
1632259
1860896
2035969
6775181
4210497
4071321
2503486
5140969
199641
6450056
235276
2009674
3686962
1
5385515
3922630
895701
5869353
164060
2766241
29968
450316
5298190
958478
2881600
8050080
1473825
3639745
5436393
4245292
166206
7699087
5647604
2480459
786240
1250229
1468345
2349836
356945
619686
7617
644059
1173528
1552501
222433
638963
2131844
2143093
1067977
635797
4961290
6536348
193474
1528486
758031
2332476
531
1187561
761870
3156410
647083
373789
2859889
5904422
4694031
4037715
2522006
2931787
25360
1509977
3895361
2367040
4918253
4840226
3326197
5809311
7453864
731818
378880
7784737
1337436
962308
2524160
1725123
1879861
1326160
1769308
7034981
4566405
5840415
1432208
1264037
384336
1407915
4357344
2448471
1440701
202413
3270325
2131266
355473
5830967
5642783
560430
6608548
5453390
2104002
2969263
7619409
1495484
3156481
34766
2403116
3611993
2232070
3090081
1243815
2805787
734194
438411
3366795
8831786
3229066
1095003
4055440
601728
3070976
3587561
4974388
4743202
3746313
314488
1722001
1325227
25569
6531941
900246
3582021
526699
734896
5255299
5818571
1601791
2370873
2932481
2525368
1979774
6122977
4286426
1772800
767781
1307390
286151
2819550
2808260
2629865
3108416
928367
3724933
2194257
6623340
1654309
299003
592032
1703577
1357651
135645
1123177
118560
301010
886680
4264464
4456965
348095
1452501
1906030
942736
4332017
924731
675946
719810
7668656
486806
59776
5863438
3509836
2802944
7557029
1814673
400575
1810976
7118680
3441333
320383
1162814
1711432
9529921
7548002
2001507
5237142
1104656
2513347
3014103
7042453
239238
409509
4324160
3730386
121891
61029
842043
1370818
201276
974799
318554
2866880
3191856
2722368
2267945
2758661
185301
4595258
3175548
2978881
2877033
2020761
1117696
357604
130516
1256461
361516
66661
907471
166599
2364285
6373480
514018
184426
373940
900412
33696
77426
1114743
3836858
5360725
2609244
2412381
173791
1105371
1461534
847099
6315520
394759
2000380
3746953
1121734
5654041
984907
8074927
1205216
282220
5914960
688158
3848387
1545985
4887023
3784014
1792951
7464871
4575348
154369
2551033
5402715
2445585
1840851
138622
6396282
4992731
588846
6364692
2476241
3899315
445200
7179983
2408170
2754816
190201
1300360
6721672
2972656
1025217
480660
3977145
1611584
521398
4025991
1958814
4187264
2738743
830610
113121
967492
3240337
1089936
1155451
6118012
593797
669663
1344012
793981
1054684
1972635
6574700
5236081
2805654
6796251
1934656
2637791
4915073
7478746
329846
7503899
1179735
790450
5908522
1991214
3908625
4740613
6774126
2147564
4641189
1490388
32086
2257711
187137
3638805
3788349
2799172
6337983
8885406
3037160
5588881
1848341
1713465
4617500
3146005
457793
2917641
803416
627794
7719689
1011145
2188123
1873355
1290947
577057
9236408
2589599
7215264
3036892
1073829
6679192
28291
5977846
1838523
2710574
9149333
3952130
2813523
5073485
7554492
1747431
1783825
1240849
2941621
972231
2670215
730780
1456400
1058198
570025
897561
231356
3066000
477892
8528885
276784
3798105
7804922
692176
4998529
7121851
485353
2123790
5570238
5246539
2452262
3144330
131587
648376
369960
2322830
3071056
931442
2514564
2116939
1669936
8576481
414505
6974320
5951736
1980997
20126
4096281
6501011
53829
7858810
1211855
157418
789790
1013600
250234
2382402
252596
4284372
1746018
622261
2653432
6116472
2558252
1381137
947761
37088
2263558
759103
4245057
4346376
9061462
4107558
89856
570452
649025
1185209
2675163
3638448
1007167
1735704
1521525
780544
343456
2591225
3288619
2552313
6192530
188329
5195809
216835
1668804
858621
1484281
90399
1200095
8483490
5144659
7655642
6748160
1183095
835256
3334372
6437341
1598272
3047377
4361725
4675149
2874235
2243152
1123875
1448383
243112
3393183
3571526
321945
2471181
4523164
6948387
4023358
6604817
2187719
1482598
3368245
5397089
7250576
2285399
1068804
4256533
1125625
845542
6636527
6471985
3926621
1359153
7599411
1012977
2705991
4000704
4294592
2548807
4059064
8278921
1756712
1381358
8244712
5981441
3475081
1145728
4968511
3853591
3585736
90798
235787
242005
3994241
861689
1387120
4643154
1540161
1724279
1098631
2415486
3773168
4019232
7093942
129313
1594271
6910404
436565
6021555
2992283
5468427
106369
3620623
538236
182815
973557
634192
232629
3024101
197350
4650919
5892504
2923061
1205047
1377033
1901353
446312
5777237
3730294
2502547
1071945
2050463
367947
2878564
2844395
70481
249354
207337
1324494
361536
25351
1283715
178119
1475998
5435993
4045265
824368
1786171
1705472
2229072
3775032
3148858
6125232
2285424
573484
7779323
3485311
4417841
1384768
3708775
778105
2074097
467756
1254609
2797941
1422376
6454711
899136
2734761
474964
1871177
2381409
3834433
1128096
510609
4621751
6443908
4020825
1908387
4414510
169928
2312076
1107031
3183016
246267
2870661
3782951
336171
7892623
632264
2049829
1112257
8402112
247206
916856
279056
6457392
386047
6497124
381249
3948340
3276253
1986525
328288
782617
3510364
6597320
4263680
6221400
4913076
111795
3230434
167005
2696157
4302913
539716
2185393
6168450
3930326
1002407
372
1134306
680544
580677
116320
192001
1475425
1418050
1239845
591384
3454232
5247495
2394217
3918832
7098921
2849974
3669519
1474662
500841
4652390
1374187
1218120
1023605
1254763
3781177
5640291
1045738
3849
1845181
1962107
2002166
4613836
1904113
3752036
6945613
589392
2880089
2167792
774536
97986
4194834
4066033
528139
5256174
5539411
2690739
4124368
2524171
348257
1364320
5044350
4254494
6768064
570606
1067587
1176436
1069848
1786107
711974
401797
4327601
873126
842495
858810
1435557
933622
3826466
4867527
7973281
3484960
2576129
2013079
6325001
64153
495283
2984956
979777
2210171
1120359
752841
1252630
59988
214226
7085047
3164288
194481
4589794
1319508
262252
718581
117048
2734440
2254496
2266151
8348705
3278151
2568454
2214052
1
297977
205822
3049726
1038424
487336
735092
50517
382156
1498530
1841086
530359
146882
707167
2095079
4627590
2072542
1340504
7007095
4188114
958231
278999
966079
445666
79015
6085778
2622059
2121811
1550776
1338472
6126671
260561
5283510
404603
289526
1864218
6267564
4836888
2043232
3137017
1427491
8346321
2092310
3481576
1226
707079
396373
191457
964392
2312001
8358372
2367916
6711505
802587
2321001
2001950
5420494
135337
3034255
3839680
890137
1183664
2046381
5740723
2626687
3908688
299688
1621938
30727
1989939
3081798
122325
7216000
968313
1323511
7260610
2489020
595512
7399124
2553041
367991
5837337
5358365
5743049
3559393
5630236
2209125
754657
1843195
153777
311081
4460115
2323972
22761
3657579
2603119
5843609
8607845
880966
12258
2166876
2063020
4856424
2727299
558273
3460079
196101
845274
3243472
2460203
3728497
92625
1783962
1559041
4625449
2195
3231539
3783814
338875
6586408
4094655
6576283
6030805
218005
2423430
1443529
6632501
2458065
1396160
452436
5815880
929223
1546665
1540353
413748
693486
2851729
3079926
2350051
246160
8336683
2140776
2435486
666342
7081974
2230138
2622904
25734
4048101
295444
6617214
541672
6350665
1770711
89629
3938302
3150337
377913
630424
9553352
321760
451328
3012444
7853533
1181380
209479
1136256
5906199
1113986
1587511
2479492
1053519
5104069
1848411
3588241
903690
131614
3127189
1372959
7644928
2331958
9289729
8875164
2513760
2866582
2281504
743246
5923405
6137244
2670857
1086861
5988096
2939744
1990489
2261929
96769
300808
683064
911366
3182944
349867
7344
2308453
2246960
2097313
5792124
6914750
154336
2196588
3708185
2814914
2686682
1077738
1559548
462225
5790784
9408008
544465
6540656
742897
3081544
1053683
40819
3596023
1583450
488991
169522
1777440
5319276
3639537
3620193
669106
2245208
1677325
2115906
2351514
517427
2509814
81250
785986
1059685
3472930
5455345
1177866
538392
2253991
2027336
405350
5526529
4672783
1197232
5766631
579662
794449
1051605
3524701
2723430
692528
5026225
2980183
2194125
2668303
1697598
4309671
14406
582320
1191800
2773046
1136269
1224828
823987
2398686
588006
1973214
1964327
636735
1388589
1746751
1667876
2339749
2719449
828915
2682384
1003836
3050741
582358
113016
763896
922855
3599292
1566721
242176
1068098
4204400
41031
8270288
2976408
104720
4270964
1087237
2310388
7141316
1843620
1742941
329845
1111387
5857763
55147
5869920
3736125
6784441
3264844
5362604
218334
472336
4315629
4522535
2993432
5054006
384052
4207295
3114823
2329958
1410981
3596702
3340807
863449
142176
2637604
1325403
1044379
782829
166231
241696
1949021
2257923
3213500
221285
766524
1287187
4636381
139966
2368128
2744533
3410451
763942
2731474
1012391
835493
8198465
1917536
1164961
1665135
3153281
2706791
1260178
5026285
1833122
1235059
1132264
950751
27125
4626650
2316016
4092296
1964935
389368
7686639
139753
6145583
2976993
924614
626868
7228828
1436457
2305616
967555
910284
609680
1326169
665955
377569
2112708
1952674
316449
463246
32391
2841499
1052136
2923566
671452
214481
6070538
616377
1137475
39867
4893727
1713181
450648
2825265
503512
533011
550670
2766001
1165683
2215133
4045600
2107810
2713559
1343275
1687870
227773
883116
1415414
229130
477830
7575286
1885521
3377098
2059443
984125
1163448
75269
416275
941513
4435728
5239426
4702651
7593547
4942687
668284
55336
5552219
5303682
94214
859465
942580
399551
5577571
1262781
178165
1585407
5580149
1496137
1407746
7044997
4881218
813163
1789840
5431516
2081457
2138929
2976807
774189
1845741
6400250
626300
562410
2888355
564610
196371
934956
3948554
5500915
259739
719088
5554259
942354
481146
1040906
2380195
1923808
1359352
2017734
1
485588
3999090
85066
1367649
277857
3402673
66926
639857
1935986
522649
2608384
3829968
4309380
2465719
264019
5488209
3575857
2758837
7991140
98304
2279449
4351096
2199618
863952
7685697
4457520
119533
1163116
3489784
592434
4835500
2069626
110511
6867085
693865
1305580
3520137
5853093
3754451
2636794
7251472
4536797
3394259
8298013
4980576
2003122
6992089
1079895
5030101
2467465
960805
3596864
4375966
225321
1828477
4512256
108856
2790576
2287708
840546
4480134
2841808
823612
6913295
1
738056
2154510
217283
3654350
1972252
2609146
1919727
8284912
891999
404405
5158369
7972765
1519603
65164
79360
2912281
7199265
169775
1636753
719356
3998508
4355118
2035318
1977494
8408577
1658971
558205
3696121
518861
662560
5075686
1
4785041
670987
3510255
8446432
76581
2238131
1555626
160644
3036448
188287
2250505
3220539
1763811
8815428
1670275
478430
5928443
212324
1878250
2458219
878765
3694028
547566
4092506
3141187
6611383
5931147
4764373
115720
2348988
5564201
1482876
1692347
4944268
44327
2599618
5298455
658521
403770
3033725
6618526
932453
6847554
1148419
1599643
292864
2322789
237250
213344
3988864
520485
3263221
1844285
6476775
63306
5489794
9207991
1292417
7169983
2726108
7666037
932148
963397
4590980
403184
7151981
936736
1721901
6275303
1324801
3204356
4890653
432379
6583175
66589
1272947
519021
3917482
4980034
2881205
10175
2939470
98565
84616
1
41805
3115738
1961213
5674652
6422615
2159659
2756091
1887800
4770979
5226005
3400361
130096
183426
1756485
2909458
1731525
148416
2938624
144363
275826
1370048
162030
1671496
3645894
1156416
242542
4465514
836422
1179199
407001
1662856
1018576
1924153
4297414
3133976
4660570
1255400
62180
41013
4901082
3319567
5575357
334286
3750531
1319053
1561275
1279776
134391
1734003
1235129
5469678
77121
130466
5355944
1806915
1176046
3277716
1634965
2291743
1261101
858499
228577
4184437
1104697
1388640
4108291
1161400
364326
1
3400669
1468159
2501852
209089
6344422
2174428
5833130
3401494
2237706
5054736
1801332
2057569
3186142
448892
4699803
796424
3332583
1624150
338608
926768
6820241
137840
2218599
307001
5592696
845407
959932
125332
2509927
7451564
2149038
2158402
4519936
5900021
4666181
404851
1471570
7947926
74480
6118324
8658597
8293156
2395808
1472570
2692835
1033475
1454237
257416
103565
7138576
2880598
832456
218930
3159481
8724466
4687520
2317879
5764235
688756
8022715
4609917
4836120
2100585
438305
1006990
2155119
4053238
1094920
3646624
5911070
2171129
1037072
6878623
2425717
2319094
2839684
3546957
3420677
804317
910903
3234002
1115575
319081
1278135
622829
2680625
5606744
143620
931761
3274639
670420
2219577
2158816
420850
1000468
1549210
220396
35551
4665606
3061820
1970229
2763343
103889
4005810
2632489
1454205
3265737
5506091
5101292
2147749
388010
2071969
1385832
193321
375301
307713
230322
5413108
8167826
1243174
1859935
5951428
1811876
2049856
4034367
1634817
2915706
4513708
573226
4398245
2680458
840290
1159623
435680
4048358
469767
274185
62962
7547661
160906
1482010
1969485
196973
2123239
149374
4435327
8505
7556517
1304201
246189
284353
478155
4696739
921088
2825821
7677840
617654
635808
83992
3840661
6548545
1005944
985737
563892
412973
1177088
204950
8929512
180428
3403091
2105401
4991361
1737594
6437071
1790986
222641
840669
171390
1337884
483147
1492633
909568
5017484
2208655
2031267
187608
1872963
6889958
1061304
8320313
5912
310976
375943
4617369
331543
6484881
4341482
105673
6653076
3718393
83436
5816223
2002817
2152767
606492
1462588
600425
3677119
1122499
1497681
2018089
924853
1045378
588748
315901
700784
1348243
4787263
114236
3933986
784771
5750483
476257
3400723
370307
791575
4911493
3456832
1476225
2812676
4905608
3178867
1904676
114778
1120224
4405755
1935001
2698510
2669520
881981
5789924
1161225
2083504
2382696
1039611
671704
1120945
2119689
2609465
2195977
501473
6696321
404
224887
5131801
1926927
6197460
2163188
3497891
4138330
705595
2406783
59219
4637162
1441181
6497718
1564404
1245733
1212688
1177056
1016643
34246
3154647
2623330
126484
1082961
1355872
4171186
2484280
2531257
112487
2582606
4058946
1432522
421686
126411
1243833
1648180
689095
4850632
239872
1727143
3771944
18499
503176
4073405
707112
2981507
6777638
4722467
2613896
3551850
2822509
5329423
1963424
4562026
2214281
2106112
2407129
776336
2788246
1786169
26932
482389
2324960
3265626
3504542
301833
3588702
373627
6812455
2917704
217093
536257
1348942
3494691
160705
327461
652911
102133
993136
2028000
5305279
1156864
1354212
3070515
779585
722508
3309648
4096
5870809
3692964
948422
5490281
897841
1337478
5990123
1009910
557689
843646
8161553
6605969
245917
110208
2841596
132052
383572
5577745
2022865
309217
3474031
2232673
3865947
2654296
2779488
1641950
761331
201765
6871033
3248324
520839
8912545
540139
30292
622360
1678763
900376
998128
1986561
7505741
4401162
30801
3162670
172484
526518
4329613
799932
1046000
2081844
403691
1016600
1814410
4706537
835240
2734750
2690224
5167556
720378
201604
54802
3766454
2713017
4497579
754399
70711
1471173
283616
188758
2779201
5367640
4648480
383095
2114563
898746
4117744
279729
6134751
5033028
1985680
1040489
4246711
8603445
1363377
4912576
6006641
2754841
1452016
299597
3415146
156881
5801184
2551915
1671886
5558020
853993
3725509
968858
3147352
497355
651239
968248
1240340
4034253
1408146
3239647
2159578
4160311
8431875
1679616
962571
3193957
3267559
2526753
1013889
2537217
8977281
593043
448640
5128696
62573
2371401
319848
3011040
6014953
311583
90176
3933441
247891
3854254
149241
2415157
8554280
1093588
907614
2939689
61957
3324866
713963
1532636
627644
2146926
497893
6002145
4111578
2283121
4808704
293293
1982409
4189668
2115502
6173503
3818198
7428552
1528285
669986
116216
507913
443040
5755413
976088
1393309
6941828
4358656
419968
4340860
4597984
75499
4397038
1027128
342646
2514925
665596
8540598
5262968
232192
775495
1725136
1484874
4480225
6361742
821965
54951
1716111
1446411
1380954
948871
1214157
1689009
856790
2508027
3069280
2895481
1176474
4009713
3681579
1547264
3785633
712536
470977
944896
5484181
3317222
4036686
1531000
1385117
183868
1927318
3216426
8370077
5579132
920416
2550934
1501512
629880
1127665
90313
831987
270400
5368347
3429634
1996677
7020799
1899414
6579783
869894
3957213
3345395
5634999
4910413
1304227
3220147
4668865
1687220
545728
7712544
255753
4559114
508751
978645
8323209
2179511
3949515
5246872
1439140
4308484
3964061
428838
1117840
1312429
663740
5962177
656401
1047788
1610149
191674
370908
378248
8047186
742745
3389497
7165049
4453080
4979341
724262
1005861
1517687
6771801
3158123
1638210
297241
2416655
3782365
3119392
1546629
1085076
3238656
475552
4252066
774696
75781
564168
1400478
7122245
3164948
3614624
546395
2345984
6213196
1075250
739564
2143300
67176
234820
7161652
1029856
1288862
4442793
3242999
1511804
827392
1092841
644931
1187596
2248875
4018927
1063532
1018433
246361
2477188
40546
2119888
3577583
373396
709633
1444249
9778666
7227858
4153681
6086799
176116
1037314
4083561
6112236
1338765
838756
1369620
5911395
4126062
2421289
4083246
5483697
1133767
1672946
28810
3629812
9459073
50254
1340622
4397499
3016762
4835449
1831271
3203266
7059422
397992
733571
1574933
5607681
2628945
1377254
786512
1978929
3976704
696950
2636961
70977
948236
1950229
500822
2283737
1230206
958533
7527424
1042795
4307641
2155944
2152869
435501
1225584
6382041
2656636
2020957
6262705
2780941
4439368
2530395
3370238
1646023
649198
454525
515555
3816109
8265233
993868
994927
2435211
5523784
1822302
2646996
1564070
4200974
3561114
1340689
3281014
2499809
629157
3484531
36630
1824146
1145642
74331
474697
4260736
2987638
6190620
1495365
4644262
1459701
3150877
303875
1061956
408177
4896266
2805699
4581372
1769827
428389
345441
104651
6074881
4746609
232829
458344
5940988
5940480
1848646
4291380
2194965
32195
4396655
8846705
1486304
1665008
5177321
1199504
1515585
4206601
2469808
3268707
599568
2809339
2120551
1257940
1120961
1209144
236104
72345
2877406
2473928
514765
1783223
1577481
3773397
305173
88497
1282827
2247876
3364246
1317889
1609101
777522
231087
2221363
745120
1908478
4337606
2882901
5002785
4660225
4719311
1494131
216124
874444
309321
4804643
560360
150762
1320115
2401483
383574
2743588
79361
2606559
562013
1693366
1286434
3959896
1117754
887753
2637257
6215427
146874
3387025
2084136
2475296
6070348
4406246
4090218
2027376
530569
1826555
2671996
2545676
9310913
5596610
27796
2580549
745628
633832
6222061
4456571
270591
6504256
1643240
5320737
41542
511955
7098549
3567001
1669181
7179582
3757221
4429548
1573534
1690785
21001
6472555
804545
3119075
396381
5361434
2755139
8080170
4624385
165056
7956271
4084336
3618066
245344
2873590
6043675
2533184
1442304
312324
966601
2124296
2575109
2477951
1412056
1900192
5718192
432055
4657824
6829906
5207551
3417073
4191553
1963521
3257905
3680260
153061
3890016
2333878
1971746
6404672
856428
3288265
4355078
2623360
2284267
2692086
353137
1231273
2175988
205253
3051544
5046991
2969946
3515684
1347948
5214168
3000601
1485660
5776331
1728568
8829892
2628677
2718281
1785160
2344518
253746
433113
3356001
2090864
2208086
732997
5173606
9420601
821957
1357394
4773549
7078516
3256763
6533280
4405600
3113919
313270
5816559
6648361
2164178
2789405
3657465
1226845
422096
3221086
1730148
368881
201336
81544
601083
3843697
1713547
2308025
1765624
1216720
1149327
999586
853645
3000698
156839
3532965
115552
6203473
76617
725192
2053491
2790033
3421388
1743076
1775314
806496
4059686
2296306
4207480
3166296
5727976
3323017
1349393
557591
1724252
5332839
2282556
2753349
2600790
2043690
2335881
2154496
4472216
7975520
2186445
27333
1314451
1598752
7595413
487356
2221662
1588907
2442016
2571743
1022474
121280
5200201
814815
6232537
24531
1671355
1174055
4124264
3463169
1973583
643207
1014391
2574757
2323975
4278430
825161
325276
1600964
167913
1527838
275428
112813
2360382
233807
896376
1851543
120238
1073297
5352832
742400
2389539
1256635
27166
2191856
105537
4619110
3888706
9368347
925785
3140544
2131494
1837993
3006366
1012632
7368256
1763329
184385
2962665
76772
1181665
1742252
1805651
3488382
1397590
2436501
2458132
1557350
5133856
2122681
537285
75521
8014804
1273822
1
875201
33824
7011720
5284456
9133496
4412373
1907600
5199672
1869345
395132
3511756
346351
4595485
3925009
517211
1363647
7289548
909224
2165739
531181
455041
6279256
51698
1462363
947521
3308881
2507913
6801560
95193
218330
730645
656505
6436726
469941
283648
2320532
316241
96314
1262054
7928343
871221
285581
635305
3508285
3061723
264874
435081
1072591
3088323
122555
2568817
6685263
1142000
1014073
498064
1515930
4264834
8229924
3094528
137971
65536
6457896
2769171
4690924
6463972
2161819
5888164
244476
112666
4864449
3108400
2305928
477309
288846
4508431
2274906
2329216
935509
1544554
2883376
3425025
1022709
1829855
5759799
5564245
4784481
465675
1705033
816012
1232809
4695881
1917972
75916
20794
170914
1561536
1111630
297597
2054399
474845
2821393
927377
617695
603620
254260
44461
488550
1273719
2763779
8125301
3428503
4029936
1911405
5528717
1373874
156171
203000
4520543
5455970
2773194
3032754
1633933
9344350
2402304
1209334
76221
179705
1163169
2130124
297376
749972
327612
503565
1206984
1643716
88028
3470192
509116
2080516
6068660
572302
5169693
735106
746525
4878448
1380466
2312658
604857
1052069
7522434
602187
1723720
224914
2494760
341249
1500312
3687389
4608237
1633680
1573246
457675
116065
256
135809
1405112
327470
430438
621106
1548064
2580645
4050133
1778122
6167773
1519069
823776
5229344
5028851
5554965
828904
6579008
2158415
2403995
5607241
2893151
3704003
2011151
373565
157224
8102068
2356075
6107549
8131801
7766603
7648261
2333613
5612522
3137580
5888630
4161940
2927388
4590144
757632
2636942
136003
553851
5235372
654486
3627649
1631512
1699240
3491646
989416
2326017
152593
2502116
2025416
3110706
6540282
1
6106406
617605
735055
1007259
1657826
5087846
3227299
949972
2353617
2135295
81145
4924286
1595149
3483220
61309
4442329
544375
330025
2496190
755973
125557
2322825
4100725
1073627
4397056
2542107
6204661
4614657
2861016
6331626
760307
915488
1683329
2337653
218268
877169
4139454
505197
4187400
3681924
4763195
6202924
4175488
4704990
560111
4504893
7016
1536330
419595
2066722
2486475
260672
5105646
207540
1145177
101634
343900
2554307
2518533
8423933
812125
6434915
814234
2939903
2425400
6062682
499909
2156992
2202341
2690839
1245543
131858
4093630
2524756
2157570
1325571
2556085
1369504
610520
513721
303246
268541
297764
877665
6763513
2745775
2261110
1362942
3141475
5990525
2522172
740957
7159428
1872871
1159744
3127205
5954269
1452609
1533968
8515592
5787213
1218153
2950611
3698308
4847874
4248817
3213333
3837181
3286375
5193721
990529
968437
197112
2544121
635720
3793601
2382880
2368184
3936486
1400162
2101021
3489856
6565
774172
3911574
1040837
2283634
5313457
3593536
2598324
6932443
1852579
1683338
2562670
1594510
9444266
3107485
5204786
6456363
3268956
3030403
976344
485761
2165119
817408
1374925
818419
5667347
2275465
588047
676855
8122412
40648
711667
3404619
2353632
182797
771536
1030176
67147
259604
3330201
468861
3784911
5958950
234866
870561
815151
496286
2687071
218137
3314925
2015869
1776478
979343
2865801
829786
614072
2017231
5013931
613261
959064
3563145
175620
68755
718904
8483344
4185741
6872059
2422421
1777232
3340201
9021
3174647
216663
1219453
2185006
919084
6972540
1523149
4429065
2463444
72048
5556384
3017176
3625519
3471433
2564190
643431
3545503
2175881
1614652
301831
1044784
5564308
573996
6712771
6377776
4808145
933649
1098813
4046337
1774426
67202
479444
7161201
438917
757351
108010
960126
105287
419976
1090206
2210168
240756
4781905
5735683
1317517
2595423
1444057
1545643
1406554
6364193
1745036
2243746
1958016
965521
5621248
781056
3825404
2311168
5574808
4079670
696512
2566491
2767197
665689
1167949
6973327
4323057
4678461
2434642
2746155
1931404
923305
215765
3253445
1956931
5656051
377136
9519996
188462
1833187
210581
8705547
113499
3289382
2690754
5649487
4545367
1050536
1597511
6150343
2734481
157853
115675
3878485
1552230
2181648
376509
5031116
427793
4308651
416341
109125
1308048
546905
3003785
1606501
1
3046702
1193050
644796
1004890
2748250
1833751
4423792
1005718
3666009
4617998
2184321
467400
3629450
5671744
817516
546917
4478761
1330020
1136344
1164678
1140913
1921186
408821
4162941
1399896
581966
271314
4286361
1797069
5856050
3926406
107134
500175
95701
2877854
4883745
3081514
8193776
1830901
2601990
1042201
292821
5730201
2131280
2073084
2750656
3104183
3920230
2412547
484841
8488743
3064928
314432
2257450
4003843
292538
1658861
7200670
6484348
2003828
1163220
970726
8162764
3669279
1307244
1913521
494613
4089816
7108467
8052952
3207190
2015113
272113
472369
6124988
6248130
3392846
849596
6375626
2164126
578876
1019712
20563
4400001
3774909
4597606
1790908
6842263
168450
127676
683490
2481632
6231099
390736
234540
512058
428821
2696560
886818
1142706
278925
5842252
2724541
1790466
271121
218471
4059396
3148552
1233771
891528
469959
4101094
787648
1296816
7448421
6651832
172103
1124928
1194281
107242
3807322
766060
279059
164893
1700896
5598131
2237575
3726438
2701615
1628716
1057921
1424020
6042877
4946457
743072
4101778
5144256
2725384
2684030
387141
1479633
1720050
4164096
1485903
405230
7886080
1598340
6417181
2353100
500402
2471723
3206292
1462976
1335824
1052004
1032831
1094760
2430406
9434784
569847
4470777
292794
5353019
1382212
3448089
4785737
438586
1176702
1377130
2538236
613243
5600092
7100164
807241
4613732
3644346
1319355
1369201
255509
2865885
1689256
596188
584641
1117432
2157952
1126536
2674819
6746953
2136224
24857
3409188
3052757
5591226
970189
1101720
22905
975583
6372304
493861
358349
997704
3129607
2653277
992977
1079690
4686
151171
187925
387960
872224
5302839
2720908
267311
3265779
152751
3371761
5189355
3980929
4232807
1873591
2375330
4627881
7065784
6667949
3826143
7104202
1192322
3834656
2853649
1449241
2090368
1627923
18880
2559608
482786
1193676
1623832
4528975
6054857
1817344
5334949
29276
6728440
2813397
1494481
7993703
6079272
5952936
7678413
2958966
1817811
1293342
3409183
1790052
988532
3317120
358345
4012708
6020634
4083597
752062
6085053
227070
3606955
1633050
2277129
2771213
2101729
8679490
2650411
6427796
1245691
3858151
2747169
128176
421213
4147207
1942131
726964
1034059
1921272
378436
917809
837712
19719
7139787
547349
3439161
1775489
507060
3173365
1577597
2441229
2417367
3188126
3791288
1183696
9554
1261113
245617
564320
2759521
106003
88191
1402216
1581781
5902689
52312
2049043
4002783
1813112
7003862
3754144
3758363
225677
3946464
3027104
1612564
6767307
645675
489024
2715156
3130168
2284893
2653204
2486605
1780571
2374300
1839976
72873
451888
3038576
6041361
7347385
5395456
89190
735254
640233
2730809
5170197
6385366
1604331
808353
3323179
1540409
692215
7999164
333843
1560439
607384
780235
2341345
550126
1361707
1340631
1891328
8217052
4486584
4850566
1558093
2557974
879446
1031701
146340
322774
3079850
855941
4325223
88088
227216
410329
1662632
7067442
4102452
1638909
3515680
1797272
3327640
1234280
259777
733619
664900
2901760
255928
7370884
17425
1619257
2281851
2732836
495829
4249646
6786492
279895
4407556
3407131
807432
337473
242544
8440180
93818
46258
325833
7203119
850127
6758689
806434
1937494
1265510
1625856
7261209
147484
2082432
8597136
575270
317725
87024
2285614
1657921
287805
2035387
4999567
3084957
3000105
4099232
97968
2165686
945981
810307
1734334
7553041
895060
6298127
383657
1781665
1783201
6384589
3889754
4165767
699210
313865
4440106
2748430
81026
1413433
4783071
5358400
2376795
962048
975813
1308608
4216472
98541
2885723
1640689
1548045
1004504
3567436
2231385
843189
808891
8809516
10627
1954210
1447167
369049
2211524
7587102
4694577
3449610
1993246
506910
343176
1147974
2336160
1570726
4201861
3134881
1235956
2747213
4176386
452539
6148197
4637925
3175647
2105117
1023646
1488400
1371532
6805657
1529215
766466
1502793
3972456
2831096
822871
9007595
37183
5572433
92710
7398459
5805151
1578367
359346
3785809
925671
4003370
1519128
545916
3674224
671938
7036974
521646
3743125
1926980
30720
143392
2644435
958746
625117
161323
677566
1508269
7527512
5153032
7921007
1306800
177736
5081280
454861
2089099
4635878
1569136
672460
759732
3996276
5402236
2507633
267125
10396
1206081
3947764
1295001
5226676
3161017
5930716
100746
292912
3907036
3817327
189564
938981
3633969
6016920
1299592
7880226
2175295
3815033
6109719
1407704
3105596
719194
177558
1951027
3001496
2078652
747395
403833
1279692
3574081
5412478
1520149
2889428
1148904
1991072
328531
1956900
1508016
2495701
927855
384030
5527944
876481
2463705
745856
3564010
2152576
3118369
7761729
173860
1001725
8821256
4511473
566368
5595847
5027269
1595721
1242572
3182468
2100336
6138695
933676
2575584
1594815
653209
23360
409960
1235883
554449
1057812
298408
5758629
1965997
650350
1333081
99316
3403348
3190182
826804
1729554
2800494
3095038
123902
8152051
3600918
146143
2045653
425792
482188
5803042
1429661
3549648
2242239
3867748
604990
40545
1232827
9010217
1615557
539899
1995512
2553601
235065
170457
6220899
3459765
1070961
464256
2253933
1044564
1779396
680852
5595156
4515870
891356
2767261