4802161
2490937
1
5137606
70380
1304842
6419713
708843
3208440
6396778
1833371
3479448
5631354
4080700
6205948
623666
2702509
4271362
7184072
132755
6605074
4681445
4588494
5432563
6348865
5371
1556993
4333384
1173228
849284
5378489
2754228
829873
4218914
9069376
1415155
4014450
6286369
1988332
3645786
1315393
3837716
2612247
3747485
4350181
1605808
7412431
2743928
3880051
1277386
4428326
3279649
3349609
8171331
6301755
6426501
2954961
3141703
7954385
4428
3525824
4290001
5486242
2261861
4177629
3425149
795385
4831192
1741378
692272
6571425
8177818
4044315
7455649
1796105
5106660
3685601
7301600
2549351
4401432
1932870
5244823
58600
3824713
4601206
6140709
6236998
55400
3005645
5400675
4314340
2410320
6915729
2689842
1345628
5157272
4448016
5401799
1251973
2592315
520684
454491
5167876
3073389
5257816
4577026
2411669
4710728
4359488
3145652
443081
7152458
1445455
3189546
8733357
229978
6066765
7043842
2158874
3663112
482733
3873095
1259877
1466354
3377893
3863225
8236417
7767745
2629511
6408551
1
4693313
3255652
5843179
3811928
6112527
905392
3129098
1381297
7670524
6393961
5947228
3023696
4830775
7912896
1205544
4536742
9391957
1733529
1508894
3888904
4928808
5316091
1625733
2111716
6678595
5304625
7851120
4482848
5718840
5515106
2804012
3588596
4218658
6571861
4761283
889101
2120463
4322011
9237876
7080091
3790456
3282009
4677751
4801685
2934325
103447
571873
14810
67348
4866277
2641276
3606661
1
2867823
560743
3138643
4176308
3101392
1772277
6779395
7289068
1703824
7395820
7430485
5221297
1297206
7405586
6323996
7261331
4614775
4308416
4677173
1806846
4536904
3820881
1819871
2261972
4561360
1252838
4326414
303051
3107016
1146601
4058272
5243304
5987999
385529
4918849
5039596
7359273
6148601
3139064
5986601
1662049
3877605
4160418
7356241
2211783
117457
480151
5715737
3780501
795102
6294587
5458845
6766615
3774383
6274465
3478146
8232165
4482791
3075661
4135354
1397296
5032320
3103109
5351326
203825
1815196
1119412
287976
4564433
238260
92421
6942396
5492867
72424
3032496
5297947
2881394
4820268
1899717
861498
3721915
4650248
7016796
7349274
4122756
3153745
7047445
5707280
4796091
3809401
3646968
4815745
5295121
1769216
330096
1471070
7361269
4062070
2143729
3587156
4005236
2960469
6167561
8938976
4738566
1295317
247293
4277281
604526
4812193
2002168
1648735
6024631
4317846
2282342
790262
6395662
2953092
5408935
3971250
8408906
6627532
2018814
5047792
5085354
3875327
581986
4591522
3160157
2761975
3085174
946371
3887023
7301386
4369387
4310131
611579
8442057
1439154
3964585
3415708
2717847
4502849
2069074
7139140
810938
2818453
560697
6217369
70336
501022
6975397
2367346
4623733
1895246
3084577
3412128
2865132
3267195
3977753
4557960
146187
6725915
2635554
1058681
4320240
3353411
5264715
2579611
5051914
5201501
3793010
2608287
111835
4610823
3573477
3958975
3496960
1330952
3625216
5349969
5982724
5782714
5038650
782254
5725034
2108401
959076
5421645
5614769
319228
2118491
3264028
1220100
1883106
395230
3105136
5405341
1710096
4991792
4172746
5579384
6117835
239108
4397494
3344672
7144613
509114
2191037
5248642
3541969
4712280
3236706
3351781
960234
4269825
4761107
444697
4724590
7564747
1794229
5412329
5575993
61625
3418801
760597
3092565
5239235
4078416
3706102
3344075
5688185
6345979
1983795
2148205
68419
3229589
6400810
3317924
5372056
2712267
1773171
9139107
8807623
234496
5343360
3833352
9535696
6329233
3595728
8096433
4055158
2636793
6139249
2095865
3108792
2340771
4730794
3079861
3017211
5534368
3975812
5136697
541124
2519683
1994669
5488848
1491217
1607097
3320441
5535420
4116758
4611040
1622731
4026159
4822989
5967721
4548820
3660191
1032865
7229794
3487653
1273912
6435916
3266457
4747216
5154250
2220666
6766708
4760786
2482888
1676128
33865
6405353
1207681
2074166
2433249
2332480
2796552
3036680
94226
2316523
2316399
617156
1816117
3586927
6916293
4909872
319773
8148271
4928821
5051536
4321501
830376
3523785
2286751
4700043
3080025
7082999
3777729
1963417
7061692
6972792
4327911
172997
1187253
1766329
2771752
2487473
1881895
6141178
384121
5658637
4430845
5908465
258890
1423087
6298018
3834344
4400266
1200485
5061659
2025779
6796107
3686831
2376555
1916524
4437463
6180497
3390436
2727370
553717
1540801
2194336
4047992
5449851
1261968
3305236
5463556
4268356
1281366
913438
884048
2526280
958657
6462674
8431072
8173662
2546951
1397544
6447952
4849081
4242438
4776708
7093609
4261313
8178017
6955551
263868
8998661
233244
3945064
2486548
2870271
3557151
5751090
845559
4713423
577907
30561
6558184
6257373
5578815
3759484
4190257
1858216
871814
2960091
3331665
7939
2680461
3796051
4958969
2993723
2182309
2031451
747694
5268211
250116
3189663
3348209
1047697
4868093
3168557
730034
676481
4024714
819695
4932843
6068095
1676105
4111770
6341536
4963265
23641
626196
4898182
31332
1640919
2260665
7183080
1899008
870695
3743685
3205361
4558051
380352
1373065
2827622
6953286
4158381
2996983
2236989
4172078
692052
4667733
1587793
3718716
7157217
3366240
4627925
2300765
6571964
2093532
2199745
3397137
6786714
3733353
1929196
2514215
5450254
4415889
5133121
195696
1400343
2275570
4119010
4889761
2571853
7489384
4754592
4108124
5732174
8292116
2662904
5615180
3951801
1255558
5867857
2905599
5367886
4831024
2597739
348706
1503761
2034068
12598
9296499
40546
7074054
1038994
3501152
4559221
2153187
6284356
2624761
5483716
7096425
4893349
1145553
6687151
4912104
6528075
3243244
7481088
2093576
2293969
9240473
3625324
6198874
6227067
5820850
7019077
5050991
2089341
6598401
4272016
6385729
3097871
8163261
4348152
5173965
4591633
3393361
6508036
657451
8717910
5045884
8096418
7713265
7113910
4052892
8759921
1987266
621616
700795
3098896
2894305
4387056
2954691
638904
3143911
4005939
6308263
2688741
334398
5921426
2610105
1808736
4810705
2139621
5460865
8470800
7756065
3241453
2629498
3631217
6858202
1091384
5747962
2748628
5221089
3365020
1322874
2059528
756892
5797694
1370761
7727424
4266438
2015104
5373904
6092532
4800421
291320
6002419
3182302
4391629
1990992
1334728
626399
2943937
5403046
3077280
2193322
2718711
3589336
3477337
4219769
6580162
6845561
6566986
2462843
5567176
5610865
3069249
1784896
5110984
3794741
5427601
481306
824550
3836628
6466110
1000944
1523831
3055793
3471480
8358191
1585081
4189837
2843504
5332398
7759632
4340289
3748681
3555244
6765376
6161827
2649020
5680130
3853918
1576384
2158592
1126821
218487
3927356
4161704
5614965
2418087
1358599
3192912
7164794
1504528
3395605
7705711
2052307
4997286
1908805
6931523
2308159
4844896
3856873
1234227
6389264
2724100
3537256
437080
5758993
1137836
2290012
4171626
4433869
1673880
7483329
3101301
2025729
6489517
3266358
5482891
5277898
2717397
7474544
5273464
4322556
5342100
3833225
4690360
5301313
5725813
2804373
102145
3966618
1470561
3234034
5702922
6991883
6402145
2167919
3366163
200026
3606491
2131625
5752457
7796251
743261
5230384
2191654
4847781
3573836
429614
1044798
5407836
9023261
8770384
271108
3738924
3635176
2892321
1189256
3453536
5115061
2718437
4143244
7386571
6724934
5987178
3777466
3326621
1260357
1598520
2479010
5099111
877276
844366
2983069
3000704
690076
4402030
2711479
2236080
7916190
2215327
628231
5236969
2835561
1009482
5952841
5089303
348502
3431055
693525
4447617
1006067
972954
4404485
6059840
3905302
5854716
6301576
2145121
3635320
3145876
3801372
1785356
200548
1267366
7298864
200248
7495603
6990756
5156620
2469497
3150033
4885521
1551152
4034616
3460763
7345231
4843079
6411034
368805
3717150
4969831
779157
4046848
9213403
6143776
4764340
327584
317907
2436113
556999
4398234
1693491
1704457
3616786
2898863
278508
2523921
4195548
7801771
1269301
2114826
5702161
8961349
4158879
2922945
1844744
1595419
1149700
1470434
5142974
2368081
5009712
873544
4278420
2650131
1258178
1165501
7400819
9091003
4734146
4782036
722311
5568025
4256800
2025086
2687311
1665471
2842999
2468601
6942875
5119100
2566782
650097
7867925
2832016
4293024
3439632
3369171
5377531
6221900
1086518
6839288
4325673
5480570
737753
4870926
1640073
3718611
2304548
2248406
3176011
6506901
3323907
6263961
1172797
8287176
7410080
1556203
2419736
4362961
8278031
4420086
2990981
5251233
8578986
5317974
104704
6151510
4271521
8066241
4624525
6629120
8933668
1795932
5230766
3918720
5082510
2331918
310846
5733120
3886191
4785806
1923663
4870323
3438000
4328740
5620334
4945181
5040198
3130489
373906
1245177
6291175
1712271
6257965
8162236
3378608
1549534
2892916
989613
2792744
1694488
4673305
2698063
3465832
2207783
3155049
65299
5234648
5113527
1907280
3487120
4276276
2551558
4549223
3022375
1801617
4243786
1167736
1400472
8287888
7658887
635419
5586457
4938462
586782
629671
2857863
4285896
7942336
4167017
7427442
6504077
4466495
4528138
3109711
1372925
8084977
3765150
2211616
3720249
5111982
7964783
4219585
2442136
5127166
5148588
2423456
5977000
4621584
4965962
400196
5039227
881259
6115197
3065600
1054025
3215371
3525240
4839340
1743161
1237618
1676961
2922743
5131216
7428854
6737031
1519643
3580608
7132416
4773734
4986318
6107104
1971477
2611887
5531583
3544191
2720212
8643025
849906
742379
25936
1187703
2986441
5849919
6954456
3426580
2980336
403889
3655859
1112644
3407176
2326348
66826
1693231
5543261
1786779
810964
2691646
3674080
278388
6379881
3347338
417743
9491560
991471
1619152
2095198
81778
2882601
3065424
3931879
3112267
7329472
8716
8137342
850224
7835496
4958647
3909945
6989478
476885
1906532
164074
5542912
1566857
8544201
1890839
2691528
2877583
7680886
884899
887977
1164186
399552
5964798
1325240
2844361
5812016
2501656
585095
7663540
7614340
1187817
245814
2056577
4758529
7518406
5623654
5980292
3152731
7430666
5308295
3869361
5558598
7101416
165807
4988817
8473476
2128576
9383283
6107725
5566929
762946
4331550
3084413
7106698
4278814
1517454
5234384
3261346
6399757
2330081
5125999
4127721
6047392
2064759
3380742
6295320
3176659
4604433
4955250
3903633
4236124
3593409
4793308
3822145
5953207
2278641
1573327
638845
5588617
552620
4482551
1067910
2634136
5065783
5360970
2540141
261990
6445888
4265026
9037867
7732411
1299667
9841
4551793
4539721
759606
9475938
195497
704208
7663461
2203447
6528361
2105467
2760859
7008995
3514766
4613053
276112
2875564
966091
172366
7767554
1029921
2852739
4012750
1926576
5006384
4237394
4785501
514768
5948947
4814088
1335691
6088275
6373210
5421204
3924541
1573266
3629814
7603349
599980
5570101
3452736
2530409
2019681
6952320
1290376
3001656
5321375
5381751
3001283
7455124
9598241
4178462
1287054
1225634
516330
2032856
636736
5411217
1724189
7072056
2034
4368079
4913497
8645396
784059
3537480
1906154
1111990
1459270
697191
2070760
3431935
4199115
3200754
4998696
4423601
3908081
6142162
4277898
3410112
2927206
7783465
6789196
4085608
2198093
6134040
2817997
9082900
6765084
5546015
3082909
4056133
3194965
1243516
876126
7434099
2932124
6457830
7793328
3300064
4368966
4298956
1530657
1676421
4270011
5577995
1811281
1318924
1862470
211537
1056381
2224519
1522069
8386842
5903008
6468122
1693550
2740939
4636043
4458842
137625
5442457
6118932
9481396
5212536
3971855
310162
7410285
1339983
467612
1064368
6333657
3517283
504181
1333270
4216345
1105430
3218341
759469
4273438
1144732
3951559
5219759
8784480
3839282
5857731
6156964
7986735
2444582
24256
4446648
2357318
372444
3018301
5787184
1351921
6037956
2531440
5600856
5062868
9037876
7074880
5445024
3873902
1123112
4870519
8517921
5755029
3955005
2848766
1912121
573525
6072741
5262219
1411552
3361429
4440030
1290161
3131579
3064503
7313044
253969
1966577
2019895
5116975
125170
5089993
449274
4117558
5328712
3547731
7749631
3258165
4631433
6981201
3372832
5425825
1362908
138070
3034389
356273
2642784
5873976
5986632
7533064
5682871
1923394
5291689
5418691
7947963
6450465
2107865
3268461
2555901
3456324
8739999
142922
5072334
5880960
5522931
3200405
6566496
4213252
581966
3466875
6734520
2547973
5430024
1666426
6290376
1209211
301049
7403427
2839936
4749811
8289527
5308098
2986113
5942756
6730944
5049493
2115127
4501931
4676219
5037760
6016689
842390
3961983
1087701
3618315
2946745
7396470
6937120
4211392
468411
4875378
3616852
775177
4335301
2935649
3519425
7755342
185265
2827396
4862337
2263816
34876
6019137
3732626
2069824
1947551
1238656
2518733
2018305
423202
1878226
1304688
1822593
6636903
6894937
1671788
7315869
102432
2175849
2738755
3180596
3221661
197781
2521760
1731519
1746486
7355137
533311
4600781
2140806
4333393
5150497
5852995
4698216
4236289
1927458
2451982
1460529
3123036
6578820
6832800
6469723
6073150
1426679
7064383
4693812
7265638
2524724
6095616
4702857
8358257
4325028
1147012
4796960
2779561
4822534
2807234
3113380
3577349
271230
1476079
5516983
6543456
4176797
3960661
1722048
2892740
426116
681858
5739735
1859754
2164583
5472321
3809127
5545290
3289972
6941209
2864916
983841
1057681
4613045
54890
4220611
2798173
8149243
7199304
5385766
3278332
4680010
5455220
4663568
3307870
5031343
6615973
1871461
1543504
2011713
5147583
2938358
537909
6339801
1124616
1427356
632596
8906045
6762337
6518737
703966
5894380
3221535
8896651
7101801
1555576
2216372
6164131
5721905
2167251
942101
2915361
8612313
2203825
3565376
85705
3557001
1920394
561457
2596435
5008765
4008187
5816481
2154166
1546586
83259
4562736
6271777
3835182
1519725
5473880
1262429
2252800
4558176
485242
2814081
738086
5070912
1153309
2015650
952007
8200848
2848386
4956457
2786022
2791239
5265351
8414496
1467166
1902059
1653417
4655397
2943432
2286381
4106776
5687011
3434592
326717
9061200
6406779
1921184
4071601
1171948
5219679
2809223
6364569
1583373
567907
4840496
3271836
228897
3517275
6638897
1950985
6280613
2547514
349446
2431360
2098340
3190720
6292789
61699
7361106
6261184
8186463
8421960
4572534
4455747
97911
8113675
5592327
7230426
3796521
5782656
8220614
2174568
51373
4868891
3085371
4799953
1981783
7224825
6587094
7809876
3891895
6399782
9945589
1207816
6533648
5103276
2298952
2730940
2878711
4668865
4188523
4716076
868778
5078517
4310344
4723912
2704029
4942887
3144849
7582282
7654195
449670
3714710
5921998
4839862
4040826
6199936
7254139
7652251
9370852
4498066
3232262
6227167
7223463
3356956
5647943
4187457
1903027
4557775
4949043
23147
1021140
8843040
5989284
4782628
1546304
3396150
3948750
7470440
3343412
8307735
3205625
2124937
3259090
527036
1934720
4351060
887643
6452596
3201931
5169711
3946670
4558542
6204952
3583294
2011879
5801165
838656
1487619
6049121
6334353
2023876
409605
1880569
2250395
4560922
2244508
3920948
2458782
3111696
4017942
6109041
5081835
6396540
7714846
5473744
6048235
2311089
475603
2827108
1603204
4302223
2009380
5870497
7204697
2190400
1050992
9387239
3908736
505651
1507568
6391889
6191360
252541
1111872
966
3445096
7553561
3032150
3666549
1606253
681145
5093047
5594143
1531000
1808845
1307059
2259069
603264
5033166
1
2884414
8368640
5906685
4592256
4929531
2279204
4465531
918765
6110809
408418
5778879
887538
7581932
1777667
4354925
5271801
2468249
2260480
443724
3378607
2895477
1800648
8266520
4182088
5259841
4892400
4090741
4700889
7848450
6018628
3337605
4555917
620057
4993040
5231631
3267328
1151690
1403942
9071335
4745631
1737065
79548
4816624
6509539
6577389
1256848
5265999
5784220
8048001
1
6080040
3241722
4803206
715536
1124560
52449
5358746
2033347
5652074
6049594
3707642
768912
8040062
3384077
5935087
2944640
6577595
3007854
214994
2057430
3805417
3062426
3610081
181936
1053681
5646321
1205608
1868832
637474
395713
1346871
7062415
787965
506321
6027210
5303719
6028286
3093761
4574367
5582188
7730295
5779985
633120
4095938
5648128
2567552
3866874
4762000
633216
1341805
2643810
2528448
2774969
3791792
5080519
555493
5384976
4319014
5770753
6382849
5171776
5117576
5066189
2315839
5057079
2614511
4696168
5879056
4871218
5630539
815777
1499456
2695176
2375026
1577005
4222297
1041852
3037121
6850072
6344608
3588922
5872096
4637554
2847218
498223
6513559
6017126
2569934
5648271
4998539
4433570
436668
4771797
2814970
4861020
4965214
2002643
636112
3756696
4851468
1434165
7849993
1219654
6984300
8124622
683159
1907100
521454
313600
1538669
35225
4641921
5222943
6218560
7282942
4294613
2730960
2785189
888321
1062632
9153821
7944849
4317949
7890294
1545696
7282931
1157499
7650943
5751136
7123215
2957802
1126825
3723130
4560396
946560
838352
5296314
1026832
2602669
505921
7093082
4962071
7435989
7996417
122944
6135791
3394252
461707
3849087
5570132
720877
517535
3503960
1683501
3765378
4262582
1467880
1222953
83888
3439
692830
1132198
2172241
6921369
651586
5988599
154811
1087308
1698165
8324033
2858906
7631737
5155121
301316
4374256
6876493
5011875
8512379
4300041
157606
6575584
5633419
1655601
3398121
3754432
1282688
4118904
6569901
7799766
1107507
3834577
5774736
2176980
4996814
930071
3938281
5902731
4071557
7564852
5225074
1213772
5738931
5363797
894424
4730067
4667080
953839
3513
7619028
5376561
4101967
1721859
4103227
3430736
5402950
4891041
4265698
5572681
1886733
1661304
3977169
3744006
4623916
1337855
3738788
670816
2437800
2640605
2141662
6023883
2128875
2485169
4359238
8363601
5609440
2037404
310705
424225
5378075
2281832
727464
4942824
5717926
7031071
3775775
6760306
4427632
5674225
4782540
3474333
2310032
3399322
5284176
7100473
36009
1737496
6787921
6811204
168821
1123576
858481
4219032
3976135
4895689
2046396
4128648
4565898
4667515
2103025
1107325
22617
984155
4141621
5669629
1206901
5914700
3233479
2986456
3503091
7619209
2828607
2304226
596636
6596343
5058691
6573673
5479214
4952826
2524520
6021300
8073580
6706944
5247896
266136
7073068
629826
3801606
3440121
1277761
5491033
306676
786566
8461000
872652
2097962
975633
3581892
3122335
5177851
1429777
3712890
2707937
732039
1476496
1358841
4942926
648430
5612439
9016300
1510441
1247518
2018599
1020916
930247
8939702
2531492
6171831
3249464
2966239
5058214
1038531
6262117
2423193
2580409
1111699
2861951
4954653
522126
2266945
2442463
4139421
8544870
916981
4939555
2072422
3688328
3653376
5820205
4619838
4310225
6896864
1062452
3104615
4698274
3921282
588710
8328454
5573879
2139109
2818432
2313769
2607717
5256518
3274429
2425931
6643415
8505805
4926264
4576078
4883905
128251
5978365
4000203
3241766
1149811
1736524
1830680
7861025
6002880
4973076
4461352
2608762
3126000
4087953
513481
2439688
4379506
2813536
294232
9193239
1505675
7543096
604297
3629611
406820
6273847
5454366
1043321
8558650
455616
3857379
3933126
5138302
6683993
2213771
1144356
1505127
7540250
1
1353376
3136090
7469213
6467891
1724857
3608880
9246836
6277755
9236211
467404
258976
9030757
4360880
1385418
186906
1945337
237792
8386956
705877
4396557
1908577
5882881
919603
7880233
2504722
3207787
2729784
1920544
2336801
849457
2982159
884241
5015971
1474777
4110836
5623275
8741713
5287256
851361
4344201
4399277
3998142
4802641
5117661
1868882
4305420
4942315
7115234
510142
7564432
2173265
2862787
7102240
7207501
698311
2616338
399766
3013361
785923
1808176
104068
2549573
999160
1000719
7127059
466346
5235201
17881
4018938
4823469
2831140
2082122
1102959
266121
4251032
4904403
6907096
4874492
4743239
553060
96441
1856206
7560088
4507441
1267024
2434206
1401241
2939977
3914953
1035896
4839921
3307401
7254210
6325349
4094586
1108227
5515993
1974878
133127
311548
1353715
5477806
7198681
1940867
5069485
4477867
4357169
2230633
2769526
616165
170203
1675031
2520747
9459640
2840581
5258199
5882631
3565864
7125906
1497123
6240671
3756832
6426135
2287121
1429512
3042960
2197931
2484001
4152681
2223017
5331481
2267172
3295304
5427269
3140787
3661681
9476776
5176102
8837661
3484644
2244658
8037809
3274957
39277
5965840
892460
4098489
1008204
2880294
440784
2898803
3372126
998279
865435
4824525
4719000
155800
980809
114439
4521469
6895422
5917381
7076037
4335607
1193584
419655
5530315
1729004
4861670
5622696
7177301
9438511
6084367
6617603
1537400
5229118
2137546
5429396
4683937
3159061
602956
3142099
6693481
6179384
557726
2645449
7135558
5646749
4036384
7776991
6440381
831233
1025644
5146782
3190690
3341906
3812420
6398732
3015619
9303130
6663565
6247816
3039862
3134356
2323833
4478752
1203104
2269666
6977088
238612
1164480
2556489
1635369
2588412
2089105
4561762
3308386
4508217
8711550
3194737
6661661
1785089
6046148
3782425
886561
8975151
2778164
1001137
4013665
901017
6444326
6908736
2180699
4137592
4213076
6782736
7620640
355299
6673189
2603232
4196373
5329528
5989369
1059529
561672
1436295
2115972
3054421
4015167
4720015
6866495
124613
525884
393413
3540136
3050158
8746228
1484345
4897276
6786846
2077295
8450880
7347833
3238921
2604768
2974043
3789690
4916752
3645567
2288948
4652550
328644
5565865
3359591
657665
6494353
4006625
2679121
4373928
1532066
985608
932062
5414021
7674221
4405240
1034810
3703684
4471662
4986407
2107141
5652960
40003
4789398
511371
843536
2931882
5686745
739792
1607471
3525912
6847017
5188277
2818351
6612067
4431022
1136983
3027935
2801338
4860505
4263170
3080333
4604563
7021456
311508
2955536
267480
7102918
5732960
3881620
3075996
5538241
3893989
3184996
4335132
3706081
2021108
4459532
4711411
3599205
7670557
811322
62660
1588071
4159025
9329312
4077620
949980
5770804
1124786
5917892
334748
1436305
5811640
3920334
215673
4146813
2128955
4681997
5397128
839041
194377
6026462
6501160
5155922
7539560
1163944
957004
3589701
6957752
1461500
7363489
1853540
3452866
3758952
8010081
5034772
2963551
3486028
8262693
7243899
4815394
5545957
4229860
1265529
1004896
3777499
5404596
779346
2974183
7526286
4536193
2076001
2290963
1265529
3156721
3967291
3260979
4327159
4137471
5057863
7112093
3811514
3934823
3553595
5153389
2372767
441616
643097
3785784
2177095
2573619
4837250
5464452
7471248
1631504
2239353
8450485
9391076
724540
2038135
2090272
1493721
386353
4022692
3171734
2362476
4787958
6351380
2555345
5359931
4823029
3938696
6980656
4334632
2296835
4416988
4625031
5166166
6466062
3829245
5080983
1735598
3966694
581173
4510013
1143164
2302236
6489811
7594708
670096
4213933
1640406
644915
4408816
5732392
1833075
7501011
2229643
644436
3010860
3533381
5627417
5631981
1215281
4624855
4688808
5824492
1923486
6551344
348007
2396362
1144741
6934937
5886802
3714870
6062720
5905141
4416454
4960158
4293516
7295461
2498745
5363897
5069716
5836635
5252720
2008463
4319961
4870827
5246524
2852170
217081
3366720
3397847
4354304
137486
4392813
5266808
2891944
7094529
246427
3911662
9294321
445481
2806820
7735021
6796076
7472148
2340304
263611
6020300
6732619
2217643
1084168
141950
961670
1844596
2807806
4541185
4524121
4714766
3188389
1766703
3211009
1496874
4067840
7090369
4722489
385792
5270221
2431085
437661
80927
174343
2906121
1284124
1186304
4920370
4544128
100143
2142850
6668713
2503677
6764224
5063365
5535972
6434905
1487358
2419725
3665905
4577224
470481
6081927
8557681
259650
1983747
2285354
3884266
6497149
6259839
8101528
5075408
507852
3217189
1706941
3560724
5197921
562174
3355600
2928699
7485640
4213056
5376961
927828
2873277
5232732
2724009
887869
5374993
5775698
6408696
2592568
6215805
4066351
4428212
4367977
5232200
3904770
4016825
3069122
3041261
3079703
3960601
4234494
5583173
3953206
1356436
4140832
481311
3205571
1947966
1707165
4380960
456129
2526602
1378497
2521595
4146663
820843
501080
2525984
1381053
4073993
3617912
2087196
1171201
86204
2591677
2807355
2028776
3250438
8237504
3876666
7545033
4851256
5656579
2026912
3965129
5244951
7446336
7006601
1932217
9327793
547049
7089179
5776448
2249720
1254204
2939813
8231751
2708720
5543071
1115828
7328264
1410249
5084962
3164422
4301414
3099648
3797420
1893636
2784801
6387751
1678735
6574911
3923912
6836844
4893799
8314132
2152201
1120336
4769121
271755
5119295
3864993
4772226
2125196
6427431
1920642
797641
3212749
1451552
3871677
2226681
6849709
3837952
8120296
3770698
5902981
1317897
5185740
8586842
3049435
9205793
1346113
3248675
3051065
6197156
1509108
1735087
7921201
1879921
2080512
7563335
5790489
2277511
1345687
5050131
2978465
4877156
2653091
4343773
5704321
627032
5251525
3290561
1054465
6607278
3890767
3549744
751360
1330151
5471689
9111117
5828701
3196144
5774899
4677569
4151380
1900676
538964
1710072
5308171
1249537
4213636
1972804
214413
7773379
2596266
1380052
2144295
321418
3669833
2700400
3726928
4381363
8539752
4563651
1352568
5059231
15804
8451411
3969369
2952200
1303952
5301745
4077945
2575716
5492111
6922301
1980812
4615416
6024004
5489587
8741948
4659328
8162496
4185652
14041
3808299
1302733
4502956
4152701
7403944
3885233
290373
2072316
6480396
4388545
259811
2302449
878509
2120553
4061487
994119
4200796
514000
4886476
3633776
3380299
3423701
7393686
4228390
4140219
2069733
5240575
255913
3129871
5396963
5628875
5209155
4994700
2678605
2654877
5115700
3811872
1797628
6404833
877376
7115473
797040
5919792
4844072
1562385
46045
5864226
5951691
2466003
3962791
8616438
4768633
6618193
890163
6731046
2846556
478225
2955137
2603035
6115924
8547708
4432608
6087352
2635212
2122416
5183001
2243972
3800304
1832449
5311828
945104
3100576
304885
2543541
1893024
6296681
2660665
3623202
3617511
2207303
3414849
947233
5451211
3717011
5262463
4585404
9048811
3239979
1321164
6193842
9373873
2581928
3186472
4761758
1086585
6702218
4930119
4320712
8703332
7271012
3485297
3788009
7456753
2738436
4585408
1512931
7994786
5470284
3973600
5348509
4761250
979021
4694377
8189629
1682211
6448077
976272
1034854
4443264
1307125
6437449
2394186
3944401
3582333
1469511
8187395
2839812
4151368
3376925
3363655
5565154
3270980
5218408
4558128
4621459
2695517
334895
7695745
8951816
1661221
5538585
6809163
4965406
6429586
2721668
2213993
5715212
410462
7261516
2543000
3293568
2613408
5684076
1820776
8535132
264007
2153581
7138124
774901
5254915
5849165
2023260
7421782
3448830
3080897
4320001
2830696
2529387
1665049
2210881
5470465
5109205
3769
6498564
4857977
3290977
4625132
1
8529826
4025137
2109760
2743608
1399489
3707136
1084528
5415341
6507722
2043336
1076611
3423223
2125201
5468876
6350981
4220329
2902460
2329887
5631388
7868310
3241063
7887113
1555048
4132012
3645880
2596296
2435865
1120596
4854752
5363741
2545989
1540285
2958016
1849849
7883007
1381544
4812502
5772160
2320336
371859
4586536
5168302
3271578
4578029
4320547
2724738
4565412
7062454
4478184
6368320
5949442
5235501
2166301
3300288
5611293
641251
433031
3598873
1373153
6418652
4258161
6316378
554853
774544
980823
4939957
7007155
250861
5376991
1148705
8657070
1427875
2856153
7078285
4666721
2313714
4040730
5634290
4358596
661208
753288
8173750
3166832
3841345
3011201
5807447
3918273
6332559
5753615
3166555
3666183
311769
3392878
3904983
6161110
4067519
7411309
4174048
4415872
3902494
1028569
5696640
5131393
8731941
5115939
6907028
3999451
8049618
8485833
4259601
4281560
5641913
7666117
4293632
812071
2174846
5256706
1079500
946493
1558231
1175190
949655
2974585
2050102
893149
3032142
2188440
9469333
3342816
504052
5657776
3297476
1491002
5175002
1654126
2176132
4452086
2127793
658134
2338293
5205443
5241580
6808442
3119956
3603228
4563289
2284450
538061
1
3085354
3746761
8401677
753705
1800021
2122096
3287028
3612872
8256078
8071711
5848371
5375984
5758631
2777216
6065626
5879768
2230816
2609086
2925495
8360696
1070314
5071151
3767656
2400364
6807081
3542085
4006801
523413
5583721
3904064
1338183
5049613
4806259
131275
4432876
2169784
5075776
4930200
4118088
4843932
3440745
3082508
2064912
819567
2097469
2521858
4271808
5733028
3555940
1792837
3083044
2844066
7337617
7426080
2703018
769257
1835049
3700864
4771650
6556225
5980646
1360899
4958059
8391550
6148955
159381
8620744
5662182
5497796
6007026
7820164
5740176
6868180
5196792
4172485
4906915
3225665
584524
2047054
6017016
2764144
6425984
697586
6581821
991691
7726800
6901048
6629148
5177473
5118853
2925068
3132726
2843233
1562649
3843644
3134081
4534875
922135
8218156
5829569
2517655
3183829
6877657
3282828
5265536
1016601
5546459
4384050
7204184
1266798
7375775
3952846
2464349
5336595
2483888
3317646
2074913
6846493
1459666
5660801
489855
1418743
3309391
3279340
6693649
2191554
130898
1585773
7211159
5091978
2762407
1550940
2708191
7954221
2721776
1857625
1104160
1734080
3538500
6836641
7749793
5691544
4944891
3924945
3602176
491520
1535419
4105555
1783618
9616864
2276716
5415190
6540971
4823032
208129
5484259
565006
5401
4721971
1487858
9138856
78833
954416
2177628
3978231
749376
818855
4129369
5420086
8448120
3252619
4909181
2126224
7671321
2796096
5256060
5428795
4766650
4385620
8039662
6654492
896837
864749
4403128
2387569
5809545
625329
940679
2258238
5820716
3211632
8163594
4872456
490638
2335337
4056642
8021901
5186457
6483765
7956153
201203
1716805
386512
1888203
4205112
6886961
5134237
3438045
7072217
2167327
6298561
2541501
1383512
9572741
7235710
3003226
4425705
765028
4060994
3517505
6854072
5168444
3247001
1127626
5780647
1873066
5107389
2646981
6037075
3909760
1379692
414798
6530165
1524209
2805914
546291
2667912
468333
968534
7760212
3706678
5530201
51651
35009
5298705
6920946
6057935
2643559
1833224
9192842
5948790
1192400
26820
5094189
6122351
3815343
3283316
3786425
419519
7237552
4329437
3817449
2738072
4549555
5587141
1166848
1398796
1424536
4875453
3982211
3131128
652513
4357085
15920
7639920
272163
806418
2162216
2102049
4026517
3530793
7705814
2597860
6683857
2273055
3813332
2747955
4897809
4752200
1920996
2064135
1418451
1953360
4450842
1761216
8740959
1813577
3668358
5671054
3357346
3036768
720956
2091807
7437375
6311068
366345
5981780
7411141
3130981
225531
3324441
3204417
1
2443594
1773481
3874144
5334042
5866301
5968576
4380226
5064473
6559701
8468468
6736302
747580
5603004
1968783
1079473
1020393
238789
3430136
301077
8080493
9403703
2538662
4358141
3484441
1790520
6688390
1413475
815333
3796573
390841
2076192
3097099
3904237
1358732
2419291
4237418
2800744
150076
1372908
3745369
5121612
3624384
895376
2199365
2968652
1632865
1447713
3374512
864849
7385553
2385466
4557599
722508
7979905
862876
8946811
1707563
3889525
959904
2732266
6327432
910533
2056266
5749881
6149376
6489111
1645138
215760
2084433
4411729
4016503
4728133
1354375
5414281
5688706
4567536
5760448
882689
5256577
6323296
619561
2115250
2139765
1899620
3320813
5104054
598091
1461972
4872949
2583904
5336629
2527749
4235177
1513396
4502761
6352623
1276177
3887966
2473876
2027631
1856999
5428096
4253551
9800161
4526785
2137279
4128733
3736974
5984513
7313849
7306578
481945
1383976
2135426
4456228
8781991
2454836
2221300
2439996
5747922
2945372
5281092
5450869
4333347
3121342
2091528
1417536
287931
1126689
915321
1
1746606
6224993
6730080
8188398
7157120
852040
4772940
2855105
568258
2272006
4945872
706421
3933934
3158282
7351278
874423
2125716
2227263
1489644
143014
3228593
4211073
322321
6221125
3541296
640186
2215340
4730544
793009
4700555
6339532
681462
8758075
3698566
136352
9020001
5114572
900960
6181153
4105669
2500084
4515004
7870192
661164
5594611
1423296
517105
890348
3716839
1
1007326
4049557
920376
7812261
2805349
2335628
5575713
5937891
3003178
4313683
3184288
2793375
2154402
1569366
3032173
3182991
1341096
6883766
2731294
1760877
1081025
1216737
4640000
2333780
4555848
6621842
1826091
2596747
5236680
4481561
5606296
7514433
290199
4782955
4801869
2953881
3789342
5298598
5053840
400440
4816176
3032893
1888062
435569
4962556
2280160
1943255
345763
1641880
938142
3453034
3307557
5533057
1312269
2783834
5050842
2671384
922806
4448592
1950560
3244458
4987705
3869493
8738232
606747
2951296
33692
5837338
6430127
2629081
1886487
1917888
4071668
3549224
2548001
5863930
5849883
1276612
2378559
174212
4066860
4441966
6761243
2801921
7089172
1548117
2450420
3937291
1037169
1007803
6109197
9320590
1166616
325824
3213069
2530307
5255059
1028104
2054022
5268596
1310072
6028582
1039461
7628669
4078686
3521826
5202560
2359361
2586154
4303291
2486199
5974613
7502397
5169676
4328041
8905624
3579907
4727941
1721980
2218186
6263909
4623813
6633751
341752
585355
2335341
2330884
5155840
11968
2299465
219807
5972752
5420249
6992865
1987236
1007297
33712
2118306
4448578
5577584
3814526
6226039
876292
3026880
4669344
3543670
2649236
2392321
1775551
459000
1407292
5700518
7059231
4130257
940672
1201937
429023
1942825
3073923
1871280
688381
7493560
3951576
599710
2549975
2420597
5960978
7821009
2225364
3076644
4647583
857657
6499102
9418056
1745162
8616861
7359136
815811
6081304
6639521
3610581
6154364
4501024
2178496
1457173
5238990
2602795
2001993
4204568
1607033
376601
3176960
177262
2059919
117828
4737190
988415
2505467
3686241
1771126
722337
1612027
2142036
7576980
7355840
2657342
1452510
5512424
3078601
1784336
4016771
778585
2656944
6137675
5265686
4647462
1534275
3488486
10711
7139368
1746020
4686176
2148987
5790134
433451
1446478
7229436
5765491
3163216
4678209
143750
5493407
3140461
1771060
2169041
5247465
6073552
2352036
1679785
5957497
6766728
338716
246336
7878766
4568224
6805718
4919578
2272394
2737775
5526080
1840519
4279960
1498312
1309763
6573300
5271568
3172354
1343765
577320
3546249
2170182
8298148
2249310
5187069
2806168
2576384
4444589
1207072
2031104
5747491
7936246
3536544
2752086
5039746
5626902
1235925
526566
8649954
6759341
965805
3552312
7532748
1299661
3976768
2441741
4779382
1326970
618790
8482284
144288
5266586
2323446
1340990
1608436
3646091
808977
6764275
5134717
1816296
9275456
6532408
5070485
5704923
5975569
1824571
4186183
5033885
3151871
676103
7965156
1834945
1118014
4178726
3437121
7986796
3630520
302672
3962529
4223922
4924107
1920941
1928569
5750886
7491261
2143610
3007387
4402499
6754047
1793607
5200570
5558625
230961
730067
2803688
2243168
812868
5399012
3312293
1738872
2222938
3053842
8143828
114368
1264370
28744
232450
3892094
3280017
2943964
802843
4274253
7822114
1029712
973218
5340690
6038100
8744627
1
2783181
3791044
5533555
6533137
2407484
2777284
1769737
3255191
2045140
4723569
947395
1602393
1046124
2186649
369615
4411219
874427
4769279
1573032
5036325
928457
1142025
1478513
3920682
3518905
8392350
3645466
4190957
3665206
149301
2308294
5530396
8798421
6591424
6664743
4311463
6653281
5268278
1655131
971866
4184961
6959392
1830666
4522723
4174345
6198802
4802016
4617196
3619860
6254401
3923856
7982199
1047328
4889390
1649327
829093
1433540
4154515
3430432
7995156
5234422
6084420
5630345
4296900
5842569
3460010
6396720
6752006
3484892
1024985
3805800
1412215
14248
4368505
1624258
5897127
4287964
5592383
438016
3907216
753390
3962031
6246871
3195095
4758525
5156627
3208095
6973816
2690821
2330469
1761565
4452141
5953544
3847168
1800022
2895222
3103936
2553685
2117761
7074025
1519821
4042590
1987569
3311425
5249287
4401223
2461900
4439027
4524889
3291871
1640209
2310868
949070
5051063
6323401
6054467
348279
539803
1595411
5962176
6253856
834530
6469422
1136145
1923879
5012140
4466172
5786002
2067893
4218697
4354177
6170321
2520788
3429280
4303010
5509161
5470951
3331968
1602931
5368600
3643165
5044246
2792472
527127
5165111
6287159
589805
7640319
2502306
1669627
5022368
479815
1913023
6386599
8158806
6826036
8303597
1327781
2633046
5823609
7320820
7896077
2948788
1149333
5420588
2655487
1954841
890940
2689282
5735526
2819116
2321855
5867944
6498739
2664517
4255918
3845818
3741244
422273
2841724
6922426
165535
6878859
133308
4381686
1724991
4729393
4535322
8006945
5385865
371223
1045761
1957314
5099077
4623997
5519580
4754983
5008128
690352
4591267
7381008
4019481
3529045
6119224
4765147
7479622
5114154
1545616
3608505
1179284
172811
1698160
5492931
5641586
7248363
1598306
904010
917489
4551926
4207599
2036393
739733
1583605
7992823
1263686
3403200
1742113
2994992
62882
5904911
562835
6601266
3395956
1186004
4786278
1830791
4318624
1277571
4849437
3600432
4717251
753973
1396305
5822749
6025452
4787244
8899852
719517
9284317
7414786
4071085
2811374
1982480
4520088
4759870
4879106
2736406
1356791
8256578
9124672
5283343
1725220
4442436
1659955
1623412
2029739
8630584
1308229
862211
1220206
3236273
3513466
6239140
2340272
3556708
1149301
1319152
8190521
3609484
5014849
6963751
5485661
3226217
1505672
5833817
1749169
5899784
8836895
37120
5426110
8258238
7018540
4287249
4595703
8034378
4824750
1228816
2938366
2658082
5518450
2372875
405586
3661256
5076816
3581928
4306181
7263221
2777358
20264
4300957
8908477
4389529
1102431
8781048
2263221
2461695
2658076
6155466
2100651
3088582
484188
4925557
1093277
8781727
7988271
1130828
3259683
9585508
3128400
507153
3004746
6210469
3198636
4431281
1825960
2540106
4589456
4144896
6944276
2721200
2581035
676688
2152015
5480182
4103100
3249870
6122894
5185257
4021339
6049137
4039546
5685168
3843269
3073856
2195425
5319470
1538161
134451
3161362
2243033
3575629
5676699
3078072
3685773
1250873
2768186
6784525
1264453
310423
5226508
4121676
4711365
2420176
2057184
4978875
7400123
5282397
4989703
295662
8498597
6965473
6284121
6378776
2817397
8773376
1575721
812995
2518861
4662998
3107056
2466920
5372608
1523604
3255422
4220913
2850428
2196785
2805147
7164889
4345996
324531
557758
691916
3762809
5998411
5141043
2274185
3967713
7949412
3446985
3761603
1959762
5222863
2822726
2912682
1116065
451410
5467903
6494239
958240
2608489
7372665
4757587
5995540
3093780
4994746
1642806
3512076
7063230
232240
1500129
806352
4524763
5783697
2685697
4818288
2864770
3191046
2421430
760563
2541321
4172801
3415204
6452569
7904286
4477837
681336
6509700
7367984
4435533
3447501
5189493
9206711
3735501
4985652
1955032
9017833
2781
3892796
4171611
4656848
4954583
2115558
422884
5269611
5834680
7422407
6919685
6218363
808705
1779513
658180
6558828
4694064
4274742
2489661
2606466
1575270
3946882
8142919
6393487
4295389
823825
199211
6406513
1
1186456
6275004
4497328
3993538
4249284
883344
6115660
2977396
1939445
2878144
898105
6921264
2509965
3332835
2614141
966741
5934579
6378345
3410656
6730020
1431781
156625
3614371
308945
2889303
6221221
2072341
1275949
1682803
1657281
9575762
2187656
6000361
1731811
2237185
124509
6239064
5422957
7403669
5708773
484966
199583
4960146
3162653
6720881
2180751
7755231
5312311
6016981
6072691
3602308
6003534
5776128
4548394
3120001
1722632
731320
2485747
6541526
3679232
2212508
1484512
4586680
5494192
880252
1630114
3705457
631757
5167479
783531
1998962
724914
1420849
1
4258240
6507593
1967104
4412185
804475
2097055
3522121
7571701
6149672
7294216
6342876
4691815
1467265
7486984
3819840
5133321
3312846
1800882
2394267
7285102
3945896
2403405
154600
4585342
1462251
2480016
2835295
336160
886680
3812649
863414
1585159
8894400
1371730
1315575
2825151
5179987
6045811
4151977
2964076
4724896
7881651
7318368
6605822
2686233
3789975
252596
7554832
7502640
4312410
3932241
2299726
4371791
7900740
9274206
4524328
1964533
6572976
4418576
894429
3888465
1479320
8723058
364561
1983799
3116987
5246979
6822523
165712
4870909
1542130
4783416
2014425
1140280
1429793
1766240
839206
4448893
755289
1572497
4686011
1653736
4050845
6967603
2920747
7938166
5997637
566100
6476148
6598180
5841698
571066
23780
726588
3444861
3787263
512192
5641571
342295
4072496
4226608
5386876
2862541
1922616
1666078
2624272
3315828
2122352
4663425
6184309
2132047
1859647
3401250
2284636
2037827
3779578
1970867
4301018
5006087
336933
3596827
2950301
1332713
3835043
7303976
3199212
6206571
1821919
5926636
4347126
6390081
6636540
4579336
263545
6709585
6257909
5869676
5848175
2511931
1433683
671575
2335034
7750280
5026246
6997429
3722391
402317
1341723
3702467
2532631
4592951
4373733
8498764
8832753
2835616
3589183
6447680
1297897
6922124
3407221
5982241
3385281
7983944
3504154
2039650
5724046
3238947
5896025
3227284
3592674
6284000
5906349
4665597
4581096
8208334
66672
5647537
3346417
5942749
1538562
4431850
616092
6091541
515810
2595081
310052
5795932
2031484
4833353
4275618
6834807
4308912
235382
6897634
7851128
1014685
674867
7951113
5328449
2925891
1990032
616652
6045516
3037273
3971687
1471744
5776244
3079388
3951905
864356
2886046
7045036
713904
8988032
258372
2295667
3202637
728974
5163610
4450744
1718910
7601941
5928549
2645745
6070362
7290503
507169
1142835
5378836
3122685
1130704
8648736
8040034
1892387
3939648
5089938
708093
72864
5339027
7913526
1893432
3030353
1461899
1116455
2946561
8966
5714913
3373784
2762044
6663130
1873162
5768742
3804119
5179346
822094
2033933
2260701
4961135
3204576
1159982
3079169
1955934
7338365
5192578
3746835
4251077
5836182
2545306
5028433
2245419
7574430
3106624
522416
96739
333531
6818946
5529098
1111666
4670460
1798372
2206656
1757541
3386265
3005440
1526745
6185672
2515501
8116627
2475241
2939731
913342
5046745
3612149
2611150
2110221
1393668
5693997
505665
7065950
2626345
2552353
1786306
68409
5857356
2933803
377338
4264217
4426856
2893211
6440330
89611
4851774
8446441
7760895
204129
1490868
1567968
363861
4389721
463007
4704487
6278378
3550432
1752923
799603
4810399
7660555
4152320
4438740
5446000
1691419
663969
2507063
3975233
1362309
2799669
6631392
3928267
5359971
3841193
6158802
2175712
8637619
8289033
3067794
1398651
1648075
6092064
1262593
8854110
7973974
1752986
6310784
4750686
1780048
2107107
2364541
2013180
7235865
4373293
7552100
1630711
1750250
2803064
9063239
2016379
4539562
2394277
5856705
228302
7951701
5510277
9145696
7124495
7624989
1441377
4968459
3848518
4443813
5163292
5722364
4320484
3214313
1955608
5183616
1792150
5903873
335983
6071006
4408929
2238616
4436089
3332037
62926
7621568
4511783
130243
5866597
4330684
6381922
8962064
2777326
224640
274263
660991
4985795
3959056
5521881
2271841
5074408
5137588
2641699
8106775
482392
4140222
1240609
6197761
4971360
5997888
5900029
9644310
5615842
3418356
4720641
13650
944475
4349203
8628863
1764423
3692832
3174529
2269560
4754446
1315072
5387108
941416
4933390
2281412
2524141
3332050
2413593
455041
3572318
4059394
4503136
6348694
7197801
1909638
5568893
5625691
5761856
6562547
4087840
4936320
6617092
2346816
1224472
1011339
3344502
3302795
5007109
7103483
534106
6953181
5922631
6794334
581911
2034804
5172897
7954200
2135500
5201478
3747019
1056066
2706859
3433345
1816426
2386178
2861218
4487656
3321921
8219881
4202358
7720699
2835756
2255476
5949423
8582026
331122
5590330
2320407
3959684
4524966
4578578
365936
1001557
5741566
2416513
8536597
2288540
2652357
1744821
5653052
1950640
5302540
5364613
3967913
5059334
3005025
1578970
1173913
6370912
3513678
4580083
4881709
1527937
5973936
6250397
4251854
5327603
4104109
5813041
2012697
4023762
6349498
6564225
239425
2274471
4252254
7255116
1274783
6563727
2717836
1847375
2685208
2726474
7883086
9089469
3846109
1959544
1139151
2865457
6710210
7030583
3646661
4350212
5917884
1504608
3224866
1499458
1433918
1144987
3050033
5704678
5220726
53361
3682841
2945797
5829041
5008243
5840721
1110671
891024
2610947
4066140
5740421
3177605
4994935
3069739
1460153
6738958
3401056
3832351
1257270
8218617
7040356
1142659
6421544
524800
1052173
433912
442987
684232
6150925
6791173
1326848
3539418
2973309
5354300
2676037
5746445
4790431
2369881
833152
4493556
7985272
2875536
3714696
4985217
2877505
5372482
230951
7624032
2264626
7795754
7352857
80184
1151151
2228476
2925612
8083287
4949880
4431898
1167776
3358216
3796762
2069025
5629952
3251605
5354388
3872042
4797936
3787109
338865
5177585
6122544
4396806
1271586
5342766
891375
6421344
923859
99660
1557214
5049652
1699733
1850257
6078276
4795299
706751
648721
1977641
25063
3141681
3303288
3753103
947229
2609707
672202
1218262
3873907
518222
1460056
3200881
615332
8601758
3331633
6946371
7165692
1193977
2039182
2373311
471046
4378325
2924693
3022669
1053405
3025188
3912253
2430919
2698621
1428391
3435491
1655971
2145406
4397327
6427047
3908517
1207140
1457679
8121684
6567183
6021022
3720686
841646
6429207
8347172
4457560
6987156
4854823
6065409
6515691
259160
2351152
1109598
6591441
5674072
7014610
4016107
2266032
6960719
4753089
1759220
2184789
514732
1228723
5266840
8014369
89047
292689
1346206
6031052
1562458
2358608
2318784
5614662
2384185
3390967
879682
2846904
3665988
3079312
6550213
634190
6279105
5640246
2123695
1242120
3469238
1579418
6201561
7732160
1125586
893977
273139
4233886
3906329
5379866
4044820
7062265
1130536
5464824
3309244
3866178
2496265
7020106
603304
2782982
3420880
5321297
5868616
2995555
1134986
5554364
2732815
3369176
1527395
3791044
927287
6424890
1212936
5199527
308221
4438927
1053271
408918
1318272
3871797
794628
3864183
8854182
4384251
2887921
6060742
2137857
338579
5394683
782481
4894176
3726762
693577
1226110
6340412
5930800
4689376
2156734
2323756
4170325
1434169
6602409
7544020
2546070
81996
4360379
1505574
8659572
6081838
5391085
3392283
739023
4430198
1564157
618894
7504222
3037056
604666
5089423
1202602
3715267
4043297
1542268
3042396
6471260
1246006
764651
3643403
961101
6538372
958444
128560
2807022
3556938
1694880
5138225
3184980
3376129
4367670
7007094
6707265
7411168
1714184
5203333
6670668
1388695
3388487
2711809
918642
2143598
4478749
5624230
2308480
487541
1502964
968449
4889125
3860137
3406900
3421444
7926513
704888
2863108
5600162
4627739
4330747
5635105
2131571
5296201
6126988
1959677
1316727
3969433
673282
3691260
4417605
2219974
2499236
5267053
4333911
1512897
3921421
3208536
514336
4704786
3012164
840969
242761
501600
5025201
2069032
404262
7442016
2902599
4121905
5355883
4068250
1192205
2333338
526652
2740686
6637846
7907894
5861268
982577
134464
1092704
173282
5563099
1
5693744
2701986
6480985
878968
291058
2876249
4416741
4452687
2714201
4931701
1780261
3932636
1999777
5217989
4016520
6290826
5052964
3935296
4309761
305614
2275479
1290100
5142528
2323370
1207449
6702201
837888
6288204
6424322
7956468
8218050
4963275
5751002
2165036
4150987
2013805
7404909
7381276
7983895
1091962
2869924
1675346
2718679
3810843
1897396
5504988
7318418
1820841
1858795
4092106
2631245
5005982
8714464
7037761
1303009
4584826
587625
3944040
2927888
6517866
1635408
4427277
5478216
4534571
2862835
5374743
1108038
3454277
1923721
6974967
5877367
3981027
3291464
5681149
1058056
659856
2823716
2318155
4002820
3711839
7752489
2544051
4282145
1
5000126
6034699
1934152
6582432
7542313
7490276
3913954
3974236
4286464
2347555
5969241
980884
8254912
662511
7931785
8862636
682776
1719617
5062080
3295329
7057544
5079321
67152
232958
1529680
5635161
1682290
3821140
4911992
4623887
4825716
374917
5836341
2893497
3538648
5666219
899257
5603283
2172481
5026294
3755389
3249476
4966171
3473901
1403473
690963
360928
2779973
1512745
6801361
8006832
5653185
7949088
3588976
5826318
5348144
3799245
2109505
2900656
3479680
8099896
4013685
3224094
537376
164180
1649151
3155540
8424449
4362049
2221848
2136796
5256996
4804504
4504151
5883333
6420736
1982860
3782696
937169
2372830
7172988
1583080
6143185
2460832
3977517
3786940
6355821
1249654
5765881
2981476
7732898
977481
8700413
18187
572329
1350906
6130657
1460124
3362852
1380932
897096
4133485
1713679
3612219
4747101
5567974
1330493
890227
4727072
4399635
5164602
3808702
3696091
8804489
6482817
41302
2701136
5723531
1242961
3956259
759697
5805657
620973
5205569
1002381
4157725
662955
6544539
5440605
5352993
3979600
37333
3963076
1265201
1382586
1254846
428000
7373223
2781417
2776111
4124798
4134937
626973
448069
2046345
2838899
610916
2600452
1155846
4308329
20106
668760
4916161
6153052
35246
4430138
6537209
7247418
834216
6005241
5724886
379925
1
1104736
7612609
3920235
4671572
5066062
2263150
5045373
6871349
156706
49350
6021810
270569
10949
5022631
4547227
2096066
1522602
1845677
7569205
1598503
2602757
3801275
1666957
5096226
1835634
7997559
1754620
8549047
2879409
2467423
1489535
6922192
838400
2743789
6910944
7685032
1185417
1315143
2936184
197685
1775911
4269936
3136676
540225
2557000
1549593
2173661
2384763
6093200
4387033
1394981
3866226
5179636
6604417
758782
684561
455516
4582009
4028192
5512511
6389009
1
315001
6875512
840156
733846
762078
2390703
677754
3699520
2462488
3798523
2344303
2111927
5902996
3227835
5967261
2577316
3184328
2252921
807095
1452172
3500561
4127238
701711
7742729
4111871
746157
1977394
8048850
2125104
8372271
1788315
6274560
2344355
3944911
8658415
1899136
4749106
6566939
2126111
980351
3847808
3924968
4519089
2087050
6887891
551856
1941216
4035976
425211
2969702
5661943
1979745
7092101
99287
2824471
4560528
6437012
6463289
4765803
3663084
1120950
3039498
853249
2871205
3672872
6759152
87616
783990
4678674
486250
1712377
3388936
2788716
941313
1613852
5842844
437055
6709166
8346809
6770936
4047616
2629603
3223261
2781012
1089664
5599058
5196690
5205721
3389455
4592395
5593800
3753879
1576005
4323528
2667981
3993762
6885696
3195760
6484396
5481396
5303851
2283593
2278290
7970978
3999815
6525355
1764097
1891277
4678297
5408149
7003481
1894687
6614145
2593943
3550364
78301
2279591
2897059
5447413
4231165
3854869
6553719
814626
3426521
5007860
3044738
341121
2124025
4457171
8582155
5060476
3885625
2676871
553494
5062321
3354461
2896910
4430741
6941088
5424459
2491457
4288796
5488021
7818833
7574552
1337533
1020184
4969050
4226944
4751926
1500215
2850201
5807284
5810749
415260
448182
6406051
6366007
5613611
5875956
2283521
1743594
845586
487161
1127155
670496
4385351
7516321
3802368
7512541
5966416
4132562
2915680
4984615
5254908
8789241
316026
7992946
2636627
6463171
4806545
3371969
1826023
4397454
544187
2946166
6294492
2910346
3418376
8664236
4346041
5186001
503241
3188639
986035
1580801
4721088
4676754
4448844
3386060
5557141
8818137
5068477
4485041
5225767
5140793
8049447
5494923
1705102
7413974
617800
1929088
670705
2529841
5055233
1046831
3365246
4151565
155572
3397486
454050
534318
2034291
1136851
3447984
417660
2263768
3245802
7804961
5914180
7810213
2945125
9214301
1615330
4131921
3572096
2267391
3361570
3917584
1405851
4305969
3694005
8991068
3948144
2872000
7518389
1302064
1145938
6105079
5957736
3521358
7867985
2822400
7075076
3503137
8195057
4630889
3846766
1964884
6803573
2808520
2608050
980049
3818423
635149
2304319
6996495
3784976
1037600
1
3119065
2664069
4531569
3620677
1502292
1144899
902115
1189905
3581200
2560873
4333616
3828224
4862609
6676977
7799731
2508464
5399347
5744019
5011436
6915529
6638399
2312618
6907756
3917129
4169973
3185843
1120241
956125
1560321
7457571
721821
5669244
970249
2667798
4699
4486024
3363849
6601392
6941570
2629296
5554536
7174056
3047592
6678743
796918
2494438
3731511
5621149
1915138
7524399
2681184
73164
3047130
2586859
3680953
6760225
4884347
1373841
445953
491530
4296856
938528
4553488
3271657
5078628
929841
6230515
2349805
8011591
2304701
2881320
3478456
6143967
2211133
6063278
3918680
1
6349721
2076251
6894536
5643519
4424056
3004490
2217041
6945696
932722
4375726
632001
3233625
959745
7230787
6289279
3786136
4319321
3132248
419160
1952397
1362673
785848
7005549
4435475
8050501
1548445
5143952
6074315
8335468
3270568
8413794
3249150
2518265
7173379
8841801
2415317
4843046
4678219
116001
2556114
5956191
4486817
295393
3435657
5881814
267489
6771558
7307461
4394888
4576768
7731960
9308594
5591595
5420820
6830976
1231929
5861353
3875877
1362240
1547068
255841
4779144
6143930
3256136
4676995
1865509
4656831
966196
5077031
7079553
7678098
4797640
5968891
1412236
3411469
5160320
1048588
5136756
3169816
4262116
1194280
5276375
4810349
5349593
997731
2955441
8929616
2703961
4346896
793296
6991324
4951626
1794263
7107761
1212989
1757411
6035555
4272801
8553218
5607631
3423178
987862
3725531
2868720
3031711
330570
1474425
1826719
6684702
974541
716719
3213781
8597973
1563807
7618963
4739553
7796717
1524181
352785
1417391
5600164
1195769
5104048
2212063
5739597
367184
4096828
1101791
4415049
3104644
4752037
886928
1045309
3514779
4669336
2459138
749239
5736806
5123601
253640
2196181
430417
6623571
6946894
5761547
685954
8867076
7533097
640722
3461779
6212802
227009
7823231
6544101
5602984
2063482
4846185
6253440
4714125
3842272
6147866
4597510
4299985
3080288
4346564
1566608
3491218
4259299
1821466
3561477
8127373
5418818
5071817
4528271
2071993
2739168
5911717
2342904
142299
710737
1469538
815824
6667309
4111541
3139753
5062933
289681
5424511
4652377
8443060
4475185
48353
517134
4049152
2460225
1802507
605088
2870281
9548683
248021
3935882
4380220
3389643
7107841
5438503
80096
4202332
1732834
1278726
5769919
5726562
4101840
543443
7560431
6458504
3296552
6691964
1449269
3029229
1786268
978453
1428290
185319
3469459
4455771
3234856
4459050
2390076
3093373
2614919
7987816
4944628
3327819
1731952
692947
3652005
8296126
3573602
1
295317
3619312
9137336
1385308
637632
652994
8051380
2248596
2590762
2465263
2584473
3017440
8386287
5413000
7995271
405102
5714382
7181912
4654917
1246506
4960819
4474354
3336715
1217575
4642687
1794720
6749254
6137358
3412992
293409
6992125
240105
4032641
6333538
1549713
1124246
3597792
5856955
5156446
4517632
2472131
191399
2671692
4449787
4340560
1180813
7593534
5346260
1582728
6451578
5598055
4411858
3882332
2188046
2581290
1220744
4309281
7389481
1960479
77265
5254718
9351682
742556
7521029
5053424
1746360
7235563
3388941
2522719
5531805
8717424
1595441
4970290
4996776
3513196
1237771
9054186
5953050
4254576
1590839
5287593
3055066
1270257
5233231
859273
6043840
2363986
6139681
5538072
1363125
4837270
596428
4992980
2284968
5490378
3034767
3751281
2127330
1398061
2867925
35194
3268797
4771853
6731726
3736701
2211721
1111296
2738779
3916121
2952189
5121146
1335200
4600496
1094877
383260
5540609
1912765
6238768
4435641
2855280
8679981
7535712
147568
1759085
2428760
2664641
1498257
4096165
4735261
2226319
6578497
50701
8725666
421750
129793
2981667
3052248
1648985
5291305
2949484
4021538
161056
7159699
4726026
805551
1443894
5298358
5527963
2248939
2266704
2988873
3670092
7790721
2521003
1873005
4875195
3443606
6325110
4772156
1318682
8256247
5024422
2550975
1005681
8584644
5972286
4232918
3158017
1054691
4571881
4361610
7128288
6855595
594586
5779370
3423358
286432
1794881
2118955
4225750
9172615
8018595
8742293
3532054
1649481
7264362
6693226
841506
4674581
4468349
1648404
7467022
1298106
5361025
1326307
6493701
3384481
506030
1227081
3217226
9019829
1841178
4671918
552215
6244380
5765542
830701
5955015
6903493
1005260
3098844
738871
153164
1370286
2212331
5561976
6212420
2882449
5970624
4228961
4783198
805468
9294748
3006912
250300
1045949
468217
731466
4764062
126521
348088
2222132
6166876
3190225
3741505
6523576
3066713
240017
6402560
4151850
2481391
106881
7272645
7820340
5446115
4179005
2999045
4958203
1609263
4771537
765721
4139432
26911
7582801
4604638
2685677
1386696
4318963
5888943
3453047
3872866
1436247
6165046
2768721
3927814
1538066
3732674
2154939
3257041
1276741
4979270
6866497
1821288
420893
718598
1783120
4570647
3629238
7066624
2996254
1444155
152128
2932801
7071120
4624470
3172464
7231657
8817638
4861101
8215482
7641505
3567740
2188586
3888500
110590
4984993
2019304
26865
906559
6212787
1734913
3290771
3947251
4094676
397679
4385351
6288528
2418399
7439571
6353416
8321914
6622796
5689095
2749249
3062662
7948801
2668359
2149182
8012446
4090574
8363611
4354206
8825058
3588362
113116
1614631
6256684
5676961
3883603
2986682
3909215
3055167
2817617
3657678
4920417
1528446
6124726
2498041
6835966
9159822
1844775
3518542
1218945
3829816
4748892
3804934
2636227
3646996
2131551
1141313
2314411
550836
1298371
4064520
585201
1762201
4311055
7168113
269543
5645376
6598273
745740
6875
6105499
2161747
9542016
5380346
516241
1155744
1750767
3217816
5452649
5543483
3537233
6997596
5184911
595043
1393876
5378740
8592901
4317308
6916998
3842521
3192591
5602004
6627666
4156630
1032514
4277541
7079409
1826920
6468361
1732160
4450208
5175960
3765771
4692123
1785548
506736
4993129
1901932
7165797
3309664
1037709
7105312
3589690
757787
5494184
1418905
4700593
5907131
7593873
5400918
7594161
3692566
6754933
4633368
1391697
3594137
1841056
2355691
447471
2957193
1149508
3332395
2597300
603392
1536656
3179309
934908
2664525
2758991
1177384
1035904
6323257
5904377
4514688
184981
4052556
1002616
5436618
5808264
2986097
6425308
5260140
2945016
3119620
3799601
447000
4325580
1523392
2173972
3294091
2831659
5702123
101872
3478288
509146
1208428
2890504
5248501
318080
1549147
1810299
512998
810396
3191658
3754961
5380992
1873141
1874176
8742324
1523992
84609
4033536
560207
2293377
2695297
3227722
3975574
6829095
7128070
6647579
8264480
3965921
5884624
3021513
8582689
3649081
7850554
5669182
3595974
3235388
6553101
5280376
8525564
3966125
1615493
2034000
4883296
6067608
6465004
8473356
6341392
2552320
2836578
5311083
5605766
6540172
5722756
1673729
5463303
7698008
4993837
2416212
2394396
1923257
3194891
2895436
821404
1429219
302641
3212607
5363601
1654097
2539932
2829452
1407025
6124606
9475709
6707428
5122014
6610806
9427860
4627712
2626380
9059079
5766991
2725620
7141956
1110193
5136778
3637774
5615278
5369593
6699481
2882958
5686339
1109340
776760
1665273
6743916
5268719
5975049
614130
5248544
5675127
2562522
3148039
6114513
4119250
5724512
2736596
850060
2897326
3633631
153356
754986
7147633
4289959
2690757
3407910
3880784
605601
1034874
2791407
7226870
5241081
6550245
59064
8321482
3421353
1599459
396928
3518781
1440991
1523193
1109025
226325
7041123
4083007
2910177
601747
4411954
9127721
3698370
5214912
9327755
3030296
1476421
867076
8036177
3655489
6471501
5872859
4680603
9204093
5472559
6504220
5176837
880225
4081920
943920
6699258
4304724
2440335
4914918
4894267
9073668
7223063
3291245
6422685
1966904
3093361
4195681
3241203
363634
3486842
825405
4841812
6276062
5771829
369399
5277609
5648752
1097687
2594737
1143140
77536
8333276
2852409
7858165
6842971
3108715
1789796
2244166
7155910
3136451
7489441
2612839
3167645
7928981
5699967
6102081
4482726
4664985
6455260
2214877
2262281
3558600
7011919
3258814
7596341
2982267
7344073
6709440
364769
5687865
2043051
1621409
830248
3728589
105107
1078382
1923338
4197185
3447601
1952182
590803
1743251
446434
6018285
5654304
7381728
2800430
2064200
7442008
5892745
894726
4092937
5117176
1922435
2843551
4219685
6673000
1756750
7348384
1873151
5823016
6599331
1259604
4957576
8718816
3451976
4037238
2428501
795418
3808426
3337012
154924
3930991
7570512
7578160
8351931
2934980
6512976
2305291
2027804
3783545
2381641
2480683
4263877
1835100
5422996
71974
9003157
342144
4119542
6631018
1221280
7313359
246673
5704161
596424
21292
1383733
6236583
3991148
1679994
2692144
967265
2950224
1292041
3304201
6877361
1130397
2693960
3215616
6513384
6114904
251824
1012068
5265235
4912462
4188714
1965371
3959266
7642706
4740180
6683348
4080829
104602
7515295
6214333
1723368
3351291
8249908
2265550
3878330
4784033
5712903
2058708
3099452
3410053
4287142
4308644
3541845
2404813
3611668
6831449
4722048
1145910
3213937
2234161
4826796
2803510
5194208
283783
7035036
3507657
5959805
6216451
2611201
4150865
9246798
2885737
939242
1196260
2433020
243040
2313404
2023829
5387310
3378101
2642743
6753041
8696551
5529700
5060945
545790
4755919
4898998
1182316
5595968
8447680
4104628
8093806
8220048
4884751
7463611
1888352
4095026
10256
5591845
8333441
5456881
6628238
3310612
605616
3508961
5801162
3806467
1175985
7196806
2467408
2266681
588036
6776076
6402215
1499166
1538380
2633770
3299145
1357864
577125
3534975
4642641
3880038
9237618
4376080
2119905
3838528
3725293
832422
8790019
4786396
8586390
5863485
997866
7609658
3007488
3763015
2980051
558453
2577315
1537056
4862862
6346629
5518985
4723434
60705
3499231
1327461
4182962
913071
1995663
3857609
5921987
1419055
4685884
7235008
906604
8676545
1894825
8295824
1766274
993049
3696151
7784293
3950123
3935108
5830225
6450940
5187616
6057261
1779379
1652236
1306958
6769063
4216934
3321244
2670941
1665100
1790503
329214
1190884
4063774
8251435
4909878
5920030
2205952
5762010
7147273
7845350
731686
409193
7084592
5527731
5289813
1573926
1724164
3709241
4636471
5555143
548917
2714638
2301796
2195691
2507708
4467717
592000
5359929
3058769
1865258
1
187981
1966336
2161011
877456
5462767
1770432
2669415
3529487
5739541
5467537
1571114
509488
2142922
9094030
5915033
4960404
1560753
2943925
6878928
4205326
5882252
8399096
5782262
4438993
5938081
6029440
5304010
6464824
1224491
1804272
8262693
3708376
7929517
4870429
1191069
8551803
1045844
8673537
1069393
151151
4911530
7835093
5113213
2986952
5308301
1627541
5193030
1542248
2111389
3551064
4384844
5069694
7831744
448999
3920795
3355279
500661
3007471
6749570
2879233
702502
163323
6653152
2102947
480821
4742257
2971208
6333806
4272115
5033410
3041601
3751801
7408970
1709566
1065577
322111
6805679
4747805
2599691
6490422
7708742
1379517
129386
729166
6085098
3250866
838234
1311085
2014363
5491235
4276725
3734749
2475265
3879789
5788701
456585
4177928
5092327
2812659
1446036
2281565
2325057
4083543
5727149
1926875
5802216
4337036
3813439
5086561
1396576
597260
4750648
2154816
794806
4732187
4338521
1011270
1281506
7418536
1019901
4867270
6842921
6176011
243425
6864749
1968154
7079736
2544088
3888576
6997956
4604072
5897771
3171793
1700820
4259906
1514941
2045596
8237702
4481920
6080355
3808597
1134631
470889
4207953
4926042
3275955
7244902
6368618
208222
6542871
1760032
30617
1093697
2672084
9431449
8641621
1413931
6457412
6495090
2433486
7094715
4327021
4475556
3277231
7307265
6743129
182888
3151579
2232576
3924560
3543459
143191
975281
5659096
1785876
3892773
4713668
2673446
2851395
5953897
3780325
638331
2100224
9115128
1034257
2644175
6181579
6395090
212939
3967659
3300481
3385344
7667461
3551956
4339293
1577165
2194049
1540050
2367721
3715168
8737520
5407351
6640945
4960373
4084799
2232376
4481992
6363561
2982697
2253245
7522178
5234411
1219501
6896873
3505111
2719585
2236376
3986637
4685504
4452879
4084432
3707492
1417438
6354916
7917989
4209581
5938103
4130344
3113397
3083996
249521
1334064
6752521
3127400
3000458
7522821
3418312
1181254
6558648
3384331
5081455
1841093
7826671
3196908
2783713
4019087
6275101
6495688
925264
1005077
8951347
1735812
5522621
3180757
5497457
770560
5738273
553015
2251591
3607374
1205062
835880
6221080
4390318
7494942
6525853
5475172
2930857
4445966
2287477
2803480
5984221
7192472
345402
4171
6121777
3379604
5912161
2338480
6850489
7960427
1948151
2213396
2625196
871872
6988660
6949351
3201138
4040266
4031671
4539751
3276872
8435266
671761
3640187
3746043
94561
2821435
2038622
1143980
1619760
2759521
2050875
162396
7681688
611497
2309143
1858640
2200738
6397521
3268922
7201811
4060111
6783834
8826147
4677934
1767337
145036
1795725
3643039
2277843
8663230
1347958
4222969
4440143
1648328
6870387
1539835
3449148
8454242
3947533
3168631
509788
3753603
5050944
2843094
6630853
3250880
4095297
2967617
6979900
3718584
3602340
8605572
4482325
2350668
6042025
915719
5502472
833056
280673
7144690
4487890
3194676
3282960
1663798
1321915
5786008
7352428
219068
5909214
1728588
3036784
2234100
4483474
4125817
2096529
7325420
4252234
3514142
6964751
143687
1885546
4941259
1892074
6120323
6390114
4726580
2306187
5156451
1816506
1752975
3760233
7735708
6222706
3672672
2410792
972507
1210774
5555199
653345
7935701
235441
4743040
104923
4386681
1536394
2093374
512284
4313159
435322
2913344
3444174
4880196
5348154
4130577
3127371
279943
5602509
6613175
3250010
4564943
3784864
824597
2150697
6329181
1529938
4198630
2395612
726357
5238104
1459514
3048966
5485065
2903391
1888979
3717512
1603538
474007
9175663
3579601
5651640
8433121
1973276
3545481
302327
2603755
1866955
2907460
5488836
1552968
815836
1380043
444258
297135
3502510
2283075
2363329
3465244
6721705
3123536
7781825
4596967
524401
3386503
1279589
441008
1301252
3664441
2415488
5706714
2488799
4017466
3280453
1707891
5306214
6057236
2899939
6449444
4384458
294846
7138921
1315913
2027122
2926184
4959250
4811970
2423280
3726568
547292
4340861
7259100
1095512
4304962
328477
4132976
2017888
3885421
2975706
1792495
3298591
6491961
395772
40633
1523126
1201291
4032886
2858032
391476
3513483
1581616
646357
5195015
3204529
6627072
6303551
702001
1337081
3606156
2121753
883566
7490824
1200295
4162500
23728
760367
5497031
3662499
2949525
5905721
8977976
817425
5608903
5754052
3120064
5665282
3716375
4454728
2817018
3279612
6955639
1040004
2344044
3058362
203454
7555545
926993
117113
8638729
5000927
148721
3390945
5655808
5692802
7430891
3431485
964864
1567291
1510566
5369329
6744453
1807969
2488216
7522615
6202780
7830093
3906513
8819136
2885493
3125289
5506225
2362600
4314544
3414625
4900715
3201615
8539349
3516416
4197032
5122207
3168710
4949311
2174843
4469112
3487543
1440427
3987598
6621889
6493365
6814228
4000622
6498408
7811451
2798521
6743241
4391432
5979777
8315804
6041855
6322303
4707921
3431305
3455413
4510652
49200
4159536
4398687
3214588
1475249
3490801
8322048
5313843
7612004
3362857
881562
3762864
1340719
3294720
2374475
5945626
3390301
926081
5942470
233671
2574158
1209711
343454
5592474
6903348
7363849
1806396
6295864
5118457
4786257
452835
997134
4693480
7897089
1843206
4078328
1820930
4423632
5733231
240642
976860
1223577
1008146
6431395
5438600
2466001
4310593
1241494
315424
838663
7125329
6495346
6081076
661424
1015694
6571303
4850136
3168766
6837832
2053093
2850844
6093011
888268
3970975
1969233
976011
5767026
4633767
1930992
5122651
1564020
5489773
1097735
692241
8797844
6496517
6857059
903356
8533440
8351488
6669795
2367904
3703006
5411817
5106193
6263168
785500
9250537
457403
995307
5646925
3425792
5364840
5195051
266777
3109832
7185665
864808
16717
3004041
3849984
605920
887034
5072536
2459575
4506610
492824
7739679
4639761
677961
1532608
69500
5615404
3741324
1775816
2114302
5368105
3988724
7977516
3697500
4807661
6629177
6265026
6079897
6930184
7992384
2310043
4704729
3257450
3542198
8456635
4789787
274017
3412527
844441
3277798
3886982
7465081
2689681
5838873
1892602
2432838
7503625
654261
297985
4511446
2461743
3256138
3082689
2631801
2486101
5340616
5921242
4166478
1211346
7183050
1
5403869
3984541
4457708
2728853
2534200
1159914
531210
3238891
4107419
3719821
4005
727569
6901829
4304550
6574005
2876296
356864
6981133
976416
4720418
773583
3089388
6126331
3891412
5731083
4916787
1557100
7990233
5867351
6618861
973984
2194025
3970145
3054646
2004352
290014
2595513
5044520
5013121
1530369
6166524
5050963
223853
1593513
6110065
3086374
4697161
5417578
1
1971025
388431
1
2790036
5352749
3062854
3890994
2454076
1478994
620580
3304412
2223481
5240727
6463568
4945019
97054
4538608
5260025
4071404
4032468
3531350
2804732
2428861
6865765
3134782
4452941
3922255
7426711
1438066
2483907
3416694
1
2321173
5690712
2119384
5718954
3437406
2132887
3904306
180702
2487299
4425576
6637433
7157770
5564641
1080597
6701388
3400916
3745677
5201417
5057299
7687717
4217732
5632452
6799636
332884
1726821
5890600
5783661
8034155
591873
7616625
4369596
1407312
4266472
4062689
5727072
6683855
2524667
1582437
981550
4851589
1204537
9281067
112920
2632206
4497217
5533865
2549249
6331705
5100659
45550
1052278
2474022
5439522
1369759
9070452
4015351
3500128
5692876
5746330
721219
4091232
1870653
7311201
1312754
4006021
7157505
3936172
1707049
7482242
5764171
1557847
2892024
2956483
3329341
7378644
1153045
4424607
3482431
5440826
4966225
291236
7993654
1074526
1619886
1813672
6346210
4334671
4842451
4299139
1431352
674791
6444405
6268939
6526985
9106060
8439265
613236
6420466
4024208
5384601
2900957
5110203
1860000
2317268
2720369
2550466
4854841
4204497
4432804
7372883
6265146
3075129
8310054
4489803
3634245
3810892
5203252
1383781
1616913
3505216
6099265
1252866
6803619
3888540
5204581
5364744
2758724
4116187
3993292
702287
265879
533744
408607
6557368
4293444
4186690
2981728
3624480
1237945
5226075
6926172
2043638
4914096
4499561
2148500
5891271
1801017
1188291
6889411
4103001
4313871
1037932
1036498
3857515
5007461
1045293
7001034
5072101
5508420
2090198
2976373
2301137
2476614
1500949
7848306
908755
1823058
2633216
1424885
1554964
3269681
6443382
261445
2680810
3856937
594491
758581
5168126
4343346
6818131
6069093
41120
9452009
2819732
6115868
6498957
5435182
435952
1552036
1480224
4221217
2243520
6879062
1083648
2402170
3190491
4028466
3244050
2652815
6139136
4512468
3899712
5497769
4003065
4378912
4207518
1
2621059
2959537
1629801
6253925
1347823
7075047
3038144
3847329
6307638
3583750
2560853
4079845
3368817
6762250
3092956
232933
747594
929437
4784049
5407093
6382608
3454416
2064076
1806591
4974363
342190
827701
5786613
4791467
1186304
3954145
5318042
7447076
232542
1335257
7582151
1356637
1881968
5206486
2063041
6222076
3169782
4825746
5605818
188449
397885
4376685
1510640
2480420
948000
3151223
8053343
5135162
26361
3940616
6212432
3109309
3874444
9210920
5876187
4304560
1297107
1285271
2262078
4905201
2864935
6325001
2773632
6015709
5654512
925873
3820466
1174735
908952
3744999
1981266
4822999
3836793
4751241
3971181
5808752
4454405
5406201
5228951
5945784
4512237
2197846
929774
3406781
3757761
7919244
3592616
3699875
4510323
6558421
363875
1981216
4319443
4555132
8662058
3263982
831001
5575025
4856392
3225821
5113984
2692874
2767021
2335125
5241728
1970709
3601027
6901957
2099962
2111551
5518437
3456704
8330491
4512040
142427
4788279
3265208
5079414
8129881
605638
8018305
456441
2009286
1024307
101061
7681926
363428
4804226
5144170
2321732
6520361
35856
7559014
603408
4538755
5613059
2782836
3438976
115261
4120171
5686296
4581111
3297184
63632
6727380
4337384
4294337
5593657
796840
3767341
6455142
1684827
1010672
821756
5286375
5151368
6069813
4601686
4134601
2003707
3948806
6683729
3930642
2295041
1473931
2837054
4543344
5390198
4024726
4468731
2490448
3349282
1623027
7174575
5551255
3467551
3799728
684316
7436084
4369645
3750935
4494004
1463884
2815982
3396915
5352568
5490477
1848716
2072196
8574602
6074417
4026613
5021085
4239000
442755
5192006
115204
4001313
4043044
1773736
2203829
5821176
13576
5096384
1312156
2559657
3950416
588915
2122447
2798071
8854143
6281217
565951
3929976
4341761
5883200
7590780
1903525
3754761
438211
4188747
2549418
7344632
5161529
5371049
1028913
1846755
2010307
575425
1531904
6173764
2423117
3465855
3875104
5762011
7336441
791215
2102565
1956429
4569253
4557939
5019099
451204
854757
666644
9384061
979246
3913146
2010657
7908162
3619573
108752
1205427
640696
8491197
4969458
3738601
3230076
4225520
7625746
7185070
7133192
4975456
7922431
2729361
1324111
2576071
7794921
2370569
6232533
1593097
4914128
1786576
2509405
4383981
1942323
6312296
2238838
1668106
6498365
2554441
2044385
3472577
2966546
6224279
4348429
3700610
3564656
3346858
5994730
4576552
1346923
7509435
2837677
6712610
1504188
1272541
5574739
3227536
7112053
3223804
5520560
1539541
6670441
3644773
4104736
1959321
5634281
3775750
4620973
5398240
179556
4280165
8521659
4579190
5267286
7435660
5521513
1972235
308928
2483155
5788909
2150071
66850
7977474
4688795
6675837
1846456
250812
3222766
1934471
8311300
6485313
3070326
6781249
3791506
716235
2846233
3364928
465376
2976748
3538944
210213
2827108
2919943
6055266
452691
4867958
2172465
962993
2622674
4814321
5402776
6464529
1885164
6096472
6914271
5618197
5289936
1416075
2358281
6744200
2862661
3377084
470468
4345958
605528
2529913
4946203
1833561
462805
7216584
235258
4334661
6773075
105945
2675486
1553581
974376
477175
3314195
5581973
4668918
4002758
5628616
3460865
6347760
1903262
3567985
266391
3276416
4496608
6269732
5791891
4389538
8852336
5606717
900720
4751021
4019227
4494480
5261306
2557281
7749046
5126980
4594629
8233696
7560081
2298146
3675733
760959
5271650
2007281
163735
3728344
4251492
8984111
2029612
5738432
1300608
4911466
4653580
6681036
5040834
1290496
1190681
4899560
3988826
2449019
3694065
5008867
1375960
350820
2771224
2664784
2750283
2312556
8482114
335430
3652132
5616905
5717101
420156
128320
3263067
1108526
2275855
2806993
3920476
1586259
1319155
8196135
6905333
1156138
4617042
4815531
3444938
4406156
3767904
4462807
2348458
4274052
4201090
3531820
1862203
2502533
3787851
7573089
3491931
1697501
5291560
2026097
1833677
1183466
342608
3109793
5764304
653716
220549
4839596
5324800
869245
134733
7652885
1953020
4934501
7403490
5756646
7690919
4807886
3716709
2087582
1049224
8014111
3798758
1542985
10336
6269873
914460
1884135
4218040
1007846
737209
439395
4881164
8251716
574678
3881359
3173626
3258547
6676258
5981387
7687792
2563101
2024964
1129389
1310932
4278385
3130051
2293387
7684542
1305055
7129936
7714708
1084383
4281808
3861770
4778732
3166720
5514701
5580055
7434972
7936636
6627401
8946556
2052625
932511
3226177
3919011
3434523
4608401
4224394
2550196
1
6272713
2075806
1869602
97129
996246
1233108
115907
5476332
6944376
1251133
588934
5040700
3256411
4902541
1924869
5798250
4142496
3718642
1394524
813968
3621781
7419456
5996056
3939809
6800500
5265952
2115786
1995676
2334052
6865713
5725213
4202155
5205150
5480437
2801686
5424963
1186688
3545565
4291528
2274013
573895
7824241
273777
4346051
1942625
2529710
4644777
8053780
599464
6605881
4803241
2440621
361001
933248
7374060
817876
303188
4185633
1567025
2040952
300754
6109128
3912953
3183216
2838500
5392479
6293227
6250745
2965944
1275441
88402
1096426
572927
2894020
3727798
6663814
3593929
6231961
4728730
2957254
4060410
3104278
2792791
7822564
4316925
8787301
2833761
3393615
7207841
5729821
2847365
4610089
1116312
5905070
2774377
8723340
3320203
5549356
229707
1893552
130461
685016
6743517
1796512
4326273
1028977
585190
64921
1251808
4931928
56681
5588254
4023742
399997
8167060
5486987
637230
5451250
2311203
4641470
6553837
4286960
2992157
3690561
3670878
2886416
3433942
8044464
1733276
4692373
1791369
9719097
1471016
6801924
5375145
5104560
1379457
1748316
4096
3866841
3589705
3643921
5797177
1886626
2169993
3354791
4380759
6393221
4779776
1486112
3796716
1568919
5352096
4601767
356898
1083577
3137404
5422514
2129097
2506376
3694992
4725531
3906816
2287999
2424461
520183
3027037
7528329
2333254
4498483
1520252
6682719
7332024
4165797
7378166
2020722
5326393
1332990
6709906
1251916
2486896
9188154
2019865
2100416
3428573
3813436
8225931
2696216
4464954
3932829
2856237
7878776
3609906
2078257
2561854
5497081
5413056
4622296
5514689
570682
1506283
4471966
4718995
6009280
4596932
680561
2176866
1822327
3994741
1378276
3524633
6484633
3982062
5526117
1051324
6323999
4553743
7926991
2395218
596875
3267834
4103328
6065116
2087140
3019294
4859618
8261553
1319678
4720990
5551452
5393977
448176
5570509
9429615
2379166
6087520
2371984
2110262
1421105
4587993
1942704
633721
6372437
3156813
5196202
1879173
1224535
1084316
4852150
8549577
7463363
6027021
454527
9700515
1509867
3046777
3302156
3191017
2491164
1421884
2981597
3062506
425551
4593364
1865949
2364875
4308469
2573483
2628900
1246841
6767320
3860751
74722
9418558
4378756
1189895
3936294
824875
6786732
2006104
6871723
5184434
4570732
2833678
3594465
5945354
7900019
5056852
2956988
2991303
5932287
859876
2482401
3737319
3068043
4622185
3003733
2281594
2563004
2651104
931641
1334359
4844626
7931550
8188727
3177014
8079228
1597508
3388176
2541620
3470250
3563380
947136
3511799
403524
315104
2685377
9613548
4115740
4441952
2993625
5574691
506943
1217836
9169965
4893416
552921
7785746
4980682
4492080
5150469
2576736
4011757
32399
3841929
1115170
5192180
4548168
3773797
2979128
2850530
5390737
6377545
6794619
5009834
5065376
754093
4558531
5116387
6500420
5942277
4488329
8516809
7134065
648747
1106616
7157105
2585771
4572124
3188523
1754407
4535714
5148745
5321842
4964069
1557991
6762040
5780171
6052948
7964552
3095088
6243619
441393
6500529
4342753
6473777
2847232
3687184
5097109
5192377
4646331
8559052
7411417
5155912
1849048
4422646
2641719
2674008
7098808
7869472
35263
622365
3619959
6233679
386443
5358896
5226096
6010957
1064330
5372722
417862
66999
8733997
4836128
5134194
2029091
4683942
10000
1369350
8328204
4298566
5398529
4989051
5482662
6566743
5039321
4855701
664860
6539409
31441
4369630
1283105
4739621
7734491
4918629
4728322
1455872
371327
3940444
3981438
6790376
874777
6742119
2647306
4850560
5938171
7673937
7906953
3878361
2257966
4119974
4366176
270175
2292161
6675005
3356601
3473370
1579161
3587033
4629277
6181125
5916627
1322658
3963116
5543225
232018
2832913
3919593
8332700
2092128
2700820
1806838
2636118
2843680
7112860
6172930
1493719
2516021
1825552
4832569
896161
339481
4128327
2463928
2768189
3672109
2567065
5093831
4728556
7581856
5991663
785880
4344691
6039661
7603851
8539473
6760773
2120381
5679759
3637090
1058604
2286868
1745887
938694
6752335
3636212
6236063
1183601
545171
7556781
7659261
3409210
53906
6681277
4574869
6468462
4629748
181078
2064571
5273657
5559251
7611696
4784746
647497
2958172
1851311
7047873
1445826
717345
2843486
4841967
5964616
3372745
1821638
6770946
2732609
3695872
2282327
1708522
5132336
437536
2709590
1197252
3062437
3961210
5124712
4742357
6196094
3912908
5176245
7497161
3385252
8442604
810811
77161
5651208
6257527
2489464
5608067
203329
8949771
318753
6206274
784841
2857707
1135533
9668241
214491
5563614
1296560
2305786
7179809
2746729
4505483
3929056
4783417
3320849
1878697
4704283
174357
6348257
3213981
4792106
164025
3194546
5351661
5146670
213613
674375
5439553
1350480
342040
4240061
4960137
996624
5907503
632214
3546201
2307021
6752236
2321642
4673904
7762678
4810329
2035248
3532564
1852985
4608406
3851410
2183886
722029
4369433
770944
410526
472607
8860659
4755549
258332
4154656
1547716
293340
2361690
4301105
7330135
5202835
5140449
1695616
2050731
2390775
176301
23966
1344412
409501
8771553
4287216
381553
3726348
3384641
4698926
88168
3739556
4170803
4514656
8409966
6311248
5050230
1193013
4907985
1697126
3013455
4341519
6789240
3187201
4043329
7825355
76568
1702026
3078021
2107632
5349189
4906735
7367811
4197640
7747164
5415876
291726
979675
7318648
2326290
2218038
240790
6188431
3552196
6358976
5640376
4553773
6657169
2632624
954865
2063591
5086451
2719757
2444625
5282563
2911885
9864
3865741
2245706
7184959
3999490
6202190
4575406
5061646
5461603
4763923
1803500
3216387
3708454
3178519
4120545
2074360
1595100
4224991
681332
3974930
1950506
4532143
5451585
2732750
678624
2137513
6311845
6586220
3922464
1760056
6227497
3374875
458606
6464649
1158721
6620083
5921783
4174977
2982233
5542141
444544
395706
1513602
233832
3370268
7643854
3522302
4132334
2291261
8058075
4201791
4604451
4893085
6067304
5876875
4667950
2617357
3681973
2362886
5262378
13729
1306341
1644429
6032790
6466512
919848
1323397
4985542
1703321
31947
1162760
399658
9438295
6741502
5524235
2056097
2200304
1788967
2208394
1474610
2422378
5699050
2283715
6164623
6201312
4179591
749203
4621181
3251576
2843351
5838836
8779342
320224
1222572
1614237
642585
3023784
414029
1582750
3948145
1366444
6092107
2577808
6328898
2316532
8143872
3251608
329905
5608464
6801796
7002128
1217477
1870501
51013
1148735
5981965
2971680
2982991
5458576
8088273
7127476
2657980
5555497
216647
1611301
5279924
6378043
1602925
7101421
325568
1064801
1008008
9649456
4551790
2025594
7568072
3327490
1420472
2157343
8735688
6283408
2068939
1889911
6229835
4429424
2488529
5261301
2495578
1460301
4134707
5409367
6709950
4904256
1069685
872506
5062507
5378022
3663161
1571032
4125547
7171671
1459304
5779834
5980912
3547200
1765915
1664761
8968558
3758751
8445626
6704171
7492747
373251
593341
3303864
8615023
4056375
1434094
5074176
4272271
1838731
1048551
879488
2095401
7141471
1481368
5553661
4518632
3171204
1723385
1658114
3811376
2429441