2000
34084879 56045468
39131294 34007768
91924291 57344652
53476669 42075087
90713602 38605927
65653133 57627314
84127387 75546662
6673002 14987459
72610727 79558041
76361459 43237621
67550681 50128990
3788467 22914643
93542386 45583845
50932973 84528770
44051042 59279161
91780695 30652273
15324628 83428340
64660040 7248919
40772991 70653061
1840357 31486593
61775339 67493489
89113906 45902725
95556502 95786907
13406535 68167228
27861299 42284345
63921200 47928331
92413334 67709667
23359325 85955719
13293511 26808649
23000841 9860905
86087810 67297887
40513177 1412437
3242578 57689568
61177707 44015569
80858980 63018063
28018513 42634318
83027903 17132418
41053395 31100757
65435676 6976281
99267984 93296974
49260626 15705536
93741657 94190311
83415202 17100981
80146030 49225064
43909630 55663222
59085968 29997439
75477460 52115496
83926227 78720037
62321416 45103934
75251957 43180395
60638348 3270469
38331065 43666251
72919238 79384459
27283359 90871265
38877091 79067694
36684591 88137716
94773229 30426247
82328027 30704782
47527227 14990408
79929846 91436856
23169981 91532165
73950646 98647440
43647661 57876873
29883828 58485428
2980806 5135785
1665822 16135505
60922605 92513238
12318107 33841843
24414048 39601465
24713107 63291139
18669159 13914049
3945206 13442387
44340295 38789584
44147169 91867522
53779991 76593366
35820729 29466323
68125530 9771375
80630114 64289542
20164599 10513942
22774969 75661756
68166078 76957143
91797260 29088682
69470380 4115367
15446876 93884428
43716831 92676335
57175566 62385989
6590383 61120771
28344728 50930678
99910355 72491896
95314551 6206697
1601613 83651631
35673020 69727142
45939357 68819485
34016684 66103955
79333426 9308004
41765710 15855
86265146 33562970
81620889 55735526
37678336 97067764
2136305 33911518
89744098 59311870
96297507 48850833
72948992 77158586
52297862 25375698
2166833 128764
31582395 3768445
83780394 19771766
73495586 82236103
41107602 60028621
856409 20441028
69336625 42622119
72973234 8118122
28701440 54594122
63853647 18896127
51661886 65989951
52807644 93922335
77818172 1621502
95289519 50767164
31296439 47587380
28659213 33463271
47716143 60241607
37231715 84012889
32529724 63243653
66248991 73637326
23272273 67105399
46594705 45125249
62243869 19567938
53243371 43461660
26678412 69613369
62357786 30856649
88119672 67681782
24778983 65937843
21819635 72584854
69221358 53116074
20172233 97880571
39095696 20404728
10638529 28843763
56933968 95684605
92087415 23182958
69321930 67876039
42804708 68432986
65517640 57564929
40517275 18761010
1026588 67195686
40890730 15900726
98052334 29010401
36098859 75347669
47464596 57918493
448874 69202305
63550918 20621106
19599227 55162966
93542185 30237756
84006728 50476152
78438712 76094142
26175461 47760641
96486532 68980169
68709978 62004171
26545097 9227252
80765180 80088036
28939290 74172262
95988761 79507975
55699014 32087619
7371995 3163609
42522464 7820868
24882266 58589733
28441974 44481492
13752698 21984158
27235599 97759425
24976662 5674310
73853566 51152122
5951302 22856450
20132290 74661279
84860620 99193738
36404883 18142152
31798126 65344172
92314413 80303238
97368498 48013426
12390857 4740493
3693387 7429672
12561360 28575652
66019404 41003333
73057143 32288454
15503843 292742
30047878 40480504
58483403 56417796
44148977 64434705
79274245 16797619
91612335 64134864
68507708 28017217
82277015 305833
45877740 74591427
80609071 43246238
75121205 45516279
47986730 78814591
5462302 60548089
7390242 71481705
54067774 32963736
3770158 22087968
33256477 86334388
15084823 44256232
42752183 59233799
8690936 74542779
76031417 303270
38677642 44539125
80836839 73471009
97361309 26714578
578787 77970379
22477167 75699991
76003009 70463896
54514581 81465310
83528337 14421174
5463367 37596110
47384910 61749876
12200429 33157738
48084263 27285251
77413969 43352797
39035401 38621256
17895575 67583170
38924526 9089569
64638646 19761364
82560577 61999954
98992293 83139363
92486685 21469460
58839354 68489693
44449707 65870286
2471355 27978043
32807812 7934721
18090504 80192721
69684596 30290932
13350458 70285211
10092534 43280779
13638007 1644287
81902034 31533582
69227456 20826559
40623150 33866101
93104274 75700078
95866054 44612919
58839440 88352738
18598730 70195145
9358783 63048436
88581783 11830137
43542831 21389594
72281209 14149686
1582314 94482156
44440618 67449123
64767366 7049503
10729901 30921725
8693789 45148287
14971658 30437596
18491197 8111159
64303696 11595471
83811236 12686102
8724741 95167027
1038839 27323470
65362172 62913973
42888257 6460306
27260461 38947439
27849899 99541669
53097125 81948564
46540177 50054094
1914038 11307542
57103596 65160291
42229266 18313737
10308577 57200923
48751332 28799773
65312081 65571380
92911595 1639668
78257481 54152687
96806695 79296319
33992508 14685218
94726644 76880765
21145523 74503456
15828203 1511773
74045125 68925327
35976688 73101653
71495772 90407077
84409194 28599368
55567367 79154812
99429456 18392295
88872086 697139
99708420 6700519
66268518 92620014
8340186 44525998
99289053 57663232
76338669 33281560
72348449 71065312
10162324 46010323
45568767 78506879
38447 72130243
99948557 88531486
45231895 71444329
78938563 82157441
52560048 87022281
13828604 51989503
57930928 2700689
5202993 57639347
61917559 71471511
2775712 70257745
15997508 2064764
80437328 92336176
35346324 52785777
15917839 98024999
51312451 14002958
76531877 51350898
86133200 28996786
39882383 83881447
52957466 71337297
18555239 5517513
58359578 32383842
10023367 16290505
87600882 15226359
26446203 49518441
86697869 29221914
72292537 55211729
31286678 52729864
64256 66633001
58031992 15982095
64657999 9344443
29985052 93706228
13211692 68634603
22703013 5610426
5032401 75660478
76947723 23587639
33694342 87823652
8487832 96234060
56630508 96088714
11460418 83076710
98123506 50674639
12298623 22932394
5886367 43585300
28178609 5950622
62734652 38726953
74449068 27392651
587747 4434119
73615230 13799438
25585074 48834594
19409863 30617474
77011423 48873937
54205113 10705764
36697588 15209296
6939823 45844447
63814361 70916592
28921156 61937866
74107582 93736131
37386611 79993948
89837782 18081572
38460922 52572434
56808524 65426341
32481436 57396270
69860460 6096665
23712059 47961885
7447610 43121921
78579358 84459032
44512210 85300822
47681147 33726149
510118 7137321
79570596 64324478
78053912 61008103
78778696 4677846
54744233 68681658
84671793 44582015
86763229 75649066
49670800 43571752
41075407 82152235
53484373 63452218
40765251 77196431
11414102 729212
72834704 42509811
85188243 17346913
27810633 85385741
3589413 80837102
92523061 83160008
97677931 23093324
96684463 76456626
27771169 51428695
97654636 64959314
48527061 84417864
93124731 50714212
80505968 86716489
32866446 33990340
2685058 26148048
63703123 66615511
26877259 89054178
9125322 64581853
58917442 89452306
2483945 62506854
70289407 95007005
98183214 20483689
70616681 94867676
96940315 50904201
98812722 47111302
15863514 99856135
31529165 61504597
50570346 64551484
48221085 83436792
51058176 50906143
62101191 14761298
17521653 41494802
3815475 79163326
58593006 62732916
68615631 61076951
77756121 91421389
8600307 75939334
11905078 79216987
23323361 61361744
30121188 22136083
60989397 98501053
21992217 92518561
60005649 72562562
9586397 8226734
8515705 60644572
11649228 23133248
27922221 81687232
64628049 84254047
60850558 75737406
99503314 81982540
36814356 77259434
25920281 97931015
5715120 90341710
29664353 29038480
4219805 59785540
3690914 65209201
10802945 25683130
10244113 70808593
50762044 19830509
31551678 59277748
32991432 43200905
34927347 13430004
77404489 52071747
97684050 38255046
27809153 49703715
72753937 17139860
79479501 51190569
15070874 37710972
41532278 44735227
66749451 45752082
57037118 70440365
63477634 67840062
48639846 73721747
91165007 99401889
46068607 22716684
11195989 31576391
18433941 46123335
45006394 95838429
98195082 95206796
86609826 26004234
44910510 59363762
95660445 76906362
10554331 10731319
14617333 4602960
7982897 33883136
2871394 17536366
4323500 66349027
85376428 5479697
92587125 76541434
4881586 38655732
51774469 68593926
70232122 70208409
14717260 67754867
66046837 12912341
62961662 52656662
91432926 60388524
64536776 39609723
89811237 27607458
50341041 4428570
32210417 10840289
38311705 35081810
28376654 95151556
53947189 66269433
631252 46534313
42810866 58029189
37706396 47101687
26623114 60454869
17310095 93856726
28209736 35873284
59285418 43687749
41046297 3234696
4076272 5583072
42844418 93887509
33190529 45701810
50832430 17917298
56542098 41660486
52999107 37435103
89328393 59462647
3704536 42475996
5996960 46515401
505185 96219707
93617087 79644650
56674576 63443534
26017727 84884311
99316817 85303145
28572059 40363113
88537840 85164683
98462537 31382257
31568543 31653065
77084066 82400972
49570362 86142515
76577809 55085821
23577617 65906201
67064819 27282152
8382196 73061778
26313905 61403732
21797837 72447343
93564734 78472412
35890876 19582460
63356722 87724044
57401956 44445132
80603509 45939795
29609814 79066045
29838403 61178356
10719109 59438820
43579327 12805823
98097686 72673487
20407995 21675303
38579687 87472813
1473806 46961883
13050943 27787710
60881966 34848779
52751405 54446699
65837542 41158632
74029159 29194263
28882676 31431114
73639394 9486184
29887261 3249208
88552228 12242015
16943915 51787688
71680835 13039594
17109862 69778520
85713080 90034208
43970174 24292767
30023373 45443980
23771001 95590667
25748041 84652966
82955797 78499445
39099665 48793338
72174429 65645175
30503952 1057104
49592640 4143345
63059639 79479900
59908904 4128218
91721915 29369171
55915905 15919101
42408764 25542119
38213972 28121843
15576326 82184146
4930961 98116050
80144477 28701961
93706716 58408869
13354927 29178864
89424666 4970943
77972201 61599094
70616117 8476152
15172549 20208756
65135849 78232187
52205008 77561104
82360404 43926922
6930274 90792660
12362374 49339037
16334778 50576345
29977232 84427456
85276842 34908192
35059857 17937670
63610153 28766573
76346539 29481431
10461788 18287556
34452373 88433989
79886649 57584841
49426492 95059197
30309948 14562340
73291383 82514955
92123444 8168138
78958228 99053717
98960797 91320601
909106 67811927
94413298 30886337
52239382 32206491
65794528 39815590
50144161 81921032
21098514 79007051
11402462 31560302
97294606 98371186
19994290 29697606
8472378 69420781
24756802 38782326
36499473 50564536
21297280 28622916
58732673 52771860
80192984 10209821
96608812 81102089
78021747 91022109
64504777 82777480
23228600 30299305
22593070 25889112
12220336 43691583
4896162 76139150
75251884 54707119
27026687 47762525
84404724 35499065
69699658 61677877
74281390 6199130
12242412 48095021
87338397 23491436
866880 67531380
33701256 49992044
1149821 64239355
93530504 18170949
47016834 69275455
48470253 22126255
95164566 13206941
65817838 52577079
41862442 93586073
7284197 68889128
93864950 91688920
4388192 63564607
53366796 31185933
69763736 18125559
79280954 57102132
94133346 32664185
77149863 27834602
82656228 30816035
44590308 28703084
48986984 91607141
97978538 49973588
66249748 93143104
15696880 84583937
45720182 10075673
78170009 5520731
78964801 72034958
49726002 35869344
35599564 55609150
67055277 57879651
73734708 98852582
67498134 67868054
31516766 97164349
48219007 66689346
27980383 92809314
95392429 29483718
36932806 93370966
31973658 3182553
39030421 186889
87766489 37266955
10262562 18452850
42787685 89227362
43004159 45030038
25096705 31120075
639187 44668333
88999725 26890247
43520914 9014211
47274652 27554032
6178559 95493658
94243377 86675293
40819323 42152157
68675363 30268480
88039474 649020
85967385 27069895
835908 26250225
64336849 11098469
97219426 59640885
52842182 40223585
4670922 30455239
71343659 5310109
75123571 12859735
84716707 71160837
21873945 31991358
98714868 80568855
80001367 92958244
19760500 73337041
35110400 88435862
3605520 75666225
41601233 42089256
2736119 94953492
68339481 19589319
58568313 18075258
79230203 63926846
58298842 36417477
94382084 82158852
94243937 22022007
95018587 78960643
93182843 69408883
63468352 91897710
2494090 43469718
37372305 22254589
16806758 24999056
63206802 72928629
665280 57324386
15017885 3401399
4794229 35873717
75507069 63362541
53948974 7253624
27289387 64764168
43671100 74187822
46923019 90431388
96209828 94457957
21908382 41909022
16383192 85376733
33806731 18877281
28846450 23695387
93648221 98169559
48694442 9371374
71098187 1876074
66695759 38632423
5277472 71489987
27022491 33300892
34852528 33487817
40554515 14658266
98251984 36741966
88846087 97691354
27173353 37572267
92149311 49081734
79481288 8532502
34458466 65804371
27409782 15821267
89499757 73574354
13990825 90710551
82945727 85089012
92586624 49641485
76237786 50380447
73647823 3260277
83681338 61016702
89264445 24235853
75674967 87516428
13494170 17037406
85207781 40667523
7126024 29873443
42265608 39123663
38405944 76724074
4928033 18332077
92545340 46944142
44422782 59052517
37654692 27368508
96657880 82757667
29526344 72895665
33138113 3174167
28672293 16819450
64190868 17936737
93571654 92382187
57969516 7065824
61935944 95693649
249698 69061967
78083443 42515305
60701981 16489387
19239378 65630014
87337815 64301070
65090507 31760597
23353586 2745198
11645456 72527817
38019216 41171800
45423481 71157328
44345966 26612126
40493129 61053185
97065214 34064783
5951723 7551082
93646958 67887666
55761082 93896655
89465984 33844524
36411959 50167965
2850262 8167689
68314330 42704429
24985110 33404836
74465025 855047
88666385 86110480
73382863 26685600
27282279 71322695
50359279 24144596
97934820 90852407
37714133 47516386
77433541 43665855
55067467 71080498
11553521 63344900
17493504 53535856
97189423 6421815
3703820 39685
14589503 24534501
42744113 92090964
57939336 69725489
92946010 99122072
8352320 66328872
78324023 88150951
90167918 28683301
64811898 40619090
19535708 2526030
88135475 96969248
46191885 95719293
68049746 10261757
59064192 38059601
63797612 8769966
44481415 20017784
8809650 59070917
44552284 4070114
3678232 55007972
26311954 96624241
6646395 34664274
15469464 84970418
75331576 5637382
13653718 40143473
46256471 33189425
42669503 86908297
30158673 41377739
82627589 50724770
51639495 41691780
41300722 67953458
2978097 85782137
87971241 11787747
97369405 85039877
68374212 1047637
92564200 47202518
97671877 99210594
34383143 65657693
84181011 9714718
71295074 50351081
2374542 70067896
83540505 45044044
56976192 66215529
86421782 39603780
69456650 90577628
33811911 10757372
58531086 36790007
49055860 99018678
1094105 46425264
84058554 21984669
47472900 29139105
21703538 97661129
28349699 56086680
63318821 65047061
18317749 87130246
15398141 20692290
57198141 51454998
18252686 66690684
70186878 57190819
6294463 39643528
47768447 92622725
2917251 6299532
81929083 51973110
57834561 35539540
98398373 41893115
57524208 98387625
23548571 79227745
96048753 4414621
87830776 11883925
69461682 6148524
51530522 37376174
79357165 8728662
88831171 97609850
75419345 11534401
54800669 34230159
51177928 55085467
79369235 6611530
13901350 61298317
58584639 71735910
96837856 9499363
13629024 6878415
7886987 89693947
38622511 56452091
94108567 26453286
20852367 63570248
85118161 72382888
53462774 16991678
33627901 94810296
14601527 9047245
6344696 21918547
95793755 10038975
77004013 75162989
16650504 90905362
88977658 75235142
62641272 38331865
84734505 28786647
45210280 45137843
18480593 36349142
1589934 12589160
15318780 74958652
28675759 436940
47341540 82138532
69944969 80969440
29465180 84546496
42533037 35809875
58981394 90843143
45848850 35985407
18522484 62499353
26890768 7500141
90250847 42048391
98348357 27501703
23351390 43558636
72639545 41831982
32424130 26745830
6937493 47742909
1704482 88129604
696200 1562373
22784487 70641169
35048164 52249666
7704016 77581200
88059541 66685409
20940695 86424742
2670815 39463178
1440446 82077935
99479670 44207644
76642677 97828026
71709346 99994066
93903014 96865243
94342400 26327143
76127424 1279892
74070051 30348257
89409495 27282602
31910629 12193982
97923770 19475145
16959999 5627785
97056344 5019539
72313194 70513390
43960632 27500360
9976567 45401078
62094646 9456236
42125073 38737323
59800614 13834419
38731388 53703627
63216013 33073787
80030769 39343436
86870031 6617171
69691693 28795877
33899772 54118673
40989858 31823542
73593817 57949857
89967678 23166513
15485747 14797223
93679902 11962731
42297583 56172821
9880160 56908580
65629056 52005232
95645902 25429669
65839650 86893642
31649647 81572014
72483780 11680415
20915450 11870162
70813937 43123494
40666039 4713709
49758518 34172248
89053602 23352335
44638456 31537631
99035199 12640555
46334854 92715100
24603285 41148788
48887920 34483444
98057367 67033328
86488675 46219621
44979348 4844677
85629614 29145347
86416690 10629745
40825761 59848491
22499907 64156050
2971984 63165945
21386110 52730502
49854544 10439711
28599188 94493000
94493693 27634386
7133554 40828546
72865837 31736838
34493685 74270109
18736633 85067404
93819788 5225307
83803376 38799135
62586335 69432989
67944481 49003025
32579085 61286594
8851515 55078991
77958995 64339851
70761287 99345104
17070352 20615831
62301166 98185891
15108830 56794858
25820276 74758735
50139756 51202464
59011924 37149792
25472572 77748556
22217195 19292359
35490214 58536922
10607846 98076549
80486262 31068678
47079573 13065347
44871623 8447439
68144337 22830617
25303641 38905624
74692072 42373992
12037806 36993237
93076234 27146635
46304447 71412861
54421721 96444202
22615325 13433644
33593993 604248
91182199 8327540
72412959 26672412
19380813 83020804
24748960 99867075
66605833 24344884
12932421 63993808
85308675 81076757
39340776 10612315
72498732 14032848
5502659 84536537
3542436 98578892
64199523 49846882
69991753 18621243
46291083 45123429
84571238 32401428
45727676 75753436
93245319 18140634
54942200 12626131
53677789 79691159
12493205 20283622
56552395 77941977
36793781 41861069
11535086 76134556
52473383 84033817
90167403 10492393
21086706 93709839
9071285 37802580
43556720 31579389
8940175 42364155
76702817 93511412
27281934 74946844
21781200 73043604
93087478 76723399
38186086 99281618
8930909 3195643
72081591 65483303
81137619 8875371
59860723 92672704
85009927 64850458
29222873 27693681
75342850 50309578
73919871 84414134
40628509 69992943
68509874 49568683
64873449 97729042
43080095 92155382
72675886 64861294
17715337 18279715
94101044 55901422
17561332 3031952
59097064 89642923
68515255 92751035
98518293 28375977
85423738 36044571
93226434 67162962
63738252 21085636
69988891 90174474
58016121 10617400
60167416 26525995
60186082 25040864
24255036 55782528
69712597 49447273
73160173 87427933
67726987 67261216
43329355 85288319
22809520 54942770
27447593 91324774
210156 25965885
72217102 85633894
14526808 17959888
5313207 30781411
39045523 75302098
20955884 97061643
85919497 81123300
23587637 98621930
6164163 359025
6920810 75876760
49806297 32597334
63304692 17533284
52374902 59150398
55337954 75184421
66609520 82785546
66509194 66819675
61267782 91242647
4969920 75794589
9202534 10283127
59092351 48248056
85585224 80048235
97826051 24021072
61171534 73930039
22643001 19852048
74289063 29563810
95728807 76611712
14677496 11549851
46661347 67052397
23216600 1999300
42236817 42342471
37301197 8746010
9162146 51085330
52505008 66648417
79396271 61707542
76931543 38488621
62471949 15033118
18536855 60297999
39054189 79708388
86744390 61697190
52076788 61033452
43777351 47805594
90161515 10971198
11871796 36822861
78023594 87604748
91338512 20260410
29947218 28639708
81522771 91625715
32241390 34027779
58274132 11637660
95735320 87722026
50126280 10723620
2755144 68663135
23537971 41809332
887874 10282360
56022873 52964661
71315811 52316576
53286607 13993678
63287773 65158402
50816538 41311367
5279501 42155050
14088128 35226719
23311109 95610899
26852433 55552498
29638677 37642916
67190157 77890348
25364942 69832789
88613967 28120085
38495923 12151937
69929416 91900148
22434296 78468641
97381161 46266459
30785216 50667767
60260136 46589340
68342520 63593025
87900706 73622021
58264426 1988834
61365091 81575535
50116084 88217523
89644384 79754760
25860439 9350893
10161459 3741732
79183681 51291777
31861816 70195955
15960066 54307583
62096102 38394361
32776223 59477262
37177171 16077790
62661380 49953658
62667130 31003900
13546683 3084187
57142272 71811108
57589372 18507362
5902994 7705455
59241236 95547378
39976566 85101674
4898270 50138024
41359757 36598302
1429801 73221572
6794256 17389866
27529155 21406709
8300578 12821729
33400323 97994101
28899519 96061702
47947758 44083000
79581953 14010792
47167186 36724224
85821900 4756558
55231585 44241245
64978364 14472821
39788622 4954930
52090846 97203243
55092953 93450603
33801544 9039105
19188526 93112151
78945322 46717680
14518860 87245900
12055761 47919182
37756352 93471631
43980883 85704109
37554630 23562836
99714901 37238167
12803411 38053152
94511076 68034996
82294396 59489440
35024168 74599370
64444369 87115013
71802612 72053673
33081967 58120508
81092778 52270493
51232658 12554451
51504524 18267869
99800350 63560284
66187050 37556701
9548266 62684285
75777162 47102895
38763472 28008414
36857414 51566882
66061565 31368489
72118229 872312
43374280 7142396
75471681 60335000
46773761 99790645
32388673 32372079
57911152 65997802
37158923 61660161
78552252 88663447
79928030 30868954
4740082 46115079
20942006 14288348
61315715 96719167
13907594 79186
77243932 3281359
4162420 43305496
87166200 28797000
96694160 30540479
35939396 72165840
90875479 35229508
71956484 75780503
20117938 82383987
41778304 57276861
44044148 72846907
98456659 23972177
3715860 3196740
70087255 77174218
70001439 31402970
26409736 83909033
83998507 3653668
39706743 40677278
99475515 26872942
69474278 96169674
9929773 57930025
68335514 805251
93159532 92808349
29102105 65793821
75192336 23396760
23070681 19236483
96243666 21527339
43208659 52475878
77240431 65812265
29650095 47241869
49731586 8576182
83667253 86246445
12229849 23373996
26923722 11705364
50246937 96397999
60391389 60176709
54328023 28726902
13498311 3906
74051603 42600415
18314079 49243938
18513526 41384759
20996772 14757192
15428450 16721782
19749421 45185232
35050398 1915867
92427100 37298336
10492048 76094353
23544780 75238249
51984700 2984853
39459964 2231636
99382852 99851352
14924697 6227226
81094606 80939359
58747484 7662560
76056126 77061562
56906497 94569651
70962672 30419620
61843194 38907473
99657753 81592614
84092704 34708150
83508480 76519804
72006485 46516880
5130508 95551264
74271480 57115207
98536117 13731443
11863194 50435320
66099146 79304242
9178897 47193751
60243601 67926380
54856310 36299726
97504293 64279158
30869376 68466965
47215129 92712570
59890789 46872881
26821535 43983493
34097383 62846367
20503296 6103867
9363246 78150155
54171483 83634725
87781713 5223951
49882519 99644906
8175622 15981664
31465500 17354518
15691767 91709100
37797250 23064428
28008825 35301542
87343586 11394552
56284858 87075066
56623473 16175647
33947947 83445008
60159139 68045329
46291374 33178786
26665547 8170971
63845292 80837029
44322047 51627004
38577331 94204565
3788261 46752952
62702580 35253760
64107470 78394346
79479211 1904719
53975126 60004387
89722612 41318711
71398939 46007470
80910128 28022411
62183116 67374426
11467418 22342254
87936106 10275143
8037391 14601653
18446113 71882682
47955033 62768159
23509685 86532364
56972723 79814297
33285315 72191655
15068057 49909136
3102352 94547267
51813854 57077477
54551654 41536466
50912539 78466944
40060287 31822667
59005706 2243402
99197092 70473124
77102007 87133198
33264618 37655749
54251202 51710731
9538430 2206234
14478889 85564466
88738597 23967964
65378762 74540264
96159618 32963170
24449399 51778321
80026789 28779605
8855798 87094794
22832422 59768336
65561737 62892708
91591002 24567442
17652461 43304446
47556917 47270819
30437643 80821535
84926567 84688844
32532265 46981348
39411429 99527505
32545813 28150026
76011820 50440926
55206641 24687789
35920448 79656039
76466110 15947236
60951995 85321907
3042029 36300768
45090242 68603765
51709827 89197596
45687558 21878639
32502041 93244475
69149457 62939683
74066009 6592375
144878 59114625
53573722 39556306
11158481 38635886
20222683 87170301
41593164 75429323
64374441 77513611
7601714 40840550
93460846 21070060
26162456 96502874
57370828 23769050
17622990 61597006
12966645 63310547
83475645 45468685
9071373 52625101
60924719 35653733
59217476 13585948
94768357 65307549
5658605 58443190
3943435 25881288
98129842 45536598
53826962 62504282
23050208 61428675
3344832 69027405
35015087 82023639
65530278 92385914
5792688 35669619
6499271 18759332
98980165 89974915
16744368 8051538
42600016 30185438
43705270 54333843
43771385 90989979
19641391 49429990
1949520 76101177
27827629 79361
74154126 81654590
62583642 97204333
95599617 65928473
18748089 30614703
47952112 84278366
75516968 6261151
72464336 82016238
77536835 71444501
24507505 46797554
32012390 67107520
76982992 28234011
73957714 73270728
71740341 46115456
75217069 73689860
22216633 3044697
26285572 96370758
37215639 88869214
46091443 32815255
7314038 64839531
15946309 7782501
1634249 43979628
14043652 74098584
78512217 91580486
98059436 3019721
90894391 82588177
22643592 67877382
63338540 96601305
41148110 87595232
95233113 16365178
13801444 17449745
71926227 40087015
66336854 9141865
81472580 64944648
94473471 88786618
82300531 62936131
96569118 36451131
6915758 63129121
63066066 37944326
7225958 13641854
40964047 98120349
48746382 16123990
65997730 64601273
12725295 59662191
52196505 7958407
28543721 18514300
77924503 52986299
58601314 96777708
62128163 40073894
14238708 9117985
81376863 49055590
72054115 77945980
85506720 31486224
41075101 1089137
21946901 817410
14730990 62910947
98937758 15993724
31551289 17451840
80594996 44276583
77114030 32791500
4751341 58174102
51305799 35192195
11160400 62423465
84486254 25804914
55013710 51241313
34922898 36390572
296902 59493364
66852903 38319973
43495939 60444355
39409110 65442840
61261765 6656451
80870138 60199522
22650174 12421426
77651361 3245170
9214360 7281743
88553021 66482052
65455844 92375172
54190598 76616244
54798636 38676852
54937509 9812345
89918164 42376759
98719268 42731418
54386474 65572170
81051390 50398765
26016525 20460499
68357956 39794641
79633302 49228093
99994162 2283475
14165871 30161875
58044996 75896582
37443617 46598017
94894986 55415812
38973188 49085583
84548407 46288175
40278786 39485916
8616871 82713302
81862674 7336138
25444719 36249147
72908307 59012460
39164263 51441183
31989311 7522218
43752175 11622612
9266663 96262689
13906086 23432533
26424563 24467434
51845466 16384531
71065450 46740451
71800342 62554989
48342386 56348749
8843163 41137523
48351016 17460033
23850824 30213689
77312522 1811894
18979187 2737180
60824354 58143450
6694715 92813664
65665667 50446889
56952627 74932329
46709577 23375064
50881213 73134139
47842497 55243031
89518669 71424298
1983481 13835363
86495638 2842218
22700463 95338800
43979741 71051478
65315184 67830564
1265166 95144057
22158810 72760704
97881237 35499515
83420505 4575951
80829530 1602524
55022839 37782156
29051204 1732416
61157219 79932417
27382906 61516068
87691799 69417927
32940365 89675279
83253289 19436003
45033849 5953751
67291154 89013589
77005228 85122690
9360504 30786745
80266746 31519313
56063800 30664334
19535179 39484305
35240284 364708
41086828 90263123
90663215 22654383
44511890 4336786
2586799 71894795
65852853 90278597
93829073 51309569
32470228 77082361
70745571 77504076
35552463 90553077
19034016 65074042
28192118 28394519
48377138 8458863
12430184 4440938
39123197 31965362
43925242 26879832
84846422 37528421
17142954 75509636
60182803 14171195
79846421 15285954
38582342 98215625
58080902 32411414
49525194 43067481
62010127 72787116
73087908 97562589
63340192 92121923
15152983 91532309
20516442 63530120
52507524 32946625
67971057 44147072
17428338 64412650
71026903 2274759
54457422 40686209
77784395 67156577
7373755 10147167
82442530 45956096
8362792 93039783
78367510 57887985
36107264 40377636
30675100 9195171
90456576 46531644
53833446 5609558
38063952 74349887
21656030 43087827
59812863 42143438
39751250 77241200
59072440 10778153
32032311 13529861
3980713 9816705
80686437 11354467
19963871 15645318
57310563 80843014
8685101 88194424
38730998 97308716
28572059 69406098
59020238 71544986
68454093 12853683
29670896 6518044
39719921 51326925
2122223 52049135
45986714 41873472
81806687 5059153
5167976 13838997
18589014 61665040
76172053 51791802
25535859 48652275
19953472 82846421
29495289 28638572
23557196 68226286
78463639 4645606
90148735 37483876
76190591 58602827
2853911 5861486
17637223 95090183
9704762 72275797
47139318 55691476
14149268 28946004
60750628 71833596
95301352 31855993
33498635 71473404
83647795 59034493
20125678 3601266
94397265 49620966
84756189 17954460
70363604 15736179
22600065 60512338
5736406 51307008
71631517 8590316
57168493 41785091
3680499 66873255
14060887 3336168
75081082 80726506
32282171 35831709
52560101 80099874
20204054 38575088
51573277 3851848
50125932 71698954
59969465 97039549
73836272 97242005
67510360 44199875
12978183 42626777
57228564 18714588
93933784 28860080
79821256 3618628
23161522 36018106
23008234 37222408
39354273 98089315
17948914 24152795
86437376 23025366
4252668 6641429
14116805 55825944
63009628 16759089
80041249 75495444
13798637 6393872
25253800 33825348
50593746 90748334
76452124 60338662
61979273 22902259
41715093 41800528
26520887 64876615
77818633 2045472
2099022 69689257
134787 72564287
93842051 39088514
48106005 98094718
45729942 14739161
6437013 8739569
31498249 86478262
36751364 97813237
92872133 62005163
31638585 95982231
52753496 60607060
56320892 14732768
83509319 50552336
56533296 62546557
15428950 86868280
64592028 70044324
56557537 64726814
42608610 50399587
3815327 43230966
1010657 2061620
57970127 7447669
10801188 89468375
46442282 68903
39797964 91830767
62074065 71436548
87812997 14827560
32043607 96650240
29560328 15552925
47202575 38609975
78099481 15147877
77994606 42691509
85192200 87068494
59934674 80317161
37468081 16266353
23548127 90995089
18327972 34034605
50959109 81645512
76019331 97401391
81714414 15817294
89232157 96304831
87253841 29561505
11132390 71813800
78728096 93209069
87366724 78447022
84335395 17982557
93594898 62330001
13190417 31303449
49398494 25641442
11620610 39382926
41907794 87685088
30378014 12752118
21719692 81337123
46913981 50255374
31254865 81144746
66072668 73003373
77449576 5842860
55081229 88581966
77656659 33809324
34307386 17539735
64772697 18642781
88038643 58367595
80972781 53745411
89671043 82887626
79386852 53808004
22270552 73810998
41493091 5164917
39079467 15729134
39018391 85993447
18500860 70273255
19654544 37089879
43276627 97104120
42932738 98357855
38202437 73105749
84683530 72509822
90645483 49456227
91152602 31200477
60340173 24641734
84945887 2527567
7529360 16849090
56335571 82316263
90660087 50345013
87481179 29739553
18590499 26499570
68249351 37091358
49289176 87903895
74181236 92565803
37524366 69630325
43440009 75726802
42736073 28123539
752975 85897907
77579765 44421929
17098383 37919937
69063662 54560621
40447503 29109373
71409711 49299425
11425635 62069797
99644438 51423166
44325702 18234936
30439087 65091404
7842645 79728262
52995298 34540232
72294064 90519663
4170556 15734073
18762816 46906629
96373963 19515791
85320887 73953727
63937719 54935622
64390015 85517732
9496242 57353869
67143457 80905952
6653294 78569091
95492101 58814083
82508608 92334154
29565370 12947694
57425557 89924366
92675956 62937207
24464597 17486371
5973221 28635152
85736795 24736037
28058132 82110757
44251827 13379019
8580835 60705897
68314640 25487201
46223628 30327233
35357422 13367084
63749537 42010715
44452527 11757989
53341149 79477486
4092142 82906518
44941532 14034050
72830883 37617487
29487608 49811831
7620209 35460829
78446982 45873356
60196865 59021466
80500464 56965043
24916836 89081299
17670939 45747827
67084851 16410918
76075059 2442272
82294354 92340947
96969338 79263232
4098935 50310486
58740717 60707428
85733355 3682248
27257830 58564237
93816086 56745437
8376067 53952647
92206265 39339401
99826002 4919481
98360866 80326465
61884523 75794053
21924115 32071813
21541879 89008966
999083 97616937
43967589 83293436
89957884 40936927
62556667 46573170
91247412 73813735
7280598 76980767
30012335 34538427
88061355 23828420
91283863 48953774
30297418 36006480
88293174 30123419
40925960 39170391
62966236 55326835
14964443 84890350
87398647 36506321
26415667 88397729
86639609 70383256
24207516 29113844
11320182 86764182
75687014 55083945
13094269 35483963
32064711 43106603
22538741 72642418
19451374 13822603
21596191 49748792
2345434 62405716
79872210 43271394
54092458 42838445
98598228 21573252
80245147 38513226
10595924 6660813
26910955 49751884
29560420 51118470
78865728 40880601
90399004 7069093
95964546 56009624
42553055 80545608
99116226 65091795
5704377 18567599
31430749 27300567
20832742 86292535
42222634 704952
29563928 96315091
96059748 80678507
70404694 28821246
71708084 81000617
87998411 98619038
30752501 17558830
2253860 62134580
10955783 45169215
69203672 6920328
1178838 11756726
39982287 295063
29364872 45686664
71379013 13311972
25503582 92211755
99604506 20242568
45433058 81684785
16557658 94009157
14879643 39478704
75346755 86587727
20479320 63345165
85206764 3748172
80903994 39976975
65882751 91859776
85146189 35086422
51296455 38841378
99359499 43795094
39136440 28724370
41998109 63031805
94552694 20018042
7759911 94157199
40260609 5709320
75841984 9334619
99718476 90721626
48813322 27581582
77309352 69292641
90926746 15032468
73040813 24347092
7525794 38923563
68723219 45188335
26526337 72536026
84029712 25885835
16331119 75682504
7126557 10845579
38714308 1679250
30863620 98990570
48352800 71124229
4699889 76711135
80458847 56934716
67432761 29272168
84516298 97258464
98564808 27959395
64807283 24121972
52306486 72333077
15561887 21029705
17521411 42088223
93565730 54067474
20490409 62413200
29749977 27616965
73258778 68464284
81812566 4122397
67454853 30165366
75246625 24671093
6876500 55705471
81605809 26825612
84977638 18638458
76600428 36058798
46597852 41407710
12697121 98904338
66257138 28259007
19934042 36294900
22863581 66016123
90362374 43353990
28429322 20112350
23487306 54204451
41092986 5299872
58326847 61064190
87981589 86089824
85735283 47374440
41795294 19857443
74200052 79289284
38495900 50800479
67864433 85093751
44724540 33077905
36514440 10981678
13853264 8964833
99792929 36716844
74980955 90155302
32587185 55926628
62784004 8590843
10131078 56393341
66407066 20974277
17457530 54388654
7064100 55709164
1763093 1375745
28082958 28479496
33181380 66578857
31796326 53562164
4188960 76520866
86640069 40703399
40018895 493332
49668232 92328175
89726527 77165538
34999829 74830064
33092166 97783832
83420906 95739595
6693524 2344323
69230223 76667405
56732976 28810674
32376569 11012420
30186419 12975878
92008268 15884150
32071087 23804593
21962666 36260046
52841810 8602734
76963444 92860704
61612417 79148027
37705231 3855295
56313565 72705059
31201710 41922082
23005242 14622615
37661676 29698765
69483289 6891899
6366169 26216264
35702572 91259089
89745036 18405342
4234967 81753303
86805844 36306053
5557895 8768509
25082450 58399705
69887594 54562245
3776760 31500010
33710272 41481990
87871656 42540188
14187048 19073366
84462269 89708641
86212332 74640296
19407405 55695621
34048546 25773574
34428236 22267470
69549014 24173271
40672811 26300332
58442925 79995006
15122736 64000820
88763514 40205185
74916876 11167459
94767430 31209987
