45
5
10 0
10
38
10
1
10
1
0 0
1
3
1 1
10
20
10
5
3 4
1
1
1
1
1
9
2 0
2
4
8
16
32
64
128
256
512
3
3 3
1
1
100
50
1000 1000
1000
1000
1000
1000
1000
1000
1000
1000
1000
1000
1000
1000
1000
1000
1000
1000
1000
1000
1000
1000
1000
1000
1000
1000
1000
1000
1000
1000
1000
1000
1000
1000
1000
1000
1000
1000
1000
1000
1000
1000
1000
1000
1000
1000
1000
1000
1000
1000
1000
1000
2
5 4
2
4
1
5 6
7
3
0 4
3
10
3
2
1 1
1
3
4
0 0
1
5
11
5
2
3 4
30
25
2
0 98
100
1
2
3 4
2
100
1
3 4
10
50
0 0
1000
1000
1000
1000
1000
1000
1000
1000
1000
1000
1000
1000
1000
1000
1000
1000
1000
1000
1000
1000
1000
1000
1000
1000
1000
1000
1000
1000
1000
1000
1000
1000
1000
1000
1000
1000
1000
1000
1000
1000
1000
1000
1000
1000
1000
1000
1000
1000
1000
1000
1
300 400
500
2
0 0
4
4
50
1000 -1000
1
2
3
4
5
6
7
8
9
1
2
3
4
5
6
7
8
9
1000
50
500
100
200
300
400
500
600
700
800
900
1000
20
30
40
50
60
70
80
90
11
22
33
44
55
66
77
88
99
999
20
2
1 0
3
1
2
3 4
1
4
11
11 12
100
10
9
8
7
6
5
4
3
2
1
29
1000 1000
1
1
1
1
1
1
1
1
1
1
1
1
1
1
1
1
1
1
1
1
1
1
1
1
1
1
1
1
1
4
3 5
1
2
10
3
2
3 4
5
5
2
4 0
5
100
2
0 3
1
100
10
33 52
1
2
3
4
5
6
7
8
9
100
2
1 0
2
3
5
1 0
500
500
500
500
555
3
0 1
100
200
100
2
3 4
6
12
11
11 12
1
2
3
4
5
6
7
8
100
9
1000
1
3 4
5
2
1 0
4
3
2
4 0
1
2
3
0 0
1
3
3
3
97 0
1
2
100
3
0 1
3
1
3
50
1000 1000
1
1
1
1
1
1
1
1
1
1
1
1
1
1
1
1
1
1
1
1
1
1
1
1
1
1
1
1
1
1
1
1
1
1
1
1
1
1
1
1
11
1
1
1
1
1
1
11
1
1
1
4 4
5
3
3 4
4
4
6
3
0 0
2
3
2
2
2 0
1
3