300
124 188 91
28 214 22
334 41 21
16 316 92
321 145 2
9 64 35
39 204 51
125 64 96
15 217 51
37 27 56
62 56 92
253 226 66
367 248 73
278 105 24
93 83 1
82 126 69
53 175 57
161 266 100
294 195 14
180 363 71
383 220 98
247 329 6
274 272 62
238 92 4
393 1 59
243 153 50
361 129 60
359 104 74
36 340 25
19 256 90
18 352 26
354 134 98
312 343 33
275 100 89
301 288 4
312 380 39
182 89 42
32 372 7
334 97 64
20 280 48
258 317 86
380 122 68
108 48 11
80 288 83
224 362 6
157 319 38
106 69 39
271 279 15
110 291 92
219 366 19
293 87 99
283 32 26
242 264 29
298 124 45
143 339 22
47 359 60
148 173 78
245 120 68
282 238 16
200 109 7
238 10 26
332 287 58
104 71 70
280 244 99
179 83 89
96 163 6
242 337 97
395 252 16
397 216 32
284 269 100
71 367 85
334 348 66
91 128 2
70 270 54
135 368 31
252 36 81
90 226 42
151 366 98
207 142 91
219 177 26
34 244 80
247 190 99
167 2 6
327 49 16
51 88 52
237 96 65
314 363 91
30 282 58
113 324 41
86 265 78
341 31 77
301 293 100
349 209 55
36 292 5
19 144 97
249 384 69
150 279 8
313 171 8
23 3 28
32 4 88
191 359 44
20 289 17
186 222 71
337 291 95
370 329 38
299 338 5
391 113 34
201 54 16
340 247 61
122 62 62
101 294 26
31 245 40
122 26 91
380 371 85
357 91 51
147 55 97
284 20 65
344 283 86
140 127 57
99 28 75
328 301 56
158 165 91
177 60 61
142 56 87
314 322 71
97 279 55
202 261 54
126 338 94
89 108 77
343 355 84
227 144 65
223 13 72
84 269 36
208 312 27
384 22 6
85 118 77
158 65 34
388 381 19
277 121 12
286 62 100
216 18 31
208 73 15
99 341 72
163 26 35
14 60 64
114 69 72
357 282 89
341 57 17
340 131 87
3 37 91
75 377 31
85 149 61
16 113 68
36 260 67
150 349 100
69 172 90
298 117 50
125 63 59
165 29 19
254 208 44
244 41 20
291 5 33
159 159 87
2 286 10
324 211 54
184 364 30
336 159 38
83 91 37
169 79 3
7 150 84
216 305 39
371 85 1
316 11 9
320 69 16
146 19 21
286 280 29
293 35 40
65 140 70
82 279 58
309 271 80
146 45 91
6 392 97
146 176 26
365 317 41
179 104 88
194 382 52
77 299 40
392 283 27
136 337 25
399 374 73
221 383 94
98 84 22
302 151 62
19 39 40
273 121 55
366 207 4
119 33 97
196 180 57
355 241 71
50 92 36
57 380 24
189 262 65
313 385 62
49 50 47
169 249 67
209 203 15
120 296 88
153 328 84
89 38 62
241 400 68
129 154 40
348 209 82
127 204 68
121 122 19
278 347 46
34 93 16
23 281 64
255 58 100
125 380 99
287 301 100
219 383 79
143 354 19
184 117 48
1 342 75
400 142 66
16 274 73
148 340 5
78 25 9
372 30 18
364 375 8
383 5 76
155 225 76
55 175 17
191 357 46
62 322 40
112 222 22
167 4 99
237 339 32
144 189 91
363 369 99
240 190 46
42 392 77
252 28 28
290 24 7
35 325 30
388 213 6
273 340 91
237 284 56
341 221 84
371 146 19
79 378 14
163 40 75
234 167 16
52 188 10
145 278 73
356 44 93
51 117 32
291 350 43
77 169 21
135 259 4
85 82 51
248 142 48
174 209 83
118 240 3
107 273 35
356 139 58
145 282 82
119 399 98
94 262 19
203 85 52
303 344 100
204 59 82
35 210 8
324 125 82
90 19 25
94 107 100
213 147 73
255 31 70
362 226 21
197 226 79
132 27 37
118 28 34
345 43 61
395 54 3
398 16 92
232 171 69
157 74 56
339 240 35
45 276 61
115 338 50
278 304 27
100 101 31
48 118 90
16 385 5
280 239 82
234 51 31
205 346 69
323 272 82
394 307 4
127 320 44
90
400
242
396
264
51
142
209
129
296
107
341
7
211
342
165
129
192
236
142
160
336
314
382
99
184
367
380
2
339
85
149
319
147
174
246
236
338
5
37
245
145
391
366
150
224
94
268
196
231
146
91
227
201
242
341
296
125
311
325
53
17
119
266
100
113
151
3
348
311
124
189
228
320
47
75
194
291
386
80
332
56
206
324
264
395
380
390
155
256
59
200
277
379
57
302
360
289
353
47
3
83
209
226
39
116
199
391
85
382
379
281
11
257
196
303
360
289
381
91
94
160
225
300
165
21
212
250
56
60
105
242
376
112
198
399
326
37
201
290
228
183
329
233
138
217
13
351
146
338
356
212
74
108
330
400
5
345
322
46
381
297
390
279
356
226
201
43
247
181
377
236
166
350
376
158
13
349
297
271
226
315
301
27
284
373
70
108
144
349
11
369
62
156
17
21
30
366
43
207
162
76
79
8
305
169
314
218
314
325
256
159
118
276
326
303
110
366
173
289
126
119
334
353
120
395
196
364
4
247
236
342
205
393
147
127
190
298
169
294
342
158
130
106
24
277
312
201
144
16
160
149
185
83
399
275
373
111
24
253
23
327
29
66
277
374
335
314
223
133
135
263
200
320
157
148
378
376
256
315
230
52
244
379
94
98
59
72
234
236
197
298
232
30
108
376
396
176
338
176
352
220
239
230
163
23
63
147
64
343
154
381
387
117
118
72
200
306
140
22
325
381
326
248
263
103
125
260
123
357
251
232
178
357
161
247
49
27
144
26
319
121
116
304
60
23
338
381
47
164
95
61
60
161
17
308
33
372
74
313
332
271
171
91
48
286
41
133
17
58
180
277
28
108
23
334
66
328
83
49
270
100
234
65
173
389
372
229
32
379
10
40
355
76
80
273
367
322
360
225
0
187