200
49
53
54
13
51
41
55
88
81
47
70
88
74
88
72
34
37
65
75
53
9
83
32
43
70
9
38
9
66
78
19
59
23
93
37
94
52
62
52
36
11
59
94
13
63
7
28
46
78
17
31
82
20
8
29
64
32
74
76
56
61
59
71
97
41
27
68
27
43
22
70
24
87
98
89
12
43
90
34
93
14
11
27
4
63
84
66
9
15
78
5
29
87
67
14
30
66
82
100
47
10
76
98
5
76
49
89
101
85
86
12
6
78
49
71
45
79
42
17
84
68
5
36
20
84
8
68
58
59
74
67
40
17
56
26
3
71
91
16
83
34
18
81
87
22
101
92
19
56
18
21
95
63
100
92
12
67
25
50
53
99
20
87
80
69
10
75
5
24
32
33
88
41
54
24
74
21
95
96
92
81
33
50
83
27
66
51
7
25
78
78
18
27
27
58
60
46
27
69
77