75 67 58 73 71 80 71 72 
99 71 94 15 23 82 56 82 
82 80 51 93 59 55 77 98 
79 55 66 55 52 56 95 96 
90 95 85 78 92 80 87 72 
64 69 53 57 63 99 53 76 
76 43 83 37 90 34 38 46 
54 93 79 32 70 26 31 65 

65 31 26 70 32 79 93 54 
46 38 34 90 37 83 43 76 
76 53 99 63 57 53 69 64 
72 87 80 92 78 85 95 90 
96 95 56 52 55 66 55 79 
98 77 55 59 93 51 80 82 
82 56 82 23 15 94 71 99 
72 71 80 71 73 58 67 75 

65 31 26 70 32 79 93 54 
46 38 34 90 37 83 43 76 
76 53 99 63 57 53 69 64 
72 87 80 92 78 85 95 90 
96 95 56 52 55 66 55 79 
98 77 55 59 93 51 80 82 
82 56 82 23 15 94 71 99 
72 71 80 71 73 58 67 75 

72 82 98 96 72 76 46 65 
71 56 77 95 87 53 38 31 
80 82 55 56 80 99 34 26 
71 23 59 52 92 63 90 70 
73 15 93 55 78 57 37 32 
58 94 51 66 85 53 83 79 
67 71 80 55 95 69 43 93 
75 99 82 79 90 64 76 54 

65 31 26 70 32 79 93 54 
46 38 34 90 37 83 43 76 
76 53 99 63 57 53 69 64 
72 87 80 92 78 85 95 90 
96 95 56 52 55 66 55 79 
98 77 55 59 93 51 80 82 
82 56 82 23 15 94 71 99 
72 71 80 71 73 58 67 75 

65 31 26 70 32 79 93 54 
46 38 34 90 37 83 43 76 
76 53 99 63 57 53 69 64 
72 87 80 92 78 85 95 90 
96 95 56 52 55 66 55 79 
98 77 55 59 93 51 80 82 
82 56 82 23 15 94 71 99 
72 71 80 71 73 58 67 75 

75 67 58 73 71 80 71 72 
99 71 94 15 23 82 56 82 
82 80 51 93 59 55 77 98 
79 55 66 55 52 56 95 96 
90 95 85 78 92 80 87 72 
64 69 53 57 63 99 53 76 
76 43 83 37 90 34 38 46 
54 93 79 32 70 26 31 65 

65 31 26 70 32 79 93 54 
46 38 34 90 37 83 43 76 
76 53 99 63 57 53 69 64 
72 87 80 92 78 85 95 90 
96 95 56 52 55 66 55 79 
98 77 55 59 93 51 80 82 
82 56 82 23 15 94 71 99 
72 71 80 71 73 58 67 75 

72 82 98 96 72 76 46 65 
71 56 77 95 87 53 38 31 
80 82 55 56 80 99 34 26 
71 23 59 52 92 63 90 70 
73 15 93 55 78 57 37 32 
58 94 51 66 85 53 83 79 
67 71 80 55 95 69 43 93 
75 99 82 79 90 64 76 54 

72 82 98 96 72 76 46 65 
71 56 77 95 87 53 38 31 
80 82 55 56 80 99 34 26 
71 23 59 52 92 63 90 70 
73 15 93 55 78 57 37 32 
58 94 51 66 85 53 83 79 
67 71 80 55 95 69 43 93 
75 99 82 79 90 64 76 54