1000
428 405 739 291 312 3583
395 681 523 220 307 2183
584 569 851 429 397 3919
573 843 631 460 238 3823
197 499 615 308 163 4371
568 426 781 428 309 3363
521 926 591 272 365 2170
429 876 410 472 287 4514
495 466 369 220 321 1083
6 891 338 267 386 1291
214 946 719 222 207 1414
12 677 687 430 241 1825
37 512 810 328 236 1250
278 365 987 132 298 1478
99 849 738 362 238 1551
265 902 544 480 433 4412
432 774 341 378 420 2999
219 764 591 344 429 4719
498 952 516 147 147 1918
541 815 763 296 126 1558
27 398 914 428 314 4678
402 788 723 209 302 2365
2 442 817 278 273 1988
450 312 602 121 207 2022
567 782 831 293 144 2147
130 967 584 183 359 4199
378 449 928 144 325 3278
397 660 484 221 216 2815
101 880 332 155 344 2277
251 583 983 480 191 1233
23 304 861 326 192 4117
322 389 849 310 101 1035
225 916 433 244 158 2121
431 988 623 132 307 2996
57 812 645 448 401 1698
595 565 890 149 209 4571
344 564 550 264 178 2417
505 607 603 383 257 2553
596 550 549 314 273 2890
498 945 439 472 123 2887
523 653 529 184 301 2860
76 880 651 207 478 2876
239 481 520 408 470 3426
424 742 816 336 482 2137
395 327 707 127 488 3785
492 568 310 279 433 1921
363 697 740 118 194 2874
565 648 753 335 445 4059
504 308 848 399 291 2054
65 408 369 112 241 1779
341 758 335 248 437 3567
579 302 637 217 361 4858
150 764 754 340 365 1610
68 624 616 327 413 1738
509 706 412 468 155 1062
431 575 310 441 405 1547
182 870 996 471 172 4464
355 438 834 182 387 4518
418 543 846 179 438 3033
422 787 765 323 475 2910
137 988 337 385 473 1748
541 738 702 312 125 3879
170 534 362 430 454 1469
45 812 608 479 470 4052
88 472 359 398 309 1108
141 511 776 375 295 4947
578 839 820 184 382 2084
528 352 535 485 410 3485
206 416 706 194 195 4142
228 450 864 275 339 1264
57 470 370 392 238 4830
407 683 464 463 475 3211
160 685 636 171 339 2127
13 736 877 259 427 3543
5 399 728 321 297 2360
160 702 774 321 169 2856
491 354 420 395 271 4652
530 508 709 179 214 1949
84 998 940 316 116 1002
486 784 520 219 462 3874
22 437 631 120 198 1803
294 537 856 304 450 3138
84 477 998 378 299 1730
414 549 892 283 478 1720
331 963 772 226 155 3467
135 658 994 170 308 3800
550 397 648 393 494 4221
231 664 745 303 276 1642
479 742 448 437 349 2750
427 378 997 172 373 4662
330 804 829 334 396 3048
108 766 944 437 386 2470
177 802 356 414 122 2960
240 329 355 221 473 4287
334 614 628 278 240 2570
71 411 704 372 423 2998
257 568 906 254 326 2523
374 948 350 227 322 1700
568 398 418 304 474 3752
515 478 793 355 396 1154
117 920 667 292 375 2033
590 521 677 158 292 4981
6 459 841 130 461 3239
441 827 822 454 472 4247
566 660 340 471 173 4548
134 744 448 171 253 3255
27 578 772 361 468 4251
225 501 672 337 471 1798
534 581 377 254 305 4836
431 608 708 150 416 3192
555 303 619 236 445 3536
159 668 348 388 108 1142
398 861 902 185 290 1089
39 613 647 400 416 3060
220 578 916 330 376 1100
287 402 738 152 496 3451
238 548 393 429 420 1112
124 777 910 192 468 4404
8 878 383 194 233 4771
441 363 734 320 304 2291
539 802 668 299 349 2539
297 306 520 324 206 1525
570 453 413 303 329 2218
567 380 338 464 455 1566
339 396 444 238 348 1996
105 992 897 167 245 3493
542 756 364 488 202 2083
54 344 492 379 413 1757
499 969 623 423 122 1229
577 757 676 416 198 3302
219 567 609 312 459 3357
327 801 563 176 141 1266
572 672 815 272 374 3835
465 749 613 207 293 3153
181 357 739 494 308 4704
562 314 929 464 441 4765
416 884 357 383 186 4236
509 966 543 499 371 2871
47 971 470 178 299 3179
236 807 694 293 397 1495
533 947 791 388 479 1483
29 493 920 294 396 1980
278 601 439 131 215 1806
511 360 514 238 420 2193
270 537 512 120 208 3146
6 702 569 156 210 3570
434 927 716 429 323 2788
49 906 924 303 223 4018
375 321 308 110 343 4812
497 357 642 259 362 4492
193 694 663 454 481 3058
510 714 590 362 128 2053
542 681 646 412 333 4214
587 621 869 233 137 2839
176 567 803 461 482 1761
303 703 606 354 451 3007
158 655 345 410 273 1805
369 882 943 233 204 4235
446 738 668 438 429 1566
264 820 627 493 486 1891
600 461 522 390 183 4244
145 709 745 186 360 4468
484 505 838 448 372 4749
157 897 966 408 464 1303
231 790 518 362 474 1961
487 680 622 157 253 2134
447 754 626 311 433 1440
447 852 950 338 232 1764
580 911 961 115 485 4297
243 772 476 152 458 3293
471 438 731 136 288 4911
258 341 594 414 457 3470
109 656 511 321 104 4172
478 445 354 325 337 3197
17 906 349 409 452 4452
526 697 844 212 118 1324
250 894 892 154 142 3078
383 820 404 313 284 3193
387 625 316 152 368 3178
555 586 464 277 177 4022
411 432 991 456 171 1698
67 446 358 113 460 2034
539 845 686 494 425 1031
248 971 399 461 170 3114
526 371 789 156 199 1148
316 366 839 426 133 2302
446 950 840 186 184 4301
76 452 672 220 298 3687
282 589 459 156 167 4215
41 720 388 200 150 3175
138 879 578 433 369 3643
245 312 886 196 454 3400
81 794 791 299 375 3857
319 553 913 409 412 2217
389 846 649 270 475 2898
443 686 818 406 306 4112
168 507 419 359 160 1256
46 507 832 271 147 4677
407 987 345 216 160 4391
222 388 458 107 445 4382
458 908 361 415 467 3597
35 754 736 242 236 1925
515 577 491 417 485 1708
335 720 793 143 418 3292
222 520 656 297 291 2079
264 447 774 320 216 2290
119 695 725 134 395 3181
573 561 955 482 245 3509
436 370 587 241 460 1906
237 935 976 223 286 3355
292 540 775 313 172 4776
407 741 503 400 239 3249
181 903 408 406 436 1547
446 622 701 343 295 4663
51 410 592 250 287 4186
329 755 360 357 191 4390
14 530 872 312 493 3289
224 964 759 464 458 2857
91 516 639 214 441 2325
103 819 370 268 216 1015
61 722 716 425 305 3576
77 389 893 186 211 3313
434 678 794 317 496 1659
282 955 913 248 472 1903
337 309 540 409 410 4875
316 850 507 480 295 4739
287 464 618 136 486 1173
218 825 856 213 237 4246
179 977 378 186 400 3011
401 975 549 104 348 2604
210 986 456 195 195 3581
315 668 583 135 156 4384
536 666 347 430 296 3350
478 500 624 357 270 1997
400 364 935 387 348 1957
213 930 537 163 290 4921
22 407 735 331 458 4926
426 447 320 405 273 2515
329 509 605 382 126 2288
584 673 929 198 348 4237
273 640 315 296 469 3269
275 391 546 155 249 3820
66 720 654 112 290 3431
58 387 794 422 443 3104
207 876 547 400 133 4989
29 377 944 140 462 1760
360 821 544 395 335 3615
251 356 952 444 428 4526
436 554 623 355 249 3297
84 663 423 270 261 4344
241 991 814 334 196 1864
308 505 491 355 484 4479
168 601 684 405 404 3046
591 759 392 143 472 3973
166 970 757 484 349 4220
430 513 763 129 319 4933
84 726 773 368 234 1860
33 478 503 184 106 4530
9 962 570 168 152 2880
225 596 413 343 374 4024
213 359 342 471 152 4953
249 425 700 418 237 1011
26 893 922 354 264 1395
293 949 437 448 409 4988
436 684 851 434 274 2249
12 309 650 387 488 3980
262 703 891 294 227 3699
54 421 365 382 445 2535
349 697 728 125 450 1614
516 630 931 198 432 4039
368 941 871 331 254 1241
219 567 407 490 324 1110
533 978 554 226 386 3071
167 621 436 361 116 4951
361 368 813 211 384 4796
322 608 868 409 223 4185
595 442 339 253 136 4140
15 722 999 319 184 3593
591 858 568 484 278 3199
446 735 822 365 261 4471
337 982 413 178 350 4439
392 429 310 423 433 3937
266 549 379 267 157 4477
383 701 757 339 263 4489
503 307 668 469 384 3183
288 702 783 161 212 1236
205 825 788 197 247 1195
80 628 656 256 357 3961
233 606 692 107 197 3526
287 851 615 105 240 1546
438 684 982 290 414 2864
411 988 422 356 163 2075
415 533 793 273 304 3754
307 380 391 449 430 3243
567 733 341 359 229 3950
437 873 516 279 344 4788
8 465 443 243 323 2255
468 447 797 210 367 3275
97 741 684 112 294 2638
575 445 317 280 446 4751
99 850 523 405 290 1668
381 665 878 385 156 3027
251 519 932 216 200 3549
498 413 862 358 279 1067
358 984 972 132 106 3422
510 874 787 368 183 2297
378 670 738 313 416 3616
216 470 624 290 188 3575
190 306 798 164 405 3500
149 741 755 274 255 3254
269 809 637 125 440 3534
200 854 346 121 349 2864
339 838 628 286 316 3353
71 880 337 494 100 1782
150 994 742 137 259 4144
217 964 975 458 352 2673
134 719 994 494 180 2285
526 650 978 204 198 1804
48 498 693 363 477 1511
559 502 464 128 494 4955
270 846 609 319 319 1901
399 756 377 150 150 3093
552 916 595 227 416 4825
379 735 416 296 428 2465
9 426 953 137 173 3933
450 807 885 268 369 1061
406 942 500 496 340 2326
370 704 947 484 168 1384
578 697 812 223 235 4982
136 659 739 415 320 1901
587 843 942 406 410 3909
200 552 382 454 464 2692
183 806 300 490 466 4778
227 975 600 259 302 1436
164 328 324 309 383 1818
199 702 990 436 199 1560
373 935 426 442 237 3405
266 469 404 139 165 3873
470 674 392 328 137 1745
283 552 649 124 104 2551
577 312 484 138 489 3605
192 337 705 184 228 3434
410 396 544 339 293 3825
109 504 402 280 158 3626
568 968 787 230 368 2722
308 497 339 271 343 1748
305 936 722 294 408 2956
262 848 681 449 162 4861
504 983 965 409 423 2855
272 494 701 257 149 4978
452 332 405 268 240 2015
67 585 494 292 289 1487
354 913 383 127 499 2353
482 991 950 321 459 2473
335 414 574 489 152 4702
585 807 697 179 462 1325
340 523 526 106 357 1324
348 676 630 157 296 1749
544 847 595 480 465 2394
88 633 635 315 425 3555
421 357 312 358 293 2434
10 328 720 500 363 1712
306 877 963 285 243 1326
513 563 590 448 100 4048
537 930 679 156 117 2463
147 722 490 359 215 1751
589 443 440 348 387 4355
533 662 579 197 221 4544
524 843 558 444 285 1362
362 585 404 115 208 3856
13 763 345 128 361 4551
251 551 546 207 282 1938
77 623 353 239 292 2760
528 514 482 311 339 1166
492 832 854 118 195 3556
289 323 304 106 216 2400
565 374 521 396 160 3953
503 849 693 353 229 1781
265 963 926 495 428 3802
567 814 816 256 346 4603
583 745 902 237 324 3055
461 538 652 411 303 3684
299 692 784 195 499 3021
294 944 805 125 100 1392
88 965 745 152 437 3799
261 427 849 324 427 1572
123 788 936 223 133 1189
311 932 449 147 439 1909
140 455 416 118 313 2222
123 392 969 223 168 2044
474 377 669 113 432 1808
413 462 526 401 385 1843
201 679 845 417 479 1654
480 817 905 103 428 3022
589 883 487 495 448 3041
566 427 490 285 266 2452
467 369 488 262 401 3274
383 304 568 405 274 2919
350 440 900 422 257 4098
382 644 639 430 447 3217
231 621 511 298 309 1498
367 634 992 375 206 2606
71 301 630 133 295 3355
86 644 368 291 407 2636
468 788 300 155 184 1358
15 664 531 226 118 4025
590 850 400 451 464 4420
113 801 588 315 409 3825
82 870 803 493 378 2207
354 931 578 260 483 3567
75 832 460 286 453 4558
479 626 799 349 471 4360
185 964 461 452 403 2491
456 625 882 190 151 1985
534 327 611 425 135 3756
423 601 862 171 408 1140
145 455 595 313 307 3192
598 607 927 161 135 2613
325 959 895 282 416 1834
134 980 443 355 179 2013
175 474 553 251 406 2452
65 849 794 117 208 4792
53 382 535 240 112 3059
589 815 636 114 471 1524
12 563 749 122 130 3022
520 438 331 406 452 3496
72 801 723 264 347 2031
208 569 667 213 180 2860
533 750 948 371 225 2798
452 389 347 294 435 1457
127 343 921 142 175 1319
243 313 882 115 163 2955
516 978 713 189 318 1425
117 559 715 344 109 2007
403 807 301 483 485 3624
363 619 405 500 456 2688
92 556 887 265 235 4077
356 736 583 456 370 3248
100 516 322 248 421 4868
86 805 744 122 431 3630
24 717 937 242 369 1601
390 506 588 497 307 4559
117 673 933 361 413 4833
92 645 911 180 415 1307
292 974 336 402 392 4572
284 533 518 462 230 3152
297 383 849 258 159 1915
438 823 714 117 475 1190
595 948 949 289 457 3902
235 389 724 303 271 4390
543 849 824 274 266 2555
437 842 885 181 439 1573
553 362 569 307 194 4679
210 687 385 294 271 1133
458 605 487 446 204 4138
280 757 405 427 358 3902
455 705 789 271 472 2013
128 640 432 303 140 4505
540 322 973 115 164 1520
562 542 473 380 296 4479
66 938 331 320 156 4287
153 757 429 333 138 3074
217 518 655 209 452 4048
7 488 483 479 100 4333
341 356 947 173 392 1525
465 376 789 288 306 4765
481 920 499 359 362 2903
338 899 972 345 323 4263
252 727 498 440 359 3817
85 988 946 372 304 3743
359 1000 521 217 300 4295
380 883 456 495 462 1519
254 368 505 257 245 2628
307 762 309 293 313 4942
459 420 941 497 405 1710
100 628 501 397 423 4017
466 570 528 298 379 2071
24 305 869 107 452 3171
172 904 930 424 155 1566
595 680 460 198 446 3134
167 792 646 150 173 2327
495 717 743 104 281 4071
302 657 343 101 269 2451
543 870 656 495 484 3526
562 839 697 448 426 3230
44 976 788 392 445 2268
2 754 669 489 369 2722
87 995 557 151 101 2367
25 421 402 201 256 4753
257 376 822 276 124 2842
449 466 369 344 363 1203
337 548 868 369 273 1731
362 731 431 461 201 1660
86 727 973 472 415 2846
261 635 487 274 391 3740
75 591 539 213 110 3833
327 990 484 434 299 3910
245 534 346 346 276 1247
579 766 934 238 284 1931
537 501 682 313 291 3128
509 744 998 239 298 3854
587 998 574 427 100 2292
386 932 959 381 137 3341
7 444 924 346 201 1813
312 589 321 296 360 1722
215 943 979 356 326 4163
39 697 880 124 177 1499
330 526 617 424 393 3158
334 976 978 200 140 1230
516 345 571 330 318 1986
242 533 646 491 300 3821
548 462 756 381 445 2975
216 728 943 277 227 2706
168 477 718 146 438 4327
303 621 356 144 210 3390
188 427 384 222 274 1151
455 844 688 212 311 3989
495 921 396 367 100 2360
323 859 952 312 158 4481
160 708 739 167 453 3891
149 816 768 173 161 1961
61 763 567 114 348 3986
189 386 347 407 145 4554
325 406 592 142 330 4175
499 768 946 227 288 1012
241 385 927 101 195 3303
69 681 778 148 461 2598
243 957 659 357 327 4933
511 450 740 374 457 4231
521 358 635 208 172 1610
85 475 836 268 300 2957
243 993 934 263 183 2162
43 619 826 142 150 2615
193 318 761 149 235 4197
174 862 738 250 457 4956
453 413 378 210 268 2741
402 990 436 252 126 2367
485 525 781 130 369 1043
77 358 406 493 150 1788
253 633 643 473 180 2211
150 775 514 475 148 1966
256 344 369 414 197 3775
377 409 334 394 161 1365
414 319 776 195 288 4173
115 483 908 448 418 3450
326 531 507 242 268 1138
116 526 353 357 478 1057
566 483 457 183 493 4377
158 520 774 335 447 2310
250 474 435 378 217 3952
483 314 637 337 152 4207
512 882 342 327 404 1129
243 977 531 295 120 1380
423 899 783 110 473 3651
195 406 475 445 199 1214
553 445 866 127 322 3625
499 613 755 147 352 4662
326 644 537 135 305 4285
156 878 656 118 403 4863
477 415 378 197 421 2849
504 755 897 366 166 4338
475 852 337 318 463 2995
541 562 344 287 377 4012
401 500 457 119 479 1414
279 991 758 239 275 2838
371 994 671 406 399 1985
542 748 999 359 329 1962
105 642 442 112 394 4780
338 726 855 401 152 4941
203 821 915 326 387 1171
70 910 666 380 132 3207
221 433 457 118 176 4022
346 346 755 404 365 2309
69 735 752 321 302 1399
171 508 879 439 387 2339
28 309 983 345 253 4589
451 964 873 446 494 4127
67 634 562 423 286 4346
430 497 439 402 144 4749
95 861 745 350 454 4298
499 493 846 227 444 4091
21 419 622 197 303 2679
168 575 523 208 267 3188
572 997 433 124 186 4303
91 635 791 419 387 1192
5 878 332 255 458 3641
409 663 843 473 389 4372
496 327 837 212 237 2544
460 406 746 289 489 1442
390 627 340 442 406 3419
534 792 312 234 369 4044
384 813 583 240 205 1097
473 547 831 333 405 1116
96 967 516 182 375 2445
406 800 848 340 252 1246
182 528 440 222 435 4523
135 897 629 411 415 2882
353 681 784 427 328 4366
561 651 427 101 461 4370
382 542 920 439 450 2700
363 370 465 308 208 3699
156 509 773 306 359 4860
533 967 655 123 117 4453
28 381 913 360 362 3938
493 638 729 176 449 2135
295 448 507 158 127 1409
586 557 964 358 329 1137
133 777 783 254 286 3663
19 456 406 177 100 1552
187 558 710 488 249 1975
553 846 511 344 378 3047
422 524 970 347 424 3481
135 902 780 270 472 4509
199 323 905 183 141 3726
195 377 631 462 392 4521
282 342 777 210 367 1194
286 599 698 306 220 3880
337 698 831 493 373 4989
226 330 833 245 217 1113
9 856 796 491 331 3335
259 915 970 169 377 2609
233 991 603 301 399 2507
457 492 774 256 339 3462
16 768 827 448 160 4895
175 461 914 208 218 4483
428 916 399 424 151 2569
460 758 518 469 339 2546
537 944 878 238 219 1576
588 305 366 360 317 2819
217 933 528 247 315 3834
3 623 445 415 318 3601
357 827 304 459 456 4828
183 543 636 190 279 2279
449 827 992 485 123 2122
501 621 385 494 351 2361
132 876 894 315 190 3170
179 937 959 234 136 4662
562 395 310 430 213 4788
559 893 593 197 117 2476
273 465 890 105 319 4206
230 939 485 371 414 4213
355 556 814 212 495 2176
120 513 547 228 134 1585
427 940 736 153 414 3511
234 707 876 368 491 1652
170 475 506 190 453 2628
394 741 318 341 417 1518
428 817 750 338 101 3671
480 863 602 296 376 4935
414 768 471 292 228 3135
87 940 799 175 220 3829
176 581 488 243 257 3552
544 328 694 414 171 1786
429 601 646 103 243 2457
87 822 699 304 214 2910
29 956 357 332 336 4298
558 892 722 379 477 1264
318 792 988 173 333 4871
251 948 469 331 124 1368
12 774 702 344 388 3399
141 721 387 466 350 2833
111 686 622 432 125 3343
272 477 521 409 182 4788
311 688 512 439 333 4980
39 303 489 387 178 4013
404 873 520 260 387 2445
19 499 545 140 196 1745
570 449 301 414 143 2475
378 635 674 144 464 1698
297 748 318 223 390 3863
498 757 554 476 456 2763
333 397 800 347 380 4603
68 334 747 334 452 1629
488 466 994 139 456 4841
472 570 765 494 222 4601
581 921 620 334 105 1431
40 323 496 276 498 4839
472 773 837 128 310 3597
138 314 754 431 485 4062
454 361 445 257 143 4311
545 523 658 111 129 3768
384 684 372 311 202 2868
595 648 804 252 143 3664
60 545 400 391 418 4517
555 597 588 129 237 3279
53 455 821 198 448 3552
178 525 747 398 434 2268
461 708 359 337 349 4135
218 754 528 208 360 1712
347 679 494 222 154 4407
119 535 640 296 268 2477
133 355 756 289 180 4029
536 993 814 279 287 4522
147 475 514 237 166 3938
512 341 882 484 404 2912
255 475 845 466 397 4480
598 342 893 165 265 2721
374 884 817 171 354 4678
505 418 483 460 147 2284
212 903 894 257 416 2085
432 697 469 259 120 2256
490 680 507 288 157 2946
114 982 569 138 382 2385
110 490 361 220 357 4080
9 915 918 169 310 3615
283 460 378 432 293 1319
151 445 739 286 400 2636
573 838 892 383 104 1660
152 798 467 253 368 4295
261 942 906 475 435 1184
156 932 393 386 245 3075
428 408 582 145 488 1184
106 393 853 395 218 3935
463 504 501 292 346 1380
98 846 853 375 320 3591
127 439 571 456 355 1693
1 800 778 367 280 3112
426 989 998 281 150 3226
267 434 603 366 316 1415
35 596 986 290 439 3160
550 850 438 131 125 4668
359 450 445 330 229 3238
572 741 913 244 400 1749
551 706 643 189 483 1092
267 870 400 348 174 2786
286 942 995 119 492 1041
44 409 446 264 261 1841
402 528 540 463 376 2938
88 774 813 118 453 3883
110 735 421 346 368 3240
232 325 376 360 265 2419
242 528 319 422 480 1230
515 860 592 121 421 1607
569 546 552 450 484 1745
72 971 557 270 160 2600
439 536 477 457 168 2273
138 481 570 111 329 2548
506 469 896 155 488 2837
437 385 611 425 500 2743
14 641 402 283 173 2513
187 548 746 422 401 3196
394 631 315 403 446 3414
76 620 912 211 274 3401
352 946 446 416 122 1312
153 432 490 381 256 3732
9 308 323 136 109 1519
267 653 710 406 109 2546
273 989 532 372 303 1881
146 684 705 117 144 2709
315 671 854 161 218 2206
280 435 414 300 275 1918
570 864 715 471 474 3320
562 894 834 439 440 3210
592 756 533 368 193 3125
324 354 976 117 268 4184
355 320 501 139 340 1830
393 465 888 279 139 2362
229 870 467 133 429 4814
442 369 457 411 189 4710
241 413 581 352 232 1079
177 348 670 179 283 3589
412 790 656 326 167 4181
155 479 734 286 231 3029
266 790 645 392 272 3779
343 404 562 177 436 2445
296 565 910 474 166 4272
474 370 921 284 176 1711
160 772 872 224 415 2818
194 565 338 230 195 3817
373 917 936 306 386 2380
5 572 554 388 377 4506
560 507 376 239 308 3109
6 301 639 289 498 2713
128 825 755 293 238 1005
164 813 454 457 170 3020
83 372 891 250 216 3976
333 784 701 417 445 3067
397 527 336 401 137 1476
146 442 493 365 297 2894
53 825 998 179 483 1844
357 384 481 452 467 2852
569 450 833 188 463 4971
207 961 696 115 206 2286
444 761 679 161 181 4133
216 458 784 217 438 1389
223 464 459 187 436 1627
201 485 346 172 404 4990
457 826 550 177 268 4085
222 476 709 177 189 1536
16 959 795 160 349 2265
23 770 303 201 493 3127
456 926 703 373 167 3056
327 602 745 158 294 1737
321 660 701 108 193 1103
198 310 680 208 249 2037
367 609 558 174 110 3900
27 922 447 207 275 1684
381 702 503 216 363 2797
304 393 952 458 299 4553
549 600 679 234 280 4159
478 651 564 344 182 3974
182 599 690 340 477 3035
306 511 526 242 353 3696
585 390 821 131 491 3012
529 464 916 281 246 2355
426 783 548 482 448 2377
343 333 793 408 223 3181
379 781 863 308 105 3229
397 807 390 167 287 3096
237 409 686 212 294 3960
557 408 917 291 376 4847
146 748 302 231 443 1658
180 634 533 491 420 2097
5 812 575 488 140 4592
402 435 826 355 326 3122
331 599 713 193 113 2728
36 635 751 345 107 4139
331 357 766 434 372 1645
574 318 668 160 255 1260
311 664 617 427 370 2359
211 554 493 338 226 1486
150 882 867 130 173 3499
416 729 986 317 344 2065
334 914 604 117 107 1525
447 300 863 184 256 1091
35 959 359 284 375 4475
95 422 615 462 250 3686
509 434 721 363 197 4185
61 777 862 101 481 1421
386 898 610 136 238 2189
555 654 548 481 231 3454
29 344 827 163 438 4596
426 674 784 300 182 2129
71 812 483 164 149 3604
102 478 485 360 226 4171
280 875 794 145 337 2101
266 662 399 339 457 1204
302 603 656 436 304 2782
91 360 997 202 303 2099
15 502 1000 186 388 2573
369 536 730 460 329 1382
497 488 649 430 194 3281
47 507 714 497 175 1268
309 512 970 274 119 1296
60 597 612 438 424 2438
202 954 912 163 191 4259
500 952 968 149 147 2063
11 839 809 100 191 4428
548 433 956 327 309 4484
55 300 690 446 221 2468
201 766 513 497 102 2952
352 319 765 471 487 3949
504 881 876 305 355 4222
427 881 847 428 413 3041
464 405 763 164 176 3667
262 434 660 316 281 1948
474 933 848 207 147 3766
383 627 354 423 355 3103
148 895 897 429 111 3941
414 717 302 187 478 3953
379 424 374 121 304 3150
308 686 537 451 264 4249
462 741 493 180 471 1961
431 448 515 117 317 3195
208 390 661 498 179 2206
579 502 609 217 218 1157
306 613 926 451 219 3018
103 596 664 455 391 4229
339 995 680 403 196 2674
359 752 447 302 403 4477
424 712 407 208 480 4764
384 972 696 467 156 3256
492 694 716 240 123 4594
578 688 378 452 344 1732
121 579 758 183 349 1384
58 749 668 429 395 2321
452 830 494 451 203 2563
400 557 998 274 137 1599
192 541 602 187 456 1335
65 471 853 225 156 2549
483 456 810 197 308 2864
536 778 867 490 140 2998
243 796 680 497 124 2757
212 934 322 113 338 4924
584 722 901 475 386 4752
500 949 719 294 330 2263
421 372 815 210 330 2981
39 753 977 389 256 1569
129 685 941 173 140 1078
307 848 408 270 115 4338
309 752 637 158 278 4509
299 738 762 440 462 4220
591 871 513 103 247 2887
334 751 377 208 437 1941
538 408 341 273 239 2071
542 874 786 423 416 4117
280 468 403 473 130 3507
279 518 452 231 490 3202
19 717 693 499 333 1204
25 709 639 246 211 2402
143 768 809 225 300 1386
321 583 473 452 153 3530
291 903 630 426 279 2139
489 381 564 153 206 3234
578 531 624 372 441 4109
373 422 818 291 133 4187
87 901 903 367 408 1133
538 790 927 295 157 1932
228 525 391 363 175 3772
278 429 587 442 411 4283
445 469 688 261 378 2217
509 572 729 191 240 4104
497 829 518 260 184 1639
218 560 521 248 189 4196
160 496 509 135 179 4555
35 544 541 308 277 2404
219 582 794 290 223 2468
473 801 350 492 336 3202
287 456 931 250 237 4577
91 877 949 465 182 4021
229 596 396 476 454 1124
160 356 731 249 420 1998
538 845 336 132 164 2691
275 619 918 484 224 3169
510 518 690 291 168 2434
554 726 387 236 400 4003
130 305 847 318 298 4351
579 424 944 207 270 2411
326 433 879 457 485 1034
391 788 542 163 473 2298
21 685 957 371 288 3923
142 618 602 446 307 3871
414 981 954 265 312 2679
395 518 429 401 448 4001
269 677 654 296 323 2772
156 482 774 198 370 1314
580 598 432 370 284 2151
258 649 791 297 317 3704
262 824 822 260 237 4978
526 471 406 393 194 3233
56 773 569 483 483 2691
486 546 882 315 332 3750
338 806 740 345 302 1672
299 675 779 485 455 4747
2 419 482 105 450 1923
100 401 745 212 438 3796
265 754 436 420 460 2067
443 570 957 294 190 4864
218 994 679 446 336 4025
429 828 334 455 264 2426
271 896 936 314 382 4864
292 779 958 113 118 1557
331 836 902 286 301 4637
120 635 730 363 327 4297
94 950 673 155 273 1898
248 956 327 174 123 2359
383 318 522 164 324 3087
320 378 785 478 446 2022
420 859 612 419 422 3989
139 934 433 167 480 4753
74 342 991 283 373 1190
486 867 405 136 254 4291
149 815 528 123 280 3283
374 768 412 500 225 3820
464 952 529 244 398 1581
181 359 344 467 130 3262
285 537 542 406 159 2514
369 457 513 417 182 2043
105 409 404 268 289 2440
437 319 915 295 380 2121
485 569 343 110 322 3009
282 781 584 435 273 4679
347 700 483 151 103 4548
35 604 776 257 482 3964
293 938 828 141 448 3794
49 497 388 298 161 4977
524 675 729 237 222 2600
389 897 941 424 295 4297
158 604 688 108 254 3734
531 689 421 185 399 1825
196 909 913 491 104 3662
148 465 957 211 257 1604
227 958 702 119 394 3789
186 728 493 371 348 4041
281 840 577 309 413 1583
340 357 997 327 424 4374
60 600 477 187 229 1217
546 716 937 265 361 3306
460 629 306 157 209 2717
175 417 370 186 302 3113
113 723 915 101 418 1976
125 542 771 188 219 4623
365 919 509 457 256 4597
107 709 608 124 211 4786
152 930 547 491 302 2885
117 990 471 280 204 1866
486 564 395 408 468 2271
99 997 502 281 309 1340
486 313 859 462 462 4098
36 954 941 127 358 4816
