1515
3050
2773
2553
3244
1117
2765
277
2563
790
2337
3131
2789
2614
1746
2911
2433
425
3617
2373
2853
2935
3079
2891
1372
3317
3434
1547
2606
368
2412
2863
2180
2783
3011
1193
3525
2615
3093
1280
1218
3099
1864
3001
1407
2801
429
1012
1519
1538
1111
598
2065
20
3385
2485
566
1370
3159
608
301
3677
3271
3605
954
755
1495
956
2752
3249
914
55
3159
3636
3009
1328
3856
1393
697
3538
467
231
3704
2747
1521
701
2797
2847
1749
3541
2999
3035
2438
2911
2561
525
85
3012
3163
2733