15
9
0.21 0.43 0.23 0.67 0.39 0.8 0.1 0.4 0.3
0.9 0.3 0.1 0.5 0.8 0.2 0.7 0.6 0.4
4
0.111 0.222 0.333 0.444
0.1 0.2 0.3 0.4
7
0.567 0.56 0.68 0.84 0.864 0.274 0.978
0.275 0.74 0.378 0.48 0.56 0.58 0.123
5
0.2 0.56 0.12 0.89 0.34
0.1 0.2 0.34 0.0 0.8
3
0.3 0.67 0.23
0.99 0.12 0.45
9
0.5 0.8 0.2 0.7 0.6 0.4 0.8 0.1 0.4
0.9 0.3 0.1 0.5 0.8 0.2 0.7 0.6 0.4
5
0.2 0.56 0.12 0.89 0.34
0.1 0.2 0.34 0.0 0.8
3
0.99 0.12 0.45
0.3 0.67 0.23
4
0.52 0.1 0.450 0.37
0.01 0.9 0.4 0.67
8
0.3 0.1 0.5 0.8 0.2 0.7 0.6 0.4
0.21 0.43 0.23 0.67 0.39 0.8 0.1 0.4
3
0.2 0.3 0.1
0.5 0.6 0.9
5
0.2 0.56 0.12 0.89 0.34
0.21 0.43 0.23 0.67 0.8
3
0.99 0.12 0.45
0.3 0.67 0.23
9
0.21 0.43 0.23 0.2 0.56 0.12 0.89 0.34 0.3
0.9 0.3 0.1 0.5 0.8 0.2 0.7 0.6 0.4
3
0.0 0.9 0.4
0.5 0.1 0.0