98855086
28011159
8453319
-1
-1
-1
345001581
3637070
-1
-1
73798307
618624
-1
428304
187752562
565536712
25787776
165413421
-1
208955656
-1
229977670
-1
297606291
-1
-1
14471306
234396526
-1
-1
5262063
144718086
142950876
16982524
-1
19764504
-1
-1
-1
-1
91808897
252056530
4179243
-1
325658042
20400253
42968588
-1
16897413
114395477
-1
-1
98719492
29342053
364234547
-1
-1
-1
-1
105300454
-1
89174358
166565963
-1
175641851
-1
223850284
-1
75987337
14571193
-1
20176128
20342306
36176580
202351394
104155929
25253573
41995646
304525729
-1
-1
209070720
5170394
-1
70355628
149666430
149211390
-1
2371167
216870863
-1
-1
28395733
321761673
14919014
-1
-1
416841467
145428742
-1
