8
25
13 52
38 27
89 62
90 85
45 95
183 106
806 614
306 587
122 521
919 864
339 584
568 857
481 58
17 912
325 185
501 676
874 149
913 772
413 685
432 526
849 996
43 262
590 217
13 430
87 118
50
850 97
945 734
583 838
864 814
850 349
236 321
486 28
551 875
932 746
51 380
54584 99960
80483 47334
16966 83773
55191 83035
17872 3248
84016 45137
46161 68255
69819 96350
78465 3306
14669 87666
788831 896894
864958 710054
725741 221292
534199 765852
772268 614743
871547 687669
789900 806512
973640 255485
532777 302330
809490 165703
930327164 662775002
525419713 627791050
523031930 791930063
532360176 172099046
792475316 829304528
665598572 670219436
125542681 603446002
404082295 208333519
840114032 852790928
365582728 317665605
928177307 6
495420697 532
439191162 315
923846377 759
160157852 628
247715567 683
285054637 189
36817354 75
93351704 944
550599028 904
100
527 61148
554 45189
94 31669
466 59075
603 52813
341 34638
317 38307
643 55547
311 45969
544 19356
631 88125
161 79272
34 81356
807 38631
413 58230
628 54979
235 23172
123 3200
643 37714
31 22530
585 44330
262 37752
935 69947
936 44723
868 96596
244 5481
601 82157
687 10736
676 19893
775 7295
489 46787
39 3171
172 66373
5 24179
423 58655
217 94759
742 1056
287 7796
123 20852
382 88267
878 64599
244 67311
30 32125
646 99453
603 93236
368 136
857 75293
368 19223
771 75427
65 7995
291 82971
635 45082
605 36710
157 23652
97 96915
914 96542
956 6317
166 72098
885 74301
786 15617
412 71475
591 45995
719 19046
643 96977
881 83840
468 71066
657 83056
112 21867
676 38096
664 62286
45 67962
239 20442
132 97546
880 34266
443 29777
519 50350
261 8115
535 13489
308 13958
82 80411
934 82400
514 29647
557 63486
316 27323
750 37301
584 16765
846 11468
497 67020
523 65849
383 78022
588 90523
536 9725
101 99121
460 70906
349 27780
789 36287
858 6991
263 52590
347 36349
228 25581
50
17 15
19 13
33 44
44 50
46 10
22 0
20 38
12 36
34 4
36 22
44 24
39 1
2 21
34 17
29 18
0 26
22 29
27 4
15 31
9 36
6 15
12 17
5 37
23 24
23 31
39 4
47 39
6 40
30 50
22 23
43 9
36 10
25 27
5 19
49 43
50 50
15 45
1 29
46 11
14 7
31 14
44 13
28 7
44 20
7 30
14 38
39 13
39 18
40 3
7 1
100
7 40
45 49
31 37
15 18
33 50
26 11
21 44
37 3
42 8
48 7
27 37
4 39
42 10
49 21
13 35
25 31
18 49
30 47
26 2
23 48
9 32
13 47
17 32
32 46
39 47
0 42
10 3
40 21
47 38
48 38
49 50
44 42
3 32
49 38
4 21
33 9
42 32
14 28
38 9
19 12
33 17
43 41
46 32
34 14
45 13
6 41
18 35
38 6
23 1
20 37
2 16
13 19
37 49
20 36
50 0
12 20
44 21
30 29
42 20
20 11
13 41
39 0
26 21
19 47
22 30
13 13
43 24
43 0
14 27
10 6
23 40
34 25
1 26
32 13
49 29
46 33
17 40
15 6
35 35
30 23
35 13
2 22
16 19
4 17
39 27
45 46
21 25
10 50
19 8
46 27
14 43
48 33
28 37
17 7
27 41
37 46
12 31
10 2
35 1
24 14
100
369 288
890 759
232 894
959 382
521 704
235 668
298 989
483 527
989 747
38 666
864 586
76 670
522 127
846 402
225 670
964 656
52 628
337 795
160 589
316 384
585 55
419 503
301 541
129 732
25 485
55 179
373 327
867 230
315 701
569 422
138 168
126 431
619 13
756 550
653 385
296 624
243 624
539 599
523 98
293 288
710 164
276 273
245 504
912 565
340 680
61 304
386 883
526 838
489 102
495 464
635 856
191 669
995 534
328 848
827 276
583 490
717 336
279 95
172 321
252 458
847 185
683 101
29 756
858 186
901 474
382 801
346 24
534 172
573 469
169 312
324 689
339 132
614 544
696 538
43 324
212 837
999 953
192 523
875 726
691 78
611 406
63 997
813 466
884 318
898 579
859 266
61 394
196 149
103 720
560 247
183 866
772 11
329 8
410 252
2 616
72 245
476 26
245 788
865 996
775 605
1000
64 652
518 44
559 797
19 61
649 138
803 426
24 539
989 403
683 382
513 82
979 121
282 758
992 892
942 741
677 860
893 41
397 978
373 225
246 618
462 819
647 342
947 331
58 710
29 38
194 896
767 808
198 650
75 37
560 629
578 308
204 330
405 553
372 6
287 430
20 405
38 735
981 517
196 816
7 850
527 177
842 639
168 454
677 205
861 208
39 437
569 823
691 672
925 259
856 190
199 215
909 807
298 147
96 767
192 513
455 14
486 520
747 203
159 834
153 750
287 157
365 161
474 233
302 183
759 834
181 425
947 213
459 763
938 357
351 49
844 40
738 165
188 475
511 814
125 761
486 409
990 814
3 11
761 816
436 548
460 986
499 584
654 659
709 883
562 766
477 50
504 254
268 98
379 417
683 274
743 94
383 717
309 376
665 421
23 746
161 463
633 157
670 731
711 43
359 848
356 552
845 639
361 23
466 510
256 488
108 128
367 218
596 587
15 84
283 699
344 390
454 954
399 395
929 462
187 248
596 186
448 401
584 861
588 264
563 640
866 187
556 692
484 454
507 483
628 618
436 289
143 693
855 998
241 24
945 597
647 96
487 602
584 593
179 177
868 666
911 98
915 936
245 381
36 524
886 258
361 549
564 109
491 801
265 868
643 0
225 16
311 42
503 128
768 673
873 346
11 331
416 444
343 842
679 984
116 909
930 389
392 84
595 93
620 321
168 36
40 614
781 958
414 603
575 441
144 319
388 213
788 51
30 334
332 600
555 454
82 817
861 359
811 665
398 303
940 623
230 261
741 188
724 680
73 68
99 376
714 615
264 943
137 735
954 4
348 719
540 683
131 497
111 464
501 316
499 383
992 262
928 884
77 345
207 537
278 962
478 275
565 653
356 285
62 469
165 222
575 899
933 933
333 133
241 824
748 53
299 398
327 125
837 563
187 849
358 920
575 595
925 252
196 562
406 475
498 208
108 154
258 721
682 930
849 494
98 207
818 208
747 456
974 174
29 802
291 993
916 740
871 315
594 255
862 648
946 96
680 836
120 204
966 675
431 519
731 216
587 370
229 183
207 706
345 434
410 640
176 765
385 49
556 351
585 107
724 655
696 654
54 594
320 655
922 103
784 177
453 777
978 214
440 449
44 718
76 675
886 821
217 889
920 315
658 186
762 834
124 144
763 319
692 284
324 305
718 515
116 970
54 836
520 108
2 529
163 923
439 787
192 225
531 167
905 539
913 280
817 166
304 482
181 105
230 394
133 117
987 868
574 162
116 564
575 939
334 700
603 450
743 380
135 418
762 196
847 938
895 825
67 416
890 603
510 792
106 915
109 846
408 10
594 944
566 824
688 859
603 304
991 591
401 689
842 151
657 917
432 397
357 151
841 667
135 188
146 250
816 614
574 666
550 831
53 314
964 856
620 429
722 977
561 181
921 615
31 962
168 183
678 515
659 50
299 626
213 440
150 660
271 769
179 3
567 185
13 132
780 114
684 243
747 120
552 89
571 114
937 912
449 774
407 267
276 106
139 33
816 177
83 724
265 548
589 595
987 333
863 820
314 792
720 860
710 0
438 685
754 480
489 411
634 468
324 386
454 880
735 655
195 335
797 445
853 112
817 569
966 353
578 321
739 22
742 691
369 316
124 261
978 612
804 357
887 362
627 589
782 78
767 991
762 790
76 990
944 475
243 277
570 610
74 995
262 724
82 84
660 502
192 985
123 330
872 499
894 60
74 400
359 73
350 901
625 757
226 778
941 963
918 743
568 579
787 369
93 414
401 459
851 31
945 922
148 922
234 856
963 543
942 199
68 896
417 629
559 875
358 131
884 414
77 875
213 675
710 839
892 92
352 44
688 666
22 996
884 305
885 140
67 52
976 441
621 563
783 49
634 230
318 549
720 549
502 49
461 870
903 168
372 737
300 468
295 162
335 92
204 650
860 654
922 627
85 525
70 206
828 552
188 664
149 799
72 396
94 804
466 215
102 634
376 417
280 989
329 850
749 845
637 441
256 622
319 428
890 215
944 838
3 877
793 635
727 749
573 946
299 955
371 886
883 872
262 337
601 875
792 716
870 700
945 302
203 617
365 528
633 565
350 723
74 601
85 683
601 828
278 228
897 578
858 806
966 321
130 248
90 879
978 425
409 221
94 721
471 73
743 746
908 5
622 596
4 420
735 587
989 214
84 212
413 687
371 420
109 359
154 180
666 547
796 576
171 364
797 363
59 731
221 41
918 141
796 473
877 146
441 382
143 445
862 451
570 681
995 894
847 593
866 56
714 273
50 330
365 694
474 752
725 414
819 50
814 990
413 785
474 455
442 547
207 125
137 818
16 998
125 290
125 316
639 480
590 561
622 610
992 136
411 61
773 307
94 677
384 632
146 722
223 720
443 781
127 757
845 245
197 183
497 160
45 44
678 456
601 307
543 371
578 492
575 844
797 599
74 688
988 251
40 435
989 429
182 355
636 309
358 361
133 468
807 604
79 699
996 946
653 594
333 955
234 219
203 550
253 536
932 606
372 669
113 997
794 385
698 929
500 119
377 400
386 735
137 294
702 42
847 918
942 918
747 437
670 309
150 831
797 633
889 562
839 22
92 196
380 603
113 113
690 385
512 513
605 504
419 516
754 690
959 43
254 952
891 234
981 95
220 472
264 152
859 432
170 870
909 206
386 195
885 289
338 658
528 858
651 227
608 22
161 143
960 572
268 921
695 340
553 751
992 96
881 424
90 31
477 225
886 334
730 722
712 384
56 979
181 367
303 682
647 222
748 50
955 137
451 644
583 701
617 356
965 536
786 387
886 599
854 91
563 132
338 684
918 837
41 799
589 693
262 679
905 178
943 721
677 808
861 203
322 102
470 790
509 56
436 746
175 794
741 526
458 467
208 615
131 510
111 703
967 20
103 935
744 979
453 749
395 679
483 771
543 825
4 557
272 873
313 403
997 259
483 983
411 574
602 962
400 307
815 58
193 308
487 389
416 270
264 548
769 453
85 572
821 387
392 423
60 259
495 66
403 11
826 628
371 155
843 182
662 160
271 758
144 868
535 319
528 212
732 57
642 207
875 659
250 404
674 281
47 482
57 416
144 600
279 951
147 246
976 191
222 551
685 382
634 910
262 858
382 571
831 596
721 874
90 206
447 149
710 101
951 486
723 274
397 844
643 254
422 887
467 970
766 160
501 251
422 683
517 542
657 124
304 605
764 61
922 265
118 468
322 33
274 546
782 859
195 35
953 309
670 16
932 491
840 785
710 993
622 411
905 724
195 637
199 373
805 114
974 929
291 431
649 825
690 822
291 840
263 882
420 333
963 820
845 36
317 387
380 349
843 423
373 591
684 362
576 677
195 314
983 830
438 594
856 273
324 45
587 179
883 562
456 513
853 209
972 233
118 395
115 501
301 757
506 715
258 705
833 906
593 206
704 951
824 337
297 571
3 850
810 816
9 117
327 440
758 968
771 910
63 698
722 429
227 422
375 399
199 355
813 937
159 235
648 29
837 606
759 122
394 211
954 970
864 824
881 84
138 713
74 951
197 385
923 928
987 158
393 789
796 140
394 175
742 216
237 143
690 890
730 292
892 83
541 215
259 800
924 217
605 32
314 858
885 628
926 194
636 840
153 0
703 862
18 714
120 364
599 483
899 686
144 170
283 651
111 518
300 649
465 706
782 872
491 872
354 992
490 270
293 872
243 879
199 599
303 614
169 732
532 565
214 774
116 917
694 794
817 287
858 618
252 99
505 76
239 282
280 277
741 605
811 133
248 659
701 374
964 87
964 713
509 477
909 291
537 432
886 929
761 396
842 857
403 421
872 517
237 926
82 257
302 891
830 378
705 912
116 661
263 691
236 892
446 447
159 780
721 245
585 800
479 377
671 886
756 880
277 508
450 39
514 374
906 689
302 685
14 572
850 506
825 66
421 407
36 991
889 490
350 108
177 938
310 609
924 302
32 106
758 356
910 952
524 339
784 875
704 539
876 739
442 253
61 234
178 242
246 15
2 467
574 941
838 449
446 587
131 272
154 226
430 94
666 404
633 972
692 990
832 425
819 191
274 442
605 861
553 1
167 838
433 462
764 409
456 196
929 195
416 111
93 584
13 640
590 835
168 729
822 119
350 470
800 39
851 71
87 983
303 854
601 885
334 759
268 866
753 898
530 493
32 682
995 390
875 285
985 521
970 954
665 303
74 416
775 790
348 187
173 414
924 517
226 927
636 744
718 345
231 100
664 303
385 925
667 603
591 18
436 428
519 368
533 66
900 31
166 360
780 187
446 735
187 788
914 50
643 289
689 753
186 250
712 189
728 857
336 111
829 239
732 523
74 789
624 479
630 82
118 309
719 441
342 905
813 396
245 22
660 391
44 198
605 254
361 448
598 32
764 84
596 466
599 652
906 920
452 944
839 99
52 857
255 938
641 117
155 579
990 353
229 559
592 838
113 419
837 623
706 813
535 726
967 815
517 607
373 962
728 564
463 846
256 92
401 423
1000
6544 1731
5808 9976
1602 5830
832 414
782 9922
7187 9178
6477 7054
1657 2652
2780 5888
4889 1289
709 3709
3549 8580
644 7487
8857 1399
9942 7334
8851 4306
4180 1125
2753 512
4483 2664
1918 4807
998 6640
9420 1102
7185 8259
8527 7343
8654 9896
8187 2369
9646 3036
8073 6451
9279 3910
4414 771
8290 1139
7915 4378
7293 6272
6242 531
6208 7771
2032 9767
7686 7080
2974 7995
245 5559
7059 3941
1233 3424
5145 5187
732 1275
4272 8271
1404 9835
3476 888
532 2337
3488 7132
6540 4115
3432 6805
7503 890
6190 6143
778 9175
1174 5518
2932 5399
6983 5994
3206 1068
8062 3286
8280 6924
1549 2217
760 787
2780 7083
294 8544
7867 5674
3517 7116
2194 3375
3920 723
5284 8738
6556 5212
5467 3326
7319 7177
7979 8836
6276 1929
9547 6574
9247 7524
7304 6920
9181 4452
289 4355
7406 6711
5633 3345
3620 669
5951 8851
3912 8052
9138 2431
689 2056
424 3591
8057 765
1937 7107
3727 8318
808 6109
3307 6009
2417 8123
2495 3194
8152 6838
5756 7247
5766 1839
9534 9051
6396 7129
85 6835
6122 9134
784 702
9053 2650
8009 3049
2528 9863
3944 1091
589 7733
600 9482
3106 3805
8173 4985
42 1737
1992 5001
4830 5589
5752 8340
7819 7907
5145 5141
1048 5073
8584 1849
6745 4262
4895 9183
5142 717
8228 9194
5800 9673
5277 2142
1314 7660
5693 9725
8858 9095
3453 3209
1098 1657
4941 660
2814 5414
7869 5264
4197 3250
2224 7284
5166 8227
3550 3003
2566 8567
458 1452
7897 4250
2645 233
4712 9374
2394 6376
8573 5966
5297 6620
2017 1189
2028 9887
6226 2101
6825 5228
1793 6228
9681 7553
863 6515
4036 1961
3745 5663
7040 278
3376 3705
297 5218
7102 9255
4819 6694
7238 2482
9566 6346
2274 1325
4354 3628
4639 6497
8986 4243
3500 9317
6438 773
4208 5143
6907 5987
6508 8811
8781 8152
468 6079
6667 4457
479 780
9385 1088
2140 2295
3484 1525
5005 8281
8304 2364
4921 3162
496 3512
4630 632
535 4452
8084 1050
6202 8908
8556 145
81 5560
1486 3517
7376 3751
8239 5773
9523 3861
3318 312
784 1610
6806 6956
1208 7114
4282 1480
5983 7399
297 6810
2316 6117
6164 493
606 2275
1301 4939
7218 5066
9938 9729
3493 9301
2575 6967
5862 1080
2635 4025
1945 2672
1334 1799
1250 9495
7674 5926
3660 317
8692 1263
7176 9801
2660 1318
2422 9101
7823 5678
9317 8308
4660 5725
1938 7207
6928 5480
5195 3507
5927 4569
4694 2723
8015 2610
2739 9074
5610 8030
2235 122
7409 5689
8999 2660
8041 7985
7189 1133
9643 8598
8809 4122
2283 8788
7901 7779
7712 3380
4839 8548
7953 3923
7159 8679
8327 2181
6602 4899
9774 3083
6895 9799
3854 3036
2753 7882
1897 5061
5917 425
4049 7687
4503 94
8370 8977
1275 3151
839 5801
3155 4028
8942 2896
5773 592
5304 5560
5773 462
3956 2915
5948 9467
489 7841
5344 4732
4124 2834
1552 1361
3481 891
6598 3386
4166 8471
7945 7534
4253 4812
7919 7284
9243 4011
8053 4220
3274 1554
9234 2947
2460 6076
3786 6515
1468 9439
7547 3711
6927 6709
5732 1398
5740 4524
8180 2443
1762 638
6972 6166
297 8105
6703 4322
9069 8002
9767 1922
6659 511
4192 8838
5316 3933
2649 9857
3085 3730
1992 8149
2184 7054
9071 4639
3365 8716
2987 3122
7663 4346
3718 1235
3971 1764
4051 6903
5865 1618
3672 7679
3367 70
4245 3624
9385 6535
7318 9174
2601 5370
7730 842
2945 8965
8451 3243
5664 1981
3575 8196
1070 8793
1929 3281
9333 4770
4366 8203
2086 1717
1327 7069
3048 5754
447 6575
164 2502
9619 2825
7781 3122
5003 4765
282 3356
635 8986
7126 2144
2011 1655
2522 145
2813 732
1339 3092
4557 3315
8601 602
799 4161
7269 9515
2027 2015
1038 4584
1695 8677
3816 9456
4703 9070
1559 8807
1240 7281
2084 5202
3807 2062
9555 2649
2196 2482
7900 6085
8969 1523
4720 5080
7461 2967
8041 2997
7885 9233
6472 257
5861 2568
2248 6058
5012 9485
2930 1482
5459 2830
9062 9372
5368 981
4796 4407
7610 4291
2775 1100
5028 2506
8485 7575
3233 2604
7214 4297
5096 429
3863 8005
7973 4901
3052 3571
609 208
6090 493
9743 7494
6472 5637
8944 4603
7822 5575
4677 9709
4127 8350
8500 5544
8933 1765
2117 6214
2726 7389
7817 9203
2571 1638
2125 9871
5176 9518
9314 9355
4339 8268
9067 4200
5826 6838
3199 756
7864 425
6164 6188
790 465
4504 7900
1151 143
5278 4573
6381 3408
7226 5542
7150 7030
9084 9860
2795 8574
3613 1491
8548 1500
7179 2887
6792 5065
2617 1117
8529 338
4358 325
2571 3121
6413 4139
3251 3307
2928 2873
8307 3673
7445 6793
5821 476
5420 3715
1235 4132
6452 4630
1900 5421
4838 1096
5823 8603
926 3999
14 8911
411 2351
1882 7225
2689 8415
8894 8460
27 6561
3296 3490
4169 2441
7474 3861
2153 6131
8205 1005
5623 3009
5852 2227
9943 8464
2843 4903
2827 4859
8632 6158
5543 8696
8109 6826
7192 6895
3180 6863
9142 689
4607 9079
4773 5681
8999 4450
3301 3361
9224 1671
7387 5909
2875 36
8524 9599
3939 3827
1680 4960
9801 3967
6891 9835
7221 7470
2239 8864
8076 7526
424 7157
1112 2083
8102 7564
9457 4914
5066 892
3472 2345
7628 62
4304 8028
461 4123
8895 4167
149 14
4992 6769
218 4593
571 9823
8679 5174
9610 4106
9510 8221
612 6420
431 9479
2294 1039
4357 4804
8069 1798
5070 4110
6212 9906
2987 3378
5788 9996
4548 5886
680 2490
242 3681
657 7611
8203 2921
6727 9497
4743 987
5040 7613
6266 3947
2885 4423
1058 6682
8161 620
2769 816
4492 5888
2732 3330
7364 5587
7100 8334
5548 6382
378 1818
6310 8661
6761 6520
9699 1009
1206 4412
3864 2409
6929 4999
3975 7213
4028 6648
1597 7427
6034 7340
2749 6953
6268 8440
412 545
3777 3040
5215 7160
6757 7434
8450 7580
9013 7245
1293 4241
4651 166
2727 9570
6434 1153
9948 9277
6751 1033
2602 2676
2039 9715
7008 1907
5569 5459
1869 5004
2494 5563
5092 1861
7275 2280
2545 5843
9315 5
7132 3433
3417 3933
4410 8921
666 7027
4781 2841
6169 7035
4949 5923
8246 7687
6269 9421
8561 2551
6562 8855
5291 3146
7480 4974
7289 2666
8501 3421
7388 5014
5555 7252
2734 9495
6492 8556
8255 3489
4497 3058
1283 2052
3695 1099
8273 1510
7992 7925
7532 9658
5836 7204
9629 3068
9577 8521
5844 8647
6207 2931
9994 9250
7206 1876
3524 4091
3703 4720
6369 7922
408 1124
4309 5992
8002 1244
2725 2864
1366 4598
7270 676
5243 5353
9504 3522
8162 3806
129 3694
2091 6761
4725 7816
2909 7835
6343 2520
7780 6121
7767 9725
3421 9242
7870 6846
4201 9340
8308 7123
3138 8253
7447 9489
6298 7989
7620 794
3729 9057
8685 6379
5929 2395
9885 3848
7511 6602
6429 1267
5667 1765
8857 6072
1913 8123
168 8503
1760 8121
2235 119
6374 1354
4451 6752
1138 4392
9419 5165
3513 3160
635 3957
167 9442
18 4178
3144 7230
5114 5547
6156 3104
8464 3287
5835 6264
457 614
7241 2601
5900 3000
4503 6302
5633 7845
2075 5841
1852 504
460 5289
3065 5729
800 2898
7975 6176
7454 2627
4274 7523
9823 5599
6448 7590
8532 7263
4191 2638
7321 8921
6744 7042
4051 8695
6419 7808
6538 7009
57 8486
567 838
9503 5071
5850 7212
9647 8319
1427 1411
1688 3203
6289 4816
744 3702
2615 4237
6045 8814
1069 4631
6698 7665
6085 9659
3409 6984
7926 6371
3428 3687
4462 6933
3103 8220
7070 8435
9916 9628
3206 6672
3537 1840
3625 7932
7862 5087
5518 142
3709 8023
3551 5041
63 2354
8684 8920
913 9483
2442 2818
30 3433
7836 3344
7811 4192
1909 9472
1023 9773
4046 9719
3756 3846
8765 56
2990 2462
460 3402
9363 5602
4267 3850
7803 3928
4694 9151
116 657
7262 4948
926 5032
7475 4247
8176 8595
3707 5449
8001 4670
1439 1543
4018 2976
5694 7699
5218 6187
789 2487
8440 6806
6145 817
2083 6207
1055 2675
6882 856
4629 6223
5351 9959
4933 821
7000 7059
9806 3523
8258 5046
8457 4400
1425 3255
809 8621
2957 504
333 5872
6128 1707
7677 8954
4529 2737
744 1496
3491 6031
4991 8538
6118 2780
9709 8928
6117 6350
1698 3335
8327 6255
4994 9657
947 5830
7793 3645
9446 9997
174 6984
7080 3336
7371 5416
9152 841
2358 9694
8870 5771
581 4713
2612 4201
2094 5426
8450 7579
6187 3779
3056 9645
538 785
3273 8884
2464 4052
8207 172
9343 6026
5591 2765
1577 9355
6349 358
5396 458
2545 6554
7909 9337
4189 6914
2246 223
3265 2074
1585 5298
3721 8313
1371 4354
8931 5087
7727 7781
4228 7616
1267 6281
7544 5013
14 6032
3951 7424
5298 8669
8886 6885
8307 5757
4886 6378
7640 4594
7141 4445
6932 9040
5816 9486
7204 9566
549 1485
4967 3328
205 2770
934 7132
2927 1042
7191 279
8329 9103
6661 1543
247 9743
1784 6494
194 5879
945 1537
3931 1531
2642 9824
8952 5836
6059 327
7085 3586
9228 7229
5678 6875
4832 9294
8393 5601
9666 3872
8431 7252
4687 4550
6313 6270
69 6956
2852 6403
2539 3071
4799 1571
6961 8605
118 8844
3432 7923
3401 6260
3227 5461
4771 8461
5856 5895
6004 7695
8518 8161
7687 2193
937 9506
8854 9951
2288 2663
7092 6156
3427 344
7324 6878
7897 3820
28 756
778 4644
5593 8685
7224 937
6356 1773
9229 4525
198 9235
5606 785
8295 6588
1985 8533
9243 5408
3182 7152
40 4849
5845 4523
1372 326
4087 5742
48 5247
1474 9677
4962 5385
5050 719
4451 1053
221 6580
8217 7062
5314 5442
412 2567
668 9933
8373 8264
9014 4808
5340 4977
7466 7654
8858 5160
740 6026
7576 4214
7351 558
8170 7138
3973 5021
7528 5954
2853 1597
1427 8881
1118 199
4400 1471
8388 5805
4967 3603
8232 8917
1702 107
9670 9409
5826 7755
2855 6435
5665 8356
1748 2016
4706 1160
4690 8076
9097 7651
4801 2690
3033 1343
6424 840
4102 4657
7848 47
2185 2242
2646 7887
4195 412
7107 5503
1867 6976
9742 112
6659 2257
8648 1714
8359 6368
7697 5626
4636 6743
4869 5171
9277 4114
7418 9480
8442 3571
9188 7020
2780 6866
5358 2235
4855 6512
8684 3795
5043 2295
9836 3551
3680 5677
9887 9891
4032 9382
2837 3220
9708 6084
9601 7342
3431 889
9001 8934
5606 4621
9869 9069
1547 8898
9883 6512
8251 6459
4320 1946
4277 5265
1954 3642
9353 7079
6194 8904
2688 1723
9801 9012
6720 4954
3249 8926
7257 3613
7251 6767
1097 4407
6857 9680
3428 9486
4339 6272
1712 2325
4783 5857
1848 4413
7396 4020
4976 4787
1044 1594
2298 3103
5185 8691
5565 4696
1808 7479
4079 9503
5882 815
5518 1104
5526 6900
8108 8982
6164 3792
9771 5050
202 5197
4550 5325
2179 4527
7044 7452
2406 4259
4336 6595
1283 5187
3444 8755
5164 687
1632 6099
3388 7486
9194 5913
6718 3853
8772 3270
2473 2644
6504 5767
7916 5144
6463 6340
9182 2710
5628 8717
5133 4319
6117 2612
4545 9911
2893 815
2274 3796
5525 82
1363 6021
3012 5442
1829 8165
7319 8449
8800 2692
1331 373
5247 924
9356 3880
7549 9150
9722 3181
8347 1055
463 7006
1479 6144
9466 7780
2429 8770
2741 9500
9338 1110
5045 8384
1642 1121
3977 7165
1993 3457