7671318
7671513
7671447
7671277
7671352
7671349
7671473
7671376
7671275
7671412
7671437
7671221
7671447
7671439
7671397
7671461
7671438
7671405
7671388
7671255
7671253
7671498
7671369
7671493
7671466
7671425
7671351
7671320
7671258
7671441
7671356
7671509
7671328
7671273
7671288
7671411
7671357
7671408
7671503
7671348
7671352
7671410
7671358
7671296
7671345
7671273
7671371
7671449
7671298
7671477
7671322
7671371
7671295
7671406
7671425
7671441
7671439
7671517
7671458
7671414
7671325
7671503
7671487
7671460
7671478
7671390
7671365
7671377
7671434
7671272
7671357
7671483
7671267
7671440
7671327
7671518
7671523
7671264
7671252
7671328
7671293
7671430
7671373
7671319
7671382
7671390
7671486
7671381
7671244
7671442
7671265
7671338
7671425
7671426
7671349
7671352
7671249
7671305
7671475
7671442
7671372
7671470
7671501
7671356
7671445
7671500
7671446
7671464
7671485
7671310
7671508
7671309
7671409
7671259
7671372
7671482
7671401
7671492
7671242
7671287
7671454
7671285
7671307
7671290
7671402
7671315
7671423
7671308
7671240
7671414
7671422
7671436
7671233
7671385
7671409
7671433
7671457
7671466
7671489
7671240
7671503
7671303
7671357
7671326
7671344
7671411
7671422
7671402
7671273
7671357
7671364
7671323
7671250
7671255
7671290
7671397
7671293
7671404
7671301
7671435
7671254
7671439
7671453
7671478
7671452
7671281
7671282
7671441
7671288
7671322
7671449
7671436
7671324
7671393
7671327
7671314
7671368
7671391
7671492
7671257
7671310
7671397
7671307
7671348
7671274
7671328
7671261
7671434
7671456
7671471
7671315
7671428
7671434
7671326
7671409
7671457
7671323
7671253
7671374
7671289
7671281
7671408
7671268
7671506
7671301
7671469
7671282
7671260
7671342
7671384
7671263
7671308
7671446
7671382
7671233
7671368
7671312
7671478
7671312
7671421
7671467
7671487
7671291
7671286
7671427
7671370
7671336
7671480
7671320
7671312
7671393
7671399
7671418
7671485
7671398
7671319
7671356
7671494
7671412
7671422
7671308
7671346
7671321
7671282
7671415
7671233
7671330
7671320
7671406
7671452
7671513
7671348
7671463
7671454
7671281
7671380
7671452
7671314
7671298
7671284
7671450
7671296
7671435
7671379
7671295
7671317
7671389
7671473
7671353
7671255
7671438
7671393
7671492
7671279
7671356
7671292
7671435
7671455
7671283
7671242
7671408
7671459
7671392
7671308
7671367
7671465
7671398
7671432
7671218
7671344
7671374
7671320
7671251
7671300
7671461
7671275
7671363
7671490
7671236
7671404
