50005000
49932829
49606
50005000
50005000
77185
50005000
3982
49476081
88847
50005000
50005000
283439
50005000
50004950
50005000
49927977
50005000
50005000
50005000
50005000
50005000
49605873
50005000
25793968
49051578
319
50005000
49216877
45251730
49114476
49370471
82259
50005000
50005000
49940945
50004996
50005000
50005000
50005000
49394875
33551
80533
50005000
57536
52247
50005000
74584
15152
49170999
50005000
50005000
50004985
50005000
49625040
49625399
50005000
53151
109325
50005000
50005000
50005000
50005000
50005000
49059585
49953302
50005000
207136
50005000
50005000
50005000
49357204
50005000
50005000
50005000
50005000
50005000
493709
133621
50004976
50005000
86971
75125
49454877
50005000
49654472
15275
50005000
49864115
66880
14640
82576
59966
65033
76910
50005000
40044
49779027
50005000
16600
