100
1995437074 8
1039427980 1
1776188750 3
1658412886 7
1464202315 5
435986656 8
261489538 4
1875196751 5
1138754157 8
434542304 3
339540968 3
90268036 7
1724746344 4
97396395 1
1758799781 5
1599116097 7
581851867 3
1282029718 9
1049549205 3
58062280 9
795095290 4
1752580026 7
21050064 7
539186335 1
1630984357 4
1922261186 8
742944255 9
1641240885 8
1367269529 9
1624361180 6
1088416524 2
103412784 5
1575288857 2
1742421647 6
292118677 6
42683197 7
1590912498 7
2028539 8
338930534 2
601739074 7
634740665 6
798335004 5
1172679088 1
1357818272 1
487368977 8
1039630344 4
665927251 7
58626416 5
1707696868 8
1756971053 7
1798011926 5
1838942408 6
686928551 6
566545814 3
1548155115 5
1888485877 8
344328600 5
1837305637 2
1284327726 6
239201472 9
1043272705 1
309036760 1
693412580 4
1436036011 5
1398952052 9
973702327 6
1633071341 4
292318192 2
1135309603 2
1421738737 4
970230089 9
207730111 9
430569329 2
1270563373 6
1522397546 3
1597980252 3
593249631 1
224628980 3
980709090 1
1316842974 1
1537771901 2
846671953 3
1648852251 9
1242363690 2
1061726941 9
1206851974 6
1279327379 8
1002206305 3
36143217 6
592170775 1
265403826 4
901491381 6
675604064 3
1220522929 4
891490479 7
225102803 8
1772907510 6
226461889 2
1232374603 2
1115017509 1