15445
3013
6692
10730
5327
10496
7836
4830
7151
14626
14200
9703
10008
11989
9310
3653
13324
6794
7708
6393
12655
8517
5466
14348
7860
15139
4606
14313
10841
11559
7607
14878
1621
5178
8526
3621
6939
1313
11320
42
15048
14667
12723
11602
8844
14392
12099
3272
3346
3886
15930
5056
5358
3368
1380
2796
9590
1581
1986
9741
16069
8258
14710
14174
3333
2191
14288
6130
6229
3207
14426
231
14295
7277
6050
15860
6256
2348
13431
11300
2946
5571
2349
8153
6763
1063
12307
8275
14157
3688
2920
8447
13135
11724
9567
9513
14946
7938
8228