10
100 100
97 3
88 9
23 93
86 97
19 71
81 71
21 31
35 42
27 94
67 35
80 38
4 84
81 6
19 83
48 99
95 68
85 25
98 48
87 52
5 88
35 93
78 37
94 53
36 7
99 54
80 25
24 90
57 21
2 7
22 7
30 70
48 97
7 18
80 20
16 58
69 76
42 99
65 11
4 88
43 23
10 42
5 89
5 30
46 54
22 20
42 21
12 21
13 22
47 51
52 97
2 59
57 61
68 24
60 69
48 65
94 98
53 85
83 30
54 90
95 30
37 88
72 70
80 15
32 43
20 10
80 3
11 73
46 30
72 21
32 27
4 76
35 34
58 28
11 82
80 71
38 80
70 72
60 44
5 77
47 57
66 93
88 92
93 79
19 63
39 55
3 42
26 82
7 17
82 28
36 28
69 35
7 33
69 47
3 67
27 4
7 49
55 22
51 67
75 27
58 31
100 100
83 11
49 9
46 11
59 30
5 60
62 86
89 10
35 2
13 4
53 8
68 50
59 93
84 26
96 67
61 25
56 96
48 87
100 68
78 51
43 42
41 16
41 17
81 93
66 93
8 47
18 74
30 41
57 59
80 51
7 73
34 52
99 9
100 98
38 97
10 59
14 19
30 97
83 23
67 46
41 5
88 2
55 16
92 67
57 2
96 65
14 8
51 53
84 10
42 73
96 17
9 61
26 9
38 30
49 44
46 92
5 24
16 3
77 21
10 83
18 68
16 44
10 31
55 37
10 35
97 59
66 84
21 40
45 55
63 47
52 64
96 27
8 28
82 6
49 21
16 10
3 97
46 83
31 47
60 79
72 5
23 15
87 3
70 53
31 93
27 5
59 6
73 6
2 86
5 78
87 84
27 34
76 20
27 93
73 98
61 19
79 35
99 20
55 11
58 20
52 47
100 100
84 68
92 32
11 51
42 59
32 6
65 25
30 8
7 53
25 2
84 69
32 62
36 31
39 63
18 90
64 24
79 30
15 24
25 48
22 54
85 95
37 87
6 93
97 48
66 7
33 47
63 85
25 81
53 86
80 56
74 64
47 16
83 50
26 69
82 98
95 67
96 35
24 41
87 84
75 39
29 84
75 88
63 12
66 14
42 87
90 21
81 96
44 13
43 100
56 20
45 70
2 13
37 11
24 95
39 28
88 31
73 74
3 99
90 53
65 62
20 12
64 97
43 89
68 95
36 71
68 7
46 87
83 75
75 44
96 100
45 99
40 36
79 61
92 67
5 57
7 94
5 27
25 39
23 87
13 12
46 37
57 74
71 18
69 6
83 48
28 17
45 14
13 36
33 16
53 96
20 10
54 47
21 88
26 18
32 75
46 76
58 66
42 87
60 68
59 22
33 25
100 100
36 23
25 26
65 76
21 5
19 7
99 39
50 17
93 47
44 19
38 79
21 66
61 18
73 23
5 87
35 8
4 68
61 14
29 31
36 70
31 77
53 33
64 15
14 72
51 41
88 45
60 64
62 26
47 41
27 72
51 65
54 9
73 63
78 97
55 65
41 92
60 80
47 27
84 44
44 42
24 99
96 14
70 37
73 65
11 77
10 46
96 29
56 40
28 85
85 2
51 7
74 87
2 49
21 55
87 77
16 24
49 43
29 56
96 44
39 61
51 54
55 68
93 48
55 81
51 98
11 65
20 72
8 62
58 10
21 100
49 6
83 78
62 84
79 24
15 76
21 53
68 95
24 78
48 36
44 77
35 60
12 46
17 21
91 92
32 77
24 58
4 59
78 37
8 23
69 78
61 58
58 49
68 12
6 33
16 41
93 38
70 18
71 14
51 50
55 17
28 60
100 100
33 45
31 9
15 90
27 51
46 2
19 63
67 22
56 5
19 2
8 58
55 43
54 7
3 59
84 99
3 40
55 54
81 88
74 67
76 99
67 53
85 88
25 97
44 9
45 67
10 74
91 16
54 31
84 58
46 83
32 49
22 35
28 52
28 33
20 88
34 87
81 100
93 48
73 14
64 14
47 85
53 51
80 90
99 11
64 87
69 7
60 22
73 36
59 27
61 40
15 63
31 46
22 59
3 11
7 2
78 6
80 31
49 51
48 94
71 55
97 7
71 62
92 77
99 47
68 53
97 85
54 28
88 31
45 83
71 17
25 92
15 20
65 69
30 8
15 81
34 5
93 16
75 2
100 18
19 35
76 87
81 59
87 55
10 63
11 18
91 25
76 60
84 58
23 57
53 70
60 47
28 62
64 4
36 90
16 84
28 33
10 83
84 70
20 63
74 32
82 98
100 100
80 8
66 18
72 85
81 39
6 4
13 28
71 98
22 52
32 10
16 63
4 41
94 79
9 41
6 4
38 89
27 52
81 56
53 17
42 34
69 52
3 90
54 98
58 48
88 34
74 57
35 76
97 23
62 11
83 11
57 77
37 52
12 96
68 74
46 53
37 100
21 25
87 25
24 76
66 15
79 12
99 44
61 88
43 9
48 97
64 32
35 18
85 7
12 39
43 82
8 61
78 49
68 73
29 20
9 20
46 64
24 38
74 100
32 5
48 95
87 54
36 76
56 7
74 2
98 78
35 17
56 16
63 8
53 8
29 3
50 25
30 28
45 56
92 69
43 70
100 44
22 84
13 27
86 58
72 54
55 4
2 29
59 34
70 72
17 27
13 16
45 32
25 7
74 2
74 12
39 73
68 82
94 83
36 86
52 33
30 43
60 93
30 87
42 71
53 2
4 21
100 100
37 20
42 20
20 62
46 97
70 99
19 39
94 3
52 36
75 71
26 32
72 16
100 20
34 74
77 26
46 21
63 69
83 87
43 9
79 25
95 62
59 28
37 35
99 62
44 17
27 14
35 93
3 85
63 42
53 88
96 35
58 22
45 44
66 10
2 58
45 89
63 100
46 99
97 70
87 86
24 94
19 60
63 2
6 31
39 14
60 43
81 77
81 61
6 7
24 91
27 70
41 18
89 9
67 39
59 93
33 66
46 25
3 77
44 73
38 92
24 74
53 70
67 73
82 62
100 10
23 55
79 87
66 36
24 75
82 83
35 94
94 54
72 54
62 40
65 73
42 82
14 60
58 14
43 80
8 12
90 95
62 36
72 90
96 34
14 78
84 86
89 4
7 72
62 24
5 47
67 5
32 73
9 91
30 36
49 2
78 64
40 98
63 88
75 4
88 71
9 86
100 100
91 15
39 89
81 8
82 60
72 7
44 10
5 8
13 85
52 12
80 75
99 39
17 43
80 79
7 91
77 72
68 59
48 56
57 65
11 13
2 84
28 45
44 73
31 89
34 43
33 37
83 84
49 21
89 43
93 94
41 56
74 24
47 46
33 10
67 83
62 4
90 6
67 4
64 19
64 92
80 62
14 16
63 52
84 60
32 4
10 32
6 43
68 81
10 87
46 89
46 35
85 65
25 24
14 41
60 14
31 53
67 29
61 74
69 40
44 74
21 23
66 6
78 39
30 63
17 16
20 29
25 54
5 46
81 35
17 28
37 62
41 74
9 18
70 51
11 52
41 45
36 86
30 48
94 69
5 59
40 53
14 75
88 15
22 60
43 15
56 55
56 10
79 24
25 98
65 100
47 33
68 17
58 71
91 5
37 2
16 17
48 11
15 90
71 30
21 88
91 40
100 100
39 26
28 47
10 38
38 28
94 93
92 67
97 7
73 47
72 37
48 43
67 54
17 92
38 53
65 58
60 78
16 72
98 59
20 97
71 14
73 54
42 17
15 79
75 92
71 69
21 24
19 41
39 55
20 90
29 57
13 90
76 38
5 66
99 90
49 33
87 20
58 17
13 72
31 37
29 17
44 90
16 57
95 83
91 66
40 92
57 12
10 67
87 49
53 67
33 72
89 60
53 84
27 45
43 76
16 46
64 90
85 48
61 47
75 2
60 3
60 71
24 42
7 63
87 49
56 9
20 69
65 31
47 5
14 59
96 63
93 52
65 90
95 74
92 17
10 65
61 43
67 92
58 89
5 96
47 51
15 18
5 66
54 34
23 45
57 69
67 80
45 46
90 57
72 89
70 7
6 83
86 34
50 13
14 12
60 26
18 27
32 11
65 57
88 99
11 33
96 80
100 100
73 91
100 54
81 95
25 5
84 73
19 9
10 83
100 79
75 77
81 49
28 17
14 94
5 60
53 100
24 58
76 80
64 79
46 47
55 80
57 23
52 87
61 32
78 70
17 29
57 77
31 8
83 25
68 66
56 99
84 49
49 85
46 56
16 36
22 34
9 49
80 38
19 35
97 87
22 37
95 91
98 14
23 79
69 24
8 14
77 24
73 96
54 36
53 77
33 75
16 65
13 6
9 33
61 20
44 46
44 89
39 82
68 6
25 86
49 48
49 18
59 93
64 38
83 3
54 12
47 23
75 32
21 20
60 81
80 59
71 22
30 100
54 16
63 88
60 90
63 4
9 47
17 81
53 7
61 38
5 11
23 21
97 65
64 25
53 49
6 87
5 70
41 11
48 86
9 11
2 91
30 54
10 60
93 81
92 77
85 67
64 21
45 28
34 39
48 23
12 90