5
69 415312477 457488 338427862 500616 966195063 866125 784443110 897750 216796506 748165 994790122 465724 753688041 252350 187843 492576 405035957 7942 830623873 349127 859599730 573548 965259518 267557 918110113 751408 575778330 677367 334881263 980733 462322303 222673 338057221 753623 131101921 140722 907382610 374736 232368253 642527 356613970 251840 341652171 433518 198665850 466804 208277965 874722 215563635 861286 394577477 289912 758388258 191534 496698651 451456 983629175 619384 746632253 955950 255218889 282295 482802628 976305 714524140 373273 384200449 56773 960588706 183036 887667562 342917 429681696 234016 890274987 351747 187788921 22108 47642216 132123 617559134 263254 549138056 34053 246123018 960878 86057772 647403 879337443 442618 414433306 398139 886397770 806200 325009161 139389 549048 540416 637836508 27303 685219475 585721 772371431 863024 633827700 863309 213899433 906594 729415926 369568 520849908 326900 252060639 84541 562019932 271959 974017486 485650 754648433 472080 689429488 977118 14223598 531910 775941657 798952 67957694 238877 655049053 630386 581682186 832770 762529843 238318 356065363 524232 229895044 431217 
69 356613970 552586 887667562 861394 689429488 256759 405035957 726828 637836508 199270 356065363 590180 617559134 139822 394577477 79968 784443110 248254 187788921 37600 215563635 384629 965259518 564084 208277965 583153 462322303 973358 753688041 604518 187843 290329 325009161 911344 415312477 756201 86057772 977258 879337443 510387 890274987 11264 729415926 745311 907382610 585794 131101921 826587 762529843 629179 758388258 186770 859599730 181570 772371431 252893 520849908 734991 746632253 966073 974017486 935824 229895044 647418 575778330 131261 775941657 147904 213899433 169514 246123018 31335 67957694 87899 496698651 836675 216796506 219421 633827700 876237 232368253 450259 549048 431127 338427862 522638 338057221 981639 47642216 506338 655049053 302594 994790122 748981 334881263 221799 714524140 595738 960588706 122110 886397770 828573 429681696 485872 198665850 564384 482802628 535290 983629175 565478 562019932 724125 341652171 455534 754648433 927449 14223598 332483 581682186 814681 255218889 238226 918110113 783728 966195063 820221 685219475 871302 549138056 864238 414433306 1932 384200449 181165 252060639 841270 830623873 374326 
69 86057772 362904 762529843 226212 415312477 907603 215563635 3172 617559134 351574 414433306 462755 520849908 807279 753688041 244464 338057221 395235 131101921 600901 482802628 72485 213899433 193304 187788921 923973 575778330 777776 252060639 475430 229895044 73338 714524140 345844 633827700 527772 994790122 993684 325009161 375050 394577477 479196 356065363 362392 729415926 690756 907382610 902353 784443110 805214 637836508 143302 685219475 787971 462322303 531945 562019932 329742 830623873 809819 775941657 551054 890274987 886338 384200449 203382 356613970 513184 338427862 662232 232368253 415713 918110113 280146 208277965 670131 67957694 226952 983629175 546012 879337443 365075 255218889 396551 886397770 747704 859599730 582943 429681696 536220 754648433 812831 887667562 585143 549138056 675497 187843 745992 334881263 324375 965259518 747592 216796506 841999 689429488 850914 405035957 419035 14223598 429537 758388258 310073 246123018 300907 341652171 284206 581682186 180973 549048 380321 960588706 713815 198665850 401125 974017486 328202 496698651 763671 772371431 266768 966195063 488489 655049053 570124 746632253 292607 47642216 527282 
69 549048 164174 754648433 418067 775941657 4513 965259518 436507 689429488 956352 784443110 15524 338427862 145358 966195063 157967 356613970 535700 198665850 331586 252060639 315540 907382610 967583 213899433 559262 47642216 149943 637836508 681953 384200449 125249 633827700 795204 462322303 183046 356065363 433398 918110113 407583 581682186 182084 341652171 333154 496698651 62505 414433306 536921 890274987 765355 746632253 858933 246123018 152996 714524140 716482 86057772 40990 216796506 314971 762529843 128740 887667562 575455 14223598 432981 772371431 297060 229895044 873595 886397770 905067 758388258 969947 405035957 511381 208277965 382478 729415926 171670 415312477 285200 655049053 101032 520849908 63191 482802628 498369 334881263 54439 232368253 914759 67957694 870820 685219475 571779 325009161 43304 187788921 52565 983629175 939798 429681696 15463 974017486 341039 549138056 848037 575778330 818212 338057221 199916 753688041 914667 830623873 752833 960588706 643221 255218889 912452 994790122 10400 879337443 768612 562019932 379657 131101921 648085 215563635 751205 617559134 302912 394577477 16497 187843 938619 859599730 440231 
69 655049053 877529 966195063 278290 255218889 558213 617559134 478628 67957694 847219 246123018 224509 965259518 337584 187843 116777 729415926 81710 232368253 810475 974017486 665204 830623873 109134 562019932 838165 208277965 625785 334881263 321060 890274987 343239 746632253 72358 187788921 328471 907382610 726729 887667562 676192 429681696 836181 216796506 386695 581682186 754273 758388258 328372 753688041 341127 229895044 868834 482802628 622875 198665850 960310 131101921 390872 886397770 310931 520849908 796508 405035957 39724 772371431 435094 685219475 923033 415312477 522877 496698651 41262 47642216 920003 86057772 68170 325009161 656266 689429488 842284 575778330 274134 879337443 766987 356613970 219844 762529843 457510 338057221 573435 14223598 660952 341652171 589088 918110113 989233 784443110 134223 215563635 178051 549138056 150535 775941657 669241 356065363 92645 637836508 334380 213899433 161492 394577477 152953 549048 894979 414433306 572238 754648433 821529 633827700 889796 714524140 590949 960588706 640051 462322303 20698 338427862 167232 384200449 237625 859599730 654330 994790122 229967 252060639 805350 983629175 371874 
3
414433306 67957694 356613970 208277965 746632253 
729415926 575778330 356613970 562019932 974017486 
47642216 581682186 356613970 255218889 338057221 
