932948582
125961175
379626914
661015501
927418727
176352174
994821485
302144369
382253085
624597328
87144821
611675162
875008604
988160970
597951842
208179203
419057742
426968548
989773514
868352652
247852231
481661686
300064637
169762321
64613444
325352657
904896349
592335247
23807556
286638843
94655180
976596259
763100176
643671088
613256359
651790364
554325743
920014016
978443533
984682611
519964072
836920155
954482612
444085530
112526768
654554917
937484191
879331330
914654816
195453759
44888810
315968274
738719972
464989557
788040601
127136575
835028979
866249347
51600869
930478288
692430846
25488160
319555756
724629903
441849413
547972734
528665491
742471329
748070790
427930846
215087059
951462719
418912084
845126997
163096443
314412791
104752955
301869724
269980214
949555459
173205039
661851198
825906354
577456028
752149776
43674167
750448984
508849151
824435692
816857771
238114646
619146255
902296848
64411093
282234838
936208943
61653806
374621400
393329780
64980402
824153482
988651466
919672351
731185524
252287212
314473448
991669062
192555097
553607573
152352850
177483676
342296047
227451135
942654962
347066933
436357729
202597622
850048798
936315643
36948760
967440575
487071653
347968725
5818316
781017020
183950271
301010186
658630072
127221314
973435187
763205064
558163952
811199664
409733180
287244708
599969098
796344205
725261702
422224356
46992694
305584892
237341007
42736211
644779093
407305503
508969532
895022932
99997546
515309507
580354742
78438494
377175551
908293652
458572940
306717000
32482898
14909299
523094566
921751871
881018994
212888102
69696914
895718442
879045235
949182545
401642797
896264479
304744131
560594880
622952294
11561065
893147836
734217629
745924219
68024310
696678364
582816018
529562094
968050432
958029226
808573965
863020392
361108511
103445061
923645845
627431507
912094541
276302468
33916693
971149740
105520610
201162519
770780764
189529953
941185020
304531081
871986946
284228482
269081229
279602259
462977146
579626522
996074064
584458362
344646075
356396220
859050374
418276545
205776820
812367882
491297930
385635273
21248797
908342639
348376711
598096785
976457965
487071322
617394775
88666071
331230071
636444001
521122814
278288314
378134887
620912897
49621725
427972937
858236883
209743351
388359988
386405100
351793722
922430782
771033491
2989437
569794893
911297110
209425182
465225259
514947298
352156208
55125979
75369087
10813679
914856184
275689449
239994739
438704111
953690349
68579984
593311067
148429665
71379835
436216468
5425097
67571839
242542450
238255412
600486481
977962185
156322117
1345620
601781088
676165372
731900878
94334443
433318747
258052143
440400125
860633870
424473248
382711999
880827600
367558734
65053072
48226788
507414523
142547868
467391746
213784481
488916464
44701846
991966990
509420772
619417281
691783404
339642204
500326808
877553719
970182814
768644185
157120030
389788323
863028998
556133329
176517851
676888666
289243173
908033937
539618348
93106715
378194907
37196087
836099407
773656576
912963102
174310410
804225691
662118836
543210221
326129221
937181129
64742408
962703051
920807163
292005023
624846530
66177611
351184812
326170830
42311106
702354834
159193520
660496820
751818257
911151736
305279905
696236570
265081048
231603478
649165531
843321660
180429608
62799137
330683655
935425051
988677583
13622136
37874356
377085359
126881910
90329244
612164460
413704838
673864599
130669812
757781760
626351364
899321692
114648770
725835953
375839757
73846346
962463893
721175599
193022693
943012729
679032853
254760662
540953749
879197297
979275273
364171515
863079503
235159909
175678807
387070241
370345286
984709723
837980158
572352509
494690836
359224820
735934120
697090441
17931169
115441339
357180248
813489124
289509261
604587039
918236399
808475691
402466108
756905293
863568189
259029660
492219191
404370302
545765732
410236081
684567681
382065054
788530673
454586853
922626354
852776264
294655047
666157593
169131681
631391219
861305493
647271494
490530199
126410573
320548996
500828293
86131504
433860116
55617250
195389251
931595853
269972355
908906153
240439025
266450025
664362190
905936932
603667071
44167973
489416779
476764578
733379659
568616313
695215432
604957955
208612736
992550419
193943454
372151155
161643695
825015528
221436495
541791746
886851619
241466760
895505464
660834926
736107267
989917951
780340331
533391412
233450439
343739941
782607644
912411746
586251642
80543807
882495741
871558293
33603856
421771892
831956399
713335136
678032638
841265731
849325180
744649658
229947317
443599658
425212206
178153828
761558886
420871585
800457745
634564960
844496026
35436236
476862243
997213385
555195489
388002842
923083931
726441186
856791826
338802446
903876829
391512335
625930479
605439360
252478716
621206216
770016957
340183286
17906258
369625326
620500654
919700878
517626292
456470173
763885663
661556613
213942238
432796672
898756360
699914131
248220923
154174194
396116744
884746970
490661638
556308308
915374643
491429995
895652059
567132335
879680258
120572159
59484704
412976555
211156447
155529814
688771697
621214194
890588102
493259016
359105118
95124526
464837943
572106145
459023632
920517587
847096094
837018444
716760796
378296227
553286271
898048752
724014191
598392723
125040498
958456140
242292212
763994882
108783606
833487898
149101459
998252548
47917572
563728612
836257185
623795840
302845617
391663522
836172143
940251343
12376269
498474571
787660425
718835484
199748236
243062977
890185543
328939540
974079852
218656085
48710317
163359825
856403896
372431687
555834950
261646753
89768703
273751714
654656080
95334502
640149523
142126453
261443542
222662833
529524609
221815614
439097992
168525534
711270739
857410276
425402635
741315709
906854927
474395096
915980532
292131595
39403695
762603113
964040433
115591511
686148534
389921158
789655397
540316718
376519843
130137880
927074572
566239059
520349700
585826981
255895434
431266339
111305960
651471609
206802406
833654078
753698639
744075847
249775256
88795275
976467451
429342693
779546542
465124127
929526554
340845329
682345272
251964820
55612612
627961395
147019332
28249357
505974066
642193895
963883809
990973109
987012276
125553546
500460577
600203412
465903033
357995992
240577494
891468205
462745543
959746553
406623700
13926814
604801780
748631001
15152421
947071818
484887528
748408231
443288698
114561133
349817304
108786137
616593414
480324494
667188306
52936829
773652818
982858946
885889850
579306063
447957872
959516060
664073207
540581434
29923298
94704985
212932728
940073703
609806082
772964640
681844162
225982089
287278195
741617998
682993984
607533536
143314329
904637107
6235682
450309621
733910442
386804482
606218257
863863665
398793002
317671411
691732541
996722209
827059572
766781572
210483621
699676149
507606312
707022175
572608237
894550039
703348370
317178442
389183923
340441531
597905792
697236293
623841569
343217620
995285402
880275281
849293490
230583440
735433519
113447084
543717253
889248766
395562020
501650995
299599339
877483417
232111026
419067831
52540885
65515336
902887428
653229989
670304413
245693187
582016506
617803421
553205468
90436549
852179044
169469791
836035693
476658484
5820028
228998966
704834007
589265972
221532543
351314809
974531212
693826126
459550634
13959887
416306504
824009187
435267537
90707343
984971905
704331251
697724411
326145909
145234399
792693741
491635476
213841144
603692447
643646421
210755472
238851994
876333718
338895478
505480761
766095576
830853435
325736916
719064718
405440819
554575529
427804336
440346201
411312846
115847871
924238626
283387978
977841009
631144476
398519967
711556844
561066922
309739296
837166874
28098409
938064171
164841365
71899341
187183904
456583668
39387908
134795813
380665258
609453686
396983452
156417153
917904569
72904104
958210239
774645333
831903030
187071130
937158305
489341845
559088095
468008328
903507096
532056400
121460912
103962056
618660700
734130481
58035594
879248445
379749210
648856583
596945130
225450216
227320125
189611811
481062235
260586367
101856038
967645201
754886541
325150478
834882578
373134338
863901648
542291749
899588158
538393747
655623924
879704478
535134188
550422701
257119813
304677539
145349513
413673409
945823793
171350525
470822126
771036333
646020469
191413924
267587203
285226994
173221989
192388298
788916855
903485376
923232223
17512435
987334354
747956883
650690228
970415062
265346187
463344886
386073573
134499536
316242034
508578179
453073777
106739678
521548688
830630898
533512197
501641643
215142512
751632235
626003279
502738135
79717075
68559773
607750510
115799480
583671318
201807652
637619696
483648255
445518466
625994226
272226088
827477388
369950196
323229679
693688143
980301772
300969398
252959105
432673475
416330739
260656443
205931875
717707939
841340471
965809205
625910795
11722561
699474923
260490726
471417013
745838081
376131859
701274259
997633439
632333834
236126559
859615597
520639314
723024607
527752177
228981263
413450179
302956306
228468334
430228543
901847565
136001301
248876341
925406593
712098504
130559298
989558599
145698898
299444286
837855527
522270402
461550501
74461716
206620774
405425563
532178939
344116783
233975946
687654075
875185716
882650991
983764598
119714880
383734941
482326259
877496381
555447701
38107754
804566888
999697710
240013744
423152476
345092711
859613718
466594524
702641911
133818294
105050898
836951360
702713727
287679228
303233667
224811908
815007350
999235352
707859900
377393367
299238116
979349033
872632499
697667397
522389096
887718920
942279678
100230818
377279089
362248315
128286123
962264110
167177321
228667762
284807768
437558512
636841608
974137308
799273921
513329203
740475602
97519701
161327486
721012595
304950332
325417791
437599905
628540741
208839067
104468631
28043984
808905347
921496007
736077986
44882136
893582918
535034698
791621691
308650153
458758277
55217659
188454343
639107988
845659097
192176062
70885215
498669743
236658110
362617190
500847869
599480536
577321376
972440612
661775815
325094647
73466219
230430516
40961789
656200325
352926479
873493304
878035981
259028967
246935394
145121556
39317881
549249863
644176524
509523656
454890165
717672793
895743394
102678981
490991592
676626791
688682973
545335001
238569427
805122987
24853767
673341035
276195605
560201262
342154662
626416088
900233913
848874683
452486371
954602037
959839677
387710985
13555108
686040980
586304590
149361899
344541739
411009530
108109707
565813969
371983209
610022470
227849276
164114279
900988242
697652862
588643874
974910736
143780942
766682632
70767298
163882437
404309230
130588793
860807975
726793691
669903258
701764324
711306051
936285895
909786681
913623086
83767730
682590553
98117874
261662538
290771543
845540742
543377494
886118250
184614
397776687
128855008
533602579
548293325
692185216
253646623
770941838
366474773
323244293
428065302
881992535
316100251
575168670
769717650
586089843
644340563
817892840
379565154
658070600
134564460
673825857
443288252
747821508
750362021
66738737
367350527
869675878
42695983
187545386
272727234
798836614
851666733
558485403
24736134
705471394
684277155
429358856
784232117
495621809
346246860
902579787
833665141
432062134
593364207
991227751
747129105
63019205
906333934
699783249
426162600
705823675
157807903
620274367
359746312
817346260
177748478
866616132
990564402
579063630
784428899
396657348
308999520
748395956
471982400
803713109
499639700
300578930
473248111
363190076
719946801
282428863
82099933
426873391
728389151
340632173
802995429
542276387
535589726
381532496
2510655
925830345
839787216
219774636
908162225
437865808
267983246
323025181
619698223
333467069
643384303
819029981
919027503
371602884
910327257
693135691
445259208
777775349
237701489
885599159
410687983
847348569
510496212
189193369
436550898
9663218
8892132
378238337
902599138
380490396
642325043
205386548
10288601
646649317
479923901
691844996
469529415
92357987
325207278
437802782
752319223
514159444
997870457
261963013
468861547
543780008
150118232
736123618
170092951
482771413
278159073
846170986
147971986
431795109
748938000
325813632
546199964
286758079
368322936
276836373
656840685
949455188
585748293
159552903
761605418
433584456
256674891
526231084
295384053
997377359
806147344
937672408
659621195
819084781
49615008
632235761
710973699
21821954
484706772
25545336
132286687
407436904
90824923
826038995
270169236
448585330
413613040
413738489
393478738
909143615
726571249
340906901
167476912
215092656
296082982
305850403
77930964
114437590
930796726
598532502
701939672
933994038
756808366
91748097
30852875
95422914
456816964
370875191
679758009
126434619
732461022
333519327
717916240
145110232
217553203
121299397
170823127
371257760
517186635
513319220
356068847
694524903
242740347
480194811
214059746
884775353
181070638
31544476
720287629
429834722
955190348
381418896
988167792
959442740
667611601
364277546
862458750
707676958
681734099
558312791
60181526
698088593
424912188
205093438
427524031
292364750
261892340
430349115
722933273
964091376
483953806
771775725
597610129
413494135
199125636
666624945
525013797
413143191
286820930
659162147
959103641
990206750
584374112
253251557
720832208
681986233
149219441
538494769
796919619
638271289
419021644
826081405
402294190
452419664
58798032
23286738
130578915
374843260
977188672
564900251
113197315
65231393
909656665
818631261
236505098
898610140
711409417
47654200
237002748
996141557
368654789
366414676
80726674
14389446
994649436
163853675
723446210
516570205
940299982
815256795
717710193
447385827
705335039
558665508
210133309
588983947
375541785
785596950
835567162
43798746
157469585
795310225
124956823
64557389
158299801
364758874
976642291
660257720
984930662
880374224
633904362
394041094
134606978
947892600
759326672
562403803
408943338
719550305
496704913
621792968
179054011
164329866
304476931
70896742
196814020
415257920
512222819
855297785
186902639
390603792
514980299
900506453
124361047
269545757
574751340
125479612
748526190
670468017
646877889
333345050
589942344
116415745
516592019
986866
80915616
404077613
988431184
857549807
488132389
633628188
881309868
925256725
120225743
998718294
948594556
613819249
108346945
525861632
652541173
956190021
281698606
265158433
521937999
59504188
713620352
841688200
116232058
897452720
678263968
743050096
516149476
452583020
663391445
87911066
298315505
429791438
976993896
214977020
827713209
380550129
120016198
295396200
403706795
612759473
706056712
542685833
648001481
397875620
203246196
359491265
43387029
708776413
606807029
303982435
54115911
230754926
106039655
665551075
347156152
412026626
88274314
499657204
837058135
351752584
752277838
226406250
488135050
382364213
625074177
309380991
740682385
945615202
990135365
765425670
541189522
677208177
115323961
403333393
28235890
76400634
8250271
682435639
635350770
510517198
724178101
427009521
477386702
414314399
240660382
597126461
692400593
310658323
28036373
759675932
100764139
736429912
604142988
124643268
605842551
199485565
189572244
369465155
501244178
294742141
465588961
770603476
413184019
875246020
27314982
548835709
788755265
158654037
389253024
143026323
294484826
391875924
74263918
93166998
769817812
638687540
666284158
800584069
984759126
988276990
780792226
301678361
244874120
140987009
781839959
843682983
266881524
773995273
883150664
971746729
76743353
380166345
285057847
588727550
414475740
37628122
672260766
932823752
894127915
885765392
214177442
538427460
930443946
536310632
493445486
701398093
420686412
841439538
162964339
241932173
465844553
275197267
901316679
18479974
536338999
437814127
138912795
322475667
201791188
603037509
114007672
615857585
917655497
70800987
706321980
65094702
693011731
771848697
995858258
214476798
245778470
877603628
262607998
161779799
893703381
781363506
301128165
370073593
455050735
871577323
914419208
866543842
932119939
970149099
251541898
18096240
935488508
595971368
602247788
883207148
581643506
660933389
640229323
387466791
337117390
652166111
567630235
337907729
595089085
699970988
413161744
514038530
125517446
400027737
328903495
553980502
468599042
9624072
22185934
692305731
238352784
329643155
159852648
177027034
844486922
977221562
211639984
205461970
639133712
440913543
155885902
46271826
565069581
883987060
674458490
861602359
797643111
213417072
311454564
594184486
546805614
207576600
716735614
585342795
52031232
176902557
487030976
695026108
260906332
962584772
472213414
311327078
496912431
103050833
106207828
643719979
163988752
32294572
310617248
268009898
753079691
410371375
476199902
28201021
823827168
863466764
147356795
356905669
317197416
183894090
738543949
807570234
267283428
521901642
334719671
987530853
328955469
37492970
791353538
914049886
314575084
261850113
207322718
403328876
159699190
882963843
211361121
567031245
922627079
320179452
102161513
783047238
988347671
804188625
305408160
744503251
303433997
878990761
528289476
738000711
723053472
924094295
317221369
738883511
355984236
176603423
26388513
537829414
862756106
90224323
823685655
63263547
204975319
94339656
144723492
838477586
263546821
68846968
518229204
343067770
674550306
685227124
584799038
350324684
797974480
834793882
152110153
584942838
935213933
198780880
643691195
184699192
846862611
129415549
976779961
829943300
164039950
712005074
438008
379581803
953365721
363913471
405838584
416608707
330843705
229062996
401136160
204862420
963667721
135478355
684644971
678143980
222515065
180995874
285823894
527021687
438297977
395257288
833943568
399424737
195380984
561568391
74535734
651184139
232647386
132007527
707639909
512738381
742657944
383246915
343181246
787115286
11173452
251702735
964583180
787531153
631057475
354192508
962187978
373540774
765706526
590092136
804621660
405674420
758348815
118542728
367566712
93161317
432608866
203335605
773014401
868241946
547804323
240518139
60509510
398765674
62547073
417392228
434023868
827203184
432137203
632518613
179179949
350398246
184623321
165070546
755997409
567741020
321757772
753129054
227479655
827412848
366450843
787587291
367835068
681917421
935608602
512895269
960327999
117867238
475380646
836224255
483306330
243633749
812043767
518290286
933610860
155257271
831182602
286029981
491273863
843776609
808607399
658592218
979959276
549648311
532010912
142122642
172412141
791153657
682263607
768629884
563271630
971801579
46514018
653450661
538712674
937919509
469043409
493437020
95959831
53415654
34737751
36466781
526467968
636997767
602354060
22830865
689291726
405893551
165452265
42890817
597884806
149350659
678272697
654089222
363145445
263466563
216869103
443995623
859046523
83760191
987745820
459021338
456033616
698230874
610703267
640743762
694284935
2416092
133083279
704798648
953466799
126298796
410628200
332727783
563036712
363753656
640595484
864039502
287462311
972688096
733383550
98707069
864055729
372338823
405641862
750950788
911824387
665586216
164015546
983932950
668288348
283476305
807828567
686827995
244255563
961669792
82703940
800024571
664316490
35280486
658755198
935128368
904180068
392619274
698464205
476111396
625907069
369719595
135996051
251353473
294172497
577094682
195322984
525022141
296502452
151376142
441568408
309010557
715302125
152770699
845667080
142466629
277859717
983063683
263612005
257258753
546989579
285177808
94725433
40981801
747966575
172472913
988058035
796971564
713174944
690182674
814564125
811954395
609564845
291655717
159294035
133223701
127638185
807861948
900222191
183471419
713861271
964916784
665403511
147380942
104014016
125928872
991071494
252004064
583987838
209339025
990740700
790040068
587973780
111494970
105914331
174511317
524737247
671682271
520238794
657834114
238280837
482905737
595817044
152671381
553467374
367470043
179093180
296838525
271009932
660904662
633907848
765446102
680254564
978900293
879548905
727230204
515510640
320750551
486652207
78701443
761897384
547983418
199893930
147857290
611509008
680858257
996514580
115803411
970045172
313176532
528861118
344236119
823208588
174707322
240199406
266455259
509923944
255566798
138367443
567240041
877137051
732962927
112921520
17659249
646211374
925144477
40352686
179624249
803575817
332768021
325550867
532246787
220643512
495844679
454721297
910186334
69065641
696100452
638554583
586178101
310904347
6015747
71334544
996854171
802415895
90626996
359387129
529903258
326953961
826582290
745633293
431717357
903455453
689786067
914739666
572001031
152701979
191590522
304956641
418330080
832835943
415789791
652313267
456867521
427552656
206708560
419318100
601068202
602063664
16616026
622309397
811400094
784369440
53094105
62858621
817650859
634518307
77082739
842750455
102892798
607588329
709937156
566770192
198517775
151363665
620225370
184121999
154132424
81234770
815913286
220876664
695646471
24618225
179855796
191104378
493829929
184704075
933053068
886532017
548628866
583608285
342487561
67457766
282831210
799084503
691872136
752398978
125925417
468319047
586753733
194529570
724544640
918649601
215252831
317598389
200885880
999085782
574903934
926152164
639267251
165652521
951604599
67333102
390632722
836227724
818840719
24494320
317692478
925987084
404101756
143876563
878119324
79240063
819372964
503900267
555278495
62684903
723749699
640690285
619341258
893934300
733310794
476199775
125053658
245690340
401404803
117159311
179725457
592995155
985884793
106102060
242601121
33259042
613394846
27708297
773973696
143273713
543809276
491326574
233951216
63348800
251999203
828259365
786195586
414300994
769505834
268913226
437846027
861003796
301857457
546666834
730048474
367305693
759800584
946152939
998405072
867993954
813868407
162113121
355362093
382614460
62037678
493097892
407184707
917311212
37704216
642814600
818574760
822972180
788171988
681338185
512541549
785950643
800494180
190026440
703396846
754637223
738863500
237079780
430025693
784011889
143613994
501966058
774128454
780026531
597052272
619590455
543440885
470869056
119299
567153893
827969494
182402326
81673729
915162547
566554566
637103752
11970040
122303810
215092627
190539360
702924663
842099721
290917090
358572544
110076021
700683619
361055250
295009345
802285046
52547961
51865926
267758333
178168067
774425242
644799313
665660111
59172341
503318093
802637
648296671
291922617
836786061
330776987
290945824
771263674
355751601
256056651
611256859
862326052
96381075
287611881
714446406
801737593
343163293
700864670
10961325
56629517
333911872
634314651
708641997
692073196
746262675
492104123
356621354
924436426
158280870
371011481
740277313
663233755
560495626
847429571
550123867
379152005
795303324
1478273
81596912
957026354
928656642
38002431
310936623
836365930
303279929
821581501
294355578
864207335
850549400
505710583
314324596
797443717
373035091
321121428
683366526
578717587
427740897
484675614
791246651
42032780
609474697
470979562
566474200
944238856
24885065
869696775
95656631
653040844
114082163
354995256
188062208
82671525
145107843
471424044
180098092
537244216
805422788
783821716
409277645
256030848
827127271
22647207
264909490
715816406
693418671
924830425
206431471
157992437
61407460
301529793
494334909
672049715
645992924
231803713
269665450
52267076
431179790
394003570
560915526
207051427
407647178
666116967
459200024
536493755
398225646
633771483
479916753
548143882
3977348
141321653
130349629
201271430
438811679
693216427
39311449
352287984
813250541
665816019
961738985
721584833
627851881
517973406
419453404
801620226
522071600
794405521
449261493
652403284
330473759
676785009
124701979
286754193
442187499
872234162
698890722
656722926
828885823
848393574
912321720
59204840
641738624
13931866
902443595
915222996
468071025
576509250
345274410
542220919
492873882
424693019
593407078
820548307
644410097
935123828
493971374
770460380
154806989
605944699
959477086
50281331
533403465
150770386
314640420
781042715
895128691
48921377
972855140
820137348
730633288
410370924
351297683
711592926
401625348
311029402
504437966
129410440
57146050
89067907
217978388
186067751
14146805
369571829
73791295
294859095
670310887
168008633
530404651
26547086
503022883
143477317
420897192
781456729
731341126
87825464
505268145
436524561
836957437
581867824
903104612
405674040
831679233
496117425
614717388
221284980
161773584
215272857
962298493
532479588
760944101
855137133
272969336
487278003
240044723
438145570
875069245
711358485
469939204
295731685
437269105
331735645
30649755
940517513
604215937
582212182
276503674
649556662
164846444
682124136
759233160
246108149
325326284
288869525
219508358
850394580
930036633
62016466
649613007
108837292
918759182
494048777
394715721
422321600
137771445
710277281
659520652
503939347
239149386
501666487
268742934
593615217
230649571
818816601
694153313
866808911
605881928
635578757
424389779
87124709
649104705
615641420
417049636
992773497
818592934
532144704
263109901
84759606
790492654
832370130
623265780
450172027
925764690
731583960
962009678
432564081
898108096
625742319
980950265
163631576
278737883
41059381
231947069
205285407
737673449
210444463
160492827
118249025
145649762
650439856
168252200
859213379
434734735
976172995
165706611
741079386
438996429
643577507
185136075
947474171
482941709
990266012
863870127
433640294
477113692
486432928
866582685
895092369
710671525
99909571
205837719
970981632
526474735
280276430
886980399
767541653
353341522
212705268
439879779
109897344
27369384
211550191
775844527
409306011
399924435
41435357
402693080
305654228
448788663
877827077
251407377
236625870
620146003
968825878
810921637
216576749
762227776
765729469
640483858
201506708
968137555
852969342
460223154
901165430
946958347
835903837
626871003
429360996
313359920
294533395
269795110
480835930
254162221
136707212
308845412
708821839
363008899
463024027
720762345
39096671
533736663
491673894
827488521
647721831
849588766
963883244
535065612
470735136
435482137
987892326
526541510
449424769
791172634
852613593
765267294
631109938
938831129
429131005
927154666
952633243
884326029
587954787
771866118
808770505
367524896
138792640
10391879
438256031
127542462
378383881
535490350
49870830
771795874
480503925
916293428
44294582
123511345
36077598
562773863
828657706
327374726
872722633
102449596
21308845
809099358
150458783
79268385
988792520
759209282
337652735
733763179
341732208
615266284
69873624
315083924
478333876
473476598
298137943
510257065
110173629
767418323
678615160
640826881
438787785
632867425
271330238
953446609
813371728
5061580
202367648
25497824
178706161
449734333
380169541
117089462
765925454
944723911
811260889
445794983
936633660
403620194
95842879
413410505
507309062
359229900
454293404
608570958
241119316
573677302
27299707
817564726
345953873
822299644
73114439
760335447
446869115
629271135
286974057
422921730
294351909
840051383
378343502
624981655
900214058
47223275
259203550
378072866
935112811
264883554
311568405
945136996
27965828
532684
494929157
399563187
827070681
105963486
864146240
357396318
804622751
610924026
267437841
864197027
201863200
652731688
298388217
729314052
350180164
125314116
303951693
822723079
550775324
179457393
715329842
937894539
998389302
874266699
797031219
893311446
563764554
64064720
133139481
12440748
431051994
335378725
460397728
970232472
167192323
191142100
512189862
286205577
332839702
955200501
348299990
51259276
115958804
246885046
102262136
531957186
780340476
144326218
234615994
860678503
705888272
434721405
720398225
873105052
567817527
261799446
20108182
288984970
297345437
711638089
280384256
427434027
80926606
73033720
887606062
762362617
161905970
868562179
789694167
845663434
472949690
39510855
371894799
852295053
690590890
647151448
192211320
208912056
299129333
260014248
394578680
900623479
303645045
329013638
333695211
261179359
182328459
33104291
674808783
206714659
702072830
10819121
539795320
244730505
650034585
654285993
115935258
596824854
680367864
217300555
331867272
711977026
570517301
126760900
993469246
740295318
299694948
867109014
557976828
694424385
841625124
221691832
840329942
836827966
73392484
176630570
516775454
661225844
527093213
658851650
56995115
767872535
972992227
453800188
926999818
34483910
645237313
615502831
225421605
551101974
317632070
168563152
984267454
916931824
759044111
487346149
689259426
928334410
365963772
797330323
664214013
424980095
315216472
519670873
76128432
582223646
60741374
346496231
949469730
208289472
501498436
56338175
152462081
846845133
949024583
480266834
469326979
745373379
809097617
747200231
511436024
608787897
356581550
751515795
340772451
284101554
989511804
502382273
813959445
19965187
114975117
236181864
164683023
827607965
349392670
264910091
228219249
192968051
781811647
297358619
425205837
317618865
243274468
311196902
419898663
795627585
199365351
764195366
753734922
766586697
53198499
194487686
287987871
139334254
54864405
513201770
68787868
974535686
728428929
925685372
559781855
319489241
347658888
940582918
56203419
912130918
755400978
559455458
498881717
487972856
516686073
514559919
258122796
280443710
113117479
630096807
722259658
76920740
455135769
615364907
24061386
690224883
195935868
937850359
494056295
705055191
624150941
17458076
862174482
891147089
390021859
683982597
874170568
564152350
829617784
619935385
193919974
40772472
98513229
187470704
730668984
524512138
245736108
104191000
884206932
836306395
965272546
724561749
163233427
206258116
367333266
251326193
471575163
337118041
341682666
947380865
847192035
770984593
752934485
597550075
379692850
541530551
759826000
854386895
559037581
876630954
287779753
656708750
467469579
716784742
301259553
550203230
801467984
620277259
274892109
976547998
792983354
530005194
987891690
723506617
714029388
427166246
754165972
183277429
941693778
534274136
351788952
312867814
330482086
828467049
214722793
296132032
12041117
769428937
426319517
813394928
220311513
847270301
365886930
124349669
503778392
422122089
214232050
78869066
439537275
558659233
12164291
354753996
205633334
489468450
454132157
170344910
393464365
74506108
204464064
72504325
479638043
716155058
277696703
170702135
43962697
7828549
145821004
28126427
968269142
809370787
410350630
155305433
510050923
174024089
154764329
850637775
560239285
487076025
283067338
27125538
158501596
659421399
794809512
479744248
913550643
736120120
389809907
316431570
482264024
689594065
248477307
154739780
840993363
924943577
2389181
982611991
761648657
557232833
571703579
389407916
550906
723655330
460925973
394761855
898567075
489723956
202849002
612757904
449001653
711380024
560300315
935349165
204584968
179844268
457778585
187844266
944430822
523787573
996567892
454797270
512035786
998110753
847173511
712046953
213015627
316666944
278294466
627244253
585443317
486071868
725976835
220904592
341086423
370180587
320017957
593219478
607500380
639604043
731912295
47193282
254083862
840328340
182311285
71899225
545680555
502275678
461619719
15385327
736280421
101848120
965330323
319086349
262025117
839775360
331828292
318079932
332340506
982052796
218185396
666028772
803724246
523620922
378583706
23526358
930153408
925858622
866086454
510444958
62294132
377264244
613764005
347821837
581699344
218076539
680876354
304466742
213910037
889813107
31876527
420394607
487038808
669933606
281978128
989731897
727194484
871790680
846771600
183644454
295359132
469579244
295983037
715042460
296832667
274678565
600955286
107790386
759332243
414177645
502901759
836944022
46025641
593089592
183366547
875845515
833011849
700200437
304132120
964705143
741533670
341818568
528771163
652000374
67259824
439681985
930615364
720971892
129780504
246381519
714922287
173162946
84829067
620294392
793104866
206907886
940283950
970899124
167827726
909887832
271505688
647893272
769565158
978452074
326628601
996829819
643627342
458524576
352604696
714594191
142070980
715517208
651951154
403671291
60351338
512957391
536437900
670440741
612826207
378717699
883012885
178373704
439113143
683874252
540875202
927679111
648105422
760703786
174948752
196599181
985914994
391498434
52227552
881381515
731566856
751384911
661749984
189651658
982675259
513901812
806875353
262609227
596443242
294155013
316495082
666110794
440499748
731344124
526984983
420983040
424713224
955680638
144296504
142371089
328210606
449462878
243970907
775104115
651472357
119401589
771868375
466308829
85777563
602476065
588812204
834922507
55276871
477632286
908498512
470507035
882738677
747926937
340524034
175194829
385753763
853256514
922957000
282448149
265198385
79264170
291290851
798410959
717853516
517555962
40073048
262220943
356792415
929742135
611366325
369640262
441380316
50320256
824839842
353173109
756469639
446891380
556933098
118315197
305773201
811616761
370817144
34640480
44249663
280485092
218062463
415257560
401965474
286947370
37302109
884021937
400472405
357988295
12121495
710828332
284599959
213241069
89970181
547375733
49464600
493432269
887941512
845472823
960137639
374697924
477238577
752112568
592576254
912269389
294712365
22798369
183371362
142084499
505181191
870428614
886839115
715547059
789928357
495045933
179130849
65218848
53669625
433709758
752515453
150519146
39567305
607529658
398823252
994742349
770783220
449169736
264623848
672423961
675684478
423308624
639579999
104311928
263773205
579824796
202905275
926890412
513232577
674556332
198725423
895803140
460586336
865358771
998922742
256814186
805604121
889222967
429702563
149537502
867150818
187326788
744657320
506519158
145431137
433984544
927659979
707941702
624364051
857706986
417966303
696823261
185090037
347841151
370416484
713384232
159363928
57706383
879896927
880541037
588208126
649295477
802159053
913289594
377714047
865629312
684565293
904163043
376145225
985423263
234372849
659550082
94190163
230065944
646423567
413774534
258082877
156854785
819397146
576368901
423872696
972119543
342869442
349039238
724954355
108673936
203114295
559606230
889867651
223677940
198130288
71045095
355722268
405728317
173717756
920321482
784209503
954190244
753593256
134964281
985868364
994193976
182400471
311191974
990351596
512437096
307572136
931326446
809524292
729115676
867340937
378247936
606884586
131759149
978067674
249453508
776810313
137449408
975698226
430770883
41323873
364975219
894212729
473602538
132300824
900189519
380924920
677992207
349352153
357904479
329949406
892875637
655582353
882934698
812850005
794299653
699158357
661879039
954250954
209757778
650931135
385594310
393769416
509155123
11437188
283737820
885240380
493163119
214939079
36016269
680718193
363202718
284535877
741701465
462854863
384793754
114330652
824195396
604987511
869224859
241444698
123199899
459904690
964401556
777725987
963309694
714594568
566451358
614236022
760749423
665638094
346761449
643864251
18928566
537017933
626354612
706733724
937819154
31131773
946623940
993547905
164844495
977864184
909153407
675247345
199023050
489900584
860449604
148892578
990118880
212955915
878136521
326825302
60974861
766783774
513448642
708813931
91038243
67531767
296658878
393246026
306401224
258800727
251455680
287301745
291429566
700120213
629324050
374940677
411061834
199604444
429608863
317883947
575724672
579436393
77604379
140249797
802450188
530037229
179382004
265506555
553329393
18989751
783596432
972687433
580565008
412364297
555520057
847772701
398131908
523099524
802919427
791833767
74454466
836316432
673450414
642809637
306181412
335445902
132558708
219904286
245477251
393406357
98548946
608324624
175294049
26574402
303864634
239811188
338538674
691272877
437415559
840353634
899926522
136081636
362454711
39153150
542882461
612458980
134131259
228273215
499409050
913662233
500914944
158878609
765149615
367278937
246918452
138488868
875462431
236340966
814541855
936026758
21905262
120911651
791840891
666915754
734631999
592339716
24827595
98680402
924584758
248755398
330864909
236403966
343388216
470084964
33428197
227212803
805519824
990100921
239254418
387318473
369159018
163384966
885705602
234285910
983801584
88294921
104955490
339149282
580354336
441145689
951356315
685224247
676118698
407505152
424594024
924283934
941226971
465382311
