14000008
14126008
14252008
14378008
14504008
14630008
14756008
14882008
15008008
15134008
15260008
15386008
15512008
15638008
15764008
15890008
16016008
16142008
16268008
16394008
16520008
16646008
16772008
16898008
17024008
17150008
17276008
17402008
17528008
17654008
17780008
17906008
18032008
18158008
18284008
18410008
18536008
18662008
18788008
18914008
19040008
19166008
19292008
19418008
19544008
19670008
19796008
19922008
20048008
20174008
20300008
20426008
20552008
20678008
20804008
20930008
21056008
21182008
21308008
21434008
21560008
21686008
21812008
21938008
22064008
22190008
22316008
22442008
22568008
22694008
22820008
22946008
23072008
23198008
23324008
23450008
23576008
23702008
23828008
23954008
24080008
24206008
24332008
24458008
24584008
24710008
24836008
24962008
25088008
25214008
25340008
25466008
25592008
25718008
25844008
25970008
26096008
26222008
26348008
26474008
26600008
26726008
26852008
26978008
27104008
27230008
27356008
27482008
27608008
27734008
27860008
27986008
28112008
28238008
28364008
28490008
28616008
28742008
28868008
28994008
29120008
29246008
29372008
29498008
29624008
29750008
29876008
30002008
30128008
30254008
30380008
30506008
30632008
30758008
30884008
31010008
31136008
31262008
31388008
31514008
31640008
31766008
31892008
32018008
32144008
32270008
32396008
32522008
32648008
32774008
32900008
33026008
33152008
33278008
33404008
33530008
33656008
33782008
33908008
34034008
34160008
34286008
34412008
34538008
34664008
34790008
34916008
35042008
35168008
35294008
35420008
35546008
35672008
35798008
35924008
36050008
36176008
36302008
36428008
36554008
36680008
36806008
36932008
37058008
37184008
37310008
37436008
37562008
37688008
37814008
37940008
38066008
38192008
38318008
38444008
38570008
38696008
38822008
38948008
39074008
39200008
39326008
39452008
39578008
39704008
39830008
39956008
40082008
40208008
40334008
40460008
40586008
40712008
40838008
40964008
41090008
41216008
41342008
41468008
41594008
41720008
41846008
41972008
42098008
42224008
42350008
42476008
42602008
42728008
42854008
42980008
43106008
43232008
43358008
43484008
43610008
43736008
43862008
43988008
44114008
44240008
44366008
44492008
44618008
44744008
44870008
44996008
45122008
45248008
45374008
45500008
45626008
45752008
45878008
46004008
46130008
46256008
46382008
46508008
46634008
46760008
46886008
47012008
47138008
47264008
47390008
47516008
47642008
47768008
47894008
48020008
48146008
48272008
48398008
48524008
48650008
48776008
48902008
49028008
49154008
49280008
49406008
49532008
49658008
49784008
49910008
50036008
50162008
50288008
50414008
50540008
50666008
50792008
50918008
51044008
51170008
51296008
51422008
51548008
51674008
51800008
51926008
52052008
52178008
52304008
52430008
52556008
52682008
52808008
52934008
53060008
53186008
53312008
53438008
53564008
53690008
53816008
53942008
54068008
54194008
54320008
54446008
54572008
54698008
54824008
54950008
55076008
55202008
55328008
55454008
55580008
55706008
55832008
55958008
56084008
56210008
56336008
56462008
56588008
56714008
56840008
56966008
57092008
57218008
57344008
57470008
57596008
57722008
57848008
57974008
58100008
58226008
58352008
58478008
58604008
58730008
58856008
58982008
59108008
59234008
59360008
59486008
59612008
59738008
59864008
59990008
60116008
60242008
60368008
60494008
60620008
60746008
60872008
60998008
61124008
61250008
61376008
61502008
61628008
61754008
61880008
62006008
62132008
62258008
62384008
62510008
62636008
62762008
62888008
63014008
63140008
63266008
63392008
63518008
63644008
63770008
63896008
64022008
64148008
64274008
64400008
64526008
64652008
64778008
64904008
65030008
65156008
65282008
65408008
65534008
65660008
65786008
65912008
66038008
66164008
66290008
66416008
66542008
66668008
66794008
66920008
67046008
67172008
67298008
67424008
67550008
67676008
67802008
67928008
68054008
68180008
68306008
68432008
68558008
68684008
68810008
68936008
69062008
69188008
69314008
69440008
69566008
69692008
69818008
69944008
70070008
70196008
70322008
70448008
70574008
70700008
70826008
70952008
71078008
71204008
71330008
71456008
71582008
71708008
71834008
71960008
72086008
72212008
72338008
72464008
72590008
72716008
72842008
72968008
73094008
73220008
73346008
73472008
73598008
73724008
73850008
73976008
74102008
74228008
74354008
74480008
74606008
74732008
74858008
74984008
75110008
75236008
75362008
75488008
75614008
75740008
75866008
75992008
76118008
76244008
76370008
76496008
76622008
76748008
76874008
77000008
77126008
77252008
77378008
77504008
77630008
77756008
77882008
78008008
78134008
78260008
78386008
78512008
78638008
78764008
78890008
79016008
79142008
79268008
79394008
79520008
79646008
79772008
79898008
80024008
80150008
80276008
80402008
80528008
80654008
80780008
80906008
81032008
81158008
81284008
81410008
81536008
81662008
81788008
81914008
82040008
82166008
82292008
82418008
82544008
82670008
82796008
82922008
83048008
83174008
83300008
83426008
83552008
83678008
83804008
83930008
84056008
84182008
84308008
84434008
84560008
84686008
84812008
84938008
85064008
85190008
85316008
85442008
85568008
85694008
85820008
85946008
86072008
86198008
86324008
86450008
86576008
86702008
86828008
86954008
87080008
87206008
87332008
87458008
87584008
87710008
87836008
87962008
88088008
88214008
88340008
88466008
88592008
88718008
88844008
88970008
89096008
89222008
89348008
89474008
89600008
89726008
89852008
89978008
90104008
90230008
90356008
90482008
90608008
90734008
90860008
90986008
91112008
91238008
91364008
91490008
91616008
91742008
91868008
91994008
92120008
92246008
92372008
92498008
92624008
92750008
92876008
93002008
93128008
93254008
93380008
93506008
93632008
93758008
93884008
94010008
94136008
94262008
94388008
94514008
94640008
94766008
94892008
95018008
95144008
95270008
95396008
95522008
95648008
95774008
95900008
96026008
96152008
96278008
96404008
96530008
96656008
96782008
96908008
97034008
97160008
97286008
97412008
97538008
97664008
97790008
97916008
98042008
98168008
98294008
98420008
98546008
98672008
98798008
98924008
99050008
99176008
99302008
99428008
99554008
99680008
99806008
99932008
100058008
100184008
100310008
100436008
100562008
100688008
100814008
100940008
101066008
101192008
101318008
101444008
101570008
101696008
101822008
101948008
102074008
102200008
102326008
102452008
102578008
102704008
102830008
102956008
103082008
103208008
103334008
103460008
103586008
103712008
103838008
103964008
104090008
104216008
104342008
104468008
104594008
104720008
104846008
104972008
105098008
105224008
105350008
105476008
105602008
105728008
105854008
105980008
106106008
106232008
106358008
106484008
106610008
106736008
106862008
106988008
107114008
107240008
107366008
107492008
107618008
107744008
107870008
107996008
108122008
108248008
108374008
108500008
108626008
108752008
108878008
109004008
109130008
109256008
109382008
109508008
109634008
109760008
109886008
110012008
110138008
110264008
110390008
110516008
110642008
110768008
110894008
111020008
111146008
111272008
111398008
111524008
111650008
111776008
111902008
112028008
112154008
112280008
112406008
112532008
112658008
112784008
112910008
113036008
113162008
113288008
113414008
113540008
113666008
113792008
113918008
114044008
114170008
114296008
114422008
114548008
114674008
114800008
114926008
115052008
115178008
115304008
115430008
115556008
115682008
115808008
115934008
116060008
116186008
116312008
116438008
116564008
116690008
116816008
116942008
117068008
117194008
117320008
117446008
117572008
117698008
117824008
117950008
118076008
118202008
118328008
118454008
118580008
118706008
118832008
118958008
119084008
119210008
119336008
119462008
119588008
119714008
119840008
119966008
120092008
120218008
120344008
120470008
120596008
120722008
120848008
120974008
121100008
121226008
121352008
121478008
121604008
121730008
121856008
121982008
122108008
122234008
122360008
122486008
122612008
122738008
122864008
122990008
123116008
123242008
123368008
123494008
123620008
123746008
123872008
123998008
124124008
124250008
124376008
124502008
124628008
124754008
124880008
125006008
125132008
125258008
125384008
125510008
125636008
125762008
125888008
126014008
126140008
126266008
126392008
126518008
126644008
126770008
126896008
127022008
127148008
127274008
127400008
127526008
127652008
127778008
127904008
128030008
128156008
128282008
128408008
128534008
128660008
128786008
128912008
129038008
129164008
129290008
129416008
129542008
129668008
129794008
129920008
130046008
130172008
130298008
130424008
130550008
130676008
130802008
130928008
131054008
131180008
131306008
131432008
131558008
131684008
131810008
131936008
132062008
132188008
132314008
132440008
132566008
132692008
132818008
132944008
133070008
133196008
133322008
133448008
133574008
133700008
133826008
133952008
134078008
134204008
134330008
134456008
134582008
134708008
134834008
134960008
135086008
135212008
135338008
135464008
135590008
135716008
135842008
135968008
136094008
136220008
136346008
136472008
136598008
136724008
136850008
136976008
137102008
137228008
137354008
137480008
137606008
137732008
137858008
137984008
138110008
138236008
138362008
138488008
138614008
138740008
138866008
138992008
139118008
139244008
139370008
139496008
139622008
139748008
139874008
