1400000000000008
1400000182000008
1400000364000008
1400000546000008
1400000728000008
1400000910000008
1400001092000008
1400001274000008
1400001456000008
1400001638000008
1400001820000008
1400002002000008
1400002184000008
1400002366000008
1400002548000008
1400002730000008
1400002912000008
1400003094000008
1400003276000008
1400003458000008
1400003640000008
1400003822000008
1400004004000008
1400004186000008
1400004368000008
1400004550000008
1400004732000008
1400004914000008
1400005096000008
1400005278000008
1400005460000008
1400005642000008
1400005824000008
1400006006000008
1400006188000008
1400006370000008
1400006552000008
1400006734000008
1400006916000008
1400007098000008
1400007280000008
1400007462000008
1400007644000008
1400007826000008
1400008008000008
1400008190000008
1400008372000008
1400008554000008
1400008736000008
1400008918000008
1400009100000008
1400009282000008
1400009464000008
1400009646000008
1400009828000008
1400010010000008
1400010192000008
1400010374000008
1400010556000008
1400010738000008
1400010920000008
1400011102000008
1400011284000008
1400011466000008
1400011648000008
1400011830000008
1400012012000008
1400012194000008
1400012376000008
1400012558000008
1400012740000008
1400012922000008
1400013104000008
1400013286000008
1400013468000008
1400013650000008
1400013832000008
1400014014000008
1400014196000008
1400014378000008
1400014560000008
1400014742000008
1400014924000008
1400015106000008
1400015288000008
1400015470000008
1400015652000008
1400015834000008
1400016016000008
1400016198000008
1400016380000008
1400016562000008
1400016744000008
1400016926000008
1400017108000008
1400017290000008
1400017472000008
1400017654000008
1400017836000008
1400018018000008
