140000000008
141260000008
142520000008
143780000008
145040000008
146300000008
147560000008
148820000008
150080000008
151340000008
152600000008
153860000008
155120000008
156380000008
157640000008
158900000008
160160000008
161420000008
162680000008
163940000008
165200000008
166460000008
167720000008
168980000008
170240000008
171500000008
172760000008
174020000008
175280000008
176540000008
177800000008
179060000008
180320000008
181580000008
182840000008
184100000008
185360000008
186620000008
187880000008
189140000008
190400000008
191660000008
192920000008
194180000008
195440000008
196700000008
197960000008
199220000008
200480000008
201740000008
203000000008
204260000008
205520000008
206780000008
208040000008
209300000008
210560000008
211820000008
213080000008
214340000008
215600000008
216860000008
218120000008
219380000008
220640000008
221900000008
223160000008
224420000008
225680000008
226940000008
228200000008
229460000008
230720000008
231980000008
233240000008
234500000008
235760000008
237020000008
238280000008
239540000008
240800000008
242060000008
243320000008
244580000008
245840000008
247100000008
248360000008
249620000008
250880000008
252140000008
253400000008
254660000008
255920000008
257180000008
258440000008
259700000008
260960000008
262220000008
263480000008
264740000008
266000000008
267260000008
268520000008
269780000008
271040000008
272300000008
273560000008
274820000008
276080000008
277340000008
278600000008
279860000008
281120000008
282380000008
283640000008
284900000008
286160000008
287420000008
288680000008
289940000008
291200000008
292460000008
293720000008
294980000008
296240000008
297500000008
298760000008
300020000008
301280000008
302540000008
303800000008
305060000008
306320000008
307580000008
308840000008
310100000008
311360000008
312620000008
313880000008
315140000008
316400000008
317660000008
318920000008
320180000008
321440000008
322700000008
323960000008
325220000008
326480000008
327740000008
329000000008
330260000008
331520000008
332780000008
334040000008
335300000008
336560000008
337820000008
339080000008
340340000008
341600000008
342860000008
344120000008
345380000008
346640000008
347900000008
349160000008
350420000008
351680000008
352940000008
354200000008
355460000008
356720000008
357980000008
359240000008
360500000008
361760000008
363020000008
364280000008
365540000008
366800000008
368060000008
369320000008
370580000008
371840000008
373100000008
374360000008
375620000008
376880000008
378140000008
379400000008
380660000008
381920000008
383180000008
384440000008
385700000008
386960000008
388220000008
389480000008
390740000008
392000000008
393260000008
394520000008
395780000008
397040000008
398300000008
399560000008
400820000008
402080000008
403340000008
404600000008
405860000008
407120000008
408380000008
409640000008
410900000008
412160000008
413420000008
414680000008
415940000008
417200000008
418460000008
419720000008
420980000008
422240000008
423500000008
424760000008
426020000008
427280000008
428540000008
429800000008
431060000008
432320000008
433580000008
434840000008
436100000008
437360000008
438620000008
439880000008
441140000008
442400000008
443660000008
444920000008
446180000008
447440000008
448700000008
449960000008
451220000008
452480000008
453740000008
455000000008
456260000008
457520000008
458780000008
460040000008
461300000008
462560000008
463820000008
465080000008
466340000008
467600000008
468860000008
470120000008
471380000008
472640000008
473900000008
475160000008
476420000008
477680000008
478940000008
480200000008
481460000008
482720000008
483980000008
485240000008
486500000008
487760000008
489020000008
490280000008
491540000008
492800000008
494060000008
495320000008
496580000008
497840000008
499100000008
500360000008
501620000008
502880000008
504140000008
505400000008
506660000008
507920000008
509180000008
510440000008
511700000008
512960000008
514220000008
515480000008
516740000008
518000000008
519260000008
520520000008
521780000008
523040000008
524300000008
525560000008
526820000008
528080000008
529340000008
530600000008
531860000008
533120000008
534380000008
535640000008
536900000008
538160000008
539420000008
540680000008
541940000008
543200000008
544460000008
545720000008
546980000008
548240000008
549500000008
550760000008
552020000008
553280000008
554540000008
555800000008
557060000008
558320000008
559580000008
560840000008
562100000008
563360000008
564620000008
565880000008
567140000008
568400000008
569660000008
570920000008
572180000008
573440000008
574700000008
575960000008
577220000008
578480000008
579740000008
581000000008
582260000008
583520000008
584780000008
586040000008
587300000008
588560000008
589820000008
591080000008
592340000008
593600000008
594860000008
596120000008
597380000008
598640000008
599900000008
601160000008
602420000008
603680000008
604940000008
606200000008
607460000008
608720000008
609980000008
611240000008
612500000008
613760000008
615020000008
616280000008
617540000008
618800000008
620060000008
621320000008
622580000008
623840000008
625100000008
626360000008
627620000008
628880000008
630140000008
631400000008
632660000008
633920000008
635180000008
636440000008
637700000008
638960000008
640220000008
641480000008
642740000008
644000000008
645260000008
646520000008
647780000008
649040000008
650300000008
651560000008
652820000008
654080000008
655340000008
656600000008
657860000008
659120000008
660380000008
661640000008
662900000008
664160000008
665420000008
666680000008
667940000008
669200000008
670460000008
671720000008
672980000008
674240000008
675500000008
676760000008
678020000008
679280000008
680540000008
681800000008
683060000008
684320000008
685580000008
686840000008
688100000008
689360000008
690620000008
691880000008
693140000008
694400000008
695660000008
696920000008
698180000008
699440000008
700700000008
701960000008
703220000008
704480000008
705740000008
707000000008
708260000008
709520000008
710780000008
712040000008
713300000008
714560000008
715820000008
717080000008
718340000008
719600000008
720860000008
722120000008
723380000008
724640000008
725900000008
727160000008
728420000008
729680000008
730940000008
732200000008
733460000008
734720000008
735980000008
737240000008
738500000008
739760000008
741020000008
742280000008
743540000008
744800000008
746060000008
747320000008
748580000008
749840000008
751100000008
752360000008
753620000008
754880000008
756140000008
757400000008
758660000008
759920000008
761180000008
762440000008
763700000008
764960000008
766220000008
767480000008
768740000008
770000000008
771260000008
772520000008
773780000008
775040000008
776300000008
777560000008
778820000008
780080000008
781340000008
782600000008
783860000008
785120000008
786380000008
787640000008
788900000008
790160000008
791420000008
792680000008
793940000008
795200000008
796460000008
797720000008
798980000008
800240000008
801500000008
802760000008
804020000008
805280000008
806540000008
807800000008
809060000008
810320000008
811580000008
812840000008
814100000008
815360000008
816620000008
817880000008
819140000008
820400000008
821660000008
822920000008
824180000008
825440000008
826700000008
827960000008
829220000008
830480000008
831740000008
833000000008
834260000008
835520000008
836780000008
838040000008
839300000008
840560000008
841820000008
843080000008
844340000008
845600000008
846860000008
848120000008
849380000008
850640000008
851900000008
853160000008
854420000008
855680000008
856940000008
858200000008
859460000008
860720000008
861980000008
863240000008
864500000008
865760000008
867020000008
868280000008
869540000008
870800000008
872060000008
873320000008
874580000008
875840000008
877100000008
878360000008
879620000008
880880000008
882140000008
883400000008
884660000008
885920000008
887180000008
888440000008
889700000008
890960000008
892220000008
893480000008
894740000008
896000000008
897260000008
898520000008
899780000008
901040000008
902300000008
903560000008
904820000008
906080000008
907340000008
908600000008
909860000008
911120000008
912380000008
913640000008
914900000008
916160000008
917420000008
918680000008
919940000008
921200000008
922460000008
923720000008
924980000008
926240000008
927500000008
928760000008
930020000008
931280000008
932540000008
933800000008
935060000008
936320000008
937580000008
938840000008
940100000008
941360000008
942620000008
943880000008
945140000008
946400000008
947660000008
948920000008
950180000008
951440000008
952700000008
953960000008
955220000008
956480000008
957740000008
959000000008
960260000008
961520000008
962780000008
964040000008
965300000008
966560000008
967820000008
969080000008
970340000008
971600000008
972860000008
974120000008
975380000008
976640000008
977900000008
979160000008
980420000008
981680000008
982940000008
984200000008
985460000008
986720000008
987980000008
989240000008
990500000008
991760000008
993020000008
994280000008
995540000008
996800000008
998060000008
999320000008
1000580000008
1001840000008
1003100000008
1004360000008
1005620000008
1006880000008
1008140000008
1009400000008
1010660000008
1011920000008
1013180000008
1014440000008
1015700000008
1016960000008
1018220000008
1019480000008
1020740000008
1022000000008
1023260000008
1024520000008
1025780000008
1027040000008
1028300000008
1029560000008
1030820000008
1032080000008
1033340000008
1034600000008
1035860000008
1037120000008
1038380000008
1039640000008
1040900000008
1042160000008
1043420000008
1044680000008
1045940000008
1047200000008
1048460000008
1049720000008
1050980000008
1052240000008
1053500000008
1054760000008
1056020000008
1057280000008
1058540000008
1059800000008
1061060000008
1062320000008
1063580000008
1064840000008
1066100000008
1067360000008
1068620000008
1069880000008
1071140000008
1072400000008
1073660000008
1074920000008
1076180000008
1077440000008
1078700000008
1079960000008
1081220000008
1082480000008
1083740000008
1085000000008
1086260000008
1087520000008
1088780000008
1090040000008
1091300000008
1092560000008
1093820000008
1095080000008
1096340000008
1097600000008
1098860000008
1100120000008
1101380000008
1102640000008
1103900000008
1105160000008
1106420000008
1107680000008
1108940000008
1110200000008
1111460000008
1112720000008
1113980000008
1115240000008
1116500000008
1117760000008
1119020000008
1120280000008
1121540000008
1122800000008
1124060000008
1125320000008
1126580000008
1127840000008
1129100000008
1130360000008
1131620000008
1132880000008
1134140000008
1135400000008
1136660000008
1137920000008
1139180000008
1140440000008
1141700000008
1142960000008
1144220000008
1145480000008
1146740000008
1148000000008
1149260000008
1150520000008
1151780000008
1153040000008
1154300000008
1155560000008
1156820000008
1158080000008
1159340000008
1160600000008
1161860000008
1163120000008
1164380000008
1165640000008
1166900000008
1168160000008
1169420000008
1170680000008
1171940000008
1173200000008
1174460000008
1175720000008
1176980000008
1178240000008
1179500000008
1180760000008
1182020000008
1183280000008
1184540000008
1185800000008
1187060000008
1188320000008
1189580000008
1190840000008
1192100000008
1193360000008
1194620000008
1195880000008
1197140000008
1198400000008
1199660000008
1200920000008
1202180000008
1203440000008
1204700000008
1205960000008
1207220000008
1208480000008
1209740000008
1211000000008
1212260000008
1213520000008
1214780000008
1216040000008
1217300000008
1218560000008
1219820000008
1221080000008
1222340000008
1223600000008
1224860000008
1226120000008
1227380000008
1228640000008
1229900000008
1231160000008
1232420000008
1233680000008
1234940000008
1236200000008
1237460000008
1238720000008
1239980000008
1241240000008
1242500000008
1243760000008
1245020000008
1246280000008
1247540000008
1248800000008
1250060000008
1251320000008
1252580000008
1253840000008
1255100000008
1256360000008
1257620000008
1258880000008
1260140000008
1261400000008
1262660000008
1263920000008
1265180000008
1266440000008
1267700000008
1268960000008
1270220000008
1271480000008
1272740000008
1274000000008
1275260000008
1276520000008
1277780000008
1279040000008
1280300000008
1281560000008
1282820000008
1284080000008
1285340000008
1286600000008
1287860000008
1289120000008
1290380000008
1291640000008
1292900000008
1294160000008
1295420000008
1296680000008
1297940000008
1299200000008
1300460000008
1301720000008
1302980000008
1304240000008
1305500000008
1306760000008
1308020000008
1309280000008
1310540000008
1311800000008
1313060000008
1314320000008
1315580000008
1316840000008
1318100000008
1319360000008
1320620000008
1321880000008
1323140000008
1324400000008
1325660000008
1326920000008
1328180000008
1329440000008
1330700000008
1331960000008
1333220000008
1334480000008
1335740000008
1337000000008
1338260000008
1339520000008
1340780000008
1342040000008
1343300000008
1344560000008
1345820000008
1347080000008
1348340000008
1349600000008
1350860000008
1352120000008
1353380000008
1354640000008
1355900000008
1357160000008
1358420000008
1359680000008
1360940000008
1362200000008
1363460000008
1364720000008
1365980000008
1367240000008
1368500000008
1369760000008
1371020000008
1372280000008
1373540000008
1374800000008
1376060000008
1377320000008
1378580000008
1379840000008
1381100000008
1382360000008
1383620000008
1384880000008
1386140000008
1387400000008
1388660000008
1389920000008
1391180000008
1392440000008
1393700000008
1394960000008
1396220000008
1397480000008
1398740000008
