1000
5 8
3 3 3 3 3 
7 3
13 10 2 3 8 6 5 
7 30
1 7 8 2 12 9 13 
3 17
6 3 14 
16 7
15 13 13 4 15 13 14 2 2 8 10 4 7 15 15 8 
5 10
3 8 3 8 3 
17 73
4 3 6 2 2 1 1 15 13 12 6 2 10 14 3 10 1 
6 16
15 13 15 15 4 6 
9 61
7 9 9 10 4 12 15 5 13 
17 75
4 5 8 2 7 10 15 1 11 15 14 3 7 3 3 13 13 
17 80
2 6 12 2 1 15 5 15 11 10 7 8 13 12 7 6 10 
8 33
2 3 4 7 6 2 9 15 
9 2
7 3 15 4 15 1 4 14 6 
10 1
7 9 9 11 12 7 2 6 15 14 
9 19
2 6 14 11 15 5 10 5 3 
4 9
7 3 11 10 
13 15
12 3 14 6 3 10 2 9 11 15 8 1 14 
9 5
4 7 4 10 12 5 14 14 9 
7 38
11 5 14 4 4 10 13 
17 73
15 4 1 9 6 15 8 6 5 1 6 15 15 2 10 3 13 
18 99
13 1 5 9 12 3 4 15 4 2 9 11 8 12 11 1 2 2 
19 160
6 1 12 5 7 13 6 9 2 13 9 15 13 13 15 1 7 3 15 
11 46
9 12 4 12 7 11 14 15 11 4 5 
20 79
2 10 4 14 4 6 11 12 12 15 1 11 15 7 13 7 8 1 7 5 
8 16
3 14 8 10 10 12 6 13 
7 18
7 14 13 2 11 15 5 
5 19
5 2 6 3 6 
8 41
6 10 14 1 5 8 15 12 
11 72
15 8 13 3 6 11 1 3 5 11 3 
14 126
9 6 10 6 15 7 10 2 13 11 15 5 15 15 
17 35
1 11 11 8 15 5 14 11 12 8 15 14 2 15 7 10 5 
3 16
12 15 2 
9 3
4 5 8 4 4 4 7 4 14 
4 15
14 14 9 1 
8 53
7 9 10 6 7 4 3 15 
4 23
14 4 3 9 
7 17
1 3 2 11 9 13 10 
1 7
15 
1 9
15 
8 48
6 9 2 3 15 13 5 14 
3 6
4 4 6 
8 13
4 5 12 6 15 5 3 1 
5 30
15 5 10 6 5 
16 122
13 11 14 12 15 10 3 14 13 6 9 10 10 11 13 6 
10 49
12 3 12 13 1 13 4 12 7 10 
6 27
12 13 3 10 1 2 
18 52
15 9 1 9 3 2 11 7 7 10 2 3 4 5 7 11 3 11 
1 2
12 
18 126
8 3 2 10 11 3 6 13 10 6 5 10 15 6 12 6 4 13 
19 103
2 11 5 12 13 7 11 5 3 1 5 3 4 6 4 14 9 9 3 
4 22
8 4 13 5 
10 54
1 5 9 14 6 4 10 9 8 2 
19 6
11 5 8 5 15 14 8 5 14 8 7 8 13 6 3 2 3 1 12 
15 22
12 8 2 7 2 3 6 10 6 9 6 2 2 2 8 
20 143
12 5 9 11 4 7 1 13 8 10 13 11 12 10 7 4 3 5 13 5 
12 28
3 11 12 11 4 6 4 10 15 7 6 15 
16 95
6 10 5 14 4 9 1 8 3 8 3 6 4 15 2 14 
14 51
9 10 15 4 15 3 13 6 9 10 6 3 10 3 
16 23
8 7 14 9 14 9 1 2 6 4 8 7 9 6 11 9 
5 6
12 7 4 1 5 
5 14
2 6 11 4 9 
7 52
1 15 5 6 8 12 14 
17 85
7 11 1 12 6 1 4 7 13 3 2 5 7 6 15 8 3 
1 1
4 
19 148
11 9 3 1 1 14 15 5 13 13 15 13 1 13 5 5 4 9 7 
19 99
5 3 13 4 12 14 14 15 8 13 10 1 7 3 1 13 2 12 10 
2 6
14 14 
8 49
10 4 12 8 1 10 4 10 
12 92
7 4 6 13 12 10 15 12 1 2 5 5 
1 2
14 
14 96
12 5 4 15 7 8 3 14 8 12 3 3 2 1 
20 77
6 5 1 7 4 13 15 12 2 4 6 9 3 12 13 6 2 1 5 8 
12 29
13 8 10 7 2 11 8 9 1 5 13 8 
17 40
5 3 5 13 13 3 7 7 14 11 13 7 11 2 6 11 1 
15 85
2 2 11 13 1 4 5 6 1 12 1 9 9 3 14 
2 5
1 11 
6 26
6 11 13 9 4 3 
11 99
13 13 13 7 15 2 7 10 6 4 10 
9 33
11 9 13 1 7 5 8 2 3 
20 14
13 2 8 8 12 11 4 9 15 1 7 6 2 14 15 14 9 9 14 13 
13 5
10 11 6 6 3 14 8 8 13 12 9 5 5 
2 7
15 6 
15 28
12 3 8 2 2 13 11 3 3 15 13 10 9 1 7 
5 18
6 14 2 3 3 
20 27
14 7 6 13 12 11 12 1 13 11 2 15 8 12 9 2 3 6 12 4 
5 32
10 8 15 15 1 
2 6
3 9 
17 114
6 12 5 1 15 5 6 10 7 12 9 10 5 11 13 2 14 
10 32
15 2 14 15 1 14 1 3 9 9 
10 59
6 6 14 14 12 11 4 14 2 7 
18 51
11 1 7 12 6 14 11 6 15 1 5 8 15 5 10 15 5 10 
12 65
7 14 15 4 9 10 2 2 1 7 12 3 
13 54
15 13 9 2 3 15 3 14 7 9 3 8 8 
18 32
8 1 9 13 7 4 7 9 12 15 1 4 11 4 11 6 10 15 
1 2
3 
20 104
1 12 13 11 11 12 9 5 11 9 14 9 8 9 7 1 6 6 1 9 
19 72
11 7 13 10 12 1 4 1 5 5 4 10 7 15 13 15 11 9 1 
4 12
8 10 15 15 
12 10
15 15 13 11 2 11 15 11 7 7 7 15 
8 22
3 13 9 9 10 8 5 10 
20 62
10 14 14 9 13 5 6 5 4 10 15 5 6 6 8 4 5 6 3 8 
3 9
5 1 6 
5 15
2 8 15 14 2 
2 6
3 11 
20 138
7 4 9 13 1 6 3 8 10 7 5 12 14 12 9 10 12 7 8 3 
5 13
2 6 1 7 10 
4 33
3 9 15 13 
12 90
13 15 6 12 9 5 1 6 3 12 6 5 
2 12
12 3 
1 11
11 
13 28
2 10 13 2 4 13 1 2 15 4 14 7 10 
15 125
14 11 12 8 15 3 4 14 6 15 8 9 2 4 3 
12 42
12 9 14 1 6 6 2 13 2 15 4 11 
13 25
1 13 7 15 12 9 4 2 6 3 2 15 5 
17 12
1 8 5 9 13 5 6 11 13 3 12 5 6 14 6 1 14 
2 5
13 6 
1 12
15 
4 5
1 3 15 12 
20 98
4 1 15 9 12 5 4 2 15 7 6 5 5 11 12 3 6 10 7 3 
5 9
2 12 10 2 14 
8 44
10 15 9 2 14 9 13 10 
19 140
9 10 11 6 14 7 9 8 4 4 6 6 11 5 8 7 14 1 13 
14 16
7 13 14 8 3 7 12 13 10 3 6 4 13 3 
16 56
12 8 14 15 5 12 2 10 4 1 15 4 13 14 9 11 
2 2
10 6 
1 2
3 
10 57
15 9 5 10 2 15 6 1 6 12 
7 56
13 7 5 5 13 15 2 
16 33
4 14 7 13 4 12 11 13 2 10 4 11 14 13 12 6 
5 5
11 6 2 4 11 
20 34
15 12 14 9 8 14 12 13 13 10 8 1 5 5 2 6 15 12 5 13 
12 96
7 12 4 13 13 7 8 12 6 14 15 11 
14 100
10 4 11 14 13 3 6 2 14 7 7 6 11 3 
13 96
11 1 14 14 5 11 5 4 14 10 3 5 6 
19 17
7 12 14 12 1 9 2 9 14 15 8 11 10 10 5 12 13 13 2 
12 20
4 8 13 2 9 15 7 6 15 2 12 4 
15 36
4 15 8 13 6 8 5 1 9 6 13 13 10 10 14 
13 54
3 5 15 11 13 6 9 4 6 10 7 1 2 
1 5
8 
18 56
5 13 4 6 7 2 3 11 3 4 9 15 6 3 4 6 14 2 
4 5
12 8 9 3 
12 100
1 4 9 14 3 14 11 14 11 9 7 5 
4 27
8 5 9 13 
4 1
10 12 5 13 
13 25
5 11 3 5 12 10 15 12 8 9 2 4 7 
19 110
5 8 15 6 7 11 6 12 9 9 6 6 6 3 8 13 15 3 15 
6 37
10 3 9 2 11 11 
15 58
14 8 6 14 7 11 5 9 1 8 2 10 14 14 7 
11 70
4 7 15 4 2 12 5 4 6 6 7 
10 47
8 6 2 13 4 15 1 1 8 8 
9 20
2 13 8 15 13 5 4 4 5 
11 6
1 3 1 13 15 14 13 9 6 11 2 
9 42
1 11 6 15 3 6 9 12 10 
11 68
7 4 6 11 15 4 8 8 6 8 5 
9 1
10 6 4 5 8 6 10 8 8 
18 135
11 13 8 14 7 7 1 6 10 7 8 2 10 15 9 8 14 13 
9 22
7 3 8 11 10 5 6 10 13 
4 22
15 2 1 13 
14 109
5 5 15 11 12 1 13 3 9 5 9 7 2 12 
11 7
11 1 13 1 13 7 5 2 15 4 3 
16 119
2 12 5 14 11 8 2 12 5 12 5 9 12 3 2 15 
17 134
11 15 1 3 12 7 14 13 13 2 7 11 9 8 7 5 13 
17 35
15 6 8 11 10 1 7 13 9 6 12 6 8 11 13 2 7 
10 42
11 9 1 2 12 1 1 3 6 14 
17 116
5 2 10 15 4 2 13 8 11 3 4 8 3 14 5 11 12 
1 4
7 
8 37
15 13 4 15 15 9 5 4 
4 14
12 11 15 15 
17 79
7 15 7 10 14 1 15 10 11 11 11 6 2 12 1 8 9 
5 16
15 4 4 10 5 
12 30
8 11 13 12 8 5 3 6 6 1 6 13 
8 7
8 12 14 2 8 6 9 8 
8 61
15 12 4 9 1 15 15 8 
8 48
11 2 9 13 14 6 5 11 
12 52
4 3 3 9 4 3 14 4 2 7 12 1 
2 12
10 2 
11 72
10 15 5 12 9 13 10 7 11 14 10 
5 51
13 7 15 6 10 
4 6
14 10 2 2 
6 26
15 12 12 5 12 13 
7 21
10 4 6 11 3 1 9 
16 46
6 1 12 12 13 14 5 1 4 6 9 12 1 4 11 12 
5 28
1 12 2 9 6 
9 5
1 7 7 1 10 12 13 10 15 
2 4
5 5 
13 10
11 7 4 3 2 6 7 15 12 14 11 14 7 
16 4
5 15 2 11 1 11 14 5 12 6 6 10 10 2 8 10 
11 6
5 7 7 11 5 6 14 3 9 12 9 
14 73
5 1 7 8 8 9 6 4 5 3 9 14 5 3 
16 86
6 3 10 4 1 12 8 7 11 2 7 14 10 7 13 7 
11 13
14 13 5 11 2 1 14 2 7 3 4 
3 10
2 14 9 
4 27
6 5 12 8 
8 10
13 15 2 10 6 15 13 4 
7 27
14 6 9 12 7 15 6 
6 22
5 4 9 14 15 14 
11 1
11 10 9 5 7 8 6 9 13 6 6 
10 83
14 6 15 7 3 13 7 15 15 9 
10 27
9 10 10 7 5 12 9 6 5 14 
4 10
4 5 1 1 
18 58
2 15 14 8 7 8 6 5 14 5 5 3 15 13 4 1 11 15 
20 53
5 2 10 9 12 5 13 13 13 7 12 14 6 2 7 4 1 12 15 15 
16 19
9 14 8 13 14 11 4 3 15 9 11 1 2 7 5 6 
4 34
12 8 8 10 
6 3
5 2 9 12 8 1 
6 27
7 15 5 5 2 9 
11 45
9 2 8 10 9 4 7 4 13 11 3 
20 119
4 2 1 12 10 12 4 2 4 11 8 10 8 5 11 8 3 3 1 12 
12 89
5 5 15 15 2 10 10 13 6 13 14 7 
20 57
3 4 2 13 14 1 14 6 5 1 5 8 10 5 11 11 13 7 1 13 
7 26
14 7 15 5 4 5 11 
5 48
5 14 13 10 13 
8 63
10 10 9 15 9 10 11 4 
16 89
10 6 5 7 14 3 14 13 7 9 10 9 5 14 14 3 
8 27
7 15 7 9 1 7 15 9 
7 27
12 7 2 13 4 13 5 
6 58
10 15 14 3 9 8 
9 45
13 2 1 5 15 7 3 8 8 
7 35
1 3 9 5 9 2 9 
10 85
13 13 7 14 4 5 9 4 12 7 
1 9
15 
15 38
15 8 15 7 15 1 6 15 3 6 11 3 7 5 14 
4 12
3 4 8 14 
1 6
9 
7 11
10 13 7 10 9 13 2 
4 17
1 8 1 8 
11 62
3 4 13 7 9 10 8 12 14 15 2 
20 124
2 10 13 11 7 11 6 8 8 7 7 4 8 15 4 7 1 10 9 12 
18 107
5 15 15 8 5 14 9 3 5 11 5 9 13 3 5 3 10 12 
2 8
7 9 
11 36
15 15 12 15 11 2 7 1 8 13 8 
18 39
9 7 7 11 11 8 8 14 12 11 8 15 4 1 7 4 8 9 
18 33
12 9 10 5 8 10 12 5 10 9 15 3 1 13 13 3 5 5 
16 121
7 1 1 10 1 14 13 1 14 7 15 10 8 9 6 15 
12 52
11 13 3 10 15 10 8 4 12 12 8 13 
17 123
5 12 1 5 10 6 12 8 4 11 9 11 5 14 10 15 7 
4 5
9 7 3 3 
8 24
7 3 5 4 7 3 15 3 
16 33
4 1 8 3 4 3 3 15 14 8 1 13 14 13 1 8 
5 15
2 2 7 8 4 
18 99
2 6 2 11 8 5 6 8 12 15 4 14 2 10 5 9 10 2 
10 45
3 14 11 12 15 4 11 15 15 14 
6 21
11 3 4 4 7 9 
8 47
1 6 8 2 7 12 3 9 
17 150
8 8 15 10 11 6 13 13 12 12 3 6 5 14 8 8 9 
3 22
3 8 15 
15 33
2 7 4 11 15 9 4 14 1 3 15 3 15 13 1 
16 22
3 2 5 8 1 4 8 14 4 11 6 3 11 12 11 2 
16 68
9 15 9 14 7 3 14 2 3 11 2 6 11 11 14 8 
19 15
3 11 12 6 6 9 1 8 12 11 2 4 9 10 10 9 8 9 12 
20 166
6 8 11 3 11 6 1 10 1 14 12 12 10 10 9 10 10 2 13 12 
18 108
5 4 3 14 3 11 2 1 5 7 15 7 9 10 12 9 11 5 
8 46
1 8 9 1 9 3 9 6 
3 13
14 11 13 
6 43
8 10 2 8 14 15 
20 72
15 9 8 8 4 12 6 3 4 5 11 12 5 5 12 2 11 15 7 13 
9 19
13 11 8 6 3 13 5 2 9 
12 81
9 3 12 12 15 15 8 11 2 4 7 14 
13 32
1 6 15 5 10 5 2 5 5 14 15 2 3 
18 42
13 2 11 7 5 7 6 4 6 8 13 9 14 3 1 13 10 13 
19 133
7 9 15 4 13 13 3 6 7 10 8 11 3 10 2 7 9 14 3 
6 54
15 8 11 9 15 8 
2 4
12 1 
5 27
7 14 2 11 1 
9 28
10 7 4 12 1 5 3 9 10 
13 58
7 3 7 2 11 6 1 5 9 12 5 4 8 
17 102
9 13 9 8 6 10 14 1 13 6 12 1 15 6 4 14 4 
20 81
5 2 2 13 7 10 1 3 6 9 6 7 2 10 8 1 1 2 14 8 
10 29
5 7 11 2 10 9 6 1 5 2 
6 35
14 1 7 15 10 12 
10 18
11 1 10 3 2 2 4 7 9 10 
10 60
1 5 7 3 13 12 3 2 13 12 
17 46
4 6 3 14 2 2 5 12 2 14 6 10 7 2 2 8 11 
7 41
4 1 3 6 5 14 8 
19 35
12 12 7 7 2 9 5 11 10 2 14 3 7 5 13 14 6 6 6 
13 73
9 11 8 4 1 5 9 1 3 12 4 14 3 
3 7
3 7 3 
8 71
8 7 14 12 11 4 9 8 
19 171
15 10 4 15 13 12 4 13 4 6 10 14 4 12 15 3 7 6 5 
15 41
13 1 11 1 11 14 2 3 7 10 10 1 5 9 5 
14 35
2 3 9 3 1 4 7 8 7 13 5 3 7 10 
20 164
12 15 10 10 1 5 1 2 6 8 13 14 4 13 9 13 7 2 7 15 
13 77
7 10 2 11 13 9 12 11 8 8 10 9 10 
5 5
2 3 10 2 8 
20 6
12 8 9 3 1 8 2 13 5 8 7 7 4 11 7 7 7 6 15 1 
19 74
3 11 10 12 12 11 11 12 8 7 11 8 10 12 15 3 1 12 11 
5 33
6 10 1 12 8 
8 19
8 3 11 2 5 6 6 2 
11 110
13 15 15 15 15 1 11 14 3 11 10 
15 48
4 10 11 11 14 3 8 1 2 3 12 4 7 9 1 
18 114
8 12 15 7 12 14 7 14 4 2 2 14 6 3 9 8 13 12 
17 98
4 6 8 13 9 3 5 9 3 4 9 11 8 8 9 4 13 
14 16
1 9 10 6 14 12 7 6 1 3 3 7 13 1 
16 111
9 9 15 10 4 10 3 6 2 2 6 12 14 13 6 14 
7 4
12 12 4 3 9 11 5 
10 27
2 4 1 12 4 1 3 5 11 13 
11 31
6 8 14 3 13 11 8 12 9 14 8 
4 24
10 12 5 6 
19 47
7 3 6 4 14 6 13 3 9 10 2 1 1 1 14 10 14 10 2 
15 3
7 1 6 8 2 2 4 7 2 9 13 11 14 8 9 
16 46
12 4 7 13 12 14 13 10 8 3 4 9 4 13 8 4 
7 6
5 12 10 11 5 3 1 
8 27
8 1 10 5 12 6 12 1 
5 24
5 11 3 8 7 
1 2
11 
12 45
6 8 11 9 2 14 13 11 14 12 10 13 
7 60
3 15 2 14 7 10 15 
2 10
2 11 
12 94
13 6 13 4 11 6 7 11 14 12 8 2 
1 2
3 
10 63
14 1 14 7 6 13 8 13 1 5 
1 10
14 
15 10
4 15 11 6 12 9 1 2 5 15 3 6 11 13 4 
8 22
12 15 10 9 4 9 6 4 
2 7
6 12 
13 20
7 4 8 13 15 1 5 2 5 5 11 10 7 
10 3
1 11 1 7 12 2 11 5 7 6 
5 22
4 6 8 1 12 
8 48
1 3 15 6 4 4 2 14 
8 18
7 9 15 9 2 13 5 3 
9 19
1 6 3 3 1 8 2 1 12 
13 83
12 6 14 9 1 2 10 15 13 9 13 13 8 
19 77
13 2 8 12 2 1 9 5 3 9 4 11 1 15 14 15 4 5 13 
5 24
6 14 11 3 7 
6 35
7 12 6 11 5 6 
17 89
13 8 3 7 8 6 2 9 13 15 8 1 11 6 4 8 11 
5 31
6 1 10 6 14 
8 42
9 3 8 15 9 12 14 11 
2 1
8 4 
2 4
11 14 
11 24
11 8 5 7 1 15 4 8 1 1 6 
3 10
14 15 3 
18 26
14 4 10 2 2 10 5 8 6 15 7 2 13 9 9 2 7 1 
10 27
9 8 10 6 6 13 5 5 7 10 
5 30
5 6 6 7 7 
9 78
13 9 12 14 6 6 14 15 12 
12 29
7 6 15 1 12 12 5 8 1 11 2 12 
1 8
10 
4 12
1 7 3 5 
11 52
3 13 11 8 4 15 6 3 6 11 2 
19 137
5 10 6 12 5 7 9 12 5 10 2 8 10 8 2 15 15 8 9 
10 55
9 15 9 14 2 6 1 10 11 15 
5 28
5 11 9 4 11 
15 42
5 14 14 14 13 1 5 5 15 14 9 9 14 8 10 
7 6
15 4 11 10 3 10 14 
10 76
15 3 15 12 9 11 2 7 9 14 
16 141
3 13 11 3 14 9 3 8 12 4 14 15 6 9 3 15 
14 72
11 5 3 2 8 11 12 9 2 13 15 1 3 9 
13 44
4 3 6 6 10 2 1 1 8 6 9 2 13 
20 106
8 11 12 10 3 14 13 4 8 10 10 15 12 10 4 1 13 14 6 10 
19 31
10 15 14 8 15 15 5 14 10 4 9 13 5 3 4 3 6 11 4 
5 10
8 2 5 8 14 
1 1
1 
11 48
2 2 9 9 2 9 5 7 10 9 7 
18 104
1 2 15 14 4 4 5 5 3 6 10 10 12 4 15 12 13 3 
15 4
11 14 8 11 10 6 5 3 4 11 1 4 12 7 2 
17 52
7 12 4 4 13 6 15 2 12 3 14 14 15 5 10 5 4 
4 7
9 9 2 12 
19 21
8 7 7 9 14 9 7 11 4 11 8 9 2 1 6 12 15 4 11 
5 32
15 15 9 13 8 
6 2
12 5 14 4 11 13 
17 17
6 11 4 9 6 3 10 7 4 15 3 10 10 5 5 7 4 
10 50
9 11 8 14 7 12 5 2 14 2 
12 31
14 15 10 14 12 13 15 4 1 14 13 2 
10 51
13 14 13 9 5 13 4 12 4 2 
13 13
3 13 1 14 5 6 14 6 11 10 3 11 5 
11 13
10 11 1 4 1 6 8 9 10 6 12 
14 65
13 12 8 7 10 15 5 6 12 10 11 7 12 6 
13 45
7 3 2 10 10 12 10 1 12 3 2 2 6 
2 9
10 3 
1 4
12 
12 9
9 3 7 12 9 3 9 3 2 15 5 11 
1 6
7 
18 112
3 4 15 11 9 6 4 3 8 4 10 12 10 7 12 4 5 15 
9 31
8 15 15 15 11 10 15 1 9 
19 37
3 13 5 6 7 2 9 1 1 5 3 12 6 9 1 10 5 15 14 
13 63
5 9 7 15 4 6 7 4 7 12 6 5 8 
3 14
1 12 10 
8 10
12 5 13 5 5 7 9 5 
3 17
4 1 12 
7 8
7 14 6 10 6 2 7 
2 5
10 4 
8 35
13 10 5 2 15 2 6 11 
12 90
7 12 1 10 13 12 3 4 10 2 9 11 
3 16
3 7 11 
12 42
4 1 14 14 5 7 5 13 13 15 13 11 
10 12
3 8 7 7 11 2 1 4 3 12 
17 26
6 15 14 9 1 2 9 6 7 5 13 11 2 2 11 15 4 
16 17
6 9 14 12 11 15 5 14 9 1 14 12 6 13 10 6 
7 50
14 4 3 10 8 14 11 
11 54
10 12 9 10 2 9 15 6 5 15 10 
5 5
10 9 12 7 6 
2 17
11 9 
11 62
12 11 13 2 13 6 9 15 9 2 1 
5 1
1 7 6 15 1 
6 10
2 1 2 15 6 8 
3 19
8 4 13 
6 6
10 12 4 7 5 3 
11 36
10 2 8 10 8 13 1 1 13 7 9 
8 17
9 11 7 11 3 15 7 8 
17 77
2 14 7 1 3 1 15 1 11 8 8 5 8 5 6 8 10 
11 73
14 11 1 1 10 12 11 1 3 3 10 
11 44
8 5 11 3 5 3 3 7 10 2 12 
8 41
9 1 7 12 9 13 7 9 
8 7
12 15 8 6 2 3 12 13 
8 29
15 4 12 2 13 11 4 14 
12 75
12 7 5 10 3 13 7 1 13 12 1 10 
3 25
15 13 10 
7 5
4 10 1 7 14 10 12 
18 121
10 7 9 6 5 13 1 14 2 14 6 15 10 6 1 13 14 7 
10 54
2 3 3 11 10 2 1 4 13 9 
19 88
7 2 12 11 6 4 9 8 2 15 14 4 5 6 1 3 12 2 10 
14 18
12 1 5 5 1 9 9 2 1 8 8 9 4 4 
2 3
4 14 
5 35
12 10 15 9 10 
20 25
3 3 10 13 7 10 3 3 2 11 12 3 3 11 3 12 14 13 11 12 
11 76
3 11 12 13 2 12 14 2 1 2 5 
6 31
3 3 8 5 12 10 
14 76
13 3 8 1 8 5 11 11 13 11 14 15 14 3 
5 1
8 2 2 1 13 
7 14
7 13 6 12 1 1 4 
5 38
14 14 5 6 4 
17 39
8 9 7 7 14 1 14 15 8 7 8 9 5 3 15 3 8 
9 71
8 12 10 14 8 8 13 4 5 
15 87
6 7 10 4 13 8 4 3 7 12 9 15 12 5 2 
8 60
1 14 13 9 3 14 14 10 
11 31
6 3 10 15 15 1 2 4 5 9 14 
16 91
2 8 7 13 4 15 7 11 1 6 1 1 8 14 14 9 
12 50
14 14 3 6 5 4 7 8 8 15 7 7 
5 5
14 5 13 9 5 
12 88
12 1 12 12 8 2 2 9 5 10 7 10 
17 15
15 8 10 7 7 10 5 13 8 5 3 13 9 12 9 4 8 
10 60
11 8 4 12 1 4 2 11 11 11 
19 145
10 7 9 9 5 10 5 10 9 1 12 13 9 15 6 5 14 10 9 
2 7
4 5 
8 95
13 12 10 15 11 15 10 9 
10 2
13 1 6 7 10 7 11 7 15 2 
11 71
8 14 11 8 8 15 4 2 14 1 13 
6 27
8 14 2 8 14 11 
19 121
1 4 8 7 6 7 14 14 11 1 6 9 12 6 1 3 9 9 1 
1 2
15 
15 44
13 3 12 11 13 1 2 5 11 1 4 1 7 9 6 
14 93
12 3 12 9 10 14 9 4 14 10 9 5 11 6 
13 48
9 5 2 9 13 14 4 14 2 11 5 2 2 
2 2
5 1 
3 24
10 12 6 
18 127
8 14 7 3 4 1 1 4 13 2 13 10 15 1 15 8 4 5 
5 33
10 3 9 10 8 
1 1
4 
1 10
13 
1 11
12 
16 34
4 12 4 8 13 1 3 5 9 2 4 12 13 5 8 7 
13 60
8 6 5 11 1 14 11 6 8 1 2 4 8 
20 90
11 13 4 4 7 15 4 15 4 7 5 15 14 3 5 6 11 2 2 6 
2 19
8 14 
5 12
15 2 7 12 8 
6 9
12 12 14 11 15 5 
13 16
9 5 11 12 9 8 14 2 9 11 11 8 3 
6 20
2 1 15 15 4 7 
9 20
10 12 9 6 3 13 11 1 7 
8 63
10 8 3 15 10 3 10 5 
9 56
13 8 12 13 7 11 1 5 10 
20 100
6 4 5 9 9 7 1 15 14 3 1 7 5 15 8 8 1 12 2 4 
6 37
15 14 7 10 6 4 
4 13
3 2 4 14 
12 29
12 10 3 11 4 3 9 9 9 1 8 9 
1 4
4 
7 35
3 2 15 4 15 3 15 
20 8
8 3 10 2 15 7 3 2 9 13 12 9 13 5 1 5 6 4 13 1 
11 63
4 1 5 14 7 8 5 6 4 12 8 
5 16
7 4 14 9 12 
7 47
12 9 8 12 6 5 7 
11 81
5 8 1 12 4 14 10 11 4 15 7 
18 27
4 12 6 7 10 6 3 6 2 6 15 10 9 12 14 7 14 4 
13 88
4 15 1 10 9 4 5 1 2 11 15 5 7 
6 31
2 11 5 7 4 10 
10 14
10 9 4 1 14 14 3 11 10 9 
11 88
3 14 15 10 15 10 9 11 2 13 13 
20 123
2 1 4 3 14 15 12 7 3 4 6 9 6 8 10 15 3 5 9 1 
3 2
7 5 3 
8 14
15 14 7 7 7 8 2 1 
11 35
4 4 11 7 1 11 5 1 5 4 3 
19 43
11 11 6 2 7 8 4 12 14 9 3 12 8 10 13 8 7 6 12 
16 28
10 3 11 14 10 7 9 13 14 12 8 1 9 1 14 8 
10 6
7 5 13 3 12 14 8 11 6 13 
13 85
5 1 2 7 14 12 13 8 1 11 11 15 3 
20 26
1 12 11 11 10 7 15 5 10 13 12 5 3 1 11 2 5 11 11 11 
14 67
15 8 14 2 11 13 4 15 4 4 11 14 6 13 
5 17
2 6 3 13 11 
13 47
13 6 9 8 1 4 8 14 10 8 4 11 3 
16 78
9 11 9 11 2 7 8 13 11 9 4 13 13 6 2 2 
2 7
10 2 
5 34
1 12 14 15 15 
14 41
7 6 2 2 7 5 10 13 12 8 8 13 3 13 
10 49
14 12 2 5 6 10 3 3 10 14 
5 3
13 9 3 4 14 
17 70
12 1 7 9 12 6 9 9 8 6 11 14 4 7 7 15 4 
2 1
6 2 
14 50
11 4 7 6 7 12 9 10 9 9 1 2 12 13 
18 14
12 7 8 10 2 6 1 1 9 1 9 15 10 15 5 12 3 11 
6 51
14 10 11 7 10 3 
17 17
8 2 4 4 9 3 14 2 8 6 3 1 14 3 7 8 10 
19 176
12 13 13 5 12 14 7 10 9 1 10 15 8 12 10 12 12 12 2 
19 89
7 14 4 12 2 3 4 11 13 15 14 3 12 3 14 10 1 8 3 
10 67
9 9 13 3 12 1 6 13 5 9 
14 99
5 8 5 7 4 7 11 3 5 5 6 15 3 15 
3 1
10 1 12 
2 4
1 5 
16 84
10 3 5 11 6 8 15 5 4 13 8 10 15 2 7 5 
11 9
14 14 12 1 8 5 4 2 6 4 6 
4 5
8 12 1 3 
8 56
2 14 4 6 6 13 12 15 
11 19
6 1 7 4 13 14 3 2 3 5 14 
17 57
8 9 9 5 9 11 13 8 4 3 11 1 9 1 5 8 11 
10 27
12 3 1 1 2 3 9 11 7 7 
6 3
6 1 1 2 9 4 
7 8
14 9 12 7 2 4 11 
20 120
7 13 3 10 13 3 11 15 3 6 14 1 5 6 6 6 6 8 6 9 
17 99
15 7 11 6 1 14 1 8 5 7 5 7 8 9 9 10 9 
7 16
14 3 12 4 9 2 1 
19 24
2 14 6 1 12 8 6 12 13 13 12 3 11 1 9 4 2 10 13 
17 142
5 15 15 8 10 8 1 10 15 14 11 5 11 3 1 3 8 
13 78
12 1 10 8 8 10 11 9 4 15 10 8 11 
19 94
3 3 13 3 5 12 2 15 8 12 10 8 7 9 4 14 6 4 15 
14 91
9 15 12 5 14 7 12 2 7 10 4 2 14 14 
20 50
7 12 9 10 6 1 1 15 12 6 5 7 5 9 10 6 8 7 10 13 
3 22
14 11 14 
14 43
12 8 9 13 14 6 6 8 3 13 1 2 9 6 
3 3
3 6 2 
15 69
15 9 3 11 13 8 14 11 2 2 14 1 11 11 6 
18 145
14 10 5 6 12 6 3 9 13 12 7 6 11 11 6 4 5 8 
13 18
6 3 6 8 1 7 10 3 12 2 10 2 11 
4 28
14 12 2 15 
20 77
6 14 1 1 11 11 6 4 12 3 1 6 15 8 7 13 9 1 2 10 
8 45
13 2 9 3 13 2 2 13 
12 103
11 6 8 14 2 13 9 5 7 9 10 13 
13 8
11 2 1 12 4 11 6 8 12 14 10 1 15 
18 11
13 3 8 3 2 13 11 6 6 7 4 7 9 2 15 1 12 8 
18 79
3 3 5 10 6 4 5 6 10 8 3 7 10 3 2 4 7 4 
3 24
11 13 11 
9 58
10 11 2 9 4 1 12 6 5 
7 4
15 2 9 10 1 4 8 
6 15
1 6 12 5 14 1 
3 12
11 3 1 
18 154
9 13 1 9 9 14 14 6 2 5 15 10 14 15 13 14 2 10 
17 15
14 10 13 14 9 15 2 3 8 5 8 1 2 15 10 10 13 
18 11
14 4 14 1 10 5 5 8 7 15 13 5 13 8 2 3 8 9 
1 1
1 
18 5
1 2 2 2 4 7 1 3 12 12 1 4 6 5 9 5 3 15 
8 19
4 1 1 13 1 9 9 3 
4 10
5 9 2 13 
20 17
11 11 7 15 7 14 3 4 4 11 8 13 2 1 12 5 9 13 3 1 
11 37
3 6 11 14 14 12 3 8 9 14 10 
13 83
8 6 7 11 1 3 10 13 11 3 10 1 3 
18 62
3 3 5 12 8 7 10 6 3 4 6 3 2 15 10 6 15 15 
20 149
15 7 12 4 2 6 13 9 8 3 3 2 6 14 5 13 5 14 11 15 
11 65
2 11 7 3 8 6 2 12 8 8 10 
17 55
4 1 1 12 15 4 7 1 1 5 12 13 10 10 15 9 3 
12 20
5 14 5 13 4 13 1 3 6 11 13 9 
3 11
1 2 12 
3 12
4 11 13 
6 12
7 1 15 7 11 7 
5 23
12 4 4 7 9 
20 108
14 7 7 14 5 12 14 6 8 10 6 4 5 3 3 12 1 11 12 14 
15 115
13 12 6 9 1 12 9 12 6 7 3 5 12 14 1 
1 3
15 
6 38
3 15 10 13 11 2 
7 23
15 5 1 5 1 13 5 
20 69
13 11 15 11 5 4 14 3 11 15 6 11 3 6 13 9 8 2 4 9 
3 8
1 5 10 
18 89
8 1 5 2 13 8 8 15 12 4 13 7 14 12 12 1 6 9 
9 10
1 15 3 2 1 12 2 12 6 
19 100
13 13 6 6 10 13 14 9 1 2 6 7 7 9 3 8 15 12 13 
9 73
4 14 5 11 10 13 8 1 10 
5 25
7 13 11 8 2 
3 1
3 2 5 
15 71
14 4 7 5 7 11 9 2 15 8 14 2 9 11 9 
6 33
2 14 12 6 9 5 
14 4
4 2 10 9 2 1 7 12 15 11 10 10 11 4 
10 7
2 3 4 4 3 4 9 11 2 13 
2 5
9 1 
2 10
9 11 
17 60
4 11 6 3 13 7 12 1 10 5 2 3 14 5 7 1 1 
2 2
2 4 
11 56
12 12 12 9 12 15 5 5 3 8 10 
7 37
9 8 12 10 4 14 13 
5 16
4 3 10 10 6 
11 10
2 6 2 5 2 2 8 8 7 12 2 
9 26
13 2 7 6 6 8 1 11 5 
5 19
15 12 7 2 2 
2 6
10 7 
14 94
15 2 6 8 15 9 9 5 7 7 13 5 4 3 
4 21
13 9 13 3 
9 14
1 2 10 2 8 11 15 7 9 
20 44
6 13 6 15 7 2 13 5 15 3 15 2 7 3 7 15 8 1 8 1 
9 17
3 9 8 13 8 7 14 13 13 
6 32
4 10 9 12 15 13 
12 80
12 5 15 6 11 14 13 11 14 14 3 14 
6 9
7 5 10 5 10 7 
6 25
2 5 15 10 2 14 
14 106
7 10 15 6 8 10 12 12 12 10 2 14 8 9 
11 61
14 10 10 8 2 12 13 3 8 5 5 
5 9
3 12 9 13 11 
17 92
6 2 8 9 3 10 15 11 3 15 8 8 2 3 8 3 14 
2 11
13 1 
9 45
3 11 10 11 8 5 1 11 2 
8 60
3 12 12 2 14 15 8 7 
14 101
1 14 11 6 11 15 3 3 7 8 5 2 9 15 
1 5
8 
7 1
2 14 1 5 2 2 4 
15 75
2 15 3 9 5 6 14 7 12 1 10 3 1 14 12 
1 11
12 
10 21
15 13 6 5 13 2 6 15 12 7 
15 39
13 10 13 2 15 11 1 11 4 10 6 4 15 2 4 
13 75
3 1 4 7 13 8 4 7 14 10 3 12 2 
14 42
12 5 2 11 8 2 14 3 3 4 6 10 5 1 
19 38
10 14 13 1 3 12 5 9 10 6 4 6 8 11 6 4 7 8 6 
6 30
4 8 11 14 5 12 
16 18
9 4 15 14 8 1 2 4 12 2 14 9 5 11 1 7 
16 61
6 1 2 11 8 12 4 3 11 15 6 13 5 15 8 12 
10 32
4 6 4 15 8 9 8 4 4 1 
20 131
11 8 5 12 3 13 9 13 7 11 5 13 8 9 4 8 12 1 7 15 
12 107
14 13 10 14 8 14 6 10 10 1 2 7 
7 13
4 5 9 2 15 5 6 
14 57
9 6 10 2 5 2 15 6 15 4 1 5 11 6 
1 3
15 
12 57
6 7 3 1 3 4 10 2 8 15 7 13 
3 4
15 2 9 
13 89
14 7 11 6 4 13 11 5 3 11 7 2 8 
16 9
9 7 6 3 15 6 9 7 10 9 11 9 10 4 1 2 
20 49
4 15 10 9 10 14 11 12 6 4 5 2 7 5 9 12 14 15 9 14 
4 27
8 8 4 9 
2 11
3 12 
1 8
11 
4 10
12 10 2 1 
17 8
5 2 3 1 2 7 6 1 15 4 14 3 11 13 7 5 1 
7 1
4 5 4 6 1 10 2 
8 53
9 2 14 13 10 2 5 3 
15 61
3 7 14 8 2 9 6 15 5 13 9 3 1 13 7 
15 77
8 14 14 10 8 7 8 12 1 1 2 10 15 3 13 
11 8
12 15 2 9 6 13 6 14 1 6 3 
13 25
7 6 9 12 7 8 11 6 11 3 7 4 13 
12 37
2 11 14 13 2 15 7 7 5 12 5 5 
7 29
10 4 5 15 4 9 6 
9 77
11 14 13 9 2 10 7 8 11 
19 15
9 4 5 7 10 9 3 7 13 4 5 14 15 2 13 3 2 10 6 
13 47
4 9 13 5 4 4 5 14 13 10 14 8 14 
4 22
8 15 7 12 
7 17
11 9 5 15 12 6 2 
17 67
14 12 10 3 8 13 14 12 4 11 6 2 10 12 14 3 4 
7 29
7 14 13 2 8 2 9 
12 36
10 12 8 15 15 9 2 7 7 15 11 2 
8 18
10 3 4 8 13 14 12 14 
16 75
3 14 10 4 7 5 2 1 1 1 7 7 9 9 13 7 
20 35
8 9 8 3 3 3 10 15 2 14 13 14 1 15 12 10 10 4 14 3 
11 6
3 3 12 12 3 1 10 9 1 3 9 
20 71
12 2 6 11 10 11 1 8 11 7 5 5 9 15 3 11 2 15 14 11 
12 49
13 12 11 14 4 5 7 3 1 3 4 14 
9 80
9 13 13 12 4 2 8 12 8 
5 15
10 2 13 5 13 
10 43
1 8 8 4 13 6 6 5 1 1 
18 101
6 4 10 4 15 5 12 7 9 5 9 8 6 11 12 2 15 2 
15 35
1 10 10 13 1 15 10 8 7 12 5 13 15 14 8 
5 7
11 13 3 15 13 
12 53
8 13 14 7 6 1 13 7 11 7 11 3 
15 54
10 5 2 6 9 8 4 8 14 5 3 3 8 10 15 
16 76
15 7 11 13 4 12 11 10 14 9 6 1 7 2 2 3 
7 3
3 3 2 10 8 6 12 
10 78
13 1 14 11 15 12 6 13 7 9 
12 93
7 8 14 14 14 15 7 8 10 5 10 4 
14 43
11 4 8 12 15 12 12 13 7 12 1 5 1 8 
5 10
1 12 7 6 2 
10 57
1 12 6 5 7 1 3 2 11 13 
14 127
12 13 11 2 4 14 9 15 14 8 5 13 15 1 
5 11
9 15 2 9 12 
11 22
3 8 15 11 10 12 12 9 15 9 4 
9 4
9 2 4 7 9 15 11 9 15 
3 6
15 13 6 
6 41
13 13 10 12 12 5 
5 7
8 6 14 1 1 
7 33
9 8 7 15 8 6 2 
17 31
15 13 3 4 3 3 4 15 15 13 3 11 9 9 2 2 6 
14 10
7 7 5 15 6 3 7 5 8 8 13 11 14 10 
7 40
12 1 5 4 8 9 6 
15 5
6 12 11 12 12 4 3 10 1 9 7 3 15 11 3 
18 21
13 6 9 11 8 13 4 4 1 11 5 13 5 14 11 8 1 14 
6 34
1 12 11 1 3 6 
1 5
8 
18 54
12 5 14 15 4 11 3 15 11 5 4 15 1 9 10 9 9 8 
9 6
15 1 7 1 3 12 1 15 11 
5 23
14 4 3 13 15 
12 50
14 15 11 2 6 12 2 1 5 10 15 15 
15 123
15 11 7 10 14 14 9 1 13 13 15 8 7 4 7 
11 43
5 10 6 13 1 9 14 1 13 8 7 
5 21
6 4 15 4 13 
7 11
14 6 6 3 12 14 10 
7 40
5 11 2 15 8 6 15 
15 18
7 6 4 13 10 8 11 14 15 14 3 12 8 8 9 
11 58
6 3 5 6 15 9 8 8 15 15 13 
13 89
9 12 14 13 2 8 12 12 6 3 2 1 6 
13 97
15 14 3 5 1 14 2 15 8 9 7 7 15 
13 1
8 5 9 6 9 2 13 13 13 11 7 7 11 
12 32
3 12 5 6 8 6 11 9 12 3 2 11 
11 38
7 6 15 11 6 5 12 8 10 9 12 
10 41
3 15 12 2 9 15 6 6 7 3 
5 26
7 11 8 2 12 
8 15
9 15 10 15 12 13 7 6 
3 7
10 13 13 
19 103
14 1 1 11 7 7 6 15 14 12 10 6 13 14 13 12 7 5 13 
16 13
11 4 6 8 14 7 5 11 14 6 1 14 6 11 12 4 
8 46
2 4 5 15 8 3 12 11 
11 79
9 14 1 11 2 13 10 7 4 15 9 
12 72
9 15 9 12 3 12 4 6 14 8 10 13 
19 32
9 3 4 2 3 9 2 5 3 7 14 9 10 5 3 11 8 11 10 
14 90
4 13 3 1 11 2 10 15 8 5 8 2 9 1 
7 57
3 15 11 9 6 5 10 
17 32
12 10 9 13 10 15 2 7 2 2 9 10 4 8 9 8 8 
3 12
8 6 2 
13 7
12 10 3 1 12 4 14 8 13 15 6 8 14 
11 86
7 15 15 8 3 7 1 11 14 3 10 
16 20
11 8 13 8 10 15 15 6 10 14 13 15 5 3 7 10 
14 46
1 1 3 8 10 2 15 12 15 3 7 13 3 2 
15 86
1 7 6 1 12 7 6 9 6 10 4 4 4 11 8 
13 10
10 10 5 3 9 1 3 11 7 7 13 1 4 
16 89
10 1 8 6 8 5 7 13 14 2 2 9 12 9 11 7 
20 48
11 13 6 11 7 1 10 13 6 2 9 1 9 3 2 2 9 9 6 7 
12 55
8 14 12 11 14 15 2 9 11 4 13 1 
4 2
9 1 8 6 
16 123
6 10 11 14 3 11 14 1 2 12 4 1 10 15 11 9 
5 11
9 2 15 6 2 
1 6
10 
5 12
7 14 1 13 1 
18 135
3 13 2 3 14 13 6 14 7 13 1 7 3 12 15 4 12 12 
17 125
12 14 15 12 6 13 4 10 5 6 12 8 10 13 2 8 10 
13 28
9 4 13 15 13 10 15 9 13 11 6 14 15 
10 52
3 9 10 13 3 14 10 7 13 4 
15 23
11 6 6 15 14 1 12 5 13 13 11 6 10 7 3 
18 13
7 5 15 7 14 4 2 5 13 8 2 1 3 8 3 8 13 2 
5 3
5 3 10 10 5 
9 9
11 3 11 15 1 8 6 7 13 
8 33
2 6 7 4 13 10 11 15 
16 31
8 14 5 13 1 6 7 12 6 2 8 15 5 14 15 12 
13 65
1 13 6 3 11 4 6 8 13 8 15 7 8 
10 14
5 3 12 10 9 8 7 3 7 13 
6 28
12 2 2 2 2 14 
14 16
9 2 1 2 15 1 8 13 15 6 9 4 9 12 
14 60
11 4 3 3 2 1 15 5 2 1 13 11 6 11 
5 45
13 7 8 12 7 
1 6
6 
19 127
2 12 12 14 6 7 9 15 1 2 1 15 14 9 7 11 11 5 7 
9 56
4 15 3 7 13 1 14 10 12 
6 5
1 10 1 6 1 2 
17 128
3 12 8 1 13 7 4 8 11 10 1 6 5 15 8 11 12 
19 90
7 11 14 9 11 8 2 8 8 3 5 1 12 1 1 13 5 7 1 
7 20
2 5 7 6 5 6 8 
15 53
8 14 15 6 15 3 13 1 10 12 3 14 13 6 7 
10 67
3 11 2 7 12 3 12 10 8 8 
15 85
15 4 7 14 10 4 5 12 1 5 14 13 14 12 2 
5 22
6 14 13 1 15 
2 14
10 7 
14 77
14 12 9 14 15 7 4 9 11 8 13 3 4 11 
12 15
14 8 12 9 13 2 13 13 2 1 1 3 
8 61
11 13 9 11 3 15 3 13 
5 13
5 13 14 15 15 
11 21
13 13 5 13 3 6 10 7 14 3 8 
2 9
12 12 
3 11
7 9 4 
11 18
4 12 3 8 11 2 7 1 10 12 13 
4 9
7 4 11 14 
8 49
13 3 14 1 14 4 13 13 
7 56
13 10 12 10 4 5 5 
8 31
12 14 14 1 12 15 8 8 
6 13
10 7 3 4 12 3 
2 11
8 7 
6 3
11 12 12 5 15 1 
9 66
11 12 10 9 13 13 8 12 5 
12 4
6 15 11 2 3 5 11 10 4 9 5 4 
3 2
1 1 7 
13 70
2 3 12 3 12 1 1 11 12 5 5 13 3 
5 15
4 14 11 14 8 
4 27
4 3 9 11 
16 55
9 11 9 2 13 5 5 1 12 5 4 8 1 8 12 3 
6 46
13 8 6 3 15 5 
20 102
15 2 12 2 2 5 4 10 7 9 6 3 1 2 7 4 1 14 3 12 
13 55
14 6 5 5 9 12 1 1 6 7 2 3 1 
4 23
4 5 12 4 
19 57
5 11 12 8 12 11 11 15 4 8 14 1 4 10 1 15 2 2 13 
15 65
7 9 5 5 4 10 2 8 4 7 4 14 4 3 2 
3 15
2 1 12 
11 1
8 1 2 7 2 10 4 10 11 10 10 
17 104
6 2 15 13 5 6 8 10 1 10 12 6 15 13 6 3 4 
20 38
4 7 2 12 8 12 14 3 14 8 10 5 13 11 11 2 7 1 9 9 
1 4
5 
5 11
9 12 4 4 10 
4 33
1 7 10 15 
13 43
2 8 1 12 4 5 14 14 14 13 15 7 6 
9 78
2 13 10 10 9 14 5 10 12 
12 24
3 12 1 12 5 3 12 12 6 15 8 11 
1 13
15 
10 86
5 12 13 13 9 8 7 10 6 3 
9 29
5 6 3 2 13 6 13 15 2 
7 58
2 1 15 15 14 14 4 
14 53
7 15 8 7 14 15 1 11 9 12 4 14 9 13 
6 13
4 12 13 12 12 1 
9 73
15 4 2 14 14 4 9 5 11 
7 28
9 7 4 5 1 15 15 
3 14
13 5 6 
3 9
3 4 11 
4 14
14 3 12 8 
11 19
3 1 7 13 8 3 7 15 7 3 7 
14 66
5 13 6 1 3 5 8 12 1 3 14 9 8 8 
10 1
15 14 3 7 6 7 7 15 5 6 
17 91
4 11 1 15 8 13 15 2 10 14 13 10 1 11 3 15 11 
12 37
2 5 1 1 10 7 7 9 12 4 7 10 
17 71
2 6 1 15 12 2 9 10 14 10 2 1 12 1 11 2 14 
6 4
14 5 15 13 11 1 
1 3
7 
2 21
15 12 
20 78
3 5 1 3 14 14 12 15 14 15 7 2 1 6 6 14 4 10 5 1 
5 19
1 2 3 3 13 
9 21
13 1 8 2 1 2 7 6 5 
15 34
4 12 13 11 2 3 9 13 12 6 5 8 10 6 9 
5 5
13 14 5 10 7 
6 43
14 5 2 5 9 14 
14 81
2 13 14 11 15 15 8 3 12 4 10 6 1 10 
15 57
7 9 4 1 7 7 3 5 11 11 9 4 1 1 14 
15 97
5 4 4 11 11 13 7 7 7 12 7 1 7 7 14 
2 1
6 5 
10 21
9 4 10 10 15 2 10 13 11 15 
4 16
10 4 2 8 
3 10
6 14 6 
2 21
12 12 
16 41
3 7 14 2 7 9 4 1 8 5 3 13 7 9 6 6 
15 21
7 2 11 6 8 9 11 6 5 15 9 7 5 11 5 
15 34
12 11 8 4 11 4 6 15 11 14 5 8 9 6 14 
17 111
4 9 10 6 6 15 5 15 13 9 2 10 3 6 13 6 5 
11 35
1 14 15 3 4 11 10 12 2 15 14 
5 52
14 12 15 12 3 
6 3
8 5 4 2 8 10 
18 82
6 6 5 6 11 11 8 15 6 9 3 7 8 8 1 2 7 5 
13 59
7 13 5 14 2 15 7 1 1 5 5 7 3 
14 57
13 4 4 4 2 12 7 8 5 6 1 13 12 5 
11 15
3 10 2 9 4 2 15 4 2 12 9 
14 53
9 4 3 5 7 7 6 3 5 5 14 10 5 4 
14 84
9 11 4 4 13 12 14 6 11 2 14 7 2 14 
3 3
9 7 7 
8 21
12 9 9 1 15 3 6 3 
16 114
3 4 9 13 1 12 11 13 8 5 11 6 13 1 10 15 
16 13
6 15 5 2 1 13 10 15 15 7 9 8 4 11 11 5 
13 11
1 11 7 8 7 9 6 5 10 15 4 10 15 
7 27
11 10 2 8 4 1 14 
16 56
13 6 11 15 10 3 9 10 14 15 10 12 9 7 1 10 
17 110
11 12 13 12 7 14 13 6 10 5 4 11 5 2 8 8 1 
20 123
10 4 15 1 5 12 1 3 4 2 8 7 13 11 11 9 9 10 14 14 
5 4
2 14 15 10 14 
3 12
7 15 4 
12 68
4 6 10 12 8 13 13 7 12 10 9 7 
2 1
1 1 
19 32
10 9 10 1 10 8 14 12 14 6 7 1 12 3 13 13 14 13 2 
11 80
13 13 5 5 15 13 5 15 5 1 9 
15 51
10 14 9 15 3 14 12 9 6 15 11 4 12 9 8 
7 45
3 11 9 14 15 8 12 
9 54
1 12 7 12 13 8 10 6 15 
16 7
11 13 2 3 8 12 14 9 4 12 5 13 15 5 12 14 
10 79
10 2 7 13 15 3 10 8 4 7 
18 83
3 1 5 11 3 4 14 2 12 2 5 8 6 4 4 9 10 7 
1 3
8 
19 65
8 8 10 7 4 2 5 11 11 12 15 13 15 3 11 8 7 4 12 
1 1
1 
15 28
2 8 9 12 1 15 12 15 14 7 13 2 15 2 4 
3 16
3 14 4 
6 3
11 4 4 8 1 11 
15 67
5 8 3 6 4 10 5 1 1 10 7 13 4 13 6 
4 31
10 2 12 14 
17 1
1 9 7 15 1 2 6 3 14 13 12 4 2 6 15 9 13 
12 29
10 4 4 7 3 2 1 11 13 6 9 1 
9 30
14 13 9 7 4 11 12 1 14 
4 7
4 6 2 8 
13 24
9 2 11 15 4 12 8 14 1 5 14 8 3 
18 76
1 15 12 4 2 8 11 1 15 5 11 5 6 4 11 14 12 13 
4 42
8 13 11 14 
20 14
4 5 3 3 2 3 2 13 13 10 6 8 10 5 12 6 1 10 9 12 
7 36
1 15 15 8 4 10 13 
17 1
2 13 4 4 6 13 12 4 10 6 1 2 8 12 6 13 12 
8 11
15 14 1 15 13 8 15 2 
17 57
2 10 5 14 5 15 4 2 3 14 3 1 14 5 8 2 2 
9 25
1 1 5 6 1 5 3 8 11 
2 3
14 12 
11 101
2 8 10 13 9 13 11 12 13 2 8 
15 74
1 8 15 8 8 5 13 15 1 7 15 11 3 1 1 
13 57
11 15 2 6 12 11 10 14 14 14 15 6 10 
13 17
2 1 5 9 5 2 15 5 15 14 7 2 6 
20 43
9 10 14 10 7 2 12 8 15 10 6 7 7 15 8 4 1 8 15 1 
6 20
1 9 1 6 8 9 
17 9
15 12 8 5 13 7 6 10 14 6 11 5 4 10 4 11 5 
8 9
5 4 7 12 4 8 4 2 
5 26
13 13 4 9 5 
11 11
11 6 7 2 3 3 6 6 4 1 8 
4 7
3 4 8 9 
3 16
8 11 4 
20 78
8 11 11 1 8 11 7 10 8 5 11 3 7 8 8 2 1 1 10 4 
5 23
3 3 5 13 3 
18 86
1 7 1 4 9 1 3 11 14 12 4 4 8 6 2 7 5 4 
7 15
5 3 6 9 12 1 6 
18 19
13 2 10 11 2 5 5 9 7 15 8 4 10 11 3 7 4 9 
2 14
8 15 
10 33
6 12 6 13 2 7 7 14 8 1 
16 51
13 5 9 4 12 1 14 6 3 1 13 14 2 1 12 9 
5 4
10 4 11 7 1 
18 92
7 9 12 15 9 4 12 14 13 15 10 5 14 7 15 6 11 13 
8 27
9 7 10 8 8 13 10 7 
5 5
11 12 5 8 3 
8 55
14 4 15 6 5 5 4 11 
6 23
7 8 15 9 1 13 
11 43
6 8 2 12 5 7 7 1 3 6 4 
19 76
9 4 15 14 15 11 9 11 14 10 9 13 9 2 14 13 4 6 3 
12 67
6 7 5 5 7 8 10 2 15 10 3 11 
16 107
10 5 10 5 11 11 13 8 11 7 13 8 10 3 3 12 
3 21
10 13 12 
15 95
14 10 5 15 12 15 1 4 1 6 5 6 8 15 10 
7 7
8 12 10 9 14 12 12 
16 48
6 5 8 14 9 13 15 5 12 3 11 13 6 12 10 11 
9 8
2 3 15 4 3 11 13 11 2 
10 23
8 11 5 12 10 10 13 14 9 9 
16 69
5 15 2 8 9 4 1 9 12 10 8 15 12 11 4 15 
14 79
14 11 7 10 15 8 5 4 7 13 12 9 1 8 
19 109
15 8 12 15 1 8 10 15 15 13 10 3 12 13 14 2 1 12 12 
6 17
8 10 2 5 6 10 
16 96
9 5 5 1 8 12 8 8 13 8 7 10 9 1 14 14 
15 107
14 2 3 12 13 10 6 6 7 3 8 10 8 1 15 
14 54
7 1 1 14 13 15 12 7 9 13 12 7 3 12 
7 4
6 8 1 8 13 6 6 
20 7
15 15 13 6 4 6 13 4 13 3 8 13 15 14 13 12 11 4 6 14 
17 101
11 7 2 10 11 15 15 2 4 7 8 1 12 3 13 9 13 
7 31
5 7 3 11 4 14 13 
14 113
11 13 13 13 4 6 8 6 5 14 7 1 5 7 
9 24
9 6 2 7 8 5 11 14 7 
17 20
12 10 15 8 12 12 5 10 7 10 9 12 7 7 10 7 4 
9 36
12 10 11 5 8 3 2 10 8 
18 6
1 12 2 15 11 14 3 15 8 9 1 1 12 14 14 7 5 2 
6 9
5 8 6 10 7 1 
17 133
15 10 9 1 13 10 15 8 8 10 7 7 3 15 14 7 13 
13 52
10 6 3 12 11 3 9 5 9 1 7 10 1 
18 103
1 14 5 7 13 12 1 12 11 11 11 9 2 15 13 6 1 4 
19 109
6 2 13 10 11 13 8 5 5 15 15 5 13 4 4 3 7 4 14 
11 86
9 11 14 15 8 11 8 3 4 11 8 
3 24
9 7 13 
17 35
2 1 3 14 5 6 2 7 12 12 5 14 3 5 1 1 5 
2 18
12 11 
17 75
3 3 7 12 2 11 4 13 4 4 7 2 9 12 3 7 15 
12 2
13 9 1 13 1 12 13 4 15 8 2 14 
7 53
5 5 13 7 9 10 10 
6 15
12 12 4 6 4 3 
12 55
8 12 7 12 5 11 9 8 10 8 2 8 
18 84
4 6 10 10 14 11 5 3 3 8 6 6 13 9 15 2 7 7 
1 5
11 
11 30
4 9 10 4 10 10 5 7 5 10 1 
16 74
3 11 3 5 3 15 2 15 1 1 8 7 15 13 12 10 
7 51
5 14 14 15 8 15 4 
19 83
14 13 3 6 15 5 15 4 7 14 5 14 14 13 6 6 4 10 9 
11 21
6 9 6 11 1 6 10 4 11 5 9 
20 62
14 8 4 13 4 11 4 15 1 2 12 13 14 7 8 8 11 15 5 12 
10 77
12 2 1 15 13 5 1 13 4 14 
13 9
4 15 10 7 7 2 8 10 14 14 2 13 6 
17 108
10 15 9 9 11 10 1 3 14 5 3 11 9 8 15 8 11 
4 7
9 12 10 9 
18 77
7 8 6 4 11 9 13 11 2 13 13 4 13 7 9 2 9 5 
4 21
11 1 11 1 
10 3
13 3 5 4 11 11 3 8 14 13 
18 53
15 10 15 13 5 4 4 13 12 5 9 6 5 4 6 15 12 15 
14 43
2 15 4 4 2 13 11 7 10 4 9 2 5 15 
1 4
10 
3 16
7 5 14 
11 71
9 2 1 5 1 3 13 10 10 8 13 
5 19
1 10 7 11 3 
12 22
10 13 7 4 13 11 2 10 9 13 10 3 
7 11
7 14 12 12 8 6 11 
18 13
1 6 2 14 8 12 6 14 13 10 5 1 7 7 10 1 1 7 
5 10
5 4 1 4 15 
16 99
12 15 8 5 7 5 13 5 12 1 2 10 13 11 6 6 
18 150
15 10 5 13 12 14 3 7 6 13 7 10 8 10 1 1 14 7 
17 29
3 9 4 4 10 2 14 1 7 7 5 13 1 9 10 4 7 
13 81
12 1 1 13 9 10 5 1 9 11 4 12 5 
15 93
8 7 8 13 14 6 5 10 3 12 3 13 1 1 8 
9 40
9 3 2 9 4 6 9 12 9 
20 130
5 1 7 13 14 14 10 4 5 6 13 14 3 7 11 10 7 4 4 10 
8 16
3 12 1 1 12 13 1 15 
20 96
7 10 2 5 1 4 15 12 9 12 10 3 3 13 12 1 8 15 11 11 
15 51
7 13 5 10 2 5 9 5 2 1 7 3 12 14 13 
20 106
14 8 11 1 3 8 13 3 7 12 5 2 9 2 15 13 6 9 14 3 
5 32
4 10 8 13 6 
18 39
9 7 1 9 3 1 11 2 13 5 9 2 2 2 2 3 2 14 
12 10
12 2 11 13 12 12 6 2 10 3 4 3 
19 131
11 4 4 13 12 9 3 5 10 4 14 11 6 7 1 5 8 4 14 
6 11
2 14 6 3 8 1 
11 46
10 9 13 13 5 11 9 13 13 6 14 
1 1
1 
17 35
1 1 1 4 6 3 11 8 2 9 10 9 9 1 11 10 1 
19 142
5 4 14 9 8 4 7 7 14 14 11 7 6 3 8 1 9 10 12 
13 23
5 10 12 5 2 14 14 3 7 12 14 2 10