10
19 400000000001692800 3 10
0 0 1 1 1 1 0 0 1 1 1 1 0 1 0 1 1 1 1 
0 0 0 1 0 1 1 1 1 1 1 0 0 1 0 0 0 1 1 
1 0 0 1 0 1 0 1 0 1 1 1 0 1 0 1 0 1 0 
1 1 1 0 0 1 0 1 0 0 0 0 0 1 1 0 1 0 0 
1 0 0 0 0 0 0 1 0 0 0 0 1 1 0 0 0 1 1 
1 1 1 1 0 0 1 0 1 0 0 0 1 0 0 1 1 1 0 
0 1 0 0 0 1 0 1 0 1 1 1 1 1 1 1 1 1 1 
0 1 1 1 1 0 1 0 0 1 1 0 1 0 1 1 0 1 1 
1 1 0 0 0 1 0 0 0 0 1 1 1 0 0 1 1 0 1 
1 1 1 0 0 0 1 1 0 0 0 1 0 1 0 1 1 1 1 
1 1 1 0 0 0 1 1 1 0 0 0 0 0 1 0 1 0 0 
1 0 1 0 0 0 1 0 1 1 0 0 0 0 0 1 0 1 1 
0 0 0 0 1 1 1 1 1 0 0 0 0 1 1 1 1 0 1 
1 1 1 1 1 0 1 0 0 1 0 0 1 0 1 0 1 1 0 
0 0 0 1 0 0 1 1 0 0 1 0 1 1 0 1 0 1 1 
1 0 1 0 0 1 1 1 1 1 0 1 1 0 1 0 1 1 1 
1 0 0 1 0 1 1 0 1 1 1 0 1 1 0 1 0 0 0 
1 1 1 0 1 1 1 1 0 1 0 1 0 1 1 1 0 0 1 
1 1 0 0 1 0 1 1 1 1 0 1 1 0 1 1 0 1 0 
17 400000000004639552 15 7
0 1 0 1 0 1 0 0 1 1 0 0 1 0 0 0 1 
1 0 1 1 0 0 1 0 0 1 1 0 0 0 0 1 0 
0 1 0 1 1 1 0 0 1 0 0 0 0 0 1 1 1 
1 1 1 0 1 0 0 1 0 0 0 0 0 1 1 0 0 
0 0 1 1 0 1 1 1 1 0 1 0 0 1 1 1 1 
1 0 1 0 1 0 0 1 1 1 1 0 1 0 0 1 0 
0 1 0 0 1 0 0 0 1 0 0 0 1 1 0 1 0 
0 0 0 1 1 1 0 0 1 0 0 0 1 1 0 0 0 
1 0 1 0 1 1 1 1 0 1 1 1 1 0 1 1 1 
1 1 0 0 0 1 0 0 1 0 1 1 0 1 1 1 1 
0 1 0 0 1 1 0 0 1 1 0 1 0 1 0 0 0 
0 0 0 0 0 0 0 0 1 1 1 0 0 0 0 1 0 
1 0 0 0 0 1 1 1 1 0 0 0 0 1 0 0 0 
0 0 0 1 1 0 1 1 0 1 1 0 1 0 0 0 0 
0 0 1 1 1 0 0 0 1 1 0 0 0 0 0 1 1 
0 1 1 0 1 1 1 0 1 1 0 1 0 0 1 0 0 
1 0 1 0 1 0 0 0 1 1 0 0 0 0 1 0 0 
20 400000000003606016 18 13
0 1 0 1 1 1 1 0 1 1 0 0 1 0 0 0 0 0 1 0 
1 0 0 0 1 1 0 0 0 0 1 1 0 1 1 1 0 0 0 1 
0 0 0 0 1 1 0 0 0 1 1 0 1 1 1 1 1 0 0 1 
1 0 0 0 0 0 1 0 1 1 1 0 0 1 0 0 0 1 0 0 
1 1 1 0 0 0 0 0 1 1 1 1 0 0 1 0 1 1 0 1 
1 1 1 0 0 0 1 1 0 1 0 1 1 0 1 1 0 1 1 1 
1 0 0 1 0 1 0 1 1 0 0 1 1 1 1 0 0 1 1 1 
0 0 0 0 0 1 1 0 1 0 0 0 1 1 0 0 1 0 0 1 
1 0 0 1 1 0 1 1 0 1 1 1 1 0 1 0 1 1 0 0 
1 0 1 1 1 1 0 0 1 0 0 0 1 1 0 1 0 0 0 0 
0 1 1 1 1 0 0 0 1 0 0 0 0 0 1 0 1 1 0 0 
0 1 0 0 1 1 1 0 1 0 0 0 1 0 1 0 1 1 1 1 
1 0 1 0 0 1 1 1 1 1 0 1 0 0 0 0 1 0 0 1 
0 1 1 1 0 0 1 1 0 1 0 0 0 0 1 0 1 1 0 1 
0 1 1 0 1 1 1 0 1 0 1 1 0 1 0 1 0 1 1 0 
0 1 1 0 0 1 0 0 0 1 0 0 0 0 1 0 1 1 0 0 
0 0 1 0 1 0 0 1 1 0 1 1 1 1 0 1 0 0 1 0 
0 0 0 1 1 1 1 0 1 0 1 1 0 1 1 1 0 0 0 1 
1 0 0 0 0 1 1 0 0 0 0 1 0 0 1 0 1 0 0 1 
0 1 1 0 1 1 1 1 0 0 0 1 1 1 0 0 0 1 1 0 
16 400000000006035200 6 1
0 0 1 0 0 1 1 1 1 0 0 1 1 1 1 1 
0 0 0 0 1 1 1 0 0 1 0 1 1 1 1 1 
1 0 0 0 1 1 1 1 1 1 1 0 0 0 1 1 
0 0 0 0 0 0 1 1 1 1 0 0 0 0 1 0 
0 1 1 0 0 1 0 1 1 1 0 0 0 1 1 1 
1 1 1 0 1 0 1 0 1 1 1 0 0 0 0 1 
1 1 1 1 0 1 0 1 1 0 1 1 0 1 1 1 
1 0 1 1 1 0 1 0 0 1 0 1 0 1 0 1 
1 0 1 1 1 1 1 0 0 0 1 0 1 0 1 1 
0 1 1 1 1 1 0 1 0 0 0 1 1 0 0 1 
0 0 1 0 0 1 1 0 1 0 0 1 1 0 1 0 
1 1 0 0 0 0 1 1 0 1 1 0 1 0 0 0 
1 1 0 0 0 0 0 0 1 1 1 1 0 1 0 1 
1 1 0 0 1 0 1 1 0 0 0 0 1 0 1 1 
1 1 1 1 1 0 1 0 1 0 1 0 0 1 0 1 
1 1 1 0 1 1 1 1 1 1 0 0 1 1 1 0 
19 100000000004666336 18 3
0 1 1 1 1 1 1 0 1 0 1 1 0 1 1 0 0 1 0 
1 0 0 1 0 0 0 1 1 0 0 0 1 0 0 1 0 0 0 
1 0 0 1 1 0 0 1 0 1 0 1 0 0 1 0 0 0 1 
1 1 1 0 0 0 0 0 1 0 0 1 1 0 1 0 0 0 0 
1 0 1 0 0 1 1 1 1 1 1 1 1 0 1 1 1 1 1 
1 0 0 0 1 0 1 0 0 1 0 0 1 0 0 1 0 0 1 
1 0 0 0 1 1 0 0 1 1 1 0 0 0 1 1 1 0 0 
0 1 1 0 1 0 0 0 1 1 1 0 0 1 1 1 1 1 1 
1 1 0 1 1 0 1 1 0 1 1 0 1 1 0 1 0 0 1 
0 0 1 0 1 1 1 1 1 0 1 1 1 0 1 1 1 1 1 
1 0 0 0 1 0 1 1 1 1 0 0 1 1 1 0 1 0 0 
1 0 1 1 1 0 0 0 0 1 0 0 0 1 1 0 0 1 0 
0 1 0 1 1 1 0 0 1 1 1 0 0 1 1 0 1 1 0 
1 0 0 0 0 0 0 1 1 0 1 1 1 0 1 1 0 0 1 
1 0 1 1 1 0 1 1 0 1 1 1 1 1 0 1 1 0 0 
0 1 0 0 1 1 1 1 1 1 0 0 0 1 1 0 1 0 1 
0 0 0 0 1 0 1 1 0 1 1 0 1 0 1 1 0 0 0 
1 0 0 0 1 0 0 1 0 1 0 1 1 0 0 0 0 0 1 
0 0 1 0 1 1 0 1 1 1 0 0 0 1 0 1 0 1 0 
16 100000000006564288 2 6
0 0 0 1 0 1 0 1 1 0 1 1 1 0 1 0 
0 0 1 1 1 0 1 1 1 1 0 0 1 0 0 1 
0 1 0 1 1 0 0 1 0 1 1 1 1 1 0 0 
1 1 1 0 1 1 1 0 0 0 1 0 1 0 0 0 
0 1 1 1 0 1 0 1 0 1 1 0 1 1 0 1 
1 0 0 1 1 0 1 1 0 1 0 1 1 0 1 0 
0 1 0 1 0 1 0 1 1 1 1 0 1 0 0 1 
1 1 1 0 1 1 1 0 1 0 0 0 0 1 1 0 
1 1 0 0 0 0 1 1 0 1 1 0 1 0 0 1 
0 1 1 0 1 1 1 0 1 0 1 0 1 1 1 0 
1 0 1 1 1 0 1 0 1 1 0 1 0 1 0 0 
1 0 1 0 0 1 0 0 0 0 1 0 1 0 1 1 
1 1 1 1 1 1 1 0 1 1 0 1 0 1 1 1 
0 0 1 0 1 0 0 1 0 1 1 0 1 0 1 1 
1 0 0 0 0 1 0 1 0 1 0 1 1 1 0 1 
0 1 0 0 1 0 1 0 1 0 0 1 1 1 1 0 
18 200000000001706496 6 15
0 0 0 1 1 1 1 0 1 1 0 1 1 1 1 0 1 0 
0 0 1 1 1 1 0 1 1 1 1 0 0 0 1 1 1 1 
0 1 0 1 1 0 1 1 1 0 1 1 0 0 1 0 0 0 
1 1 1 0 1 1 1 0 1 0 1 0 1 1 1 1 0 0 
1 1 1 1 0 1 1 0 1 1 0 0 1 0 0 1 0 0 
1 1 0 1 1 0 1 0 0 1 1 1 0 1 1 0 1 1 
1 0 1 1 1 1 0 1 0 0 1 1 0 0 0 1 1 0 
0 1 1 0 0 0 1 0 1 0 1 1 0 0 0 0 1 0 
1 1 1 1 1 0 0 1 0 1 0 0 0 0 1 1 0 0 
1 1 0 0 1 1 0 0 1 0 1 0 1 1 1 0 0 1 
0 1 1 1 0 1 1 1 0 1 0 0 1 1 0 0 1 1 
1 0 1 0 0 1 1 1 0 0 0 0 1 1 0 1 1 1 
1 0 0 1 1 0 0 0 0 1 1 1 0 0 0 0 1 1 
1 0 0 1 0 1 0 0 0 1 1 1 0 0 0 1 0 1 
1 1 1 1 0 1 0 0 1 1 0 0 0 0 0 0 1 1 
0 1 0 1 1 0 1 0 1 0 0 1 0 1 0 0 1 1 
1 1 0 0 0 1 1 1 0 0 1 1 1 0 1 1 0 1 
0 1 0 0 0 1 0 0 0 1 1 1 1 1 1 1 1 0 
20 600000000006922368 19 4
0 0 1 0 1 1 0 1 1 0 1 1 1 1 1 1 0 1 0 1 
0 0 0 1 0 1 1 0 1 1 1 1 0 0 1 0 1 1 1 1 
1 0 0 0 0 1 1 1 0 1 1 1 1 0 1 1 0 0 0 0 
0 1 0 0 1 0 1 0 1 0 0 0 0 1 1 1 1 0 1 1 
1 0 0 1 0 1 1 1 1 1 0 1 1 1 0 1 1 1 1 1 
1 1 1 0 1 0 0 0 1 0 1 1 0 1 1 1 0 0 0 0 
0 1 1 1 1 0 0 0 0 1 1 0 1 0 0 0 1 1 0 1 
1 0 1 0 1 0 0 0 1 1 1 1 1 0 1 1 0 1 0 1 
1 1 0 1 1 1 0 1 0 0 1 0 1 1 1 1 0 0 0 0 
0 1 1 0 1 0 1 1 0 0 1 0 0 1 0 0 1 1 1 1 
1 1 1 0 0 1 1 1 1 1 0 1 1 0 0 1 0 0 0 0 
1 1 1 0 1 1 0 1 0 0 1 0 1 0 1 1 1 0 0 0 
1 0 1 0 1 0 1 1 1 0 1 1 0 0 0 1 0 1 1 1 
1 0 0 1 1 1 0 0 1 1 0 0 0 0 0 1 1 1 0 0 
1 1 1 1 0 1 0 1 1 0 0 1 0 0 0 0 1 1 1 1 
1 0 1 1 1 1 0 1 1 0 1 1 1 1 0 0 0 1 0 0 
0 1 0 1 1 0 1 0 0 1 0 1 0 1 1 0 0 1 1 1 
1 1 0 0 1 0 1 1 0 1 0 0 1 1 1 1 1 0 0 1 
0 1 0 1 1 0 0 0 0 1 0 0 1 0 1 0 1 0 0 0 
1 1 0 1 1 0 1 1 0 1 0 0 1 0 1 0 1 1 0 0 
20 7052251 9 11
0 1 1 1 1 0 1 1 1 0 1 0 0 0 0 0 0 0 1 0 
1 0 1 0 1 1 0 0 0 1 0 0 1 1 1 0 1 0 0 1 
1 1 0 0 1 1 0 1 1 0 1 1 1 1 0 1 0 1 0 0 
1 0 0 0 1 1 0 0 1 1 1 1 0 1 0 1 1 0 1 0 
1 1 1 1 0 1 1 1 1 0 0 1 1 1 1 0 0 0 0 0 
0 1 1 1 1 0 1 1 0 1 0 1 1 1 0 0 1 1 0 0 
1 0 0 0 1 1 0 0 0 1 1 0 0 1 0 1 0 0 0 0 
1 0 1 0 1 1 0 0 0 1 1 0 1 0 0 0 1 0 1 1 
1 0 1 1 1 0 0 0 0 0 0 1 1 0 0 1 0 1 0 0 
0 1 0 1 0 1 1 1 0 0 0 0 1 1 0 1 1 1 1 1 
1 0 1 1 0 0 1 1 0 0 0 0 1 0 0 1 0 1 1 0 
0 0 1 1 1 1 0 0 1 0 0 0 1 1 0 1 0 0 0 1 
0 1 1 0 1 1 0 1 1 1 1 1 0 0 1 0 1 1 0 0 
0 1 1 1 1 1 1 0 0 1 0 1 0 0 0 0 1 1 1 0 
0 1 0 0 1 0 0 0 0 0 0 0 1 0 0 0 1 1 0 1 
0 0 1 1 0 0 1 0 1 1 1 1 0 0 0 0 0 1 1 0 
0 1 0 1 0 1 0 1 0 1 0 0 1 1 1 0 0 1 1 1 
0 0 1 0 0 1 0 0 1 1 1 0 1 1 1 1 1 0 1 1 
1 0 0 1 0 0 0 1 0 1 1 0 0 1 0 1 1 1 0 0 
0 1 0 0 0 0 0 1 0 1 0 1 0 0 1 0 1 1 0 0 
17 300000000004259712 7 10
0 1 1 0 0 0 1 0 1 1 0 1 0 1 1 0 1 
1 0 1 1 1 1 0 0 1 1 1 1 1 0 0 1 1 
1 1 0 1 0 1 1 1 0 0 1 1 1 1 1 0 1 
0 1 1 0 0 1 1 1 0 1 1 0 1 0 0 1 1 
0 1 0 0 0 0 1 0 1 1 0 0 1 1 1 1 0 
0 1 1 1 0 0 0 0 1 0 0 0 0 1 1 1 1 
1 0 1 1 1 0 0 0 1 1 1 1 1 0 0 0 0 
0 0 1 1 0 0 0 0 0 1 1 1 0 0 0 1 1 
1 1 0 0 1 1 1 0 0 0 1 1 0 1 1 1 1 
1 1 0 1 1 0 1 1 0 0 0 0 1 1 0 0 1 
0 1 1 1 0 0 1 1 1 0 0 1 1 0 0 0 0 
1 1 1 0 0 0 1 1 1 0 1 0 0 0 0 1 1 
0 1 1 1 1 0 1 0 0 1 1 0 0 0 1 0 1 
1 0 1 0 1 1 0 0 1 1 0 0 0 0 0 0 0 
1 0 1 0 1 1 0 0 1 0 0 0 1 0 0 1 1 
0 1 0 1 1 1 0 1 1 0 0 1 0 0 1 0 0 
1 1 1 1 0 1 0 1 1 1 0 1 1 0 1 0 0 
