1000
959 933
866 900
831 876
922 842
838 936
895 855
919 973
839 909
805 858
973 964
809 996
898 847
908 818
979 884
882 905
953 874
829 862
931 888
933 901
965 906
897 989
878 867
927 936
859 889
947 932
853 956
938 843
963 941
877 859
871 822
884 965
810 958
912 894
960 858
936 952
954 995
910 871
830 850
994 899
807 852
971 977
916 846
844 960
834 824
869 892
856 961
974 877
863 862
882 918
871 859
967 885
961 942
896 870
823 894
927 814
979 855
876 928
930 971
823 827
903 888
814 910
839 964
845 833
945 826
969 948
850 850
859 876
834 970
893 809
993 863
943 913
847 817
855 891
991 842
979 812
978 854
894 970
987 832
900 809
838 945
990 841
976 863
852 917
805 959
998 850
909 964
826 980
804 979
852 801
932 916
919 866
947 801
982 862
900 812
873 933
872 907
952 917
993 979
890 983
987 886
891 984
865 949
1000 951
881 844
802 897
976 992
956 991
811 898
805 915
907 857
877 813
886 897
952 1000
942 982
820 804
802 919
811 802
991 843
928 978
862 908
962 821
810 943
842 809
985 912
844 889
998 966
928 945
872 954
838 914
925 967
931 858
956 984
919 802
878 949
979 901
843 924
908 811
925 888
1000 890
997 931
939 912
999 811
945 977
998 815
818 915
912 974
983 843
968 868
831 846
879 811
824 871
832 908
975 845
966 851
959 888
855 940
882 847
861 977
921 804
913 871
851 963
934 851
807 805
903 984
914 895
912 918
945 866
886 899
884 929
814 937
887 845
815 947
888 992
968 855
887 844
879 842
954 818
919 856
804 978
871 839
865 950
827 934
956 941
908 961
947 976
846 890
855 951
814 887
926 978
832 982
813 895
842 809
998 975
923 986
886 976
866 926
828 841
967 930
913 903
882 823
827 930
837 932
808 815
898 920
987 973
998 901
873 975
857 876
977 828
939 819
997 968
895 807
875 969
908 858
978 914
936 900
813 840
987 826
930 830
965 967
889 840
904 933
915 850
860 906
905 976
981 875
824 906
942 898
829 934
922 807
949 916
982 936
881 848
1000 913
940 874
990 843
830 885
824 973
957 842
836 891
918 914
835 913
823 926
975 973
971 872
977 880
898 838
877 804
863 939
805 875
936 940
998 884
970 874
989 829
989 853
847 880
810 876
812 837
860 949
938 971
900 887
842 822
835 993
923 1000
942 961
897 840
843 876
923 892
887 913
999 950
940 972
807 816
995 860
889 896
965 844
928 850
977 915
844 984
974 843
874 843
863 929
931 839
904 978
983 888
883 904
815 959
977 871
971 835
841 868
904 945
947 838
816 866
946 828
943 831
868 837
993 917
889 965
933 952
925 862
977 858
846 889
859 825
941 975
979 930
974 866
995 817
950 802
921 899
807 866
963 866
844 807
824 895
838 852
919 900
987 959
945 945
858 938
989 923
976 922
848 957
904 927
960 887
925 928
982 990
983 868
888 905
831 969
960 912
915 910
903 811
810 855
847 886
949 860
956 942
865 841
808 995
936 819
897 971
825 992
908 803
851 844
839 973
933 859
871 960
987 826
999 923
985 917
987 808
976 999
808 841
930 972
973 916
925 814
902 830
913 953
996 897
979 937
894 837
990 829
911 960
836 858
981 887
809 896
982 968
850 995
825 861
897 978
902 953
816 952
829 936
887 925
855 888
854 922
831 938
881 815
911 856
935 860
955 892
882 930
999 877
868 928
848 913
830 837
899 897
977 873
1000 831
985 835
972 857
853 912
857 963
991 937
951 919
812 858
992 940
979 842
846 912
854 910
851 957
970 980
852 933
864 817
965 974
815 962
947 971
976 852
877 841
943 834
856 845
882 874
989 975
845 999
851 904
816 885
836 858
925 887
858 804
852 928
974 994
827 971
996 895
974 988
825 907
835 964
864 859
986 806
944 948
864 962
918 845
985 869
970 959
975 989
963 814
910 950
938 966
907 847
984 948
992 938
967 946
897 966
897 944
852 876
883 987
891 972
1000 920
882 942
950 845
839 936
897 924
957 891
898 839
911 852
918 947
926 980
998 877
969 831
922 941
992 981
829 997
855 819
896 808
915 887
902 811
878 862
963 990
939 966
892 839
841 907
885 931
863 931
942 900
829 936
883 985
845 985
870 961
988 912
918 846
915 890
916 826
820 985
849 859
885 921
890 902
927 812
823 868
844 911
887 992
859 810
877 837
972 816
822 1000
929 915
826 929
867 933
847 905
832 975
924 971
950 802
891 907
914 920
884 951
933 872
921 936
979 995
974 984
884 874
934 913
919 836
860 914
979 938
879 936
891 985
898 927
876 859
855 838
977 869
994 932
882 998
893 893
919 988
864 970
886 991
916 844
910 907
804 848
946 855
892 952
909 888
869 886
961 842
878 896
805 948
931 921
962 977
882 934
941 902
914 804
938 967
842 978
854 808
963 875
953 942
998 993
902 970
908 1000
922 801
848 952
918 860
885 825
838 833
864 803
982 903
972 949
984 970
951 875
942 971
880 860
840 853
838 945
925 808
839 846
802 854
886 854
812 831
962 937
925 885
879 925
985 872
966 830
895 936
843 838
839 876
851 931
870 877
850 867
875 890
863 864
863 922
807 964
886 836
809 851
865 895
863 996
863 977
936 830
992 832
919 915
848 827
948 806
924 974
804 828
951 960
826 981
857 989
859 911
981 835
995 815
984 950
985 991
936 834
907 926
891 900
905 827
811 839
828 832
842 969
932 974
890 978
826 821
890 848
818 809
905 836
926 836
898 945
940 926
828 979
878 853
823 811
995 805
806 850
857 846
919 988
928 961
972 888
838 833
992 985
892 977
841 966
996 914
881 842
855 994
834 900
833 908
813 868
844 826
953 979
917 978
869 824
817 852
877 818
982 824
980 889
818 944
910 875
876 914
923 831
957 866
923 932
932 809
804 817
972 873
974 929
903 988
897 973
992 855
892 815
962 963
957 887
899 950
872 889
950 851
808 946
931 919
935 933
887 807
966 928
828 970
899 958
823 923
830 898
836 819
810 977
963 977
821 805
831 873
958 890
818 942
874 913
930 872
949 942
987 940
817 914
858 990
928 872
966 959
882 897
933 935
862 919
943 850
986 802
942 939
937 844
993 922
911 965
835 925
814 814
967 840
870 952
872 908
967 960
834 865
990 801
963 908
818 872
848 831
956 806
992 948
953 968
865 992
936 903
957 951
985 959
811 900
988 952
877 949
926 967
909 1000
946 810
903 881
820 822
869 856
860 913
901 875
917 862
908 807
948 989
840 966
960 903
815 871
860 995
809 808
990 851
822 821
829 923
927 807
980 903
974 924
810 818
822 841
982 911
841 951
876 928
820 992
833 992
923 897
830 993
804 926
878 989
981 839
944 910
837 917
884 868
948 859
846 987
938 804
940 985
896 801
864 920
802 968
813 816
960 883
994 930
959 918
951 877
842 895
979 905
904 884
922 822
821 942
823 850
993 871
919 805
922 924
847 901
816 835
907 992
828 957
871 886
832 945
809 827
878 852
949 814
856 954
823 883
971 884
926 809
931 888
854 907
909 985
851 943
960 948
964 849
913 974
838 845
817 806
820 903
935 935
887 939
822 922
922 860
989 853
955 830
825 911
850 851
867 935
986 918
993 968
904 833
878 918
990 959
969 813
895 921
879 862
849 953
992 954
924 841
811 978
934 914
945 972
986 940
947 823
852 897
939 969
918 945
803 894
848 979
904 919
979 945
853 876
882 865
824 826
941 802
926 947
878 965
957 912
847 968
853 920
874 922
950 999
839 801
945 837
884 827
839 955
927 926
850 847
819 913
901 890
957 935
828 871
819 888
924 819
953 910
929 995
828 968
811 880
835 969
942 907
994 822
852 994
829 834
804 903
980 906
871 812
891 816
831 822
983 985
974 916
832 894
872 903
882 810
801 815
914 801
980 890
929 987
985 915
882 820
869 933
813 956
814 893
840 973
926 969
848 929
932 907
915 863
889 996
923 994
832 978
987 1000
858 863
962 812
845 911
953 819
907 816
813 839
907 983
899 918
953 935
847 896
916 905
875 979
836 819
928 894
944 857
807 920
920 932
989 887
832 949
984 921
832 960
869 867
821 937
941 947
864 905
835 926
880 965
920 824
945 875
929 992
841 844
998 968
895 960
825 838
915 838
920 964
803 998
892 920
860 924
942 907
860 854
926 827
903 920
865 928
1000 893
845 934
859 812
919 832
885 804
975 991
988 864
945 838
957 858
979 878
888 952
982 832
883 886
950 910
865 841
831 905
897 960
821 801
895 809
939 919
948 847
967 971
813 958
947 917
980 986
882 956
937 971
948 936
831 930
995 953
806 913
874 924
877 860
921 810
812 890
929 855
979 930
817 811
845 822
821 994
938 865
913 804
967 912
865 821
807 810
838 835
999 895
993 833
931 866
929 943
802 855
803 982
962 956
828 837
972 936
999 877
910 996
999 973
803 908
829 837
899 837
879 835
979 955
990 905
859 978
988 849
985 945
807 862
921 918