Case: 1
287241
265521
445928
222678
413326
468510
171842
478366
347285
493402
452508
450021
440341
281013
222312
308205
325837
603948
525486
318731
114895
837979
183967
422129
434741
298177
538682
78966
226951
390083
497103
476726
43898
684443
191490
627521
864129
279635
219537
362476
444114
368338
201725
184325
540731
422445
509249
244366
234201
590616
194570
348080
664974
404259
138214
244449
281799
920225
454282
305976
455395
461326
200056
396995
495636
399976
571755
789838
402203
537356
448507
386440
280605
535817
358090
296729
119441
74875
447193
364497
337105
384130
608885
494551
404277
134938
160456
843819
801287
651472
540684
438188
385990
321525
314167
157212
340618
476078
501199
381082
163685
567593
325591
49002
148222
133366
127723
150456
242329
142904
428027
24696
670656
251770
358181
586323
360919
170933
567009
559917
480695
35852
586754
69306
601906
257501
554831
57207
394261
138323
732172
500757
647612
635473
51377
693770
356469
587358
412363
6867
339165
604303
116475
296202
777571
698763
760770
566294
235182
477363
662657
559316
150778
94953
179435
282193
473091
90444
427853
438917
344183
724799
56335
891667
280644
282197
565410
471243
377753
712386
270849
652120
500082
430714
343779
24709
377200
105087
262701
219567
435754
52387
391920
250821
324457
165368
214149
456859
331624
496466
291424
332196
78313
378826
152267
291911
285400
250470
481126
306350
310321
490543
229081
357814
257245
26894
546555
247737
162004
466085
723812
139583
386851
415679
171059
690446
528172
583808
284157
223089
696100
209959
548185
152192
378468
359634
492832
873202
199390
401571
462536
811202
275342
232325
257803
645674
493248
468289
598243
492807
854049
556914
186598
164087
174519
565104
708315
624540
574460
324197
544357
211519
272179
97158
217730
682670
561280
458015
196261
543180
306251
829623
285110
494057
351862
577907
562265
134075
342692
430274
242988
312616
522558
535046
328226
617399
953501
112597
391447
416037
404162
569796
656873
300853
269308
357015
186876
679061
498441
584103
553059
400937
758331
240982
252013
318206
181817
852368
286060
750712
322116
131285
332132
183370
152738
346156
270331
200316
367487
331634
97732
555924
590227
327580
361198
571365
248396
595777
561158
334602
104446
407486
330776
289936
259184
878208
40253
249956
387529
373305
681413
321929
470195
580484
624465
326730
539750
481718
377481
230192
280794
462295
189894
460779
368439
609697
732716
568045
190098
755354
291225
262214
334611
509559
385144
574929
445185
241277
244987
414742
410003
276489
710062
769967
157774
301804
498106
390242
210232
629949
180984
350562
468108
620416
121787
766107
214296
304851
451685
454758
523348
467026
27172
530681
371045
295558
211268
250359
213251
208083
348433
166752
629210
607795
567533
125957
124180
106002
519822
615118
318097
146350
107045
319129
319766
423260
293434
306329
218832
866782
754792
525392
151131
186727
317978
193386
5176
300866
654796
374437
204656
87158
354628
347459
650366
433111
243954
123614
396398
363387
537303
428227
58524
431579
406962
379624
303257
326486
291191
504879
221956
498147
467293
753474
149883
325408
303270
348479
147690
665062
821344
252461
301341
531362
349593
444714
218323
552045
880308
362629
263919
145573
695201
497725
609428
240317
236992
326142
322549
220245
371432
257183
486683
312171
578571
170954
132898
270498
350300
181073
400124
280173
550228
346349
398721
336926
248901
578032
446172
837724
229444
561829
153353
480742
229356
973615
151059
652769
547938
307939
537427
98920
505024
199021
233456
453342
481954
548460
475893
431964
107016
258716
72572
428241
254751
569117
387683
342399
513099
459087
122790
425248
71257
277728
282840
92187
422744
293935
335275
165447
147437
189963
298192
400007
585903
356596
608378
135951
72112
215789
386384
332740
383440
463082
330442
620380
200878
302700
515242
444228
409893
318829
242678
17326
146129
118087
374622
157628
656443
138607
214162
293325
313115
682058
199180
151538
190099
531705
367765
826260
413268
338265
741134
365350
203863
424025
93254
392267
285096
36945
156963
62534
243647
606526
576893
614090
601925
192594
601512
440009
338147
368636
142928
94143
62940
75504
492445
22881
326208
621206
448265
613146
202818
655787
289060
417994
383392
529752
279804
731286
462159
203636
183528
546757
39241
510742
368541
939679
297212
493567
48528
159404
282626
268829
277611
883957
22211
339852
124204
336964
123725
389858
282915
476939
596129
740315
189188
663728
566944
177775
420353
839818
122822
182985
219434
112970
147539
363455
497480
337192
605330
353574
330353
429066
685055
426661
72858
168952
148641
12719
761897
329061
343148
195918
360303
560452
178002
25531
419600
170818
382765
587939
73935
225298
282841
603202
262061
137370
258715
700923
143933
321067
277813
197258
286408
355516
288486
347521
184474
239425
523905
165386
265103
308926
364199
316723
633131
292403
510629
273168
436627
547594
660182
465134
316722
456977
857824
293885
306042
207206
256033
301686
745706
422732
276621
558923
326901
227144
479232
602554
556840
510773
542603
95677
234660
275968
374142
188895
174278
407191
494939
451479
423819
129783
846188
554847
52932
665188
416727
652736
375455
579015
701660
263736
488267
343025
233425
215184
389816
432378
255168
144972
618553
76965
150604
538608
661483
305488
178778
609140
510403
202304
499249
139499
499414
299056
111554
405133
201491
266611
235653
211578
314450
461578
375300
646517
451138
168634
628535
119355
552150
293344
460131
550074
167949
363861
333235
414544
592077
84496
162066
696504
406663
394868
21138
35736
551376
312932
287569
268371
358056
318335
894782
257866
338888
461710
333257
730576
448831
602944
195573
394552
460126
403163
264310
471624
187421
646941
609846
401909
353936
28012
347228
146507
306316
164412
99240
166171
65262
277513
475651
349213
529546
402597
830120
489508
453422
208779
256968
63687
323796
343433
1004639
245011
407470
379662
340612
275299
245294
228277
719050
249081
749178
478017
767954
167705
374686
579663
336293
362438
202493
280839
639791
234754
481457
319659
288083
293914
550881
520570
373113
359636
498628
308447
249884
864965
480120
271243
247106
62740
608126
503525
204265
522915
306440
424637
64631
385765
168401
104012
378877
110758
412380
303847
439900
376311
297783
630581
321283
536002
680044
289337
153119
230791
357975
213020
278108
223846
412993
247327
122314
419235
496129
318104
605311
149945
89750
533406
433203
392638
313078
561532
330460
405094
262355
557549
689725
691151
70345
592182
395808
104064
411316
260073
305537
400678
200771
118694
275913
290443
123820
41650
687897
267659
210568
295795
256244
616057
321685
327443
336303
266567
406240
414351
659343
319566
610343
472443
340582
133679
191044
194828
432383
500232
368479
599686
561630
262995
203707
574799
648492
405034
33266
490537
532504
658741
238559
216425
453075
492237
195762
311137
635495
403068
508531
554790
131042
354953
337010
35779
358806
332094
246266
548979
718174
326107
249941
240046
213200
55477
Case: 2
248442
108298
613193
235583
560248
487155
560449
372019
214611
639310
834610
343046
293536
203461
122800
307751
542303
462763
460076
484878
113321
735317
618885
129848
346981
407859
246690
260040
483776
304080
565044
309332
622435
469277
368317
167928
109262
590406
432918
235846
325210
656462
203373
79622
506572
361997
701589
192198
385459
98411
433834
213166
449302
370341
407251
848833
663805
273261
419280
157027
409665
42224
284536
249077
283659
492905
190545
180837
207958
241761
340355
98737
623123
411488
162666
326343
303280
544102
586100
378290
149413
327193
211219
288144
551546
352500
508529
203535
831522
206306
450771
429277
266838
423994
360809
366363
245580
302240
280770
635653
75516
351990
240934
163470
502749
266618
344908
478204
235215
228223
162398
207015
78244
702260
756978
519470
577959
186576
333988
159217
426648
258011
528911
429037
746513
248806
353875
57471
174556
435895
417755
397949
96618
271485
634612
438774
682474
202575
324166
147249
40534
201618
164420
312152
510133
660626
172252
226127
214536
837673
173343
678696
476162
179106
363523
537976
666436
449896
324195
317697
315318
635612
522265
111434
306354
216362
388606
410665
146042
170577
676923
254487
17259
368146
296808
367750
29779
198148
179739
35918
475062
455444
154558
190321
421863
374573
57772
269932
274983
409368
317743
518517
185127
412427
156554
872451
192228
383312
114707
338952
244128
548223
189562
424002
229181
99293
421898
250268
248510
142962
274450
243877
260602
773021
22057
146970
333518
449266
46697
297926
645168
556420
384829
451007
609976
230282
296617
190892
130031
265139
653336
131043
698099
338044
523003
558614
29695
518201
56084
64615
248861
298538
258038
471961
461015
366200
552056
407082
573270
482860
111242
147862
495716
114871
517697
389948
538335
225816
401214
261067
399873
295741
248808
227426
451841
308188
225836
518136
563104
744898
236136
651509
408490
525649
414662
522582
499453
368682
210958
200212
332330
322402
504440
171004
211813
359027
476746
465760
418903
193698
445300
247232
339294
179514
760844
738545
527935
552076
492605
170224
364629
517080
440372
217793
437108
302175
209557
42981
636480
424076
517799
702668
407510
133446
595021
431272
269364
495592
469326
864240
577759
301312
328226
578002
384622
527053
218208
111729
725716
294711
322815
56851
401759
220007
312256
436146
674236
135364
510602
314794
532915
334298
480408
350340
596609
108232
87245
710522
36662
412467
312186
593355
146845
589233
564289
487913
454676
62074
209033
245073
104744
222614
200498
490030
254869
619425
499659
418089
133207
56620
522484
337363
179852
144650
337308
356785
42039
654958
466180
437760
124987
307797
544753
202398
394041
188363
750212
156876
3384
714401
417313
381488
136201
216564
556585
391323
306154
611643
160281
465346
633778
583727
258658
150848
501941
378517
419636
350655
497187
619744
240207
91980
243478
691197
50121
308997
531307
485499
97080
316988
354640
373975
517189
404237
97845
677482
487334
909983
309760
726049
412138
16226
442789
236668
449788
370129
484252
358719
226870
339970
415320
351476
540598
303958
371959
510916
316266
561058
325305
569426
533078
406188
602605
400247
577659
538352
119438
496787
290580
459225
29130
212068
232564
310661
341140
591476
510749
280783
480136
305549
392797
328782
132728
376298
478645
347068
215608
236671
643497
330282
147800
527389
558906
501833
24762
338658
257927
287601
356329
310242
260590
51255
409148
35171
561895
370650
310189
257350
176540
521817
457116
469308
400124
436984
433585
146618
434842
702665
542812
425313
504642
172417
608670
72538
205694
848105
203313
430201
490648
166545
554972
515726
739945
252230
279248
476888
345937
420270
165064
670297
295816
76470
133937
402380
393711
631762
220550
633764
207785
293047
97604
598471
89031
386756
276822
160588
176347
804339
496647
558355
269764
486300
331072
531964
137523
406854
385625
724218
194405
266686
351123
269694
201609
292623
230838
321946
330804
257563
379976
349827
400027
58298
455545
532249
258847
193687
469163
336431
454970
243520
66217
384448
433178
248361
544268
194334
499630
383035
123632
368508
384392
178592
362336
636472
623128
711123
79622
572346
281800
354332
508703
310372
394901
341641
215320
315467
572703
256947
393701
324669
80230
377391
432270
562960
211273
238928
186875
465484
277280
538099
272151
194090
651505
276624
516687
362208
228852
213363
315537
431880
450351
454834
323269
273880
118497
281798
657200
589841
499893
382898
199060
239238
445156
69938
511913
125129
950770
83577
510793
304324
545412
686249
232896
270031
486016
391605
381997
433518
324582
895239
187971
472591
279407
373762
318838
482281
387591
760630
544697
643573
227197
599822
218877
451651
201931
342342
219732
332385
463221
197629
882717
539852
656420
558207
646477
354667
258923
564784
519082
478170
56992
149935
323582
576453
378675
536433
405758
247930
559525
49139
330449
269945
688471
66619
381817
300970
286928
339992
326757
351662
171521
85528
326898
259229
443711
160361
423867
224658
636045
634423
740721
539711
271968
826743
277599
150458
79978
364419
377214
248526
619945
99786
29988
171025
110635
579988
575788
427270
400562
171516
36859
319707
498139
457763
161807
598280
430303
7853
75832
354549
84334
721761
231615
301120
252431
231890
223637
155997
124861
155775
669470
339338
646600
527210
76010
192540
884890
443568
558072
423266
367391
405447
128651
30323
113615
567457
117662
179632
350248
573923
576877
504841
468163
96168
136204
203718
484822
243700
255735
96000
623614
277672
469867
360352
611521
262823
252769
460475
437393
416360
632934
21872
538032
229809
973365
403144
192912
826812
482887
392964
392644
161903
718699
306781
175566
223728
303308
252932
135955
723206
648647
500047
357040
236764
408440
469879
857582
142880
270891
476908
583282
272138
549000
302991
380648
465874
374652
86672
715107
702327
592352
309655
816778
408290
372660
666672
400220
521457
229207
681269
100069
531143
291066
214531
326462
335932
256367
554578
664518
305067
219481
343920
298176
127040
241447
240885
317556
625830
591690
684664
304640
1006827
458197
183152
350390
22329
418002
267028
476963
581865
792034
370732
311596
294142
502584
354389
271150
313694
201319
53019
300351
361083
464188
244233
293767
215417
425830
294464
384309
303116
363381
775113
86563
193136
154453
753160
322784
130629
507314
370586
417013
443930
208404
480517
243082
372963
491088
523355
408547
420386
404373
367302
314288
676986
254581
501128
235248
157348
651710
361356
535325
501947
517296
285739
62324
750984
435001
213459
449442
45963
302431
42970
166555
338423
368431
340146
514094
505236
265439
107839
628417
264224
290943
161629
168776
246834
253880
572888
417058
583400
371827
231530
628139
246809
296199
258545
395542
314816
131113
403125
287664
392179
122574
728036
706211
425633
347532
444630
370848
184893
244896
244652
313756
293780
419789
472102
238294
475225
223797
129193
385737
446928
466736
487053
44945
562084
365604
605542
180215
241648
Case: 3
566651
627414
84914
128768
606606
248640
441929
144446
435845
248657
664199
460940
481583
588941
457213
536382
377142
220528
565972
110137
108427
391930
624456
425404
209639
113233
373265
262197
162973
524872
621618
117912
464286
266697
292683
350784
242653
259820
243949
189395
383032
494012
245931
416732
209236
256969
183856
326706
171447
435185
408817
383240
317110
328896
227677
454497
425952
404489
253488
260292
305326
280810
325351
366233
260207
310419
185560
450110
345950
554984
84166
268314
514880
656593
213534
199854
258956
424124
306184
394589
188424
364815
249621
732758
205627
700357
472669
407848
372715
510278
491070
187216
321365
303791
296669
294712
44269
477363
504421
563633
289677
267023
146907
158571
321886
381860
60417
269080
208892
123399
40638
550663
339625
460125
183899
486244
369481
391983
217693
610235
248145
365193
469833
173419
192248
454634
164214
480010
211353
350197
746810
297118
170331
187129
520072
356291
317137
216178
625583
360232
245786
115042
83628
334857
221661
377073
51151
131001
259734
672907
191196
569667
164670
400635
212357
726149
259852
618072
301325
419749
370472
476720
122359
362269
55824
253303
320689
554303
204904
308601
543223
295025
375956
358498
67415
383708
118666
186178
249590
178653
132199
193073
435206
194822
309415
504833
370815
373654
511295
351030
383427
55185
543633
667010
166367
357040
328853
530659
409311
132443
549973
31185
192138
204690
399000
55332
94080
308745
384604
337833
402308
137630
214214
452044
574012
160950
88004
169474
107115
550414
162737
218349
269467
221021
68959
197548
422421
335226
257840
251617
132383
217697
76036
91279
18574
334743
492612
438223
548906
160261
256631
339046
403637
398460
423628
340807
126161
511401
691685
230298
312946
453123
121792
528514
324093
451895
364001
667727
272207
336537
286657
370229
319320
843350
3409
445011
287369
452661
284341
523305
341607
77352
346898
176168
456760
639685
508514
133711
175488
518159
125189
305882
495155
351952
653871
210304
354341
369453
204728
623486
687971
238464
369827
554457
251002
451514
551015
314415
490409
210359
365956
245126
197932
359107
275601
222348
268760
133423
381295
377697
195514
172484
325236
786429
398319
268662
263254
463796
231802
400360
470624
283054
141904
561933
743279
722050
323902
226654
146747
363273
618547
404297
495215
542676
633779
512168
225607
409701
372183
310612
159562
643802
404290
397985
75454
346842
315398
568732
469692
194449
385421
342133
299175
117725
11956
261286
770453
481835
460756
46698
345273
365023
224916
817257
416463
95004
344545
276688
385311
118441
395662
140727
616646
216406
106120
20883
700103
518853
169865
136376
290112
530807
339578
736801
577264
360845
772141
691146
91060
208510
173553
384053
194047
183348
286013
326792
370235
294977
131481
369225
500543
311152
408957
199403
297780
148981
88622
412340
446020
354548
482057
625510
480091
535834
279842
279821
347343
399190
429788
437021
375547
186169
250071
675352
351824
590039
451088
515886
162491
266451
67081
265651
240165
81348
363460
472762
396807
236390
392517
683426
192113
239847
87942
272666
156914
43435
345910
364379
155174
277208
4388
249646
567934
526818
489293
485904
246403
472007
701636
185021
306248
270027
128492
689440
354586
374471
27365
346293
389411
453437
460229
250104
602455
271892
812295
116765
283724
437367
117023
203020
330568
446846
253548
359503
162654
482898
333586
28134
485138
689202
76068
424636
277893
310068
234205
221757
359038
270191
642540
260158
172233
321716
179521
40128
292048
724145
605835
616365
717308
244991
398820
448122
526919
329735
200073
585225
515763
415564
197376
166085
270146
206804
478113
451512
252671
40273
268076
230270
321162
581161
575155
130538
158623
490434
366712
320546
241183
282061
597678
556157
226049
352672
486603
241343
670645
785639
593570
90525
335863
520758
331884
459331
475805
150782
250756
531136
116099
207851
122218
388113
602845
340419
596173
145214
299173
370564
380275
362072
164711
243320
360043
232729
161597
606365
132157
243477
100634
283259
346189
258852
308196
105855
173276
584566
246932
668810
184594
476054
302175
227582
295690
444453
356459
339880
425820
400506
343183
171109
222555
272822
306395
605036
278339
330786
393378
203183
389098
452574
273665
371000
198913
597642
427271
76924
36099
296149
631845
490666
690110
582992
202979
344319
759423
299849
311332
225331
672042
167960
176940
297100
539699
283771
192564
437321
232862
215427
421657
251607
290376
125504
336879
15981
162644
358431
277583
88775
67154
335527
87448
214497
343197
109658
90913
184993
715508
308659
216951
354193
273695
266116
173928
243667
473951
244248
825965
426597
254062
505880
552610
438312
274859
135126
273617
431172
110618
820804
356961
381017
154024
418199
688909
559446
458638
516762
213187
255982
218369
499820
250907
474386
289458
485130
567344
288041
201867
44099
656572
371146
440808
681209
564233
489488
353453
177661
645278
409670
634474
399378
562898
254890
294782
358298
405070
474731
188009
101564
642384
356621
305923
511536
559771
294767
496883
471157
628863
279989
123050
299850
294121
387837
615329
285066
269519
422173
212299
190635
435491
379839
674151
500012
280419
668908
332846
441237
305538
665129
137527
103331
358099
262144
227057
112605
65968
281914
353372
618999
232941
721704
435741
264550
545206
586056
352512
333031
206106
587052
311867
198257
210500
240306
216103
39036
491746
108343
649666
424018
651927
344871
294464
260215
294647
706645
156187
342946
134811
565577
196285
119205
334288
413358
388955
368654
347734
331103
79300
232214
63128
443455
102804
379620
120382
344656
135538
227489
237525
92017
122852
513329
594561
90908
584555
138298
310017
190861
325832
370511
267484
344023
586906
447298
164305
369600
506755
311155
362136
94592
326515
558758
326508
314946
225781
247716
390999
234304
612275
378147
580335
132872
524859
131189
234347
596874
184498
382352
274525
376843
246896
285453
333837
222251
40916
53475
698184
721260
122614
236908
97193
314010
208804
326253
128481
470326
520074
112969
139343
315377
301475
544551
258575
199536
264529
221935
725646
494718
533123
400750
291029
562472
502966
390133
535118
500223
363050
308511
171960
143273
602076
131322
326445
219571
366662
665961
68506
100895
48659
570714
397138
289910
414042
42133
86850
507581
340211
383720
305632
399143
369656
395336
274838
199196
554179
273078
146033
633330
129152
146547
420597
225416
772537
134235
264034
201764
344583
375725
188285
266910
442356
402203
115137
471527
217519
129013
192425
457268
400428
551741
357960
410981
248897
284732
563869
434091
327053
169717
220306
511188
323960
431541
411018
310603
283867
255393
169162
249652
236172
199435
256941
256298
59553
331814
477064
308625
530579
254987
417941
415079
228053
492470
527465
119566
355052
59316
262338
322556
729006
667763
148987
364010
307241
114047
287854
468833
324430
259707
594930
437732
636180
248616
333462
535883
419573
591751
135652
107418
577358
237399
227342
99180
407932
112558
Case: 4
196232
154832
270450
346740
433348
381483
454091
446286
435445
114604
305698
465769
325404
388974
216492
932007
284585
574524
283695
248825
409506
291526
250763
436409
260947
381351
286447
388248
213647
174559
166658
260779
13453
205828
372026
441751
48303
448745
324442
224555
675980
225414
239343
666040
378584
225469
290393
335063
195952
62585
249269
787919
403532
394370
644644
384108
285060
239137
318643
365665
156275
685220
323373
674242
655161
507451
392504
299166
130079
389391
387290
426573
294271
307188
614236
307475
348358
148447
239835
123051
321007
370917
525840
411064
349711
352570
73426
433091
247590
167780
167587
155386
111467
635433
168838
400796
382314
335903
218840
148990
365924
194372
296875
280465
617977
274618
387811
367382
300889
270581
114361
58594
113199
226744
280393
601282
543600
430199
274159
485120
287724
261681
542113
306504
164304
427336
154611
293775
191099
224743
331496
339330
348907
274767
161280
299284
505230
610583
190072
324020
284690
337582
670564
358115
326745
323867
427955
562505
453671
321383
426875
92793
355546
508674
340699
308294
298630
612343
234647
390094
145620
21062
401963
184610
381429
690760
451792
623629
526140
536606
864874
654918
449098
497631
385456
106309
485446
510468
544135
736922
471193
503460
594083
174125
713195
464180
430886
512700
321639
345523
274188
238853
548
648484
165719
371086
343066
160670
34225
588567
515187
283584
207514
265010
312316
386229
481000
241735
736234
97659
235455
706609
233795
523468
275552
343934
261633
455766
246771
421978
490995
519698
388926
452616
271968
418952
453483
440894
419293
568466
289882
342898
562887
210293
324179
311780
303118
328079
410136
397247
187347
447235
250115
18991
195237
462111
511057
633612
265441
529281
439771
122209
365693
516537
375210
221199
35887
260942
476697
361665
417403
64477
212496
94132
445888
230364
401551
325978
318002
908639
237601
483134
296334
576841
286316
9146
415194
437331
381060
707209
346067
244255
237918
282377
352582
391122
519932
345373
269152
532584
411137
259512
273875
614304
375978
369071
592967
443591
194518
160181
944323
232943
416921
577244
183271
493453
488675
145288
567316
589573
347229
351964
402847
396196
348391
281629
519809
604698
304983
301322
647657
115868
195120
435149
156096
67559
128710
222722
118766
491726
331281
190020
484013
711502
333751
513365
750272
244567
283954
195863
118746
498639
264599
318182
302133
505104
323772
275230
432432
429821
170901
261276
541106
410602
405720
419107
505153
381810
517809
962
429588
458263
203598
427869
230464
94181
290028
265936
111965
207864
577979
319621
510035
401243
325083
315084
415787
549593
43901
400268
305957
289998
496377
842258
284829
242510
847472
324197
252959
563710
795596
204355
373153
373964
221887
352385
530522
459808
395916
411046
122975
323293
156129
129033
542405
216903
692354
252657
389568
379605
432540
552854
142380
470564
181887
424167
176627
354036
253021
367603
342841
665430
510397
416855
404126
292746
447445
334303
317812
310839
335637
353608
92974
359484
78299
348548
245033
369744
316351
484352
387533
315341
253389
399447
242207
162318
352034
434157
240405
444695
382972
470366
255051
382976
420265
349936
512161
535200
320398
347569
75478
356505
201228
397684
575769
590091
356389
457633
249162
265901
219979
246804
383136
487075
158871
300476
339796
279465
281029
407008
138148
120246
530178
276684
409069
226266
378662
324605
132121
463691
558378
162985
242907
464234
35320
379104
450412
298101
121354
33843
107508
69750
541237
720177
192003
139314
598953
354669
361637
562604
130668
231695
322037
57381
52351
378693
17304
328298
163796
193120
557434
488739
512035
392055
317809
434127
48758
487139
291074
462911
472068
339475
475179
124403
408864
328945
362088
526297
422837
564935
806628
276987
137272
339068
297154
216370
372937
527843
647790
291750
346423
292302
426065
525101
436092
413814
273606
406852
758062
353727
419388
555324
277007
381373
431234
435527
303594
388198
268059
392528
453302
318753
277965
564705
481665
144074
360116
151541
348905
391438
29458
346982
288767
324317
443019
299044
326908
386519
309470
271025
278880
122063
384963
212394
410841
325619
261022
328114
228101
294318
305819
277746
279658
290858
460329
361812
363903
570861
490358
402427
433492
259845
412457
479481
521955
288544
135387
232342
292177
414569
35736
70436
313440
98695
545202
440908
140442
396736
241063
330070
231097
266454
252533
487732
272691
162702
493374
327657
132167
337976
212575
269755
30100
73643
359531
289379
287545
392321
314627
111417
260849
240843
534962
100651
382018
519772
244815
495320
293409
372518
203736
218073
251575
354939
143806
401415
248156
371240
342567
502929
507761
365862
249603
420785
145740
369650
381014
369309
200639
224211
289285
449281
171081
550234
408751
383392
641018
564928
413049
307242
313746
346586
397960
242579
275829
343921
455835
230263
280805
634544
382353
482396
366605
507456
404758
428154
454135
388968
536805
295087
190283
482910
275156
782637
355824
269207
415572
86407
300549
202035
512029
35850
190590
101356
540557
260620
370696
465095
180424
176234
510446
434538
305816
322585
248768
497380
554898
310154
303460
268560
309433
851431
518067
230373
465077
550800
405472
246910
324421
316358
400283
122046
212264
579555
367949
337934
284018
391590
319445
393610
325499
345560
178478
476529
206922
701868
261304
362201
175464
351505
269398
274220
228361
557783
419088
416014
280139
308603
67923
309022
325512
355398
245315
292781
335935
244513
184111
386518
278638
180760
280711
270981
187016
360410
369120
336776
420921
212150
259844
186122
355379
90218
256883
481323
131324
430318
442313
977860
206206
378468
141574
247732
405571
614057
373853
110331
424216
216626
452109
414397
298283
563378
383724
435637
241077
74412
584734
350734
610941
222868
488173
375491
53286
60266
255229
376652
377934
426799
634108
388498
257215
465352
288416
386640
350858
560991
339464
296533
391591
475107
445959
35392
188928
456929
442320
271412
270609
329898
366592
629594
145719
328211
248698
167674
354631
352583
1188347
232812
437576
343665
859094
392103
256446
204831
219215
671460
398109
388693
295619
330491
392784
463550
225768
469873
193411
181567
440951
449588
297043
292663
433138
280704
495451
274759
489661
291135
881820
423246
491213
466744
314158
381550
569031
260484
319829
215944
433480
339291
432321
56441
536443
497289
348634
414875
386593
553304
375358
204737
482239
270137
273442
405459
268925
309439
466291
316547
302501
316790
473475
379086
295304
342223
363334
266452
439756
285773
618562
466993
414827
201781
596717
593515
169266
146581
299373
929709
295440
358941
292915
470898
45571
226665
276961
250291
723084
266711
569406
597260
196698
343838
317000
329201
107101
322409
395041
266816
275610
413738
321512
417093
356042
109459
536259
404685
201972
102536
372291
469712
331553
428168
175272
303391
151166
481010
103593
174418
363171
479146
494018
321202
130475
388661
329108
405769
426635
267873
341586
234982
217116
376423
Case: 5
217901
401728
395675
228537
343220
82009
334415
351280
678356
523423
292498
673561
493786
367167
337324
140448
868739
124565
538752
396802
601836
399831
662347
326220
586595
847002
505056
645641
793317
199212
361877
448178
322662
455259
325734
389463
411990
235682
114827
342696
585666
655663
181750
749421
633053
319318
826607
832417
433397
51223
620725
369077
766501
103863
488303
201610
696142
103503
319108
147700
699057
306062
301258
415247
427882
363974
119124
536005
138686
655121
462661
471486
570801
333081
388755
320228
248168
647934
413187
693441
162923
409579
402928
603247
370861
499452
394258
431117
294736
663091
695034
405833
531158
404337
650879
452598
416987
713760
579297
563644
366752
355316
394339
289163
144780
359375
122543
567584
195925
635596
347644
771368
627233
466141
769303
345482
557036
513144
627612
496951
274830
589541
381363
659811
244840
275899
43264
109785
476315
267526
598939
196999
108230
595722
291300
427077
93958
854629
625064
457903
404096
337783
472361
282396
306336
606289
935322
507264
435550
279958
882286
691760
474819
421291
292711
486666
432143
515726
505160
469751
396266
543584
416072
123197
87533
742131
410238
506069
110734
471784
539653
663544
740938
283386
496362
322424
411567
485423
387744
488790
189303
761672
449150
274895
432586
372322
364555
916094
171702
519031
351761
441537
213067
586548
291835
408428
569261
535438
446693
72811
185107
828341
589912
559803
299862
541998
365508
206564
70415
162146
465549
335796
653710
484103
453581
137383
344533
153443
485218
624598
465210
784130
605316
544968
418534
520633
584255
595938
216183
659090
750326
345849
290737
660333
918917
270252
95445
279942
259223
144437
202871
361264
364153
195870
389978
521395
719342
396068
469354
387886
367924
104914
591030
444002
454079
700106
323841
575380
535608
723592
735263
563667
47712
391054
371788
299181
104777
447120
179584
293327
368303
529240
33798
82568
89590
78038
484862
280777
407011
504140
217882
553639
509564
493673
361503
327670
157529
334946
254980
717586
525080
617102
485347
244964
489258
438334
145193
369890
516682
223601
622812
537429
536612
104228
124799
284022
724705
436079
285035
258032
683557
861237
134100
842497
732993
369410
646017
285427
566475
568238
225919
599827
677445
477818
504933
221096
534082
362344
730090
582419
198872
592974
380076
416576
212971
75409
408731
563701
118217
482602
329302
548661
865977
328440
362824
429181
205632
249088
180092
498491
684935
282728
71655
496559
295210
417135
312619
325201
493795
190292
789842
270245
359332
891831
227403
910690
252186
961105
363945
245373
567924
423476
290780
736143
990339
441241
477018
42569
377457
377191
425999
63114
360519
379743
136849
335324
493711
294959
176775
587318
305840
619267
516882
691425
1015190
618878
197972
255013
232068
987099
450154
355695
476414
489096
1083571
250037
301392
137612
232916
159495
571576
501683
144378
303832
243953
453556
236223
783050
331551
554944
606319
659604
703727
563483
620800
582755
214841
197246
438346
721585
418661
517485
587571
742329
405698
779910
380262
146666
248566
263214
218162
149843
108581
348724
384863
588404
255702
248490
13093
421752
467575
567885
658026
573103
651124
598122
613885
210741
451344
173816
106566
103335
385535
276691
539757
190367
245827
615967
425412
563436
430272
234317
211964
423964
493713
504829
306127
54150
301520
508191
711593
596732
323790
323170
246974
326522
591095
763665
846740
553654
413895
471466
433294
219191
540816
256601
779835
14100
868212
527960
335245
588282
537373
175049
251774
206954
542155
245358
426305
710733
452842
388515
710612
609906
158184
651484
879426
568116
268705
588825
365016
339013
397561
224572
466878
347464
559424
821276
248594
677976
426280
136568
731330
691982
367742
268959
330875
569122
267444
69580
560143
179751
573582
404196
351158
93804
355799
161059
329082
468770
229416
804430
560738
471389
341383
557889
366159
321461
405955
764281
260745
574811
264495
631651
503083
356060
244375
569866
464789
273061
222768
262044
311823
265742
574222
306338
477219
211749
410605
224783
623837
516761
446893
522832
405444
87689
703305
277204
732068
405583
576465
274820
481750
344064
623809
217159
259491
370701
339832
188677
120238
338596
246282
489590
305940
494914
945154
448829
805437
154159
396267
355496
404327
445447
155869
507779
518780
451320
406219
145681
417161
351254
692013
318301
344201
480615
461783
434301
537820
756388
278022
890331
527237
448735
269403
413904
209064
1182667
197537
537505
244375
787004
130042
788328
95522
250826
576540
99096
400538
600336
432900
110429
661704
282972
248414
323599
419695
509235
513730
397859
294383
291851
487693
134188
362109
401412
503457
303532
233829
302312
482399
590001
996900
517681
517225
507249
839111
571613
116238
318780
550609
640510
656446
65194
299123
305803
431135
681748
238295
749555
611296
295583
463770
254735
364139
449650
377370
295994
144105
469955
327229
633796
204616
203511
206801
590522
172661
302304
534894
573546
750272
482243
305819
223131
209980
244143
658069
268121
783615
441139
658673
442478
228990
214575
397141
617294
169073
515592
383227
451367
592566
210666
261694
738719
464966
383423
421160
232175
818842
248336
378615
136594
211979
416339
441912
278300
578829
267460
490639
266661
355420
781326
300881
716949
96829
580520
310873
563017
399505
283064
338017
555636
706092
381926
374587
158035
765566
198205
175681
548372
324472
327288
824826
187854
240606
385551
309301
622538
401511
645701
469646
632985
440323
458094
233843
309352
644269
569157
543909
402550
403631
383273
300016
340301
558758
896481
415132
288795
544431
281755
886707
209014
232758
503291
430744
192303
318431
353955
77087
428143
134553
248873
248839
320494
240746
260707
488297
580563
299793
227202
254418
253355
532953
490324
852560
398928
449775
528397
308578
65475
728664
283840
365167
364861
325591
353181
371482
52616
61828
199539
211480
552008
660635
311515
65378
440398
547698
157827
92414
269191
462959
554717
360984
360038
453981
461440
664322
302676
535405
373802
577396
554117
731927
499739
727223
596942
613191
180657
796633
615166
305893
344549
653403
163611
531193
668036
401609
682246
603898
376450
659095
551135
456429
171697
646332
470735
369511
315428
256339
493917
580967
459441
342830
125337
920635
208617
517664
527654
623245
444529
575926
664413
482995
645608
463295
103315
436040
397073
551865
269058
411823
178949
543420
580271
499386
536364
170395
327215
318981
551951
433077
298100
496391
410214
585324
768954
263213
803603
317849
542498
864389
177959
600412
59507
580862
296613
642884
165768
474223
319094
625579
280374
694900
499906
609447
353896
467512
458417
199374
646407
529928
370210
352652
502123
176112
469249
222366
400907
51303
274997
476166
497063
668373
763707
417612
714642
284020
788881
591855
452171
357498
41576
587014
448543
301012
374177
246557
710390
265892
307078
518023
160859
398264
282901
167477
274342
106682
539098
582710
696192
373777
545812
349204
258415
194525
464562
449469
188598
83988
777677
Case: 6
378767
374259
606773
219799
375687
428018
317149
402346
354274
551545
427970
281118
433249
311362
755420
628363
509919
112024
213277
544569
256806
437775
403114
363000
223210
369416
467092
141456
265768
518280
229727
591831
579082
333386
475459
418032
426846
157230
410926
266901
232933
190263
484917
499045
558955
300208
672984
350090
295278
386410
482762
412989
89136
217345
530780
289907
268041
247852
362546
378262
316609
571581
431714
141579
584313
749364
397876
148767
380972
733011
279864
348915
237712
380048
322832
237697
243999
278072
438567
124107
251187
283482
260245
210246
428275
252930
311549
493627
126816
336714
186583
446026
522555
543752
475807
476516
811773
644424
158629
328462
376392
184187
543723
530774
658882
350708
391182
526993
501998
357426
93902
166751
242233
511876
469199
41436
108373
565792
137854
53079
459493
272132
227338
269329
212359
281986
41211
428972
353247
429104
288208
214246
601931
477320
411295
210947
501193
291226
120661
443442
383384
498680
319993
201792
786411
97802
565151
534895
226995
572916
71788
619832
573914
356832
37958
698052
272739
794324
546558
580196
344990
138060
435801
351833
380725
496916
564882
576569
117111
630782
271728
391281
364077
327355
93777
283403
439218
269130
220569
433609
265475
503917
429176
209355
549881
569914
306979
257783
505626
157377
414887
736222
253260
264348
281363
261513
428985
620788
434335
28129
385624
632535
236447
695341
262799
452188
550952
289990
576951
644594
286515
272268
503354
734561
741006
437581
586868
576001
555516
307622
497242
942318
489764
835078
505750
246469
645225
199285
169076
258232
712927
154350
655005
385908
411895
609286
756261
486273
738326
346118
241765
370341
494809
419503
448296
760666
366784
231306
157240
428232
548694
577400
91752
473793
797867
290888
515198
395111
348557
148579
496703
602738
466592
680134
108560
471902
497904
521557
24364
552702
297467
540461
320787
612847
464546
421501
82102
2513
187506
468198
546844
424155
206012
336010
131273
418317
339128
305916
444931
192449
542057
403560
464908
455823
216318
404050
549170
669579
493002
419063
151727
313954
73447
503610
401640
411095
400031
633740
646108
336393
575952
414757
52607
472599
76391
64727
405461
233018
169477
566142
162545
271249
674656
542729
241458
329608
484955
295140
264012
358013
473174
645134
622981
151560
148531
269008
473778
605420
247826
383727
447017
561952
348954
192503
414822
728520
376007
211560
430000
457451
520633
829979
487696
373001
246373
304896
416466
659553
290462
470689
284623
457937
386561
694670
945806
419703
500484
108329
373571
525082
306290
388197
438784
386598
374333
331425
249586
503585
455875
217542
223065
314941
406249
501942
434432
556117
335980
550074
446297
325086
351692
553657
373686
158819
509504
333301
497943
685234
595223
390283
466380
96692
691620
642906
453855
864878
267854
673561
549523
528082
405209
526855
355206
469717
406856
205253
172171
290762
48680
639570
488391
444457
150376
387932
78867
342286
386550
134501
819666
241298
745688
138454
237330
669837
667729
666993
174785
290479
551071
294037
276777
567014
297611
127033
292923
588371
503127
190462
273283
110185
321402
574257
522823
392097
416735
702236
403101
567841
191118
106145
675566
260994
363176
647361
346758
926850
258348
525781
126252
344104
359351
181797
356671
571010
425401
314120
160353
639335
372585
393440
364326
351464
948392
165992
489617
957588
544916
614789
370391
41170
492499
110979
121809
138691
394171
646820
675378
668005
286580
930519
554329
494215
349534
123727
633261
214564
725928
300695
187259
498612
170181
425391
496115
232807
772908
507567
450724
137389
337139
554433
155000
196202
324638
429202
558808
335866
157068
509307
321059
540741
418941
426450
630210
77075
301477
72199
569623
390306
626990
341247
223262
417968
368669
184680
347480
454421
122666
298476
424377
597560
93669
533221
515799
50736
618342
227128
304061
308683
263389
855062
600152
275093
413880
325783
227926
361165
307867
297666
319304
283544
456996
255818
406233
336517
154851
530328
170876
480798
215402
424718
550509
327931
142183
617777
196258
429469
230402
285210
110231
485433
490593
148702
561249
375728
429359
620928
288195
414460
627445
128861
219300
438742
477731
676678
630010
442400
547723
252658
294799
444035
489765
621880
471434
309335
18981
434878
499731
88068
534287
682801
321690
436552
222208
549595
331669
577796
266705
343169
256049
712854
317468
219228
291384
328984
140619
243164
499413
146940
357770
604183
290448
413121
753620
471126
139178
200020
314932
230072
462027
87955
152682
109398
211392
468635
443819
172323
528624
491496
289806
432829
504175
649177
286996
672182
148561
408447
282682
335359
564596
349057
214975
152958
434098
261720
449323
57034
257295
389639
170965
414897
312652
450522
593961
240331
573786
262943
517784
736441
602194
319480
566246
605625
543917
358961
313433
710970
558583
460316
531017
332901
134105
169120
645065
267854
395441
586599
371411
271124
696426
26457
154860
92134
305985
586164
102404
300647
500558
483325
330349
434043
496248
524236
208479
176320
462456
346223
331788
212449
164598
573498
418861
128168
310544
370319
747231
575520
546665
600688
679875
132810
380773
534408
467680
254334
424543
492311
228558
429030
347305
772324
478185
273138
430104
423784
403360
284947
406233
237368
324897
865444
375374
103467
232437
315364
293853
562168
396596
45232
431832
665685
372183
425075
396401
48339
416369
256489
439171
198775
191786
537824
583160
339109
144652
71187
599634
696643
290833
380564
78167
202182
173262
365668
614628
403114
610021
537524
170753
735798
298328
245931
484570
685348
402887
232238
624931
526173
657701
215607
242217
199455
7900
512870
760858
489488
355297
577496
584180
217423
396108
317426
377081
400739
204852
443526
149750
191171
286877
445490
297508
474607
543936
440485
569731
214294
484230
373493
370073
862292
293708
340846
462858
632796
467783
453200
887361
481801
132643
465804
365912
424690
241003
209847
318844
310205
431951
121188
105154
611128
197552
661467
637612
882015
584545
782240
285462
395222
138658
101287
164037
302208
219064
249937
260195
316772
343115
592243
751383
484520
653289
740856
415285
67991
83765
303985
154773
336730
149155
328278
393738
102077
400172
356478
270453
389322
792376
405464
239055
277555
234002
373655
429993
702334
356647
451789
377945
333441
539789
564569
427348
428258
441709
685669
260137
437240
263701
620173
3680
352367
328985
41975
419703
556946
227411
587224
447171
350337
273652
805960
377793
455500
421538
479373
456101
565859
277600
690693
146499
531353
642646
414132
335718
341603
213831
229034
624956
675527
264564
758080
465598
205471
715592
494354
462789
196000
485419
593118
764721
67551
440238
178619
248088
135792
438726
319293
624638
146399
627048
559094
288411
395752
480200
423524
336756
562670
338701
652727
484694
249677
315252
418608
309131
127063
361922
338126
664202
479755
425555
112256
86402
409496
230402
385661
502073
401834
389768
564485
553211
515530
329884
565852
Case: 7
259506
438429
657596
738948
418133
494861
524101
828517
1026111
330952
542505
401945
552526
327643
259004
254703
459672
192964
272209
226749
241290
226328
86505
846805
926624
389956
353358
724361
653910
174116
603658
874733
714979
288517
411091
504277
522581
695369
892222
834502
105314
710303
328243
393563
343822
671221
126196
658166
734885
456492
435770
481986
644873
968738
545691
315356
310009
738955
1143942
765417
144834
476088
880789
188312
639736
252652
454895
371217
757154
731174
193772
343065
321572
280988
702994
365818
270569
482615
775869
633892
181079
390274
197282
397863
299718
429971
638700
164031
849682
385389
333146
731769
734261
335067
379478
573651
617816
540775
411736
642749
461126
22782
799256
389583
695727
964958
333492
78718
706465
606683
395656
260460
265095
184642
442727
302841
834880
850100
827724
65439
647280
504939
466232
836245
692015
618773
785704
843978
898951
302836
85774
580984
105581
676449
926968
273583
1068238
887465
634443
235219
798957
1044945
877571
786279
523691
406571
514958
734236
567097
222326
561717
380631
711598
462311
508956
306652
776142
790362
436560
714965
619890
394910
302717
526393
634416
521496
29058
1015741
310057
510935
294013
648950
731775
547571
678153
599922
272091
227945
813280
676486
249473
167976
769247
684066
36298
502199
693239
576730
370833
198263
151712
741708
370449
226133
462044
269721
303237
870450
1059871
800639
475856
760838
808303
202679
489726
666093
532825
766759
465771
642891
225805
428573
487379
947394
110082
890839
765000
106786
618128
103003
101618
711664
1116633
785436
1080190
911818
339181
273065
825960
790273
472910
302840
318877
514408
1086479
969738
521990
360412
74199
132944
238244
605640
447447
579859
105543
728747
100053
410907
733401
1150713
568391
740620
748981
303699
453066
752402
1005815
350972
180703
753902
576136
482164
670087
388297
776761
772751
315777
309947
452913
676660
263834
287019
714563
590654
413071
957893
973081
427390
109498
379259
712384
750770
955706
315801
229478
584282
411458
204056
420388
455361
394164
809839
967720
394474
555455
683643
201961
403229
155382
832890
401750
870410
449619
609522
514780
388946
1145715
189074
496952
769267
656144
763679
506949
96042
805468
749777
257902
192066
329200
591212
76045
585279
348918
309769
696429
662193
929153
594734
880092
502137
208298
247590
571801
944793
199863
448677
611678
1121509
205618
253675
825777
148220
627385
517595
97270
297237
268411
635619
187611
136276
309631
738230
541348
416010
107109
1038010
799422
787304
882634
762145
833089
360988
151788
661315
349163
461797
50360
1165386
279564
697928
607286
488514
248483
919857
748649
302322
775687
192365
739315
537849
522813
339504
345615
881872
803641
1010865
538877
754206
445528
262439
394842
88663
408378
566298
284781
571235
132879
670514
360088
297813
445788
279110
781140
333194
423610
758694
350836
553002
878685
371589
766889
616753
177484
847286
534139
426863
535361
674982
541313
182714
409961
555550
50768
108283
735293
971430
502842
914659
529504
683666
374619
324869
183833
895897
644784
312285
325383
904164
52761
727959
567124
616586
147037
407797
422985
366594
209317
275072
730992
799978
265794
46964
799127
432366
788762
252476
624409
716690
472263
70486
536748
531819
308769
965364
854761
67324
649092
475532
282630
334567
248911
536890
506622
884904
96386
386089
519874
145086
230382
77559
648093
687014
699866
335916
302817
472643
550887
757797
863878
879058
254763
729270
330961
214925
821117
723957
1102318
67174
55991
689209
560336
343732
150617
760177
613894
325814
865814
804769
821146
240040
123326
730077
451951
565043
226235
697403
842953
859593
399688
542416
280951
663962
612434
168812
463680
407416
389094
770883
415586
303454
292015
417713
297065
294546
896254
710957
680441
509113
629186
748516
654254
239903
308369
576406
839724
493328
384013
863077
576469
307409
427596
876572
290549
778996
322549
339115
371011
436098
702370
1015905
509420
618743
343974
130961
853358
392141
293267
34067
192088
151234
744458
770064
574372
329752
653230
174925
542836
743139
551351
737371
527193
708955
638512
701432
454437
315041
22421
444104
614442
422403
182993
456367
531659
692839
683487
838222
680785
987606
202879
631479
431408
1087749
545382
614098
669652
989154
719176
733895
613676
436208
258150
657029
991584
376543
279537
410892
689066
726572
346309
535705
583421
554313
493506
626654
579739
456886
197859
247162
814931
194190
565481
489614
607461
965769
851148
574170
749987
208738
753975
1075140
125514
830927
677088
782083
339265
344951
120099
889459
287546
941718
915842
602346
686830
534831
426005
819642
437166
364277
710328
423300
843836
516503
678393
870320
94406
602782
940980
641388
997876
479559
71348
141983
466613
585792
740783
539395
165349
551403
460418
732701
396442
626677
521819
529461
858231
629351
979201
308359
667615
1080187
59722
424777
411207
544513
775021
355252
476151
662340
236144
308256
463201
400163
386200
128210
485717
767506
333975
454664
258328
561053
617955
430610
740968
759632
533636
350872
687366
364326
259271
979410
324300
669500
259328
916393
722977
686552
276256
423270
698264
570145
843393
576825
376501
336979
446042
110596
155300
795422
686996
118543
118807
770916
687937
546646
286924
343313
238394
742573
482364
616744
99800
653631
401434
207457
75840
592548
475026
461733
366810
651728
802030
580075
687464
447402
510456
331946
162895
196734
546441
633599
192692
481319
353228
768388
771695
52957
217828
344246
961739
676856
960704
399549
296101
620580
477732
99550
257538
482289
361255
568453
791842
309666
418013
999375
720343
442362
527571
261908
509119
858708
393930
511216
214417
390558
329237
307845
306723
783475
839048
123152
336887
188270
856540
297647
784530
312267
770475
1035938
486115
829137
1076410
445333
416955
563344
409401
494897
765848
160017
236967
132099
70488
257930
655753
919999
525701
478032
462388
641953
329501
403100
535082
477041
483871
238336
72966
993083
180845
87283
362318
1104653
954706
182535
554235
192724
158630
741210
684136
151138
356243
401804
456757
536913
411949
929276
984365
738494
707260
475620
546285
497569
625453
137273
502394
242448
741516
207960
414235
478976
234988
497669
566753
520349
161013
284105
353666
316085
629104
551608
347542
475232
185969
743303
240560
148642
606060
410683
207144
631137
362726
793308
436403
133137
646622
332892
773088
695088
718738
696403
347437
88603
259132
489949
294334
247320
942346
108968
456389
77264
478052
544530
173168
959694
381082
873708
723886
285785
885349
239411
755705
778055
330629
320951
287988
861482
550701
291207
246363
757500
707996
505050
268171
468253
654028
128327
529077
811032
281812
395975
906942
474329
1202751
415048
680625
680713
279342
217431
310933
263773
381619
138453
463798
391559
333124
553755
796211
456955
572015
676143
751936
94210
502913
12780
247300
584170
479341
182741
26203
413054
576695
894803
840550
851066
810419
40641
167792
766900
538315
263220
915123
525884
280179
745807
1072871
389844
320856
184153
325312
466031
273581
701031
Case: 8
175020
413601
499736
328620
448738
156719
267859
463888
348947
573467
482420
119697
271214
456240
373566
456699
336247
222670
369316
72511
515153
691103
214374
444805
798748
551419
301568
267385
394616
315100
264721
495556
359187
142995
86750
586800
474919
499452
136031
135664
758799
696971
151912
187795
272977
494112
295190
581960
316238
344469
220677
165432
416027
497432
450545
103902
490712
159782
389089
198431
499345
254252
299807
344081
503011
508243
578152
355013
417886
261138
316226
473111
630559
434766
369715
978189
367309
447026
169064
250269
500668
275620
232862
496637
797604
389684
59554
483029
172993
307887
297056
485083
756638
547125
691192
457677
484815
476084
351864
215780
446228
537993
226157
263368
28760
212288
371513
637041
386752
547681
146742
712518
678148
586529
345860
453298
795912
262909
10119
548053
150588
811626
227119
349347
498284
406407
508549
260942
26733
119643
343168
366802
203305
411725
426581
526807
386306
498076
207273
317085
540080
700728
568028
450336
594723
409967
458737
747599
14544
254913
475399
185636
204596
169947
123588
837
334391
289090
395583
507656
146499
492550
455824
286288
329771
200274
270285
452929
454965
336453
373247
214372
434243
79088
409749
297223
538761
422006
429208
461573
110851
204570
386946
300239
249580
466336
423784
386667
685396
427767
154123
338012
462154
430708
221895
490340
543853
364241
210774
157001
312350
311658
210513
625803
491099
393495
292658
225678
356784
279240
580145
601334
161197
537167
467576
317135
454987
167283
143839
130570
217484
549292
374276
104810
565205
288404
79426
154663
321618
444961
223164
258496
626549
444803
471721
441457
388211
195009
200314
229979
404956
216391
802235
411992
323305
278403
33110
277828
291943
456796
108165
374192
573971
425330
185482
295043
428690
693292
181689
105855
729823
415756
196140
630388
420687
217965
475262
408626
248076
436554
387883
223129
343019
390716
241199
643928
589779
261170
525874
563765
229428
262089
465911
721248
372886
211841
524765
517879
336571
229578
197503
369667
524137
234191
118178
337817
537594
272813
128022
477756
340616
267324
321101
482044
155639
500969
324663
205311
364206
444540
376666
638881
550064
73086
271494
598084
64485
359604
102101
556110
108306
168781
241411
522887
753882
351836
132031
56413
281831
348341
269764
635407
306127
151206
372334
204831
346741
85216
543426
356876
424046
411318
465255
227916
259994
243277
121114
194396
597921
591489
344413
112728
235262
214319
147266
656206
281668
341145
194056
485361
184859
450093
481045
499624
167513
557434
547497
375516
37821
71447
240882
375040
192729
397254
212274
354814
142159
239984
141534
542822
419924
347223
462586
454166
497539
378588
375698
187496
287045
307696
380109
78379
275996
151074
372398
231941
314336
176778
431896
356425
492073
473412
210880
725681
688587
201497
460961
293083
426612
288163
272507
188704
510943
414639
335494
71169
71081
358972
87689
138150
718261
424800
236522
80669
113038
192677
449059
522792
497427
349083
465160
397898
464028
726023
82518
321389
456592
388196
328286
269203
520904
324177
268154
333035
301813
492737
418306
444130
405321
575768
339329
231208
67875
119223
26805
453100
849611
401260
347977
591913
62911
320803
261236
408693
314224
396282
206183
10728
84094
188653
80986
660460
154944
283586
735860
332795
377733
325381
259909
589553
247494
201239
133490
483429
422084
363309
350607
518125
141298
394445
693161
161793
293915
433626
665950
68646
276345
419259
213556
610620
56289
138506
281748
285633
419133
676678
439678
90576
351128
368470
378884
263226
345049
411486
256616
207080
377334
261791
240975
279275
329603
337129
130815
482612
435322
133390
143192
592264
333760
439725
544766
289494
322979
288902
608063
407982
250513
182749
204736
235657
442998
307567
704537
315227
251019
205466
297289
272051
652617
332889
292072
325966
144436
163847
274891
510664
835067
207512
515923
102117
362952
340869
495170
574320
246061
539053
332142
472425
561786
418005
609704
318206
46558
435188
215172
161362
298372
328194
308946
452440
338189
101891
376755
553359
195728
334634
145457
438015
711060
242405
449220
643742
308878
530544
423401
349704
91021
241560
611176
374152
731325
438453
292247
357167
426003
226535
579351
312217
170629
133420
280249
751887
483960
607846
184479
547310
561044
676457
339493
416246
400574
306306
275008
157140
422250
439825
210976
283909
338801
404508
147537
309778
354955
375258
125676
281308
573788
256983
401067
352141
789388
62551
207322
647555
107387
459997
819979
909340
227286
295820
331413
301102
250635
350521
569290
517358
590803
389791
586914
106332
12153
265992
352699
510995
68299
911520
281936
308085
237502
591175
429715
577231
57704
521017
315419
640278
393667
318831
533705
258075
333684
286658
409156
239520
788482
594888
395247
700689
513696
181261
237211
250268
668029
393579
281637
97437
195342
250731
327592
250779
461173
613560
47175
162770
362497
251134
328677
524490
214537
338609
400080
353714
360208
375288
287558
589892
145782
716565
166787
156220
288938
536238
228804
235380
773501
432731
146519
398605
234213
223667
294282
492455
568837
893025
702673
421737
298332
366084
476792
327470
806222
291743
543472
351987
407044
267533
185258
528110
318558
394307
190709
400989
60850
208830
580260
133294
256179
194235
447486
273220
376899
223536
205486
294123
413063
457506
228335
693533
668989
384799
707324
107070
232726
238735
661044
375993
30321
386302
808195
379050
263852
358862
384109
794369
216753
385643
328073
469624
267687
370557
475691
649945
198567
321445
266139
321295
315740
523775
180522
142510
158105
224493
508155
553387
346727
369038
683924
447238
247999
364922
135927
43105
512226
389996
144566
634653
385444
494200
307909
247702
600533
437422
559298
368334
390545
497268
283713
581477
482131
450692
630966
251298
565519
84367
75575
131044
275449
382360
456227
262058
152804
236415
595279
95194
145763
132739
415137
165452
475839
53554
596940
402834
323931
449607
232433
227565
643432
234434
361144
1017393
155988
753914
411323
432099
360445
657192
195909
622473
253078
19940
380460
293665
461782
466090
368553
949970
970532
291784
317657
455678
195017
220817
206759
377837
518105
311783
540731
689314
311356
495961
359410
341450
488678
672483
360496
395209
87909
177225
385407
132553
206794
189731
336548
155024
159034
159654
168526
368213
563966
384215
488814
305004
372754
200533
405317
389688
185576
477366
133435
254777
444733
441248
108961
482950
682024
379413
686133
16357
299117
344788
295571
430870
343557
129575
237126
491375
259780
72744
242388
213599
557237
323346
127889
229811
130472
457064
684840
341013
569500
346355
529578
328371
392049
836414
316119
61437
187269
318620
424725
225975
323927
368603
252874
102658
327783
659880
462875
110082
450513
360124
381205
51780
517771
125843
203034
870441
584248
358872
579409
457339
196216
125099
428041
473558
353925
465329
331783
230586
458673
285488
639272
749477
324837
291473
360032
109044
557739
333892
404987
542911
Case: 9
387046
193885
329992
411813
160648
24040
314293
569699
518139
36420
815241
594470
106428
720112
535487
242962
602213
263912
208857
229220
190208
388475
356831
184357
220505
427151
623495
156940
344901
495269
315639
391252
506495
463690
104564
376930
125228
189594
611784
556010
220618
967487
169086
508606
225945
419939
495880
324629
239228
286808
527477
308382
157491
515482
347387
486048
368492
152498
467772
192948
439913
422723
751630
256160
506983
169220
281697
290664
176852
357568
383464
18426
205696
486181
96199
116674
57936
100136
341397
237742
526194
127762
441195
529714
176684
559308
228840
1146150
132253
233634
328137
317296
575861
441177
280432
280203
237356
479043
621288
587854
384073
696820
503392
178972
313025
306385
179467
356189
189640
883519
636345
169719
855895
224215
213952
329970
381075
601697
580535
309578
305080
637063
147575
529408
33757
611690
696403
436385
542104
135470
461716
722953
431354
423792
294267
584858
392464
414789
379261
148186
637230
464037
215513
297042
324077
202547
332302
317273
86886
82995
173058
160409
454268
179490
643407
839273
385982
237437
383011
722312
233845
141885
400589
211056
130766
495679
72355
771199
362120
149121
367358
136357
174649
9910
281258
358066
410436
150328
329448
432321
190393
460460
507416
523135
527926
411118
72820
383354
268676
591452
179758
272378
655753
169027
350483
174189
385720
357634
209298
642062
295124
364291
597390
619549
363474
372632
80650
219352
289075
253718
209951
204748
144122
470943
548197
386333
239225
340312
438740
79836
302788
394612
297721
301021
183180
519200
285763
176194
1231988
509903
530207
333131
271528
197640
557492
198221
583546
286683
305752
349340
349369
359361
320861
94987
615552
200746
294685
206350
179798
232829
198562
346489
330059
266368
391439
861967
226549
41154
462273
117606
79306
565585
738333
338294
283829
642303
175004
517486
359368
671411
363099
249207
827884
209161
322706
538859
21803
42597
642470
445579
613737
511341
433415
448264
339532
337100
561506
402656
495360
426369
96419
428108
541304
412843
103266
525932
256917
519843
61959
406782
915738
48037
463939
560853
293834
519863
350360
542059
480822
145507
138530
232877
316811
86054
119837
231481
380737
53732
523198
332924
241762
337689
237084
375548
267295
279012
679290
162466
562881
114552
163812
488569
224850
391956
655329
701492
430434
153039
333089
317394
570049
207767
288430
251574
293118
5125
397417
429586
206474
492407
49357
211631
298004
821466
646053
384003
101713
251328
567349
483192
34453
415504
182502
377794
519986
60851
84392
240644
297576
301723
539070
474486
331051
41890
450032
471493
408466
613317
401666
436158
373952
201606
584958
444942
470127
679820
142671
392183
141486
95744
545765
126295
188684
857037
543471
774500
345119
277500
621136
324087
473981
97312
310610
208895
268472
412784
507687
190682
521866
353609
140049
699147
765989
324406
672535
628339
226384
81779
343384
471669
91347
304810
649957
255246
565409
206905
157696
212456
175709
578136
277533
243281
282959
232231
86940
221126
282690
529138
456073
140393
64683
191917
348710
334194
722417
311814
84779
470107
223942
397926
326541
300002
617539
79741
266318
559220
332261
434785
385602
124206
783920
525598
185380
397366
160711
174838
413997
558372
284255
389807
443379
181614
132978
313236
531060
511006
449415
174342
540089
219269
211432
324445
99376
477469
416417
263959
306106
57548
383324
666706
423838
387182
250629
409946
284259
89191
295084
372107
530691
200771
368524
230070
560242
796255
528579
317036
401719
816230
51575
308498
447527
203719
303052
393603
571305
380454
356269
470502
846024
62504
846283
583939
731353
339263
544769
552552
616274
184876
808150
512116
274623
304721
268314
514556
70121
396403
258024
385222
77365
145169
594315
716985
696655
282560
325139
278701
225059
380264
749229
367471
229776
570290
505449
474286
273894
302186
70474
633464
250301
307205
200729
299466
418426
153778
128326
185976
695617
48105
206853
145089
148173
363299
662060
374441
512857
554618
498327
362932
357723
289670
318237
311361
775188
435401
201217
385125
515984
298892
667208
222557
235554
197097
239367
392774
359837
168702
37241
76909
832736
548192
152285
207168
374015
810438
865040
246017
187922
334309
217569
543497
45603
170696
261325
189876
341455
615267
660889
524026
623411
551700
318206
185934
525794
324371
678672
796820
401925
766469
27731
470702
475728
703377
478659
547663
969281
691409
280034
529077
798449
298608
385843
317160
164928
495990
213419
613144
327994
249582
546488
470795
72077
220365
238451
656206
147071
892202
704658
195110
480716
336900
259712
365704
434868
312775
214727
444648
186203
262157
211875
196545
632744
330320
252799
567891
566589
103399
95585
316428
102016
357364
1068460
577755
519311
373617
106836
576377
339166
73363
419656
184523
284426
37087
514064
258185
313310
666259
99471
461086
156020
279250
933323
216144
718073
508979
361503
719991
376572
529602
473145
84066
553016
73708
396291
365596
600642
469499
83916
251447
162458
234537
365433
740509
174073
307494
128764
67628
134061
619056
106215
28862
399737
693246
332285
378906
749527
363699
757090
497487
435061
253234
689688
458723
1065025
137512
446956
732763
181374
406129
228039
484868
260867
307848
185947
491649
523338
176631
207529
507379
505155
189801
493249
536016
374484
507155
553599
322587
656379
293109
337061
539143
306729
178901
271203
17809
277241
147400
353350
216209
322300
491410
475586
249320
148719
388726
357088
278541
326242
576647
360480
497253
364549
176035
415709
537249
287249
303509
31636
136239
363368
409678
427155
496343
397657
266496
336778
149941
184198
135028
813531
494477
438619
791532
729487
395660
529219
419306
269726
696545
455279
540851
213563
613123
142184
272916
589619
583292
95345
208947
214810
264839
244368
231615
246387
609275
664099
404445
301451
541061
239351
615826
586842
204229
572804
281004
258825
295798
594342
225158
698494
229428
216477
247168
477292
548352
649201
244224
423379
558919
544078
312640
381673
273942
249300
260117
683534
614071
209111
92911
161103
331548
121424
575264
441084
604036
39357
363099
177501
192329
484343
589985
293341
619018
74482
275168
396375
481625
420667
370659
201748
524396
458749
131911
726891
352280
611695
218465
420562
124183
92874
278804
610576
276033
228037
460533
137774
442241
408655
423598
89605
509755
271010
351895
341291
247839
484475
354311
631505
96731
630877
244793
233984
600297
506989
268451
263879
197792
456180
210011
277981
200277
681015
308824
710762
693157
587650
401399
500504
303993
299198
213567
80031
524172
407279
492205
39179
327713
539635
195811
181216
126182
492405
647593
292870
171362
414223
305766
787775
312799
521131
761362
472166
418958
425265
609639
529237
232900
561397
391321
132736
610207
434534
282827
58963
121797
212676
609052
570302
70316
94082
689306
547613
283083
625805
229321
303113
369397
54546
501450
268522
419563
360298
249231
566633
333653
82170
348002
614879
393944
214940
333773
Case: 10
317950
320606
453191
550409
635199
235851
391376
636184
205063
172887
186743
599209
385944
449100
66898
291505
98820
265768
589887
462618
495242
476780
663727
79922
546768
291760
341786
473151
600000
485871
659470
780248
274281
298297
326911
268764
277998
249733
752995
353992
554276
739864
578945
464188
563740
555779
616606
323624
477730
41941
453616
178139
229626
370045
400509
167787
361639
126970
406431
565805
246302
653162
442321
450639
729081
249517
752862
640449
445617
409465
248006
234530
181981
401088
236223
303755
384091
312248
329458
218940
745056
220149
615149
147868
441633
587430
433483
398504
153239
700896
685629
195685
513182
431733
129483
785234
358782
326353
174146
317297
319924
371452
344371
537988
293684
257785
229534
303346
362028
258110
180701
92709
560818
151403
126351
493256
493707
734448
704831
499927
263603
302059
1038554
396561
587543
380945
702002
564696
466454
341708
314214
301125
379600
545929
537673
456470
523039
836873
561556
229143
340254
478801
252752
234274
294085
651423
80787
281430
526670
690809
270795
500500
752903
337543
88022
384823
348350
228856
657093
478086
472598
590656
326187
81506
550763
283481
799616
439994
341011
398522
414813
545373
512394
472532
828169
116486
793593
619923
419492
444037
998322
329324
425479
278512
125252
356256
601018
164839
222712
280206
328156
414023
258130
924095
528254
574523
322953
325337
392275
435647
379590
43864
179652
328021
165483
243565
332861
310334
781718
220095
475097
1028039
370922
555310
408194
404439
793705
176825
359983
604186
606487
200994
372241
452176
628414
532729
274193
592277
346456
875009
313037
84856
200841
256934
181276
370747
621391
397536
305974
222095
360100
512706
727984
393025
189209
144485
95979
430796
212178
483199
840091
107993
547777
470499
438055
236543
475239
346306
441086
644102
241475
180032
687365
512553
445509
389613
328435
411972
282969
222053
708106
526634
403951
278583
259464
879982
459387
374524
455576
372629
116550
480988
185088
705432
578231
473408
524473
252542
365247
808196
259285
456154
533625
113857
532964
267190
543326
426407
212058
304222
199356
659963
303289
540512
375794
576322
456472
485929
642675
920747
324184
680282
670006
445367
501014
467504
332092
754757
329461
585767
94726
243404
373482
389256
328019
444964
303921
601660
1150645
352401
126278
92634
376774
134956
458962
523343
251910
536000
101431
128571
185611
244223
392606
423971
376555
541610
383951
557861
395511
206470
426791
634127
27106
253867
157074
148233
122275
230079
814370
317705
478047
1100545
359168
695030
47220
694488
467928
462271
100976
367481
482936
98349
891822
438437
214961
286116
388582
140532
293822
59920
212351
56694
381614
483705
107146
401880
751490
405096
427238
333882
363809
407856
279702
546690
409468
713671
360947
10529
328608
153612
539197
221496
503603
170949
334419
617102
540780
507404
258676
86065
794396
320873
40529
362336
410534
286541
98127
355738
241755
199426
519515
393738
225120
651730
435361
332663
492008
577000
463509
200764
613615
732084
492611
782989
450586
662814
384358
552581
477745
237460
574883
333902
273441
327489
684901
170333
348913
439203
541818
399209
137081
414108
608495
49497
30841
445954
1064432
97389
190879
377021
411538
102775
32925
867697
807928
674798
439338
137210
161393
305612
625124
571186
504620
585320
605273
565837
449874
385643
361623
506941
579998
323020
255018
347973
97730
537421
332462
827075
482889
462963
419523
480074
571742
480920
194554
423553
277924
277335
180434
194872
419623
518627
154794
396271
600173
607643
82470
691411
321632
297922
650978
754138
453590
143294
630098
117888
375111
336835
415466
430608
266085
413862
167639
394579
642678
33841
494006
257774
431969
238574
76327
415375
430645
318013
291110
293656
39621
572920
602163
570869
214642
510498
122521
765244
538450
52186
311560
46429
62715
415925
761327
553644
408635
567924
340677
538272
283047
571757
472144
563608
409452
267788
220410
270467
929160
827789
486366
79680
914742
434460
356326
525417
678857
364591
210142
229347
75305
244942
555798
183159
251972
78569
542312
608606
447143
264507
616042
69897
1040610
392542
471981
493506
560087
692635
659493
576612
283908
529301
746255
570426
132053
470888
448579
216341
691881
773726
1059331
651285
407915
395045
786093
449900
532979
491436
257535
359578
111203
735813
342968
292748
460778
458777
554121
210829
664930
356930
12713
185265
388635
935270
249771
160165
371399
544504
827647
252692
413148
351716
343116
484013
112446
133858
475005
635666
515390
303637
31614
640331
782318
549019
254771
403505
295767
593555
170473
501773
198891
349131
401166
631054
198455
264418
137569
43433
438626
441368
464978
747701
298418
466183
266945
569311
582854
311835
419344
498878
150697
222807
67590
164115
513013
401798
269604
438225
580414
286893
405112
130033
550038
379974
545941
494598
394656
500399
551179
626300
452656
579495
467061
678025
408356
372875
458327
548202
598995
829882
748777
441700
259358
474188
531510
405068
216635
668610
494795
353856
381396
438963
316971
339497
423922
193529
561214
375052
470800
280883
497813
252978
440901
286282
267839
693736
705813
144644
409888
23286
507892
204735
207138
317253
400303
578633
301447
62252
538717
246512
251813
35291
775696
256302
683315
872446
305228
553433
137103
449081
405807
461978
391993
485509
744073
410449
503283
436109
380636
438913
657795
663460
481701
167071
89232
300686
220705
461152
909472
174586
512018
146103
77155
531752
178385
474946
198324
426693
67723
398669
616302
449180
239681
701988
483966
658506
248847
391239
89743
126209
938200
176907
1009832
543818
489615
205767
270382
547524
385878
587215
27253
548287
7807
441553
530790
384551
523792
74662
353927
274170
352783
518831
302268
363519
162430
153664
359643
98511
565216
646196
346336
82672
302206
621143
436323
572289
231731
819844
298979
663443
557601
418245
637919
310522
255053
633658
380297
334232
453577
172138
1004731
438020
572885
478693
358988
326343
333336
394854
341895
131517
282188
237816
630016
761239
189387
238293
541634
406690
272108
355193
474297
480619
240012
515595
296924
589067
425576
368004
281064
95183
368770
534083
461987
349127
680749
608972
457619
97460
458258
375385
595265
620366
133602
229456
228778
169914
578416
341241
407360
559127
347380
527718
248449
819471
237718
458292
566315
336609
363755
572993
951959
598904
244785
461943
486964
418217
423848
803095
455925
241088
787124
868868
652350
936725
224709
364639
406951
91314
255913
209608
221260
268283
464788
190206
444882
54423
352913
210566
323819
269478
360152
376811
201824
389174
32023
125930
320935
544169
403290
293166
491894
307180
306840
471709
202282
463432
336552
262439
478884
93318
548043
530849
525223
421179
853649
120405
317731
435729
298453
130043
502497
437831
273076
800740
48759
83127
617631
223843
154001
208828
421372
202857
114406
360086
150160
284049
255317
247197
543070
288762
628381
264623
595521
698204
428541
111738
469375
296361
887078
204780
337195
491095
626708
358799
