7
20
39 21
22 45
-4 -47
-1 -42
15 -19
39 -26
19 31
-14 24
23 -19
1 37
-21 -19
17 30
17 -44
8 44
-42 -16
-6 -40
24 -40
25 -31
-18 -36
41 -4
20
-27 -15
37 -3
-48 10
-27 44
50 41
-45 -35
10 -40
-1 12
22 4
26 -34
22 -27
47 -11
14 -41
22 -13
19 -8
4 40
30 39
19 -20
-46 35
-18 -12
25
21 42
43 31
24 36
41 20
36 33
4 23
14 23
48 10
35 18
31 8
12 10
50 8
0 34
35 18
16 30
21 46
26 12
23 37
29 36
12 45
28 31
13 15
6 28
21 18
1 0
25
-16 -31
-26 -15
-4 -16
-38 -37
-7 -12
-28 -12
-8 -29
-16 -19
-7 -47
-26 -2
-8 -22
0 -15
-20 -9
-32 -41
-2 -1
-22 -28
-27 -8
-21 -23
-38 0
-34 -15
-11 -5
-25 -16
-36 -34
-3 -21
-13 -26
30
0 -5
-4 -5
-6 -3
-9 3
5 -2
1 3
-9 1
-2 -9
3 0
-2 -2
1 -7
8 9
9 8
-7 10
-6 4
5 -4
4 -8
-4 7
6 -3
0 10
0 4
7 2
8 -3
10 3
7 0
1 0
0 0
-1 -7
-7 -2
1 6
4
18 -18
18 18
-18 -18
-18 18
4
-1 1
-2 2
3 -3
4 -4