100 1000
2 2 2
2 2 3
2 4 4
2 5 5
2 5 6
2 3 7
2 3 8
2 2 9
2 8 10
2 4 11
2 7 12
2 3 13
2 1 14
2 1 15
2 2 16
2 8 17
2 8 18
2 6 19
2 1 20
2 15 21
2 1 22
2 2 23
2 16 24
2 7 25
2 7 26
2 17 27
2 23 28
2 23 29
2 9 30
2 23 31
2 17 32
2 30 33
2 3 34
2 31 35
2 28 36
2 24 37
2 18 38
2 4 39
2 14 40
2 25 41
2 1 42
2 1 43
2 6 44
2 43 45
2 19 46
2 4 47
2 5 48
2 33 49
2 38 50
2 6 51
2 17 52
2 10 53
2 15 54
2 47 55
2 22 56
2 43 57
2 34 58
2 7 59
2 10 60
2 11 61
2 56 62
2 17 63
2 52 64
2 12 65
2 22 66
2 36 67
2 3 68
2 6 69
2 43 70
2 3 71
2 27 72
2 54 73
2 38 74
2 68 75
2 30 76
2 67 77
2 63 78
2 63 79
2 72 80
2 40 81
2 3 82
2 59 83
2 52 84
2 8 85
2 71 86
2 24 87
2 9 88
2 81 89
2 51 90
2 21 91
2 55 92
2 37 93
2 45 94
2 30 95
2 24 96
2 28 97
2 50 98
2 22 99
2 56 100
1 54
2 29 32
1 77
2 27 8
1 62
2 56 18
1 2
2 12 65
1 68
2 56 93
1 59
2 51 79
1 49
2 94 5
1 3
2 83 52
1 8
2 75 6
1 97
2 25 83
1 78
2 32 63
1 78
2 78 85
1 36
2 16 70
1 51
2 32 49
1 61
2 98 52
1 20
2 77 88
1 40
2 57 19
1 32
2 27 40
1 79
2 23 66
1 54
2 100 43
1 72
2 46 86
1 67
2 71 64
1 4
2 71 4
1 73
2 82 64
1 39
2 93 75
1 74
2 77 44
1 74
2 85 9
1 52
2 98 83
1 12
2 33 46
1 96
2 8 15
1 81
2 66 13
1 97
2 69 69
1 11
2 69 23
1 78
2 44 34
1 15
2 55 48
1 68
2 34 44
1 28
2 47 78
1 71
2 47 85
1 62
2 7 34
1 90
2 98 2
1 54
2 35 48
1 27
2 30 49
1 49
2 84 45
1 8
2 40 34
1 16
2 27 8
1 39
2 5 13
1 22
2 5 99
1 57
2 98 6
1 62
2 46 18
1 86
2 68 21
1 20
2 27 25
1 16
2 38 11
1 19
2 88 48
1 10
2 63 22
1 23
2 24 48
1 21
2 73 41
1 24
2 16 90
1 48
2 22 78
1 82
2 27 11
1 33
2 89 19
1 31
2 62 37
1 36
2 45 19
1 11
2 92 80
1 88
2 66 65
1 89
2 6 15
1 52
2 36 21
1 25
2 35 35
1 85
2 98 49
1 91
2 59 91
1 89
2 71 20
1 100
2 27 9
1 60
2 44 99
1 33
2 17 9
1 97
2 86 53
1 17
2 90 81
1 5
2 50 73
1 88
2 24 37
1 23
2 62 70
1 20
2 4 54
1 77
2 93 47
1 87
2 94 83
1 84
2 2 14
1 48
2 100 25
1 10
2 2 64
1 33
2 2 99
1 13
2 23 29
1 30
2 87 5
1 14
2 96 24
1 33
2 7 44
1 25
2 59 30
1 51
2 33 93
1 99
2 95 23
1 20
2 16 92
1 69
2 82 22
1 43
2 1 19
1 23
2 27 38
1 37
2 14 61
1 29
2 19 63
1 96
2 55 2
1 85
2 90 80
1 94
2 33 9
1 57
2 29 81
1 21
2 32 83
1 76
2 86 86
1 92
2 17 27
1 77
2 96 34
1 29
2 79 5
1 60
2 36 79
1 37
2 19 24
1 36
2 71 14
1 2
2 88 33
1 17
2 83 97
1 30
2 26 75
1 42
2 28 94
1 10
2 59 9
1 1
2 93 40
1 27
2 78 31
1 66
2 14 76
1 78
2 6 100
1 93
2 74 32
1 52
2 95 57
1 42
2 48 93
1 76
2 34 8
1 26
2 84 56
1 8
2 51 49
1 39
2 47 61
1 2
2 31 19
1 32
2 63 40
1 63
2 8 32
1 92
2 69 91
1 22
2 96 19
1 50
2 58 72
1 87
2 60 10
1 70
2 55 33
1 39
2 96 59
1 99
2 4 74
1 14
2 71 75
1 9
2 25 83
1 10
2 56 77
1 8
2 84 77
1 7
2 17 24
1 38
2 71 52
1 18
2 12 92
1 50
2 36 73
1 47
2 31 57
1 11
2 8 80
1 31
2 7 31
1 24
2 9 93
1 85
2 6 72
1 81
2 79 7
1 54
2 75 68
1 61
2 35 82
1 86
2 8 40
1 49
2 92 24
1 44
2 7 40
1 51
2 1 32
1 99
2 5 84
1 97
2 29 78
1 23
2 33 49
1 64
2 4 90
1 67
2 11 73
1 44
2 59 13
1 30
2 40 91
1 6
2 11 76
1 82
2 26 23
1 35
2 96 31
1 70
2 53 57
1 9
2 77 89
1 41
2 44 2
1 24
2 3 22
1 52
2 46 17
1 34
2 38 17
1 42
2 18 85
1 6
2 56 70
1 63
2 47 48
1 76
2 20 40
1 38
2 79 31
1 26
2 62 83
1 38
2 21 94
1 39
2 7 42
1 71
2 13 56
1 86
2 50 42
1 14
2 35 79
1 47
2 15 56
1 94
2 91 22
1 32
2 47 95
1 52
2 20 51
1 63
2 18 61
1 51
2 40 91
1 32
2 85 97
1 3
2 7 39
1 38
2 91 1
1 76
2 72 26
1 16
2 29 25
1 89
2 18 29
1 69
2 8 1
1 32
2 99 31
1 62
2 55 10
1 39
2 64 74
1 18
2 95 50
1 66
2 42 10
1 63
2 18 90
1 67
2 77 63
1 54
2 24 47
1 64
2 53 90
1 89
2 8 8
1 22
2 87 67
1 73
2 37 35
1 31
2 62 97
1 76
2 20 1
1 34
2 99 9
1 72
2 92 83
1 62
2 37 28
1 40
2 61 1
1 80
2 45 33
1 58
2 25 20
1 80
2 78 68
1 98
2 98 94
1 16
2 68 33
1 39
2 72 36
1 29
2 31 49
1 23
2 93 24
1 67
2 20 21
1 32
2 64 88
1 29
2 44 20
1 69
2 75 44
1 20
2 64 29
1 59
2 5 85
1 73
2 4 50
1 87
2 79 69
1 16
2 43 17
1 96
2 77 73
1 73
2 36 25
1 64
2 84 82
1 1
2 16 50
1 9
2 93 14
1 22
2 12 18
1 47
2 60 4
1 20
2 86 15
1 54
2 47 21
1 52
2 32 95
1 57
2 49 83
1 88
2 13 95
1 12
2 76 62
1 23
2 8 47
1 83
2 100 2
1 66
2 87 90
1 97
2 41 59
1 17
2 85 48
1 60
2 47 94
1 85
2 61 42
1 13
2 88 22
1 60
2 93 70
1 68
2 9 92
1 48
2 35 23
1 21
2 7 2
1 87
2 35 38
1 55
2 7 53
1 36
2 92 90
1 82
2 69 28
1 24
2 96 43
1 28
2 4 85
1 14
2 89 86
1 27
2 76 99
1 15
2 31 50
1 35
2 91 88
1 23
2 26 95
1 67
2 92 20
1 71
2 90 18
1 15
2 10 4
1 8
2 71 7
1 44
2 92 11
1 77
2 18 85
1 89
2 30 19
1 79
2 61 40
1 72
2 64 87
1 82
2 47 74
1 76
2 73 65
1 20
2 53 89
1 100
2 36 94
1 8
2 97 4
1 97
2 97 58
1 21
2 55 92
1 78
2 72 5
1 6
2 76 53
1 20
2 95 27
1 1
2 19 1
1 19
2 79 17
1 96
2 12 68
1 11
2 47 34
1 90
2 23 27
1 7
2 17 26
1 13
2 3 9
1 21
2 78 37
1 87
2 64 47
1 56
2 97 56
1 70
2 9 85
1 79
2 53 2
1 4
2 86 71
1 97
2 80 72
1 46
2 18 46
1 71
2 1 35
1 19
2 43 30
1 98
2 23 39
1 58
2 93 34
1 22
2 67 78
1 14
2 10 42
1 71
2 31 76
1 89
2 73 77
1 56
2 7 83
1 8
2 70 73
1 12
2 98 40
1 80
2 94 30
1 25
2 89 20
1 43
2 60 67
1 15
2 49 77
1 13
2 31 9
1 15
2 91 98
1 65
2 76 45
1 35
2 74 62
1 56
2 25 13
1 6
2 9 4
1 97
2 98 26
1 20
2 74 90
1 65
2 83 2
1 27
2 81 33
1 12
2 14 29
1 43
2 82 46
1 27
2 83 58
1 68
2 4 95
1 44
2 82 69
1 11
2 51 100
1 56
2 60 59
1 41
2 34 16
1 66
2 100 3
1 66
2 34 45
1 72
2 82 19
1 77
2 31 80
1 19
2 75 56
1 3
2 56 9
1 48
2 37 40
1 86
2 87 58
1 24
2 66 81
1 36
2 94 36
1 62
2 30 96
1 52
2 13 3
1 28
2 52 28
1 55
2 13 95
1 47
2 7 42
1 84
2 25 93
1 76
2 91 79
1 24
2 47 98
1 55
2 36 4
1 51
2 54 31
1 18
2 20 55
1 64
2 65 36
1 33
2 12 34
1 73
2 79 63
1 33
2 58 58
1 17
2 39 89
1 4
2 89 62
1 30
2 82 63
1 18
2 42 76
1 32
2 87 77
1 70
2 16 19
1 56
2 77 50
1 63
2 90 49
1 25
2 46 37
1 90
2 88 29
1 50
2 42 85
1 80
2 13 60
1 72
2 64 78
1 61
2 3 1
1 99
2 88 15
1 74
2 44 63
1 9
2 27 43
1 74
2 46 29
1 9
2 75 55
1 9
2 91 29
1 90
2 66 4
1 3
2 16 42
1 78
2 45 73
1 3
2 27 53
1 11
2 29 35
1 77
2 18 61
1 40
2 50 92
1 28
2 99 59
1 40
2 84 39
1 82
2 65 72
1 83
2 28 92
1 76
2 35 50
1 90
2 71 54
1 38
2 57 83
1 24
2 59 36
1 15
2 75 87
1 90
2 26 37
1 73
2 44 20
1 47
2 63 75
1 29
2 69 66
1 52
2 7 92
1 35
2 46 45
1 30
2 53 93
1 20
2 2 32
1 72
2 15 14
1 19
2 84 79
1 13
2 77 9
1 11
2 14 99
1 20
2 77 36
1 57
2 30 91
1 21
2 38 78
1 34
2 37 26
1 11
2 9 46
1 17
2 31 97
1 74
2 13 17
1 27
2 60 46
1 1
2 70 27
1 18
2 99 79
1 46
2 15 29
1 58
2 99 21
1 34
2 21 7
1 76
2 89 6
1 58
2 60 98
1 87
2 60 39
1 79
2 43 50
1 92
2 12 36
1 54
2 5 48
1 79
2 59 9
1 57
2 100 31
1 3
2 45 31
1 68
2 52 11
1 59
2 57 93
1 18
2 31 63
1 26
2 15 24
1 92
2 97 23
1 49
2 60 90
1 22
2 46 84
1 27
2 13 69
1 53
2 82 11
1 49
2 19 97
1 88
2 27 97
1 73
2 72 36
1 47
2 83 21
1 2
2 32 22
1 14
2 8 21
1 22
2 66 91
1 57
2 76 90
1 83
2 84 48
1 43
2 41 56
1 39
2 87 22
1 46
2 36 11
1 62