1000
1 8489
739 1012
857 22613
972 18810
1355 29600
2222 19032
2542 7580
2762 7389
3199 28465
3936 29262
4271 32240
5041 14299
5617 9379
5785 17362
6434 14889
7404 25363
7898 10881
8058 23236
8167 9764
8397 12869
8615 23448
9018 22886
9553 28482
10395 32472
10445 9596
10877 10978
11540 29415
11596 29269
11716 26370
11887 21954
12065 9468
12245 8426
13071 24263
13274 24182
13818 1646
14754 13289
15421 10664
15464 14802
16229 11181
16662 9286
17445 20808
18119 20365
18527 21294
18935 1308
19545 27278
19571 3267
19593 3049
20147 24104
20829 17444
21289 1652
21945 27612
22738 5708
23442 9465
23501 11267
23589 22150
23846 28174
24330 6848
24791 2488
25480 21356
26468 2583
26498 22638
26831 6974
27131 29848
28009 3508
28150 9408
28329 11813
29245 19733
29574 17752
29737 22707
30507 21601
30870 30580
31648 24856
31879 28169
32632 26313
32802 11338
33724 16173
34086 7627
35058 6041
35199 26800
35333 18038
35848 3778
36808 5361
36988 9410
37027 20723
37599 5117
38521 15188
39044 6688
39311 9804
39577 31566
39673 22570
40500 6768
40879 1608
41327 27596
41341 31806
41860 30170
41903 17238
42876 21586
43399 24128
43943 29066
44636 27911
45325 27135
45702 19780
45752 20017
46414 2706
46938 14005
47555 13121
47736 24197
48695 25935
48822 14234
49402 10131
49822 11709
50651 25404
51564 2970
52271 4474
52992 13846
53553 29051
53685 12770
54269 23193
54772 10064
55245 32466
55811 22630
55910 12664
55973 15666
56274 1577
56906 14940
57352 23554
58028 9730
58479 10512
59145 3775
59386 6663
59584 30989
59700 23095
60448 1742
61327 6075
62010 15653
62887 6132
63837 23690
64284 28726
64669 32542
64684 14016
64806 28987
65082 16370
65743 30800
65886 15290
66835 31724
67504 18256
67976 17688
68846 18211
69624 18410
69806 7443
70578 11095
70668 3808
71066 841
71215 28898
71514 28913
72493 26875
73178 7519
73728 24011
74025 16976
74360 26146
75308 13639
75499 19643
75688 10463
76454 31783
76611 6239
77216 26375
78180 4495
78243 16510
78497 20682
78846 6374
79188 25429
79462 12994
80336 17391
80739 9204
81554 9641
82518 5937
83292 24824
83419 16817
83890 14089
84448 24875
84965 24404
85504 22016
86267 4980
86753 11703
87382 3382
88156 12713
88213 10992
88465 19965
89096 11796
89421 25815
90413 18436
90651 25037
91350 26920
91498 8603
92016 1599
92212 535
92630 18418
92663 11879
93646 22703
94195 31601
94686 17588
94960 26771
95493 8298
95725 6292
96324 26869
97246 22235
97929 21257
98493 31967
99185 31743
99465 19423
100073 12584
100210 3795
100255 16737
101046 6306
102032 3303
102677 29333
102717 18285
103068 20236
103773 8300
104581 5232
104924 17851
105079 5224
105831 29791
106687 17232
107103 2980
107304 999
108103 22125
108676 23367
109025 32456
109822 8475
110034 24517
110472 12
111109 10633
111203 23164
111720 2974
112026 26487
112619 22925
113490 7142
114169 23983
114465 13318
114856 20032
115800 28953
116491 6325
116691 24412
116830 30543
117825 14392
117932 1265
118563 13500
118596 17199
119539 25675
120532 18087
120787 23442
121095 32148
121903 20413
122088 17568
122357 29163
123031 15866
123156 7903
123886 7849
124335 14072
125020 26144
125396 12899
126365 13330
127191 17807
127939 12423
128933 10721
129403 14896
130394 24234
130466 20215
131214 30294
131587 25307
132018 17382
132426 6395
133209 31904
133583 4848
134073 8708
134262 19040
135083 18435
135953 10448
136382 2924
137005 20922
137931 19623
138758 21216
139040 677
139206 11999
139874 14871
139926 30215
140332 5342
141069 24938
141612 24003
142538 9267
143299 1129
143310 26426
143408 5503
144136 8917
144721 826
144754 19184
145062 20995
145551 352
146255 32109
146820 17012
147412 10601
147592 16333
147681 29629
148343 23920
148725 31154
149192 1306
150095 26125
151068 17364
151395 6977
152100 26054
152506 19939
152948 1104
153544 9054
153734 14935
154230 10472
154403 29405
155139 14005
155866 1493
156211 4970
157161 5941
158091 27604
158479 27724
158539 29402
158600 11094
159580 15792
160388 14670
160896 12366
161210 10755
161504 3617
162252 30318
163191 768
163478 27971
163610 14433
164047 4550
164590 19149
165047 23776
165450 13201
166075 5234
166954 31415
167373 11497
167789 17716
168147 26899
168157 4963
168431 11313
168529 17330
169284 12877
170101 11676
170535 8909
171466 26839
172134 12617
172150 5326
172957 16538
173864 13393
174059 15411
174573 29067
174994 7093
175343 24117
175793 17597
176563 1034
176900 16128
177419 22907
177764 28315
178646 28323
178948 18596
179122 26237
179680 13829
179823 4181
180536 6282
181200 13692
182088 9784
182171 28480
182472 3809
182849 6427
183109 8181
183719 13099
184703 23195
185662 18658
186166 12288
186788 12287
187527 22511
187780 13245
188567 30115
189066 74
189720 32473
189972 25210
190550 6441
190993 12221
191051 24981
191504 27215
192244 21091
192639 30126
193029 15144
193965 28497
194189 32550
194217 32663
194739 3543
195419 14078
195764 18890
196695 19349
197430 20910
197795 19124
198708 24493
199662 4842
200443 13051
201092 10807
201247 14254
201436 17531
201791 24784
201882 3631
202457 26802
203286 3923
203945 27524
204032 15015
204338 4131
204826 32030
205580 13106
206400 24976
206788 18540
207035 7343
207360 26168
207516 5436
208132 12158
208691 15483
209370 4026
210018 19172
210193 32079
210450 13595
210998 13853
211455 27938
212436 10837
212694 17358
213136 2444
213688 32375
214195 9743
214351 29940
214753 8823
215272 19398
215747 7549
216558 7828
217345 20495
217599 11992
218318 20899
218366 27351
219117 30411
219549 24790
220384 32265
220681 29323
221133 32485
221752 23762
222606 20286
222621 26529
222809 21214
222980 21054
223913 26961
224432 20399
225230 28150
225373 10099
226053 32342
226191 20079
226482 31413
226716 3115
226751 29927
227148 62
227286 357
227945 7175
228503 7840
229400 25758
230188 9877
230850 4362
231815 32418
232043 22709
232571 31128
233468 1565
234309 8209
235043 8651
235395 21252
235603 18825
235736 31894
236589 2000
236832 17203
237569 16256
238395 29406
238541 32723
238774 4293
238902 21652
239297 19737
239515 26252
240469 18204
240690 62
241220 22396
242002 19156
242817 21727
243634 22360
244555 1727
245022 18471
245997 14968
246498 11939
247140 11935
247446 28969
247698 18582
248293 19779
248581 18525
248621 18974
249368 28331
249611 12094
250534 18750
251494 21360
251981 6511
252628 22528
253436 2313
253441 9261
253912 8539
254631 13530
254934 14476
255126 5254
255321 18735
256295 3966
256386 26647
256834 30801
257805 19565
257943 4229
258148 7679
258601 27016
258938 32219
259338 20969
259547 32029
260286 8904
260312 30213
260822 396
261238 31565
261596 27092
261780 20921
262308 5039
263032 10223
263728 2575
264651 137
265391 1403
266030 617
266978 24325
267005 9036
267906 12156
268759 24738
269438 28386
270070 31390
270722 10272
271087 25993
271177 5369
271604 25947
271710 13885
272202 1932
272283 15423
272341 28456
272804 21384
273070 10018
273405 10701
273788 28394
274114 16159
274428 13633
274996 22370
275205 13645
275708 8192
275858 27112
276039 24031
276169 19262
276381 14224
276551 2711
276882 28617
277874 16497
278254 9237
278458 16594
279230 25546
279691 2524
280430 13115
280840 162
281029 20272
281867 28730
282411 17555
282423 32532
282814 12396
282941 3721
283178 15376
284096 14519
284542 10644
284579 24717
285494 1160
286381 2082
286537 19170
286708 24907
287496 8761
288301 19564
289292 27956
289354 14734
290265 21825
290535 8114
291286 7306
291767 32357
292622 19493
293526 7573
293920 4746
294354 32675
295198 26187
295489 14777
296376 16639
296803 9822
297347 1663
298052 9800
298282 27734
299100 25457
299887 30066
300212 19053
300243 22048
300892 11770
301356 21559
301965 18649
302379 30610
302730 4572
303560 7876
303726 5697
304059 19464
304823 20030
304951 15991
305815 8157
306177 11134
306682 1034
307464 11406
308048 490
309013 13589
309563 29807
310308 9390
311132 20010
311615 18836
312033 20320
312692 26461
313574 25183
313708 5605
314123 4626
314439 3208
314785 20180
314899 11668
315350 30082
316204 26109
316739 19668
317533 13651
318261 27885
318295 29170
319181 17712
319494 7545
319851 13398
320548 23933
320594 26301
321491 27774
321566 28419
322338 5913
322863 19668
323815 6528
324423 22016
324739 28968
325717 13777
325979 30401
326939 30363
326958 21611
327399 18836
327983 11303
328174 230
329143 651
329258 28675
330226 16827
331058 9785
332034 26772
332125 14214
332431 14890
333128 1965
333496 373
333754 19337
334370 15687
334551 13474
334595 18561
335046 31486
335061 21127
335557 14650
335639 15345
335727 20185
336456 11140
337390 15579
337685 28512
338192 12433
339073 32378
339366 12465
339927 11853
340189 8358
340495 28877
340750 3625
341018 11933
341438 32021
341734 4481
341887 9591
342421 21270
342930 22501
343158 25537
343788 31762
344543 32229
345093 23967
345442 31065
345879 15155
346216 29465
347174 19405
347224 7483
347966 11865
348706 19237
349101 30594
349950 3582
350311 20936
351018 30050
351253 25554
351344 18522
352135 28933
352561 19083
353404 26709
354057 25005
354384 21851
355102 12095
355193 26536
355498 29305
355861 1114
356489 18051
356761 5613
357596 4324
357916 3667
358719 13373
358919 20294
359292 23351
360278 27869
361083 28602
361565 32349
362272 4704
362901 29010
363286 9769
363538 4831
363569 17520
364334 17235
364786 11549
365741 2044
366427 1821
367050 28480
367726 1295
368309 31465
368710 16960
369420 1217
370391 27610
371338 20831
371495 2648
371662 17728
372496 32573
372769 28698
373157 2822
373449 25196
373837 28509
374498 346
375300 399
375625 19640
376159 16704
376332 19301
376572 18270
377191 4570
377317 8531
377812 5890
378736 27775
379659 19277
380412 17893
381015 9728
381358 25124
381575 7375
381770 25002
382454 14765
382540 13604
383182 17123
384121 9784
384429 10591
385351 22647
385952 12623
386076 22157
387001 2287
387897 32699
388244 16799
388354 27016
389051 24377
389349 2483
389552 29089
390306 15467
391173 27806
391352 31426
392071 12776
392177 21856
392276 386
392795 1908
392964 17481
393602 13809
394184 25806
394649 12022
394696 10849
394760 15757
395387 19054
396310 26009
397225 9229
397290 7178
398113 22996
398570 20307
399429 15855
400031 21534
400769 17523
401071 2622
401369 28656
401597 19941
402253 27718
403011 2327
403800 19385
404392 31070
405330 6727
405725 32192
406132 15160
406380 238
406398 17656
407198 21438
407796 20258
408144 3035
409106 26333
409155 15035
410047 7531
410621 4306
410738 25855
411379 16646
411954 12239
412512 14434
413301 1387
413390 32270
413519 589
414294 20351
414985 30129
415809 19691
416674 4519
417290 18944
418108 24934
418914 5845
419162 31203
419870 21793
420347 6306
420827 11691
421623 9420
422337 31233
422453 18051
423108 13933
423868 2162
424641 20517
424804 14248
425453 9154
425968 30118
426837 16371
427503 12470
427557 16499
428450 30335
428767 21816
429093 21719
429241 18926
429782 15576
430409 8611
431112 7222
431355 6852
432264 8399
433220 12104
433981 23172
434343 25899
434443 12104
434528 798
435403 21878
435484 32125
436231 18536
436905 12161
437707 27461
438423 13495
438712 19994
439235 30384
439810 18733
440017 17146
440360 25230
440514 32080
440943 12782
441267 16910
441367 14004
442333 3304
442529 21582
443135 14298
443329 26821
443500 26210
443853 12693
444383 12526
444903 29371
445647 9360
446482 5135
447419 27385
448177 10452
448265 11941
448384 5518
449247 3923
449403 18451
450132 15032
450985 13797
451376 32116
451387 5311
451939 24645
452140 366
452576 9595
453146 2274
454133 15020
454569 18309
455362 29352
456141 4812
456435 7087
457299 24843
458110 17890
458713 25485
459495 19960
460182 1764
460344 50
461013 19838
461998 26513
462418 14457
462438 7494
462446 12984
462514 11370
463314 12855
464187 24047
464680 923
465179 215
465650 29710
466618 675
467091 19785
467208 27663
467289 22514
467441 5628
468010 22569
468695 10926
469552 14430
469616 18231
470177 22117
470332 20787
470837 9932
470845 21686
471225 8812
471473 32387
472069 12862
473010 1663
473969 3440
474583 7781
475010 15800
475571 14522
476377 15849
476903 15364
477576 26308
477968 30263
478853 7696
479156 25712
479987 31725
480056 8933
480672 23141
480878 6428
481782 836
482017 13916
482429 28713
483165 21090
483898 20702
484759 1620
485627 19429
486125 4603
486696 11603
487262 8492
488059 30690
488517 1415
488957 3137
489086 14437
489624 23214
490547 14603
491453 21191
492383 6948
493264 1437
493868 22894
493884 11787
494143 16563
494386 4934
495332 1787
495899 31156
496780 25344
497124 5634
497734 14306
498508 13937
499504 10524
500449 5744
500752 10935
501642 4208
501716 25021
