50
952884581262 579191998610 937701143653
399885238147 289952049490 70354044681
314102650732 995805439456 292202344507
226443802622 751661785781 700236718423
877991332846 155994347103 81744011974
445239744318 967314961291 339651871638
289140100852 551533692478 286738960237
210119268438 656073918717 131381433594
814609038347 393560359020 960175206922
596985228874 699326848600 779345243907
805292274288 201734888544 727148124358
711718771762 999164966048 455132587029
673169900564 232601235565 151231636016
921959735349 181881323995 419215229131
871153493271 20299429106 917070442286
355936202366 161858947104 316644264448
802052213312 734949498561 822946650470
849231377065 192586356921 356692247039
38544558386 390146775069 706727766001
839991294296 836544882279 205637570269
586101480254 700661050279 762530880676
324372646772 812062994783 605125132778
348686006618 411057491998 235619463185
110289524537 576771874821 286881514711
409417359746 813567375402 991927899166
186749915721 166417930005 653990300441
828582327650 910240962967 876479691670
537765861650 104333476787 209351678245
937739765319 758184149198 566263928271
33210948202 565480977970 366167406476
850967921606 468778733209 522129992372
762568885222 406902060434 933838586089
897347047031 338772742448 943854901571
821916953367 337949214289 227071059326
729992157394 521833078055 132851496736
574589544918 882984340141 630083639273
761583289016 398247444797 539862927926
771341779079 108176604208 38930935963
441955789489 71935544838 25069145708
121267585852 312624124529 386805372668
185126487069 226583670634 474466463926
39505942963 321766335874 459180754015
571091071776 875009804573 339201903078
80978482900 551723675817 720546909743
680958423209 106297998293 989446404999
885864583838 698436527520 115490890782
801081052399 907227650606 304405477532
763455645596 150678780837 37013986935
641393090792 26044910751 523717726986
603798603800 507287347987 808351451208