10
48
394281684 397459970 23
368914257 403166482 47
317454132 345840474 47
775573560 814969779 32
58897169 77461720 71
696528536 719051475 11
666629672 679734496 69
203501384 234644441 9
721306250 723992859 60
854209459 890405363 71
518276379 550717821 54
814410327 815632664 5
851373897 888342281 57
763042183 799521773 55
798342319 802344012 4
496625615 506422857 2
447736644 480880944 44
330786339 352077672 20
578831064 585396430 35
321349389 338207143 45
898341582 925031941 29
82799338 121735082 94
262736540 283506810 92
688355434 711404377 41
255945294 291630494 58
261670164 265221867 18
311370499 344778663 66
440413631 469092825 73
484364142 489907350 32
88833818 94829543 7
63941718 88559921 89
955878949 959218208 56
613603607 653383176 46
582820021 604275158 55
556460063 586665073 24
377038324 395389863 19
632012658 642283405 88
935608031 972243060 97
897435943 912847683 8
723883718 734000745 52
9991144 13076289 23
257395663 288214009 5
13042550 48825855 91
518467874 532945339 82
395175680 412330785 11
539368533 542824319 99
255841302 265932807 18
457575177 492433432 45
48
98699130 129630236 86
674805483 693419445 45
638293987 677649535 84
107565915 117275617 7
838291907 842166740 12
204207012 219398482 8
245906820 274152247 7
280263434 312705963 83
81075554 85687818 93
378198243 395405648 9
841369071 857513209 95
549914907 570990705 82
41141904 70409464 60
273966258 285715976 54
822829567 846186049 81
154124857 181935825 19
300504775 334463832 14
531064409 560947285 72
587069387 603229704 95
228377676 253444578 44
627774655 636150372 65
801246817 804020111 80
182228604 186219325 95
575738993 601350614 99
419659412 425023379 95
38212413 58307962 45
517880116 538529023 12
152127254 164193256 24
149510650 178006713 35
445316949 449880986 40
279983643 289554368 5
490834727 518047060 76
705844445 707399131 41
196497934 232530721 35
947925019 952700570 33
228179038 259226452 13
205341893 237317716 32
420506560 427300232 99
664630110 666884905 82
468665267 481136547 70
206057596 206498814 69
754893318 768016076 83
276170059 300878212 20
87598942 97048184 80
17362870 18735971 74
781759628 799526983 70
697080539 713181329 99
186215609 193409739 68
46
572834147 581713949 80
579420109 608912104 2
409582625 432405901 28
643586092 654581156 28
385429158 398605829 12
936870233 948871223 53
44339846 70198358 94
581968554 602061469 40
661043823 675291657 36
168911824 204558652 79
867574258 870373199 14
145751305 185318880 45
212204152 225759353 60
614850618 629165179 17
559957888 578403200 3
461292187 466617928 14
203561501 208608289 7
729376059 748358347 99
616803707 641582288 74
46206350 79129447 28
189142110 222010072 6
222641408 251433712 25
162507039 197280767 52
30753067 39793674 73
790574592 827816244 53
82429379 100374178 90
645777421 673037288 67
455853388 483106029 19
713366886 740908627 80
716636575 748800099 44
721634748 735706738 77
73026664 93643465 84
974525144 997953294 61
886349739 901975339 53
24107284 30000821 82
504890938 521314009 56
411620416 444601970 97
219210301 234655820 51
473673658 489603800 35
701824837 702434625 23
842623225 844198454 99
307624610 343425360 51
767238946 792828159 47
484371731 501335791 37
762170541 789739758 96
516687082 539716699 27
47
568420026 593693364 50
663608631 679943678 36
536700684 574686995 77
552995427 569263179 57
842785398 855810675 41
922416906 960253419 91
676408633 703155798 37
705993418 740200518 61
18077539 50172219 78
515904080 540304596 28
191556231 194067792 58
472871720 480230042 8
505301345 524621623 37
384016888 416121281 49
91017792 93963863 62
932449775 968378545 9
526176445 527338153 63
706650987 743718496 49
886092292 899324648 2
930125667 933961579 93
562987509 586199764 89
32970176 42427382 14
863842212 874758198 19
685993441 693312176 50
300294618 308778977 8
862392089 898919886 53
750033810 782677164 13
66508076 79406604 76
867594365 885820539 33
327722197 364612016 34
366578047 376744757 20
886396995 893010824 20
141637935 153459659 99
530021272 542947817 67
376397915 396576569 51
63560040 91025838 19
933847682 969182078 15
619468608 640129856 57
806808152 817147555 16
923893317 945431482 45
688040688 688628481 64
647226598 675243484 52
431878944 460160162 87
846977419 871434539 42
292890888 308272885 23
667422903 687413200 3
636589173 657811204 91
46
1361955 8940967 10
628145516 644285978 17
883515280 910484865 36
762888635 936328674 100
98152102 136328674 45
9580638 20450682 50
646139319 664648341 20
484027666 505290970 57
841082555 879295329 99
940563715 966953344 4
579113528 595261527 25
925801172 962952912 9
285845005 307916055 45
403573723 410697485 10
9467290 25698952 90
631265400 650639733 3
520690249 559261759 96
491747709 531061081 86
643215695 672420161 94
614608448 617341712 44
456517316 491770747 24
806956091 828414045 88
528156706 559510719 15
158398859 190439269 4
743974602 761975244 49
882264704 887725893 1
877444309 884479317 59
785986538 806192822 19
732553407 747696021 81
132099860 148305810 97
555144412 572785730 99
506507263 535927950 82
489726669 505160939 90
793692316 804153358 99
901329638 919179990 10
29523791 44318662 58
570497239 595701008 73
706091347 730328348 23
118054686 135301010 39
307178252 337804001 93
896162463 900667971 39
271356542 273095245 80
865692962 891795950 91
593986003 596160000 58
807688147 831190344 59
468916697 496462595 92
46
1361955 8940967 10
628145516 644285978 17
883515280 910484865 36
762888635 769291174 52
98152102 136328674 1
9580638 20450682 50
646139319 664648341 20
484027666 505290970 57
841082555 879295329 99
940563715 966953344 4
579113528 595261527 25
925801172 962952912 9
285845005 307916055 45
403573723 410697485 10
9467290 25698952 90
631265400 650639733 3
520690249 559261759 96
491747709 531061081 86
643215695 672420161 94
614608448 617341712 44
456517316 491770747 24
806956091 828414045 88
528156706 559510719 15
158398859 190439269 4
743974602 761975244 49
882264704 887725893 1
877444309 884479317 59
785986538 806192822 19
732553407 747696021 81
132099860 148305810 97
555144412 572785730 99
506507263 535927950 82
489726669 505160939 90
793692316 804153358 99
901329638 919179990 10
29523791 44318662 58
570497239 595701008 73
706091347 730328348 23
118054686 135301010 39
307178252 337804001 93
896162463 900667971 39
271356542 273095245 80
865692962 891795950 91
593986003 596160000 58
807688147 831190344 59
468916697 496462595 92
50
26595571 99215768 73
77354034 173617846 42
68922726 106359994 81
13822547 53387740 70
96292030 100000608 23
37648993 104943664 25
61831557 98871070 55
79864236 167278748 19
86925372 157832474 74
33961172 72746562 56
20416120 88625326 71
8964126 34793212 56
83292903 178592933 53
77182448 142488407 17
64409551 66960263 78
20713525 69517395 60
62710356 113467467 40
10257079 17564493 58
30066788 122925303 38
78636286 171583639 26
24831727 31026650 94
33321479 69538931 30
11455010 73771048 36
47543346 137152972 38
49263496 105337664 89
55715802 112141409 59
22992174 55655207 75
12727392 104501609 43
7154868 56861033 27
95040235 136254497 60
22516580 91422030 98
78767400 155052453 17
5833299 47572455 67
58064253 89910267 58
33851598 102093873 91
90947338 112192024 9
71958367 147195514 46
45134327 109439490 75
94318901 167978248 69
23831495 75670630 53
20269006 35852509 42
85947169 167280395 34
33725089 75316654 36
51393279 112234857 65
26635407 35817348 97
31433312 35328252 15
15415533 87887546 39
57669643 107605931 92
62953702 147907886 49
22791634 111930706 91
49
947219339 1000000000 62
419912958 707791069 84
170580609 700150524 94
813841572 1000000000 91
980468708 1000000000 75
717777247 1000000000 77
552705343 1000000000 25
698979019 1000000000 9
850405466 1000000000 27
181863900 842321199 48
406806984 1000000000 93
74451954 508635660 7
286230223 635734932 66
990218007 1000000000 19
293481590 596335704 62
629302965 1000000000 43
90962521 927325267 71
455719840 1000000000 63
6788053 275085120 33
9203176 987374585 86
410926906 697753487 51
979708558 1000000000 98
893693816 1000000000 11
491647471 861768112 84
505175292 918048900 6
70506425 960316454 17
768046040 924869399 46
157675537 1000000000 21
431806885 1000000000 27
195611613 1000000000 79
225190023 242066111 6
604765711 1000000000 79
526155622 762414501 28
30273334 380547546 65
605739168 1000000000 65
148869429 1000000000 20
222571885 1000000000 67
927858420 1000000000 69
18134509 964630312 41
335624098 1000000000 67
667034067 1000000000 81
168863135 1000000000 66
709513507 1000000000 88
421602270 1000000000 61
682082595 734645901 43
745620334 928479546 64
673041529 1000000000 45
296026028 1000000000 29
978577417 1000000000 89
47
1361955 8940967 10
628145516 644285978 17
883515280 910484865 36
762888635 769291174 52
98152102 136328674 1
9580638 20450682 50
646139319 664648341 20
484027666 505290970 57
841082555 879295329 99
940563715 966953344 4
579113528 595261527 25
925801172 962952912 9
285845005 307916055 45
403573723 410697485 10
9467290 25698952 90
631265400 650639733 3
520690249 559261759 96
491747709 531061081 86
643215695 672420161 94
614608448 617341712 44
456517316 491770747 24
806956091 828414045 88
528156706 559510719 15
158398859 190439269 4
743974602 761975244 49
882264704 887725893 1
877444309 884479317 59
785986538 806192822 19
732553407 747696021 81
132099860 148305810 97
555144412 572785730 99
506507263 535927950 82
489726669 505160939 90
793692316 804153358 99
901329638 919179990 10
29523791 44318662 58
570497239 595701008 73
706091347 730328348 23
118054686 135301010 39
307178252 337804001 93
896162463 900667971 39
271356542 273095245 80
865692962 891795950 91
593986003 596160000 58
807688147 831190344 59
468916697 496462595 92
12115 54526565 50
50
865692962 891795950 91
593986003 596160000 58
807688147 831190344 59
468916697 496462595 92
1361955 8940967 10
628145516 644285978 17
883515280 910484865 36
762888635 769291174 52
98152102 136328674 1
9580638 20450682 50
646139319 664648341 20
484027666 505290970 57
841082555 879295329 99
940563715 966953344 4
579113528 595261527 25
925801172 962952912 9
285845005 307916055 45
403573723 410697485 10
9467290 25698952 90
631265400 650639733 3
520690249 559261759 96
491747709 531061081 86
643215695 672420161 94
614608448 617341712 44
456517316 491770747 24
806956091 828414045 88
528156706 559510719 15
158398859 190439269 4
743974602 761975244 49
882264704 887725893 1
877444309 884479317 59
785986538 806192822 19
732553407 747696021 81
132099860 148305810 97
555144412 572785730 99
506507263 535927950 82
489726669 505160939 90
793692316 804153358 99
901329638 919179990 10
29523791 44318662 58
570497239 595701008 73
706091347 730328348 23
118054686 135301010 39
307178252 337804001 93
896162463 900667971 39
271356542 273095245 80
865692962 891795950 91
593986003 596160000 58
807688147 831190344 59
468916697 496462595 92
