721781
721792
721793
721816
721831
721846
721853
721868
721869
721876
721883
721894
721897
721912
721927
721942
721945
721952
721953
721988
721993
722000
722007
722014
722019
722034
722037
722060
722071
722086
722089
722108
722111
722122
722153
722158
722161
722176
722177
722208
722215
722222
722225
722248
722251
722254
722265
722288
722291
722314
722315
722326
722333
722336
722339
722386
722393
722400
722411
722434
722435
722442
722445
722464
722483
722490
722491
722502
722505
722552
722555
722570
722573
722596
722601
722606
722621
722628
722629
722684
722691
722698
722709
722720
722727
722734
722737
722744
722751
722766
722781
722828
722831
722838
722845
722864
722867
722882
722883
722900
722905
722908
722911
722942
722949
722952
722955
722966
722969
723016
723017
723040
723043
723050
723057
723068
723069
723072
723095
723110
723111
723142
723143
723154
723185
723192
723195
723224
723227
723234
723241
723252
723259
723266
723277
723292
723297
723300
723301
723348
723349
723356
723363
723382
723385
723404
723411
723434
723441
723464
723471
723502
723507
723514
723525
723530
723531
723546
723549
723568
723583
723586
723587
723604
723607
723610
723617
723640
723643
723658
723661
723672
723687
723694
723705
723752
723753
723756
723763
723798
723799
723822
723823
723838
723845
723852
723855
723866
723873
723880
723891
723910
723913
723920
723927
723950
723953
723956
723957
724052
724053
724060
724067
724072
724079
724086
724087
724100
724111
724142
724145
724156
724163
724166
724181
724196
724201
724224
724231
724242
724249
724252
724253
724332
724340
724355
724372
724383
724384
724399
724406
724413
724420
724423
724430
724447
724448
724463
724470
724493
724494
724509
724512
724523
724546
724561
724564
724579
724580
724595
724598
724621
724624
724639
724642
724651
724658
724661
724664
724687
724690
724701
724712
724719
724734
724757
724760
724771
724778
724785
724786
724833
724836
724843
724854
724859
724862
724893
724896
724927
724942
724945
724948
724959
724962
724969
724976
724995
724996
725043
725046
725051
725054
725061
725068
725099
725100
725103
725114
725149
725160
725167
725170
725193
725208
725211
725214
725273
725274
725289
725296
725327
725328
725335
725350
725355
725366
725369
725372
725411
725412
725419
725426
725431
725442
725453
725454
725469
725484
725499
725502
725513
725516
725531
725546
725573
725576
725591
725594
725605
725608
725611
725618
725641
725648
725655
725662
725673
725676
725723
725724
725733
725738
725745
725748
725795
725806
725813
725820
725835
725838
725853
725856
725873
725880
725887
725890
725913
725916
725931
725942
725953
725954
725969
725976
725991
725994
726009
726010
726081
726082
726089
726096
726115
726122
726129
726132
726137
726156
726163
726166
726197
726198
726205
726228
726233
726240
726251
726258
726311
726318
726321
726324
726335
726338
726353
726358
726373
726376
726391
726398
726409
726420
726435
726438
726477
726480
726487
726490
726513
726516
726539
726540
726547
726564
726571
726574
726585
726586
726593
726600
726623
726630
726677
726680
726685
726692
726699
726700
726731
726738
726741
726748
726759
726766
726781
726784
726823
726830
726841
726842
726877
726880
726883
726914
726921
726922
726929
726930
726953
726958
726969
726972
726999
727006
727013
727020
727031
727034
727081
727084
727099
727110
727117
727122
727145
727152
727159
727170
727189
727190
727205
727208
727219
727234
727241
727242
727289
727290
727321
727324
727329
727332
727347
727354
727365
727380
727387
727402
727449
727450
727453
727460
727475
727482
727493
727494
727499
727506
727521
727526
727565
727568
727571
727582
727599
727602
727633
727636
727667
727674
727681
727684
727707
727730
727737
727740
727771
727772
727787
727790
727813
727824
727827
727830
727845
727846
727853
727860
727871
727874
727885
727892
727901
727908
727915
727922
727933
727934
727957
727976
727983
727986
728001
728008
728019
728026
728029
728032
728139
728142
728145
728152
728175
728182
728197
728204
728211
728216
728223
728224
728235
728236
728247
728258
728277
728284
728299
728302
728313
728320
728323
728324
728355
728362
728369
728392
728403
728404
728435
728438
728451
728454
728461
728468
728503
728506
728513
728520
728543
728546
728569
728572
728583
728598
728605
728606
728625
728636
728651
728654
728665
728668
728679
728686
728717
728720
728735
728736
728783
728784
728787
728810
728821
728830
728845
728846
728851
728858
728873
728876
728915
728922
728925
728940
728945
728948
728963
728964
728983
728994
729017
729020
729055
729062
729065
729068
729075
729082
729117
729120
729131
729138
729141
729148
729191
729192
729207
729214
729225
729228
729235
729236
729259
729274
729281
729282
729317
729320
729335
729338
729357
729360
729367
729378
729383
729388
729391
729398
729461
729464
729471
729474
729485
729492
729555
729556
729573
729576
729583
729586
729609
729612
729619
729630
729637
729640
729647
729652
729687
729690
729705
729708
729737
729744
729747
729770
729781
729782
729797
729800
729807
729820
729827
729830
729853
729854
729861
729868
729923
729926
729937
729940
729945
729968
729971
729974
730005
730006
730021
730032
730037
730040
730047
730062
730071
730086
730093
730096
730143
730150
730165
730168
730183
730186
730201
730204
730215
730226
730241
730244
730291
730292
730299
730314
730340
730343
730354
730357
730388
730395
730398
730405
730416
730419
730426
730433
730442
730443
730474
730481
730492
730499
730506
730517
730540
730543
730550
730553
730564
730567
730582
730583
730614
730649
730652
730655
730678
730681
730688
730695
730702
730703
730742
730745
730756
730759
730774
730777
730836
730839
730842
730847
730858
730875
730882
730889
730904
730907
730922
730927
730962
730965
730968
730975
730986
730989
731020
731027
731038
731053
731060
731061
731092
731097
731104
731107
731112
731119
731142
731145
731164
731171
731178
731185
731196
731199
731202
731213
731276
731277
731284
731285
731296
731303
731306
731313
731368
731369
731392
731407
731412
731413
731436
731443
731458
731463
731470
731473
731496
731503
731510
731525
731544
731547
731570
731571
731582
731585
731600
731603
731618
731625
731628
731667
731690
731691
731698
731699
731722
731725
731740
731743
731778
731781
731792
731795
731802
731817
731848
731849
731860
731865
731868
731875
731914
731917
731920
731923
731940
731941
731972
731977
731984
731999
732010
732017
732040
732043
732058
732063
732080
732081
732096
732103
732108
732123
732130
732131
732178
732179
732182
732189
732212
732217
732224
732227
732266
732281
732296
732299
732322
732325
732332
732339
732346
732347
732370
732373
732384
732399
732406
732409
732432
732439
732446
732451
732456
732457
732504
732505
732528
732535
732542
732549
732584
732585
732592
732607
732626
732629
732636
732639
732650
732673
732688
732695
732710
732711
732726
732733
732744
732747
732758
732769
732782
732789
732796
732797
732868
732869
732872
732887
732902
732905
732912
732915
732920
732923
732938
732939
732998
733005
733020
733027
733032
733033
733040
733041
733072
733095
733102
733109
733132
733139
733146
733149
733172
733175
733206
733207
733218
733221
733224
733231
733262
733265
733268
733279
733302
733309
733340
733341
733360
733371
733378
733383
733400
733407
733414
733417
733432
733435
733442
733445
733468
733477
733484
733485
733548
733551
733554
733569
733574
733581
733592
733595
733610
733617
733652
733655
733678
733681
733684
733695
733704
733707
733722
733723
733770
733773
733776
733779
733842
733849
733852
733855
733866
733867
733898
733913
733924
733935
733938
733943
733954
733961
733968
733983
733998
733999
734022
734025
734036
734051
734054
734057
734076
734077
734084
734091
734102
734109
734132
734139
734146
734153
734160
734165
734218
734221
734228
734235
734262
734265
734280
734283
734294
734299
734314
734321
734336
734339
734350
734365
734376
734381
734400
734401
734440
734447
734454
734457
734468
734475
734490
734501
734516
734517
734532
734535
734540
734547
734554
734561
734632
734639
734642
734649
734660
734663
734678
734679
734686
734717
734720
734721
734774
734779
734790
734797
734806
734807
734830
734845
734850
734853
734860
734863
734894
734895
734926
734931
734936
734943
734958
734959
734978
734985
735000
735001
735024
735027
735034
735057
735088
735091
735098
735105
735116
735127
735130
735133
735152
735159
735162
735169
735186
735189
735236
735237
735252
735259
735262
735269
735292
735297
735304
735315
735350
735353
735360
735363
735374
735389
735392
735395
735442
735443
735450
735457
735468
735475
735506
735509
735518
735529
735536
735539
735562
735565
735572
735575
735590
735613
735628
735631
735636
735639
735654
735661
735716
735717
735720
735731
735742
735743
735758
735761
735792
735795
735802
735805
735822
735825
735836
735851
735870
735871
735910
735913
735924
735955
735962
735965
735980
735981
735996
735999
736022
736023
736046
736047
736070
736077
736084
736087
736098
736109
736116
736121
736136
736139
736154
736159
736170
736177
736184
736187
736286
736293
736300
736303
736314
736321
736332
736333
736364
736372
736379
736382
736405
736406
736413
736436
736451
736454
736477
736484
736519
736522
736537
736540
736555
736562
736569
736584
736589
736596
736611
736614
736623
736630
736637
736644
736679
736680
736691
736694
736709
736712
736719
736726
736737
736754
736761
736762
736785
736786
736801
736816
736827
736828
736843
736850
736865
736880
736887
736888
736935
736936
736939
736944
736983
736990
737021
737022
737027
737034
737045
737048
737071
737072
737075
737090
737095
737102
737117
737118
737145
737154
737161
737162
737185
737192
737199
737202
737217
737224
737271
737274
737285
737292
737299
737306
737325
737328
737335
737358
737381
737384
737391
737402
737409
737416
737423
737424
737447
737448
737471
737478
737501
737512
737527
737534
737545
737550
737557
737558
737653
737656
737663
737666
737671
737674
737685
737690
737699
737706
737721
737722
737745
737746
737753
737776
737791
737794
737801
737802
737813
737828
737843
737850
737903
737908
737915
737922
737933
737934
737949
737952
737959
737964
737979
737994
738005
738006
738013
738016
738055
738058
738099
738100
738111
738126
738133
738136
738167
738174
738185
738196
738201
738202
738209
738216
738263
738266
738269
738272
738307
738314
738317
738332
738339
738342
738357
738364
738375
738382
738397
738398
738417
738418
738425
738436
738447
738450
738485
738486
738501
738504
738511
738512
738559
738570
738577
738594
738607
738614
738629
738634
738645
738648
738651
738658
738689
738696
738703
738706
738753
738756
738771
738772
738791
738814
738817
738820
738843
738846
738853
738864
738879
738882
738905
738908
738919
738926
738929
738936
738983
738986
738993
739002
739007
739012
739043
739044
739051
739058
739073
739076
739093
739100
739107
739122
739141
739142
739149
739152
739187
739192
739195
739198
739229
739236
739243
739250
739261
739262
739309
739310
739341
739356
739371
739378
739401
739404
739411
739416
739431
739434
739441
739442
739447
739462
739469
739472
739531
739532
739547
739550
739561
739564
739579
739590
739605
739620
739627
739630
739653
739656
739663
739670
739681
739688
739711
739714
739725
739736
739743
739746
739777
739778
739781
739804
739815
739816
739823
739830
739859
739866
739869
739876
739935
739938
739941
739944
739951
739954
740017
740020
740025
740036
740043
740046
740073
740080
740083
740086
740097
740104
740127
740130
740145
740160
740167
740170
740193
740196
740227
740242
740271
740272
740279
740282
740287
740290
740313
740316
740363
740366
740373
740388
740393
740408
740415
740416
740427
740438
740449
740452
740475
740478
740485
740500
740523
740526
740541
740548
740559
740562
740565
740566
740585
740592
740599
740604
740627
740634
740649
740650
740673
740680
740683
740694
740729
740732
740735
740738
740785
740788
740803
740806
740811
740834
740841
740856
740887
740890
740905
740912
740917
740918
740941
740948
740957
740960
740967
740968
741003
741006
741009
741020
741027
741030
741061
741062
741085
741100
741115
741116
741163
741164
741171
741186
741191
741194
741201
741202
741233
741244
741259
741262
741285
741296
741299
741302
741311
741314
741337
741340
741351
741354
741369
741372
741419
741422
741425
741432
741455
741456
741471
741478
741505
741512
741519
741522
741539
741542
741573
741576
741583
741588
741595
741602
741607
741630
741633
741636
741715
741716
741723
741730
741753
741760
741779
741782
741789
741796
741803
741806
741817
741820
741827
741862
741873
741874
741889
741892
741915
741922
741929
741932
741955
741966
741981
741984
741995
741996
742011
742018
742037
742044
742047
742054
742077
742084
742087
742102
742125
742128
742139
742142
742153
742160
742175
742176
742239
742240
742255
742266
742277
742280
742287
742294
742309
742316
742323
742326
742421
742422
742425
742432
742446
742463
742470
742477
742482
742493
742508
742511
742542
742545
742556
742563
742568
742569
742592
742597
742620
742635
742642
742643
742654
742657
742660
742669
742684
742685
742708
742711
742734
742741
742748
742755
742784
742787
742802
742809
742820
742821
742852
742859
742874
742885
742888
742889
742912
742915
742922
742925
742938
742941
742972
742983
743006
743021
743028
743029
743060
743061
743068
743085
743090
743097
743104
743105
743114
743121
743152
743159
743176
743179
743186
743193
743224
743227
743242
743243
743260
743267
743270
743273
743320
743327
743334
743341
743346
743347
743394
743397
743412
743415
743422
743429
743452
743453
743468
743479
743518
743525
743532
743535
743540
743563
743566
743569
743616
743623
743630
743633
743650
743651
743666
743669
743686
743691
743694
743701
743748
743749
743756
743759
743782
743785
743808
743809
743814
743821
743832
743839
743858
743865
743868
743899
743904
743907
743922
743925
743956
743967
743974
743975
743992
743999
744002
744017
744040
744043
744058
744059
744070
744081
744096
744101
744116
744119
744134
744137
744160
744171
744202
744203
744222
744229
744232
744233
744256
744259
744274
744285
744292
744293
744316
744339
744350
744357
744360
744361
744444
744447
744462
744465
744476
744479
744494
744501
744508
744527
744542
744545
744568
744575
744578
744585
744604
744607
744618
744619
744642
744645
744648
744651
744666
744677
744680
744691
744702
744709
744748
744749
744760
744767
744770
744773
744820
744827
744834
744849
744864
744867
744874
744875
744898
744909
744924
744925
744964
744967
744990
745005
745010
745011
745022
745025
745032
745035
745042
745049
745072
745075
745082
745097
745112
745127
745134
745137
745148
745151
745158
745161
745256
745257
745260
745277
745288
745289
745304
745309
745348
745353
745360
745363
745374
745381
745396
745399
745406
745407
745446
745447
745458
745465
745480
745483
745506
745509
745524
745529
745564
745565
745580
745581
745588
745619
745626
745629
745646
745647
745654
745665
745674
745677
745708
745711
745728
745735
745742
745745
745776
745779
745782
745789
745812
745819
745830
745837
745878
745881
745888
745891
745902
745905
745908
745931
745946
745953
745968
745969
745980
745987
745994
745997
746036
746043
746046
746049
746060
746067
746114
746117
746132
746137
746144
746147
746170
746173
746180
746187
746234
746235
746258
746269
746274
746289
746292
746293
746324
746325
746340
746357
746362
746363
746378
746383
746402
746413
746420
746423
746458
746465
746480
746483
746498
746501
746516
746519
746524
746535
746542
746545
746584
746587
746590
746597
746602
746609
746640
746647
746682
746689
746696
746699
746722
746729
746736
746747
746756
746759
746790
746791
746802
746805
746808
746823
746870
746873
746876
746891
746914
746915
746922
746923
746946
746969
746992
746993
747016
747017
747032
747035
747042
747049
747060
747063
747068
747079
747086
747093
747172
747175
747182
747193
747198
747201
747208
747211
747226
747229
747252
747253
747282
747283
747298
747305
747318
747321
747328
747331
747342
747365
747368
747371
747386
747393
747400
747415
747438
747439
747486
747487
747496
747499
747502
747519
747542
747543
747550
747557
747588
747591
747606
747611
747622
747637
747644
747645
747680
747687
747694
747697
747720
747727
747734
747741
747756
747767
747774
747777
747812
747815
747818
747833
747842
747845
747876
747877
747882
747885
747900
747903
747934
747935
747950
747961
747972
747975
747990
747993
748024
748027
748030
748033
748086
748097
748108
748111
748118
748121
748136
748139
748156
748175
748182
748197
748236
748237
748244
748247
748258
748259
748270
748273
748280
748311
748318
748321
748332
748335
748346
748351
748398
748399
748414
748421
748426
748433
748456
748459
748522
748524
748531
748534
748545
748552
748567
748568
748577
748600
748607
748614
748637
748644
748647
748662
748677
748680
748691
748692
748739
748746
748749
748750
748805
748812
748819
748834
748839
748842
748873
748876
748883
748890
748897
748900
748917
748920
748927
748930
748959
748962
748977
748980
748991
749002
749009
749012
749043
749050
749065
749068
749079
749086
749109
749116
749139
749146
749149
749152
749199
749200
749211
749222
749237
749242
749249
749256
749267
749274
749281
749282
749311
749314
749317
749332
749355
749358
749365
749368
749383
749390
749397
749404
749415
749418
749433
749448
749465
749468
749539
749542
749553
749556
749563
749570
749585
749592
749595
749606
749617
749618
749633
749636
749655
749662
749669
749670
749717
749718
749725
749748
749755
749760
749775
749786
749791
749796
749811
749816
749863
749864
749867
749874
749879
749894
749905
749908
749939
749946
749961
749964
749987
749988
749995
750014
750033
750034
750049
750052
750081
750096
750099
750100
750147
750154
750161
750164
750169
750172
750187
750190
750217
750228
750235
750238
750249
750252
750259
750266
750313
750316
750347
750354
750359
750370
750373
750380
750399
750406
750413
750418
750423
750424
750455
750462
750469
750472
750475
750480
750551
750558
750573
750576
750587
750594
750609
750610
750621
750628
750639
750640
750655
750658
750661
750676
750699
750704
750727
750728
750747
750758
750773
750776
750787
750794
750801
750812
750827
750832
750863
750866
750871
750878
750885
750890
750969
750970
750977
750984
751007
751010
751017
751020
751035
751046
751049
751052
751075
751078
751109
751112
751131
751134
751157
751160
751165
751172
751175
751178
751249
751252
751259
751266
751277
751284
751291
751294
751305
751308
751323
751338
751355
751356
751359
751374
751389
751390
751437
751440
751451
751456
751463
751464
751503
751518
751521
751528
751539
751542
751573
751580
751595
751610
751617
751624
751635
751638
751641
751652
751679
751682
751689
751690
751713
751728
751735
751736
751759
751760
751771
751778
751789
751796
751803
751810
751829
751852
751859
751862
751909
751910
751917
751924
751939
751942
751965
751970
751981
751984
752007
752008
752031
752032
752047
752082
752087
752090
752097
752098
752129
752136
752139
752142
752165
752168
752171
752174
752213
752214
752229
752232
752243
752254
752261
752276
752307
752310
752317
752324
752341
752342
752365
752372
752393
752408
752411
752412
752435
752450
752465
752472
752487
752494
752501
752504
752527
752530
752537
752538
752597
752602
752609
752616
752621
752626
752657
752658
752665
752670
752685
752688
752735
752736
752743
752758
752769
752772
752791
752792
752803
752806
752813
752820
752851
752854
752857
752868
752879
752882
752913
752920
752929
752932
752939
752942
752977
752980
752987
752994
753025
753032
753047
753048
753053
753100
753103
753104
753131
753134
753149
753156
753179
753182
753205
753216
753231
753238
753241
753248
753271
753274
753281
753286
753295
753298
753313
753320
753331
753338
753353
753356
753387
753390
753397
753412
753417
753418
753433
753436
753507
753512
753519
753522
753533
753536
753543
753550
753565
753568
753591
753594
753605
753612
753623
753626
753665
753666
753673
753692
753715
753722
753737
753738
753745
753756
753763
753766
753819
753822
753829
753836
753851
753854
753869
753876
753887
753892
753899
753904
753935
753938
753961
753964
753969
753976
754007
754010
754029
754036
754059
754062
754085
754092
754099
754110
754125
754128
754135
754136
754147
754154
754161
754166
754237
754252
754255
754262
754267
754268
754299
754300
754307
754314
754321
754336
754347
754354
754361
754368
754387
754390
754401
754402
754425
754440
754447
754450
754465
754466
754481
754504
754509
754510
754517
754524
754551
754562
754577
754580
754642
754643
754646
754653
754668
754675
754690
754691
754702
754707
754722
754723
754782
754785
754788
754795
754800
754807
754818
754825
754840
754847
754858
754859
754882
754887
754894
754909
754932
754935
754998
754999
755004
755019
755022
755029
755052
755053
755056
755063
755086
755093
755100
755107
755126
755137
755140
755147
755158
755159
755170
755173
755188
755189
755220
755223
755246
755253
755256
755257
755328
755333
755338
755355
755378
755381
755388
755391
755406
755413
755420
755423
755440
755441
755456
755479
755488
755489
755496
755503
755526
755545
755560
755563
755578
755585
755588
755591
755602
755605
755628
755631
755642
755649
755652
755659
755706
755707
755722
755727
755758
755761
755776
755779
755784
755799
755806
755809
755868
755869
755892
755895
755900
755901
755916
755923
755930
755953
755960
755961
755984
755991
755998
756005
756032
756043
756054
756057
756062
756069
756084
756087
756118
756121
756132
756147
756164
756165
756196
756197
756236
756243
756250
756251
756268
756275
756278
756285
756300
756303
756326
756333
756344
756349
756352
756359
756382
756385
756388
756403
756426
756427
756466
756467
756474
756481
756496
756499
756510
756513
756520
756531
756540
756555
756570
756581
756586
756589
756596
756597
756692
756695
756698
756705
756722
756729
756744
756751
756766
756773
756780
756781
756792
756795
756810
756825
756832
756835
756858
756861
756896
756907
756910
756913
756932
756935
756942
756947
756964
756967
756982
756985
757016
757019
757026
757033
757056
757067
757070
757073
757096
757097
757112
757115
757126
757155
757158
757159
757190
757197
757212
757219
757230
757231
757254
757257
757276
757279
757294
757301
757348
757349
757352
757375
757390
757393
757408
757411
757416
757423
757470
757477
757518
757521
757528
757535
757540
757545
757560
757563
757594
757605
757612
757615
757662
757665
757668
757675
757694
757697
757728
757731
757742
757745
757748
757753
757768
757773
757780
757791
757802
757803
757810
757813
757824
757855
757870
757873
757908
757909
757924
757931
757946
757949
757964
757967
757978
757985
757988
757991
758050
758053
758060
758067
758072
758081
758116
758119
758126
758133
758140
758143
758154
758157
758160
758171
758210
758213
758220
758227
758250
758253
758260
758263
758302
758313
758328
758343
758348
758355
758370
758373
758392
758403
758410
758417
758440
758441
758448
758451
758466
758469
758492
758493
758498
758513
758520
758523
758570
758573
758588
758595
758600
758607
758622
758645
758652
758655
758658
758659
758730
758733
758740
758743
758762
758765
758772
758775
758786
758797
758812
758815
758846
758849
758852
758863
758874
758875
758906
758909
758936
758943
758950
758961
758984
758987
758990
759001
759008
759011
759042
759043
759054
759061
759068
759075
759104
759111
759118
759125
759142
759145
759160
759161
759208
759227
759230
759233
759256
759257
759264
759271
759294
759297
759308
759323
759328
759331
759338
759341
759404
759411
759418
759423
759434
759445
759468
759469
759478
759481
759488
759489
759536
759539
759546
759553
759568
759575
759590
759593
759616
759627
759630
759633
759664
759667
759690
759697
759708
759711
759746
759747
759762
759773
759776
759783
759794
759797
759804
759835
759874
759875
759882
759883
759888
759903
759906
759913
759936
759937
759968
759975
759998
760001
760016
760023
760034
760045
760052
760053
760076
760083
760086
760093
760100
760107
760130
760131
760142
760149
760164
760167
760206
760209
760212
760235
760246
760249
760264
760267
760290
760297
760312
760315
760332
760339
760350
760353
760380
760383
760398
760401
760406
760413
760428
760431
760494
760495
760498
760501
760512
760513
760524
760531
760550
760573
760576
760579
760602
760605
760620
760631
760646
760647
760654
760661
760672
760687
760694
760701
760796
760798
760801
760804
760827
760834
760841
760846
760853
760858
760881
760886
760897
760898
760905
760920
760929
760936
760983
760984
760995
761002
761009
761012
761027
761034
761041
761050
761055
761058
761089
761090
761125
761132
761139
761144
761179
761180
761183
761190
761221
761224
761239
761240
761245
761268
761283
761286
761305
761308
761315
761330
761341
761344
761359
761362
761369
761372
761375
761378
761449
761452
761467
761472
761483
761490
761497
761500
761523
761530
761537
761544
761567
761574
761589
761612
761617
761618
761625
761628
761647
761662
761665
761666
761689
761700
761707
761710
761741
761742
761789
761794
761805
761812
761815
761830
761857
761860
761867
761872
761883
761886
761917
761920
761935
761942
761949
761950
761979
761990
762001
762004
762013
762014
762045
762052
762075
762086
762089
762092
762123
762124
762127
762142
762153
762156
762179
762182
762217
762224
762239
762240
762251
762258
762261
762284
762299
762306
762313
762316
762339
762342
762345
762346
762405
762408
762411
762418
762423
762424
762455
762458
762465
762488
762495
762502
762513
762514
762525
762528
762575
762578
762609
762612
762617
762632
762647
762648
762663
762664
762679
762684
762707
762708
762715
762718
762737
762744
762747
762754
762789
762792
762799
762814
762821
762836
762851
762858
762869
762882
762897
762900
762947
762954
762961
762968
762979
762980
762991
762994
763025
763028
763031
763032
763067
763082
763089
763106
763115
763118
763141
763142
763147
763150
763157
763160
763223
763226
763233
763240
763263
763270
763277
763280
763293
763304
763307
763314
763337
763340
763355
763362
763369
763370
763381
763392
763403
763410
763425
763426
763465
763466
763481
763488
763505
763508
763515
763518
763533
763556
763563
763566
763601
763602
763605
763620
763655
763658
763673
763674
763709
763720
763727
763730
763761
763764
763771
763778
763783
763784
763863
763866
763885
763888
763891
763898
763909
763912
763927
763932
763963
763964
763979
763986
763997
764008
764015
764016
764057
764060
764075
764082
764087
764090
764097
764100
764115
764122
764137
764140
764163
764166
764169
764176
764195
764210
764233
764236
764247
764262
764281
764282
764313
764316
764319
764342
764347
764348
764363
764370
764393
764400
764407
764410
764433
764436
764451
764458
764465
764468
764483
764484
764489
764500
764503
764514
764553
764560
764567
764570
764617
764620
764631
764632
764647
764654
764661
764668
764715
764718
764733
764742
764755
764758
764781
764784
764795
764802
764805
764808
764879
764886
764889
764896
764901
764908
764915
764918
764937
764948
764971
764974
764985
764988
765003
765034
765041
765044
765059
765060
765071
765078
765085
765086
765109
765114
765117
765128
765133
765140
765171
765178
765193
765196
765211
765214
765249
765252
765255
765262
765301
765304
765319
765330
765335
765350
765353
765354
765385
765386
765409
765416
765427
765438
765461
765464
765479
765486
765489
765490
765513
765516
765519
765530
765545
765560
765575
765576
765587
765590
765605
765612
765671
765674
765681
765696
765719
765720
765735
765738
765753
765758
765773
765774
765797
765804
765807
765814
765825
765828
765851
765854
765889
765892
765895
765898
765913
765914
765921
765952
765969
765972
765987
765990
766009
766024
766031
766032
766049
766052
766067
766074
766081
766084
766099
766102
766113
766124
766131
766134
766245
766248
766255
766262
766267
766272
766295
766302
766309
766316
766323
766334
766357
766360
766367
766390
766399
766402
766409
766410
766421
766432
766439
766440
766487
766494
766497
766502
766525
766528
766575
766576
766587
766606
766613
766620
766631
766634
766637
766644
766667
766668
766691
766694
766711
766718
766725
766732
766771
766774
766789
766794
766799
766800
766807
766818
766833
766836
766843
766846
766893
766896
766903
766918
766944
766947
766978
766981
766992
766997
767020
767023
767038
767041
767044
767051
767062
767073
767084
767085
767124
767131
767138
767141
767164
767175
767178
767185
767208
767211
767226
767233
767238
767241
767248
767255
767290
767291
767306
767313
767324
767325
767348
767351
767366
767401
767404
767405
767428
767431
767446
767449
767468
767471
767490
767505
767516
767531
767534
767539
767570
767577
767580
767591
767602
767609
767640
767641
767668
767671
767682
767683
767736
767743
767750
767757
767764
767767
767774
767777
767812
767827
767834
767837
767856
767859
767866
767873
767878
767881
767904
767905
767920
767923
767954
767959
767970
767971
767974
767979
768002
768009
768016
768019
768024
768039
768046
768053
768116
768119
768134
768137
768142
768143
768158
768173
768192
768197
768200
768201
768272
768273
768288
768295
768310
768313
768336
768339
768350
768357
768364
768367
768398
768401
768404
768427
768438
768441
768456
768463
768494
768501
768504
768507
768542
768549
768556
768559
768578
768585
768616
768617
768628
768633
768640
768643
768658
768669
768676
768683
768706
768709
768724
768725
768748
768755
768762
768765
768788
768789
768800
768823
768854
768857
768872
768875
768880
768887
768894
768895
768954
768955
768962
768969
768974
768989
769004
769005
769020
769035
769042
769045
769068
769073
769076
769099
769126
769127
769150
769153
769164
769171
769178
769181
769212
769219
769230
769235
769246
769247
769262
769267
769276
769283
769286
769301
769330
769331
769338
769341
769388
769389
769404
769405
769416
769439
769446
769449
769472
769473
769488
769495
769500
769503
769550
769553
769560
769575
769582
769583
769606
769613
769628
769635
769644
769649
769664
769667
769690
769697
769712
769713
769736
769739
769742
769765
769776
769779
769786
769793
769832
769843
769850
769853
769876
769883
769886
769889
769896
769899
769962
769965
769976
769983
769990
769993
770072
770073
770080
770091
770114
770121
770128
770133
770140
770147
770154
770157
770174
770181
770196
770203
770226
770231
770238
770243
770254
770273
770276
770277
770308
770311
770318
770325
770342
770349
770360
770361
770370
770373
770404
770407
770430
770431
770442
770465
770480
770481
770512
770515
770532
770535
770542
770545
770600
770615
770622
770637
770648
770651
770666
770667
770682
770693
770700
770707
770730
770731
770734
770741
770760
770763
770774
770775
770786
770797
770804
770811
770842
770845
770852
770859
770864
770875
770890
770893
770916
770923
770938
770941
771012
771015
771018
771021
771028
771031
771038
771053
771058
771069
771080
771083
771102
771103
771118
771125
771136
771137
771168
771175
771222
771229
771232
771233
771244
771251
771262
771267
771298
771301
771332
771335
771340
771347
771354
771373
771396
771397
771400
771403
771414
771415
771462
771463
771472
771503
771510
771513
771524
771527
771542
771549
771564
771567
771578
771581
771592
771595
771598
771605
771676
771679
771682
771693
771716
771723
771730
771733
771748
771755
771770
771771
771818
771819
771826
771849
771858
771861
771876
771877
771894
771899
771906
771909
771940
771951
771966
771969
771980
771983
772006
772015
772028
772035
772038
772041
772052
772059
772074
772083
772098
772099
772114
772121
772132
772147
772150
772153
772212
772213
772224
772239
772250
772251
772258
772261
772276
772281
772288
772295
772342
772345
772352
772355
772378
772385
772416
772419
772424
772431
772446
772447
772478
772481
772488
772505
772516
772523
772530
772533
772592
772607
772614
772617
772634
772637
772640
772647
772654
772655
772686
772689
772700
772715
772730
772737
772772
772779
772784
772791
772814
772821
772832
772839
772854
772861
772864
772865
772888
772889
772896
772907
772916
772919
772934
772941
772952
772959
772974
772977
773056
773057
773064
773067
773078
773089
773096
773097
773120
773146
773161
773162
773173
773176
773183
773190
773221
773224
773247
773250
773261
773264
773279
773286
773305
773312
773315
773330
773335
773338
773385
773386
773393
773396
773399
773414
773449
773452
773459
773466
773493
773494
773517
773520
773531
773542
773549
773550
773581
773584
773591
773606
773617
773618
773633
773644
773663
773666
773677
773684
773731
773734
773741
773746
773753
773760
773775
773776
773787
773798
773805
773808
773879
773882
773897
773904
773915
773916
773923
773926
773949
773960
773967
773970
773981
773988
773999
774006
774015
774016
774039
774040
774051
774082
774085
774088
774103
774110
774113
774118
774165
774168
774175
774176
774207
774222
774225
774230
774253
774256
774271
774274
774289
774292
774307
774322
774333
774338
774345
774348
774387
774390
774393
774400
774405
774408
774455
774458
774489
774496
774507
774510
774521
774522
774529
774560
774571
774576
774591
774594
774605
774612
774619
774622
774669
774676
774683
774686
774697
774700
774731
774734
774753
774758
774761
774772
774807
774810
774813
774828
774843
774850
774869
774876
774881
774896
774903
774904
774931
774934
774965
774976
774987
774990
775005
775008
775015
775022
775037
775038
775091
775094
775101
775108
775147
775154
775161
775162
775173
775180
775195
775202
775233
775234
775237
775252
775257
775258
775281
775282
775305
775308
775311
775314
775337
775354
775357
775374
775381
775382
775413
775414
775437
775444
775459
775462
775501
775504
775507
775514
775537
775540
775547
775550
775557
775580
775595
775596
775607
775610
775641
775644
775665
775672
775683
775686
775697
775700
775703
775704
775767
775768
775775
775794
775799
775806
775821
775828
775837
775840
775847
775848
775883
775886
775901
775912
775927
775934
775957
775958
775969
775980
775987
775994
776041
776044
776051
776058
776069
776076
776107
776110
776117
776124
776127
776134
776157
776158
776165
776170
776229
776232
776263
776270
776275
776282
776289
776292
776315
776318
776325
776332
776343
776346
776361
776368
776395
776410
776413
776416
776463
776464
776479
776490
776505
776516
776527
776528
776539
776542
776557
776558
776577
776580
776595
776606
776617
776620
776627
776630
776645
776660
776667
776668
776739
776742
776745
776752
776763
776768
776791
776802
776807
776812
776819
776826
776841
776842
776849
776852
776875
776876
776887
776890
776899
776930
776945
776950
776973
776974
776981
776996
777019
777020
777027
777034
777039
777046
777053
777060
777155
777158
777161
777168
777179
777186
777201
777202
777233
777244
777251
777252
777269
777276
777279
777286
777305
777306
777337
777342
777377
777380
777387
777388
777403
777410
777425
777448
777459
777462
777493
777496
777507
777510
777517
777520
777537
777540
777547
777562
777577
777588
777595
777596
777601
777630
777633
777636
777675
777676
777691
777694
777717
777718
777741
777748
777779
777782
777789
777792
777815
777816
777831
777842
777855
777862
777869
777872
777883
777898
777909
777912
777943
777946
777953
777968
777979
777982
778005
778006
778025
778030
778037
778040
778051
778066
778069
778072
778079
778082
778153
778160
778165
778172
778179
778184
778231
778234
778237
778244
778267
778270
778277
778280
778311
778318
778321
778328
778345
778352
778359
778366
778385
778388
778403
778410
778415
778426
778441
778444
778491
778494
778497
778504
778515
778522
778541
778544
778561
778568
778583
778584
778631
778632
778635
778646
778653
778654
778661
778666
778701
778708
778711
778718
778747
778752
778767
778774
778779
778780
778811
778818
778833
778848
778851
778858
778893
778894
778901
778904
778951
778952
778975
778978
778989
778996
779003
779010
779041
779048
779071
779082
779093
779096
779111
779118
779127
779134
779137
779140
779187
779190
779197
779204
779219
779222
779229
779232
779249
779260
779267
779270
779325
779328
779331
779378
779386
779389
779412
779413
779428
779435
779450
779451
779462
779465
779472
779485
779514
779521
779536
779539
779544
779547
779550
779557
779604
779607
779610
779613
779630
779637
779644
779647
779658
779669
779680
779687
779710
779711
779742
779745
779760
779763
779794
779801
779812
779827
779838
779841
779880
779883
779886
779897
779908
779915
779930
779933
779940
779947
779962
779965
779982
779983
779986
779993
780008
780011
780026
780029
780064
780087
780090
780093
780124
780139
780142
780149
780154
780155
780190
780193
780232
780247
780254
780257
780268
780271
780274
780285
780300
780301
780308
780311
780334
780341
780364
780365
780424
780425
780432
780435
780440
780443
780474
780485
780492
780497
780500
780503
780550
780551
780554
780561
780580
780587
780598
780605
780610
780617
780632
780635
780666
780667
780682
780697
780708
780711
780726
780729
780770
780777
780784
780787
780804
780815
780822
780837
780868
780869
780900
780901
780906
780917
780920
780931
780950
780951
780966
780969
780980
780987
781018
781019
781026
781049
781056
781057
781068
781075
781082
781093
781104
781107
781114
781121
781132
781139
781142
781143
781238
781241
781248
781255
781266
781273
781280
781283
781292
781301
781332
781335
781346
781347
781354
781369
781384
781391
781414
781421
781444
781447
781458
781461
781520
781523
781526
781531
781542
781543
781574
781577
781588
781595
781602
781607
781654
781655
781670
781677
781696
781699
781706
781709
781732
781755
781758
781761
781776
781777
781784
781787
781798
781805
781828
781839
781862
781869
781872
781879
781914
781917
781924
781931
781938
781941
781972
781973
781984
781991
782006
782009
782038
782049
782052
782059
782070
782077
782084
782087
782118
782123
782130
782131
782142
782153
782156
782171
782198
782199
782246
782249
782260
782263
782270
782285
782316
782317
782324
782335
782346
782353
782368
782371
782390
782397
782404
782405
782476
782479
782502
782505
782512
782513
782528
782535
782540
782547
782554
782557
782604
782619
782630
782633
782644
782647
782670
782671
782678
782693
782700
782707
782730
782733
782744
782767
782786
782787
782802
782805
782816
782819
782822
782833
782864
782867
782870
782877
782888
782889
782920
782921
782952
782957
782972
782979
783002
783005
783008
783015
783062
783063
783086
783087
783098
783113
783120
783121
783140
783143
783150
783179
783190
783193
783200
783203
783218
783225
783232
783235
783270
783273
783280
783287
783298
783309
783324
783327
783338
783355
783370
783371
783402
783405
783408
783423
783428
783429
783460
783467
783506
783509
783516
783519
783530
783537
783552
783563
783570
783577
783600
783603
783614
783621
783628
783631
783672
783675
783682
783685
783732
783735
783742
783749
783756
783787
783794
783797
783820
783823
783830
783837
783856
783859
783882
783887
783892
783899
783906
783907
783970
783977
783992
783997
784008
784015
784030
784037
784060
784063
784070
784073
784102
784105
784108
784123
784130
784133
784140
784143
784166
784171
784178
784179
784238
784241
784248
784251
784262
784273
784296
784297
784304
784307
784314
784321
784368
784375
784382
784389
784424
784425
784440
784443
784454
784477
784484
784485
784508
784511
784542
784549
784560
784561
784568
784571
784580
784603
784610
784611
784634
784635
784642
784653
784684
784691
784706
784709
784732
784735
784746
784753
784776
784777
784784
784807
784818
784819
784842
784845
784860
784867
784870
784877
784894
784909
784912
784915
784924
784927
784958
784959
784970
784981
784988
784993
785024
785025
785040
785055
785066
785069
785116
785117
785130
785137
785144
785147
785158
785161
785168
785179
785194
785197
785212
785219
785224
785231
785234
785237
785356
785363
785370
785385
785396
785399
785406
785411
785426
785437
785444
785445
785456
785459
785474
785485
785508
785509
785520
785521
785544
785559
785562
785565
785596
785610
785613
785620
785643
785644
785659
785662
785681
785688
785695
785702
785737
785740
785747
785754
785785
785786
785801
785804
785809
785826
785833
785844
785875
785882
785905
785912
785917
785918
785937
785940
785963
785966
785981
785982
786029
786032
786035
786046
786055
786062
786069
786072
786077
786084
786115
786118
786141
786144
786151
786162
786167
786174
786181
786182
786229
786236
786243
786244
786291
786294
786309
786312
786319
786320
786355
786362
786373
786380
786383
786386
786425
786428
786435
786446
786463
786470
786501
786502
786509
786532
786535
786536
786559
786560
786575
786578
786619
786622
786629
786636
786647
786658
786669
786676
786707
786708
786711
786718
786729
786740
786763
786766
786775
786778
786785
786786
786797
786804
786811
786850
786857
786860
786875
786882
786905
786908
786911
786912
786947
786950
786961
786968
786979
786982
787013
787016
787031
787042
787053
787060
787083
787090
787093
787096
787115
787122
787153
787156
787179
787186
787193
787194
787257
787260
787267
787272
787283
787284
787299
787310
787333
787348
787351
787356
787391
787392
787399
787402
787409
787416
787431
787432
787437
787452
787483
787486
787505
787506
787509
787524
787535
787536
787547
787550
787573
787580
787587
787602
787613
787616
787623
787628
787651
787656
787703
787706
787717
787724
787727
787734
787789
787792
787799
787806
787829
787830
787837
787844
787863
787880
787887
787890
787913
787920
787927
787942
787949
787950
787973
787980
787985
787992
787999
788002
788057
788060
788067
788078
788089
788104
788111
788114
788129
788136
788159
788162
788215
788216
788231
788246
788265
788268
788283
788286
788297
788302
788309
788312
788343
788346
788353
788368
788379
788380
788411
788414
788425
788432
788439
788446
788457
788460
788467
788472
788503
788508
788515
788516
788527
788534
788541
788548
788607
788610
788617
788624
788629
788632
788663
788670
788685
788694
788701
788704
788775
788780
788783
788786
788801
788816
788827
788830
788841
788844
788851
788858
788873
788874
788877
788900
788905
788908
788915
788920
788959
788962
788993
788996
789043
789048
789051
789054
789061
789064
789079
789080
789091
789114
789117
789120
789167
789168
789175
789182
789193
789194
789205
789212
789227
789242
789257
789260
789271
789274
789309
789324
789343
789346
789353
789360
789371
789378
789385
789388
789435
789438
789445
789448
789459
789462
789477
789478
789491
789502
789517
789520
789543
789550
789553
789564
789571
789574
789613
789614
789637
789652
789655
789656
789675
789690
789693
789698
789715
789716
789747
789748
789779
789786
789789
789792
789809
789810
789825
789848
789895
789896
789911
789912
789917
789932
789947
789952
789967
789970
789985
789992
790003
790006
790029
790036
790045
790048
790055
790058
790105
790108
790111
790116
790147
790152
790159
790162
790173
790176
790183
790184
790255
790258
790265
790280
790285
790288
790319
790320
790335
790358
790365
790372
790383
790390
790397
790400
790429
790432
790485
790488
790493
790500
790507
790522
790537
790540
790547
790558
790569
790572
790587
790590
790601
790616
790623
790630
790647
790650
790657
790660
790675
790678
790693
790704
790751
790762
790765
790766
790805
790806
790813
790820
790831
790834
790849
790852
790859
790866
790881
790882
790905
790908
790911
790934
790961
790966
790981
790982
790999
791002
791009
791010
791057
791064
791067
791074
791085
791096
791127
791134
791153
791160
791167
791174
791185
791188
791195
791198
791229
791232
791243
791244
791249
791280
791287
791290
791337
791338
791353
791364
791375
791378
791385
791388
791403
791410
791413
791420
791479
791482
791489
791496
791505
791512
791543
791544
791549
791554
791565
791568
791599
791614
791629
791636
791647
791648
791659
791660
791723
791730
791737
791738
791761
791764
791767
791798
791805
791808
791823
791828
791839
791842
791849
791860
791904
791907
791914
791921
791944
791947
791954
791961
791976
791987
791994
791997
792020
792023
792038
792045
792056
792059
792090
792101
792112
792119
792126
792129
792176
792179
792186
792191
792196
792199
792214
792215
792234
792249
792256
792259
792294
792295
792302
792309
792324
792327
792334
792345
792368
792377
792384
792387
792414
792419
792422
792425
792448
792451
792522
792523
792538
792541
792548
792555
792566
792569
792572
792583
792602
792609
792624
792625
792642
792673
792680
792683
792714
792715
792734
792741
792752
792753
792768
792775
792786
792797
792812
792813
792860
792861
792868
792875
792882
792889
792912
792915
792926
792929
792944
792947
792986
792989
792996
793019
793024
793027
793034
793041
793056
793063
793070
793071
793106
793121
793128
793135
793154
793155
793170
793177
793182
793199
793206
793209
793256
793259
793262
793269
793304
793307
793330
793331
793350
793357
793360
793367
793378
793381
793396
793407
793414
793419
793450
793453
793458
793461
793468
793471
793542
793545
793552
793567
793572
793583
793590
793593
793624
793639
793654
793657
793668
793669
793672
793687
793706
793709
793720
793723
793746
793749
793772
793773
793788
793791
793798
793809
793814
793821
793844
793849
793862
793869
793872
793875
793922
793925
793932
793935
793966
793969
794000
794003
794014
794025
794028
794029
794068
794069
794084
794087
794098
794105
794116
794131
794138
794145
794148
794149
794196
794199
794206
794225
794272
794275
794290
794291
794308
794311
794318
794323
794346
794349
794352
794367
794378
794381
794412
794415
794444
794455
794458
794459
794470
794485
794500
794503
794510
794513
794544
794547
794558
794561
794568
794583
794614
794617
794624
794635
794646
794647
794662
794663
794678
794689
794704
794707
794742
794745
794752
794759
794778
794785
794792
794795
794806
794821
794824
794827
794922
794923
794930
794937
794948
794951
794974
794981
794992
794999
795022
795025
795048
795051
795066
795077
795092
795095
795102
795105
795116
795131
795134
795135
795184
795191
795206
795213
795224
795227
795242
795243
795266
795277
795280
795303
795314
795317
795320
795335
795362
795363
795386
795393
795398
795405
795412
795413
795428
795435
795442
795449
795460
795461
795492
795495
795514
795521
795528
795531
795602
795605
795612
795619
795634
795649
795664
795665
795676
795681
795696
795697
795720
795723
795730
795737
795760
795767
795798
795799
795814
795821
795824
795827
795850
795855
795862
795873
795882
795885
795900
795911
795928
795935
795942
795945
795968
795969
795992
795999
796022
796023
796030
796031
796066
796097
796100
796103
796114
796117
796128
796143
796158
796161
796172
796179
796184
796195
796202
796205
796284
796285
796288
796299
796304
796307
796322
796325
796340
796343
796374
796377
796400
796403
796406
796417
796428
796431
796438
796439
796462
796473
796484
796491
796506
796517
796524
796535
796546
796553
796600
796603
796612
796623
796630
796633
796656
796657
796660
796667
796690
796697
796712
796713
796724
796731
796734
796735
796818
796825
796840
796843
796854
796857
796868
796883
796898
796903
796910
796913
796936
796939
796954
796957
796966
796973
797012
797019
797024
797039
797054
797055
797086
797089
797092
797115
797150
797153
797168
797171
797194
797201
797204
797207
797224
797227
797234
797241
797272
797273
797320
797321
797326
797341
797344
797347
797366
797373
797376
797391
797402
797405
797416
797419
797442
797457
797460
797461
797472
797475
797506
797517
797532
797533
797548
797553
797564
797571
797578
797579
797642
797645
797652
797655
797666
797677
797684
797691
797700
797705
797712
797715
797762
797765
797772
797779
797786
797787
797798
797801
797836
797843
797846
797853
797900
797911
797918
797927
797938
797941
797956
797959
797974
797989
798000
798007
798024
798025
798032
798039
798078
798081
798096
798099
798104
798139
798150
798157
798188
798190
798197
798200
798205
798206
798253
798260
798287
798290
798305
798308
798331
798338
798341
798346
798361
798364
798371
798374
798385
798388
798403
798410
798469
798470
798473
798504
798515
798516
798531
798534
798565
798572
798579
798582
798593
798600
798607
798610
798621
798628
798651
798652
798663
798670
798677
798688
798719
798720
798727
798738
798761
798762
798777
798782
798791
798798
798801
798804
798839
798842
798857
798872
798887
798890
798897
798900
798911
798934
798949
798952
799017
799018
799025
799028
799051
799054
799077
799080
799087
799090
799097
799100
799123
799126
799133
799148
799157
799164
799195
799196
799219
799226
799233
799236
799283
799294
799301
799304
799309
799310
799341
799342
799371
799376
799383
799394
799417
799418
799425
799432
799463
799466
799481
799488
799493
799508
799523
799524
799543
799550
799573
799578
799583
799586
799593
799600
799615
799630
799637
799640
799711
799714
799717
799720
799733
799736
799751
799758
799769
799788
799795
799796
799811
799812
799835
799854
799859
799862
799873
799880
799909
799920
799927
799928
799951
799954
799961
799966
799981
799984
800015
800018
800029
800040
800043
800058
800105
800108
800111
800114
800131
800134
800149
800152
800159
800170
800173
800174
800221
800224
800231
800238
800277
800278
800289
800292
800315
800318
800321
800322
800353
800360
800363
800394
800399
800410
800417
800420
800435
800438
800461
800464
800481
800484
800499
800514
800529
800536
800543
800546
800557
800568
800583
800584
800623
800630
800637
800644
800649
800650
800709
800712
800719
800726
800733
800736
800771
800774
800789
800800
800847
800848
800863
800864
800875
800890
800897
800900
800923
800926
800941
800944
800955
800962
800969
800974
800993
801000
801007
801012
801035
801038
801045
801052
801059
801066
801113
801116
801127
801134
801141
801142
801169
801176
801183
801206
801211
801214
801229
801232
801295
801298
801301
801302
801349
801352
801359
801374
801383
801386
801417
801420
801431
801442
801449
801456
801471
801472
801479
801482
801493
801496
801519
801520
801543
801566
801573
801580
801615
801616
801623
801634
801641
801648
801663
801678
801683
801686
801693
801696
801755
801756
801763
801770
801793
801800
801807
801808
801815
801826
801849
801852
801863
801866
801873
801888
801923
801926
801941
801944
801955
801962
801969
801976
802023
802026
802041
802046
802051
802052
802083
802086
802095
802102
802109
802114
802131
802148
802155
802158
802189
802190
802205
802208
802219
802234
802237
802240
802287
802290
802305
802312
802317
802318
802329
802336
802351
802358
802365
802372
802407
802408
802415
802426
802445
802452
802467
802470
802481
802484
802499
802502
802581
802584
802587
802602
802613
802616
802623
802630
802657
802680
802683
802686
802697
802704
802715
802722
802737
802744
802767
802770
802781
802788
802791
802794
802813
802814
802817
802824
802871
802872
802903
802906
802913
802928
802935
802942
802959
802962
802973
802976
802987
802988
803019
803026
803031
803036
803043
803050
803081
803088
803095
803106
803117
803132
803147
803148
803187
803194
803201
803202
803225
803228
803235
803270
803285
803288
803303
803306
803329
803336
803351
803354
803401
803408
803411
803418
803429
803432
803463
803464
803471
803480
803487
803490
803513
803520
803535
803538
803567
803568
803579
803586
803591
803598
803601
803604
803619
803622
803637
803648
803659
803660
803675
803678
803701
803708
803711
803714
803809
803816
803819
803822
803845
803850
803865
803868
803879
803884
803891
803906
803925
803930
803941
803956
803961
803962
803985
803986
804001
804004
804011
804012
804035
804042
804049
804056
804083
804084
804115
804118
804141
804148
804159
804162
804209
804212
804215
804230
804241
804242
804257
804258
804277
804300
804307
804308
804331
804332
804339
804346
804361
804372
804399
804410
804415
804418
804421
804422
804517
804520
804527
804538
804546
804561
804576
804583
804590
804593
804608
804609
804644
804647
804654
804661
804670
804673
804688
804691
804708
804723
804726
804729
804744
804747
804750
804757
804780
804783
804806
804813
804832
804835
804850
804861
804884
804885
804892
804909
804924
804927
804950
804951
804962
804973
804984
804987
805026
805029
805060
805067
805072
805075
805082
805085
805100
805111
805114
805115
805138
805145
805148
805163
805174
805181
805192
805193
805204
805219
805266
805267
805298
805301
805304
805323
805334
805341
805348
805349
805368
805375
805382
805389
805424
805427
805434
805449
805464
805465
805480
805485
805502
805507
805514
805521
805576
805577
805584
805587
805610
805613
805628
805629
805644
805675
805678
805681
805692
805695
805710
805715
805734
805737
805744
805751
805762
805765
805768
805771
805842
805849
805860
805863
805874
805881
805912
805919
805942
805957
805964
805967
805978
805981
805984
805999
806006
806007
806054
806055
806090
806097
806100
806103
806122
806133
806136
806147
806158
806161
806192
806193
806200
806207
806214
806221
806250
806253
806260
806267
806314
806329
806336
806339
806350
806361
806364
806365
806396
806399
806410
806417
806434
806437
806460
806467
806486
806489
806492
806495
806518
806521
806536
806551
806566
806569
806576
806583
806594
806617
806632
806633
806668
806671
806674
806685
806696
806697
806712
806713
806744
806749
806756
806759
806782
806785
806800
806807
806826
806827
806890
806891
806896
806903
806906
806913
806928
806931
806934
806945
806974
806977
806984
806991
807018
807025
807040
807043
807060
807061
807076
807083
807090
807091
807098
807105
807110
807133
807148
807155
807234
807235
807242
807245
807250
807261
807284
807285
807300
807307
807314
807321
807368
807371
807374
807385
807396
807399
807406
807421
807432
807435
807442
807443
807474
807481
807496
807499
807504
807505
807552
807553
807572
807583
807590
807593
807616
807617
807632
807639
807670
807675
807698
807699
807704
807711
807714
807719
807754
807755
807762
807785
807808
807809
807824
807835
807842
807849
807856
807859
807894
807897
807900
807907
807926
807933
807948
807949
807972
807983
807990
807991
808022
808025
808032
808047
808058
808065
808084
808087
808122
808125
808140
808143
808166
808181
808184
808189
808204
808207
808238
808239
808244
808251
808258
808269
808358
808359
808364
808367
808378
808379
808394
808401
808416
808447
808454
808457
808468
808471
808486
808493
808506
808509
808532
808535
808546
808553
808560
808563
808594
808595
808598
808603
808626
808633
808640
808641
808660
808675
808686
808689
808712
808719
808726
808741
808756
808759
808782
808783
808806
808811
808826
808829
808852
808863
808866
808869
808874
808877
808900
808907
808938
808945
808952
808963
808974
808977
808980
808999
809018
809019
809042
809045
809050
809057
809072
809073
809120
809121
809136
809151
809156
809163
809178
809185
809200
809211
809218
809219
809290
809297
809300
809307
809322
809325
809340
809347
809352
809355
809370
809371
809390
809391
809414
809437
809442
809449
809456
809457
809488
809495
809498
809499
809534
809539
809546
809553
809576
809579
809594
809595
809600
809607
809610
809617
809648
809655
809662
809665
809700
809705
809728
809729
809748
809763
809766
809767
809814
809821
809836
809847
809854
809857
809864
809867
809878
809881
809888
809891
809974
809975
809982
809999
810004
810011
810026
810029
810036
810041
810072
810075
810086
810087
810094
810117
810126
810133
810156
810163
810174
810181
810184
810185
810216
810223
810238
810253
810258
810261
810276
810279
810326
810329
810336
810339
810356
810357
810364
810367
810390
810391
810398
810403
810414
810461
810464
810467
810486
810493
810508
810515
810532
810533
810564
810571
810586
810589
810604
810607
810630
810633
810640
810645
810670
810681
810712
810715
810720
810723
810738
810741
810788
810791
810794
810801
810824
810827
810834
810835
810874
810888
810891
810898
810921
810924
810927
810942
810957
810958
810993
810996
811001
811004
811019
811026
811049
811056
811063
811074
811097
811104
811119
811120
811127
811142
811145
811146
811193
811196
811211
811218
811237
811240
811247
811262
811267
811278
811285
811288
811351
811354
811361
811368
811373
811380
811391
811394
811407
811414
811421
811428
811439
811440
811455
811470
811501
811504
811511
811512
811547
811554
811561
811568
811597
811600
811603
811606
811611
811616
811663
811666
811673
811684
811691
811694
811717
811720
811723
811730
811753
811756
811795
811798
811833
811844
811851
811854
811885
811886
811893
811904
811909
811910
811925
811940
811949
811956
811971
811974
812009
812012
812015
812018
812025
812040
812055
812058
812069
812076
812087
812088
812151
812154
812157
812164
812169
812176
812199
812210
812225
812232
812239
812242
812265
812272
812279
812284
812303
812304
812335
812338
812349
812364
812371
812376
812423
812424
812431
812446
812469
812472
812487
812488
812499
812510
812513
812520
812543
812546
812561
812564
812571
812574
812597
812604
812627
812630
812637
812638
812717
812724
812731
812744
812749
812752
812759
812760
812783
812786
812801
812804
812839
812846
812853
812868
812895
812896
812903
812906
812929
812934
812941
812948
812963
812968
812975
812982
812987
812994
813041
813042
813051
813062
813069
813072
813095
813098
813101
813124
813139
813140
813147
813150
813161
813184
813187
813190
813225
813226
813249
813252
813275
813278
813285
813292
813307
813330
813337
813338
813361
813364
813371
813374
813413
813420
813431
813438
813449
813456
813471
813478
813493
813496
813503
813520
813531
813534
813581
813582
813617
813624
813627
813630
813659
813674
813677
813680
813695
813702
813733
813736
813747
813752
813755
813758
813777
813780
813787
813794
813829
813830
813841
813844
813859
813874
813885
813888
813911
813914
813929
813944
813955
813958
813973
813980
813991
813998
814005
814008
814103
814104
814119
814122
814127
814134
814149
814152
814171
814176
814191
814198
814221
814224
814231
814238
814245
814246
814261
814262
814273
814284
814291
814294
814349
814352
814359
814370
814381
814384
814407
814410
814417
814424
814431
814454
814489
814490
814493
814496
814515
814518
814533
814534
814539
814558
814581
814582
814597
814604
814611
814618
814623
814624
814647
814658
814681
814696
814699
814700
814723
814726
814741
814764
814779
814786
814801
814804
814815
814822
814837
814838
814877
814878
814881
814896
814907
814910
814917
814920
814967
814972
814979
814980
815027
815030
815033
815040
815071
815074
815121
815124
815129
815140
815143
815146
815161
815168
815183
815190
815201
815208
815215
815222
815231
815254
815257
815260
815295
815296
815303
815310
815341
815342
815373
815376
815381
815386
815389
815392
815439
815440
815455
815462
815473
815476
815523
815528
815535
815538
815553
815556
815567
815572
815579
815602
815621
815624
815631
815632
815679
815686
815693
815696
815719
815726
815729
815736
815747
815754
815769
815772
815785
815800
815807
815818
815841
815842
815845
815852
815883
815890
815901
815902
815907
815922
815929
815934
815973
815976
815983
815988
816005
816008
816015
816022
816029
816032
816039
816046
816117
816118
816141
816148
816159
816162
816177
816178
816183
816206
816221
816222
816253
816256
816259
816274
816285
816286
816309
816314
816353
816356
816359
816366
816389
816400
816403
816412
816419
816426
816457
816460
816465
816468
816475
816478
816537
816548
816563
816566
816577
816578
816593
816596
816611
816622
816629
816630
816641
816644
816655
816678
816697
816704
816719
816722
816733
816736
816751
816754
816785
816788
816791
816796
816819
816826
816841
816842
816865
816872
816887
816890
816925
816928
816935
816966
816981
816984
816991
816994
817005
817012
817015
817018
817057
817064
817079
817094
817099
817102
817149
817152
817167
817174
817181
817184
817207
817210
817213
817224
817286
817287
817302
817309
817320
817327
817334
817341
817400
817403
817410
817417
817422
817425
817440
817443
817472
817477
817480
817483
817506
817513
817520
817523
817530
817535
817546
817547
817558
817565
817596
817599
817646
817649
817652
817683
817688
817689
817704
817705
817736
817743
817758
817761
817778
817785
817792
817799
817808
817813
817836
817839
817850
817861
817864
817879
817910
817913
817916
817919
817930
817933
817948
817955
817970
817977
817980
817981
818004
818007
818038
818043
818058
818061
818092
818103
818114
818129
818132
818133
818192
818195
818198
818201
818212
818219
818234
818235
818242
818265
818280
818283
818306
818309
818316
818323
818346
818347
818382
818385
818408
818415
818418
818421
818436
818443
818450
818473
818484
818485
818500
818501
818520
818523
818530
818537
818560
818561
818576
818583
818614
818617
818632
818639
818650
818667
818682
818685
818712
818719
818726
818729
818740
818747
818758
818765
818772
818779
818786
818787
818882
818883
818890
818897
818906
818913
818944
818951
818962
818965
818976
818983
819006
819007
819022
819029
819040
819043
819050
819053
819076
819099
819106
819109
819120
819127
819134
819137
819168
819169
819208
819209
819220
819227
819234
819245
819264
819265
819272
819277
819288
819291
819306
819307
819338
819361
819364
819367
819402
819409
819424
819439
819456
819457
819464
819471
819488
819503
819510
819513
819560
819563
819566
819581
819592
819599
819622
819623
819642
819645
819660
819663
819674
819677
819684
819695
819710
819717
819724
819727
819738
819745
819752
819753
819848
819863
819866
819869
819880
819883
819898
819905
819912
819917
819920
819923
819934
819941
819956
819963
819982
819985
820008
820009
820014
820037
820040
820047
820078
820079
820114
820123
820140
820141
820148
820151
820164
820171
820178
820185
820256
820259
820266
820273
820280
820283
820298
820301
820312
820317
820324
820327
820366
820369
820376
820387
820410
820413
820444
820451
820482
820485
820488
820495
820518
820521
820524
820535
820546
820549
820580
820581
820592
820599
820622
820625
820648
820649
820660
820667
820684
820687
820702
820705
820714
820745
820760
820761
820784
820787
820802
820805
820812
820813
820824
820839
820850
820857
820860
820863
820926
820927
820934
820939
820944
820955
820962
820969
820984
820999
821006
821009
821038
821041
821044
821059
821098
821099
821114
821117
821140
821151
821154
821159
821190
821193
821196
821199
821204
821207
821266
821269
821292
821295
821306
821313
821324
821327
821334
821341
821372
821379
821386
821389
821412
821427
821430
821437
821466
821469
821476
821499
821510
821513
821528
821539
821554
821559
821574
821575
821622
821623
821630
821633
821646
821653
821668
821669
821674
821677
821684
821685
821732
821747
821750
821773
821778
821779
821794
821797
821826
821829
821840
821841
821876
821879
821894
821901
821908
821909
821940
821943
821966
821985
821992
821999
822022
822025
822028
822043
822066
822071
822094
822095
822110
822121
822128
822131
822142
822145
822152
822163
822182
822185
822200
822203
822208
822215
822218
822219
822282
822287
822294
822301
822312
822319
822334
822337
822380
822385
822408
822411
822422
822423
822430
822445
822452
822453
822476
822483
822494
822501
822516
822519
822558
822561
822568
822583
822588
822595
822626
822629
822636
822643
822650
822657
822692
822693
822696
822699
822746
822753
822760
822767
822790
822801
822804
822805
822836
822837
822868
822871
822888
822889
822908
822915
822924
822947
822954
822957
822992
822993
822996
823007
823022
823029
823036
823039
823044
823051
823066
823069
823110
823117
823132
823139
823150
823153
823168
823169
823184
823199
823202
823207
823218
823241
823256
823259
823268
823269
823292
823295
823306
823313
823320
823323
823386
823389
823396
823413
823424
823425
823440
823443
823454
823469
823476
823479
823526
823529
823540
823543
823558
823561
823568
823571
823576
823587
823602
823605
823684
823686
823693
823696
823707
823714
823737
823744
823751
823758
823773
823776
823787
823790
823797
823832
823847
823848
823855
823856
823879
823886
823901
823904
823927
823930
823937
823944
823979
823980
823995
824002
824011
824022
824029
824044
824067
824070
824073
824080
824111
824118
824181
824184
824189
824204
824207
824212
824235
824238
824245
824250
824255
824260
824275
824278
824309
824312
824315
824318
824353
824356
824359
824374
824393
824404
824411
824414
824425
824432
824447
824448
824479
824482
824489
824504
824509
824514
824525
824526
824581
824584
824587
824588
824611
824614
824621
824626
824641
824644
824691
824698
824703
824710
824721
824728
824777
824780
824787
824798
824821
824824
824831
824832
824839
824862
824869
824872
824895
824898
824905
824908
824931
824934
824957
824962
824973
824980
824987
825002
825033
825036
825039
825054
825065
825068
825091
825092
825101
825108
825123
825126
825161
825164
825171
825178
825185
825192
825199
825202
825237
825260
825263
825264
825299
825306
825313
825320
825325
825328
825359
825360
825391
825394
825401
825404
825427
825430
825445
825456
825495
825502
825509
825512
825523
825538
825541
825544
825591
825594
825609
825616
825627
825628
825651
825674
825685
825694
825697
825698
825721
825724
825731
825746
825761
825768
825779
825780
825791
825798
825809
825810
825849
825850
825857
825868
825891
825894
825909
825910
825925
825928
825931
825938
825961
825968
825975
825982
825995
825998
826061
826064
826069
826080
826087
826092
826107
826110
826125
826128
826151
826152
826175
826178
826207
826214
826225
826226
826237
826244
826251
826266
826281
826282
826297
826304
826315
826318
826325
826328
826435
826436
826441
826448
826453
826468
826483
826486
826493
826504
826515
826522
826569
826572
826575
826582
826591
826594
826617
826620
826643
826646
826661
826664
826679
826684
826691
826696
826707
826708
826739
826740
826755
826774
826781
826796
826831
826838
826841
826848
826879
826880
826895
826898
826909
826924
826927
826930
826969
826976
826991
826994
826999
827002
827049
827060
827067
827074
827081
827082
827105
827116
827119
827124
827135
827142
827157
827160
827183
827186
827193
827196
827227
827228
827235
827258
827263
827266
827281
827282
827301
827312
827323
827324
827335
827342
827349
827364
827395
827402
827425
827428
827439
827442
827449
827452
827507
827510
827517
827536
827571
827572
827579
827582
827597
827612
827619
827622
827639
827640
827671
827674
827683
827686
827693
827700
827711
827722
827725
827726
827757
827760
827767
827774
827785
827796
827827
827830
827853
827860
827867
827872
827895
827896
827899
827922
827937
827938
827953
827960
827971
827978
827981
827984
828043
828050
828057
828060
828071
828072
828107
828110
828141
828148
828155
828162
828185
828186
828189
828196
828235
828238
828249
828252
828257
828288
828295
828296
828311
828314
828321
828326
828331
828346
828353
828362
828391
828394
828409
828410
828499
828502
828509
828516
828523
828526
828541
828548
828559
828564
828579
828586
828609
828610
828625
828640
828651
828652
828675
828676
828699
828714
828725
828728
828751
828754
828757
828772
828791
828794
828809
828810
828815
828822
828829
828836
828859
828866
828869
828876
828911
828914
828945
828946
828973
828990
828997
828998
829009
829014
829037
829052
829059
829060
829075
829078
829089
829092
829095
829102
829141
829144
829159
829182
829187
829190
829197
829200
829207
829214
829237
829238
829255
829262
829265
829272
829295
829298
829329
829332
829355
829368
829375
829378
829441
829448
829451
829454
829459
829462
829485
829488
829497
829504
829511
829528
829551
829558
829569
829574
829589
829590
829605
829608
829619
829634
829641
829644
829707
829710
829717
829720
829743
829744
829751
829758
829773
829790
829793
829800
829847
829850
829857
829860
829869
829872
829895
829898
829921
829928
829935
829938
829953
829960
829967
829998
830009
830012
830027
830030
830077
830084
830087
830090
830116
830121
830128
830139
830146
830149
830180
830181
830192
830197
830228
830231
830250
830251
830254
830257
830280
830287
830306
830309
830324
830331
830338
830345
830368
830369
830392
830397
830424
830431
830438
830445
830450
830457
830460
830461
830556
830557
830564
830571
830576
830579
830594
830597
830606
830621
830636
830639
830662
830665
830672
830683
830714
830721
830732
830733
830756
830763
830766
830769
830792
830799
830806
830817
830828
830829
830860
830867
830874
830881
830888
830891
830938
830945
830948
830959
830988
830989
830996
830999
831010
831033
831040
831043
831074
831075
831090
831105
831116
831117
831128
831131
831148
831151
831174
831177
831200
831201
831208
831217
831232
831255
831270
831271
831282
831297
831304
831305
831364
831365
831372
831379
831390
831393
831408
831415
831446
831451
831454
831457
831468
831475
831482
831489
831512
831515
831562
831569
831574
831581
831584
831591
831606
831607
831610
831621
831644
831647
831678
831685
831704
831719
831726
831733
831750
831751
831766
831769
831784
831787
831810
831815
831820
831835
831838
831845
831900
831903
831906
831909
831920
831923
831946
831947
831962
831969
831984
831985
832008
832009
832012
832059
832078
832079
832094
832095
832112
832119
832126
832129
832176
832183
832190
832195
832200
832207
832222
832225
832248
832259
832262
832269
832316
832319
832326
832329
832344
832347
832370
832375
832386
832397
832400
832403
832442
832445
832476
832483
832494
832497
832512
832519
832526
832533
832536
832541
832576
832579
832586
832593
832624
832631
832638
832641
832646
832651
832682
832685
832700
832703
832706
832721
832732
832733
832764
832767
832786
832793
832800
832805
832840
832855
832858
832863
832886
832887
832902
832905
832940
832943
832946
832951
832986
832987
832994
833009
833020
833031
833038
833041
833048
833067
833082
833085
833108
833111
833126
833129
833138
833141
833188
833191
833196
833203
833210
833213
833308
833309
833312
833317
833328
833335
833350
833357
833384
833391
833406
833407
833430
833431
833438
833453
833468
833469
833484
833487
833510
833527
833534
833535
833554
833565
833572
833587
833598
833599
833622
833625
833640
833655
833662
833669
833680
833683
833698
833705
833728
833729
833744
833745
833750
833757
833772
833773
833796
833811
833822
833829
833834
833837
833844
833847
833886
833897
833900
833903
833950
833951
833958
833965
833980
833983
834022
834023
834034
834041
834064
834071
834118
834119
834122
834145
834156
834159
834166
834171
834186
834189
834196
834203
834238
834245
834252
834259
834268
834269
834284
834291
834296
834311
834318
834329
834344
834347
834362
834365
834400
834401
834424
834425
834448
834463
834466
834467
834478
834481
834496
834507
834522
834525
834540
834547
834552
834559
834566
834573
834652
834655
834662
834665
834688
834699
834730
834733
834748
834759
834766
834769
834780
834787
834794
834805
834818
834829
834840
834841
834864
834867
834870
834871
834886
834893
834900
834923
834946
834949
834996
834999
835018
835025
835032
835035
835052
835055
835058
835065
835080
835083
835090
835093
835098
835109
835112
835113
835184
835187
835202
835217
835222
835223
835238
835249
835264
835271
835274
835275
835322
835327
835342
835347
835356
835363
835370
835371
835376
835391
835406
835409
835456
835459
835474
835481
835492
835493
835508
835509
835548
