609425
609432
609443
609454
609461
609476
609479
609494
609501
609516
609519
609536
609537
609544
609551
609580
609581
609596
609599
609610
609633
609636
609639
609670
609684
609687
609702
609713
609714
609761
609764
609795
609798
609805
609808
609819
609820
609827
609838
609869
609870
609877
609880
609891
609898
609905
609912
609951
609958
609969
609976
609981
609988
609995
609998
610005
610010
610013
610020
610115
610118
610125
610128
610139
610146
610169
610172
610177
610180
610187
610194
610209
610212
610223
610246
610257
610258
610289
610292
610311
610318
610325
610326
610343
610350
610357
610360
610391
610392
610407
610408
610419
610430
610433
610448
610475
610478
610485
610500
610517
610518
610557
610558
610573
610580
610587
610588
610599
610606
610613
610618
610647
610650
610665
610672
610695
610702
610705
610708
610755
610758
610765
610776
610781
610796
610811
610812
610823
610838
610853
610856
610867
610868
610875
610890
610897
610908
610931
610932
610955
610958
610961
610964
611003
611010
611025
611036
611047
611048
611071
611078
611093
611096
611103
611110
611133
611136
611143
611150
611185
611186
611201
611204
611221
611244
611251
611252
611283
611284
611299
611306
611323
611326
611337
611348
611357
611364
611367
611370
611417
611420
611423
611432
611439
611442
611457
611460
611471
611474
611489
611492
611563
611566
611569
611576
611587
611590
611605
611608
611655
611660
611667
611674
611697
611700
611703
611718
611737
611738
611769
611772
611777
611780
611811
611814
611845
611846
611849
611854
611865
611870
611877
611878
611891
611914
611917
611920
611955
611962
611977
611984
611991
611998
612005
612012
612029
612044
612047
612050
612089
612092
612107
612114
612119
612122
612133
612136
612151
612166
612181
612182
612193
612196
612203
612226
612249
612250
612273
612274
612297
612304
612311
612314
612361
612368
612371
612374
612397
612400
612447
612448
612457
612468
612471
612476
612487
612494
612497
612504
612535
612538
612561
612564
612575
612582
612589
612594
612625
612626
612633
612664
612669
612670
612685
612692
612699
612706
612721
612724
612777
612780
612787
612790
612799
612806
612829
612832
612837
612842
612857
612860
612891
612894
612901
612908
612919
612920
612935
612940
612987
612990
612993
612996
613019
613030
613045
613050
613057
613064
613079
613080
613085
613108
613115
613122
613151
613152
613155
613158
613181
613184
613199
613200
613215
613234
613249
613256
613279
613282
613305
613308
613335
613336
613359
613362
613373
613388
613395
613398
613429
613432
613435
613446
613451
613454
613461
613468
613507
613510
613517
613520
613567
613568
613571
613602
613609
613612
613627
613632
613643
613648
613663
613664
613711
613718
613725
613728
613739
613742
613789
613792
613799
613806
613809
613816
613839
613840
613855
613862
613891
613902
613909
613912
613917
613924
613927
613930
613953
613956
613971
613978
613989
613990
613997
614004
614025
614042
614049
614052
614099
614106
614109
614116
614147
614152
614171
614172
614177
614180
614187
614194
614213
614216
614231
614254
614265
614268
614283
614286
614301
614304
614311
614312
614347
614362
614365
614368
614379
614380
614427
614430
614453
614460
614467
614474
614505
614506
614521
614528
614539
614542
614553
614556
614565
614580
614591
614598
614609
614612
614619
614624
614631
614638
614645
614656
614667
614674
614681
614684
614795
614798
614801
614804
614809
614812
614827
614830
614837
614860
614875
614878
614895
614896
614911
614926
614945
614946
614957
614960
614995
615010
615021
615024
615039
615042
615045
615058
615069
615070
615085
615088
615111
615118
615125
615148
615174
615177
615180
615183
615214
615215
615246
615249
615254
615271
615278
615279
615318
615321
615328
615331
615342
615345
615376
615379
615410
615417
615420
615421
615444
615447
615450
615467
615498
615501
615508
615511
615516
615519
615542
615545
615580
615583
615598
615613
615618
615625
615632
615635
615654
615661
615668
615671
615706
615709
615716
615723
615738
615741
615764
615771
615782
615789
615796
615801
615824
615827
615834
615845
615868
615871
615886
615889
615896
615911
615914
615917
615976
615977
615992
615999
616018
616025
616032
616035
616040
616045
616052
616059
616106
616107
616114
616117
616128
616143
616190
616191
616204
616211
616242
616243
616254
616259
616262
616277
616284
616285
616292
616295
616318
616329
616336
616337
616366
616375
616378
616385
616396
616399
616430
616431
616462
616467
616482
616489
616512
616513
616516
616531
616554
616557
616572
616579
616584
616599
616602
616603
616650
616651
616662
616673
616684
616687
616702
616709
616728
616731
616738
616739
616774
616775
616786
616793
616800
616807
616814
616821
616832
616851
616858
616863
616898
616905
616912
616923
616946
616949
616960
616961
616992
616999
617002
617005
617028
617035
617042
617053
617062
617063
617110
617113
617118
617121
617124
617131
617162
617177
617192
617195
617212
617215
617230
617231
617254
617277
617284
617287
617298
617301
617316
617331
617338
617341
617352
617355
617366
617373
617380
617381
617460
617463
617470
617485
617508
617519
617534
617535
617542
617549
617556
617559
617594
617595
617598
617605
617632
617633
617648
617651
617662
617673
617684
617691
617706
617709
617716
617719
617724
617727
617774
617777
617786
617801
617808
617815
617838
617839
617846
617857
617904
617905
617936
617937
617948
617955
617962
617965
618000
618003
618018
618025
618030
618031
618046
618069
618084
618091
618094
618095
618118
618125
618128
618131
618150
618153
618176
618179
618202
618209
618216
618223
618254
618255
618262
618285
618290
618293
618300
618303
618350
618357
618372
618375
618398
618401
618404
618407
618422
618433
618448
618449
618460
618471
618478
618481
618520
618523
618530
618545
618556
618557
618580
618583
618590
618601
618608
618611
618634
618637
618668
618677
618688
618691
618698
618705
618716
618723
618730
618733
618804
618807
618814
618821
618844
618851
618858
618861
618870
618875
618886
618889
618912
618919
618922
618929
618936
618939
618986
618987
619010
619013
619016
619021
619048
619063
619070
619075
619080
619081
619096
619099
619114
619121
619128
619135
619170
619173
619180
619195
619214
619217
619232
619235
619246
619277
619284
619285
619316
619317
619324
619327
619338
619341
619364
619371
619394
619401
619404
619405
619476
619477
619484
619495
619510
619517
619524
619535
619540
619547
619554
619557
619606
619607
619622
619637
619648
619649
619680
619681
619696
619707
619714
619715
619726
619731
619738
619745
619784
619791
619814
619821
619826
619833
619836
619843
619858
619859
619862
619877
619900
619903
619918
619919
619938
619953
619960
619963
619980
619983
620006
620013
620028
620029
620036
620043
620060
620071
620078
620081
620128
620129
620144
620151
620156
620163
620178
620181
620188
620191
620222
620225
620236
620243
620250
620267
620286
620293
620300
620305
620316
620319
620322
620325
620396
620399
620402
620409
620420
620423
620454
620457
620470
620481
620484
620491
620538
620541
620548
620551
620582
620583
620594
620597
620608
620631
620646
620647
620686
620694
620701
620706
620717
620724
620731
620734
620749
620760
620763
620770
620817
620820
620827
620830
620841
620846
620861
620862
620885
620890
620905
620906
620921
620924
620927
620942
620947
620950
620961
620968
621007
621010
621017
621018
621029
621036
621043
621074
621089
621092
621139
621140
621145
621152
621167
621170
621217
621218
621221
621224
621247
621262
621269
621272
621287
621310
621317
621320
621343
621346
621361
621364
621383
621386
621425
621436
621441
621444
621447
621450
621481
621484
621491
621502
621507
621514
621521
621528
621551
621558
621573
621574
621591
621594
621601
621608
621623
621626
621641
621642
621677
621692
621699
621710
621749
621760
621763
621766
621771
621774
621821
621824
621831
621838
621841
621848
621871
621874
621877
621882
621909
621910
621925
621928
621951
621966
621973
621976
622007
622008
622015
622030
622053
622056
622071
622074
622083
622088
622103
622106
622129
622130
622137
622144
622151
622158
622181
622184
622189
622204
622215
622216
622287
622288
622291
622310
622315
622318
622325
622328
622359
622374
622381
622384
622401
622408
622423
622426
622435
622436
622451
622458
622469
622480
622487
622492
622507
622510
622521
622524
622571
622574
622605
622612
622629
622636
622639
622642
622653
622656
622671
622682
622689
622692
622723
622726
622731
622734
622741
622744
622833
622838
622845
622852
622875
622878
622889
622892
622907
622914
622921
622922
622933
622936
622943
622974
622985
622992
623015
623018
623029
623032
623039
623040
623055
623066
623081
623086
623091
623094
623125
623126
623145
623148
623155
623162
623209
623216
623223
623230
623245
623248
623263
623270
623281
623292
623299
623302
623357
623360
623389
623396
623401
623402
623425
623428
623459
623466
623473
623476
623499
623500
623503
623510
623529
623532
623539
623542
623559
623566
623581
623584
623631
623634
623637
623660
623665
623668
623683
623686
623709
623720
623727
623728
623739
623754
623757
623764
623779
623782
623813
623814
623837
623840
623847
623862
623881
623882
623885
623902
623919
623922
623937
623940
623955
623970
623985
623988
624023
624026
624033
624040
624055
624062
624077
624080
624085
624094
624109
624112
624175
624182
624185
624188
624193
624204
624215
624218
624227
624230
624237
624238
624261
624262
624277
624300
624331
624334
624341
624342
624353
624368
624371
624372
624419
624422
624429
624446
624463
624466
624489
624492
624499
624510
624513
624520
624531
624532
624539
624546
624585
624588
624611
624612
624629
624636
624643
624646
624661
624668
624691
624698
624709
624712
624727
624734
624761
624768
624771
624772
624843
624844
624851
624866
624873
624876
624891
624898
624909
624920
624935
624938
624957
624962
624965
624972
624977
624984
625003
625006
625029
625036
625043
625044
625091
625094
625097
625102
625125
625126
625157
625164
625175
625182
625185
625192
625215
625216
625231
625238
625261
625264
625279
625282
625301
625348
625351
625358
625369
625372
625379
625382
625397
625400
625411
625418
625423
625426
625441
625448
625499
625500
625507
625512
625517
625520
625567
625570
625577
625580
625591
625598
625621
625624
625627
625642
625661
625668
625675
625678
625701
625706
625713
625714
625745
625752
625759
625766
625783
625784
625807
625808
625831
625838
625845
625850
625873
625876
625883
625906
625937
625940
625947
625948
625959
625966
625973
625974
626033
626036
626067
626074
626079
626080
626095
626106
626113
626118
626125
626128
626175
626178
626193
626208
626228
626231
626262
626263
626268
626283
626290
626291
626322
626325
626328
626339
626362
626365
626372
626373
626392
626395
626402
626417
626434
626445
626448
626451
626458
626461
626492
626495
626500
626515
626522
626529
626552
626559
626566
626573
626596
626603
626626
626627
626650
626665
626668
626669
626692
626695
626706
626717
626726
626727
626734
626741
626752
626763
626770
626771
626850
626851
626854
626857
626862
626869
626884
626891
626922
626927
626942
626945
626968
626971
626978
626989
627004
627007
627030
627037
627048
627055
627062
627063
627082
627089
627104
627111
627122
627127
627142
627145
627152
627163
627178
627185
627220
627223
627230
627233
627304
627307
627314
627315
627320
627337
627340
627347
627378
627379
627394
627401
627412
627413
627444
627447
627456
627471
627474
627477
627524
627527
627534
627545
627552
627567
627574
627575
627598
627601
627608
627609
627650
627657
627660
627675
627686
627687
627694
627697
627728
627737
627760
627761
627784
627787
627794
627797
627806
627809
627844
627845
627850
627853
627860
627875
627906
627907
627910
627933
627944
627947
627962
627969
627992
627999
628006
628007
628030
628033
628048
628055
628070
628071
628086
628091
628102
628125
628128
628131
628170
628171
628174
628181
628192
628203
628226
628227
628242
628245
628260
628265
628288
628295
628302
628317
628334
628337
628368
628375
628392
628399
628402
628403
628426
628441
628444
628451
628456
628459
628506
628513
628552
628557
628564
628567
628590
628591
628594
628601
628616
628623
628646
628647
628658
628669
628676
628679
628702
628703
628710
628721
628744
628747
628754
628757
628764
628771
628774
628777
628848
628851
628854
628861
628880
628887
628902
628905
628916
628923
628954
628955
628986
628989
629004
629019
629024
629025
629048
629051
629078
629093
629096
629099
629110
629117
629124
629129
629144
629147
629178
629181
629186
629193
629200
629211
629290
629293
629308
629311
629322
629323
629338
629341
629348
629359
629362
629369
629392
629403
629418
629425
629436
629439
629450
629457
629468
629471
629482
629485
629532
629535
629542
629561
629566
629573
629580
629583
629592
629599
629614
629617
629652
629653
629660
629675
629682
629685
629692
629693
629716
629721
629724
629727
629790
629795
629802
629809
629832
629835
629866
629877
629892
629895
629902
629909
629920
629921
629932
629937
629956
629963
629978
629979
629984
630015
630026
630029
630052
630055
630066
630073
630090
630093
630116
630123
630134
630149
630156
630159
630182
630183
630186
630193
630224
630227
630250
630253
630258
630265
630280
630281
630300
630303
630306
630335
630346
630349
630356
630357
630420
630423
630426
630429
630458
630461
630476
630487
630500
630503
630518
630521
630526
630543
630550
630553
630568
630575
630578
630585
630602
630609
630632
630635
630654
630661
630668
630671
630718
630719
630734
630741
630756
630759
630774
630789
630800
630803
630810
630817
630888
630891
630898
630901
630912
630917
630924
630925
630932
630943
630958
630961
630984
630985
630992
630999
631028
631031
631062
631065
631088
631095
631098
631101
631132
631139
631146
631151
631162
631163
631210
631213
631242
631249
631252
631255
631272
631279
631286
631293
631308
631309
631324
631331
631342
631369
631372
631373
631392
631395
631402
631417
631422
631425
631448
631459
631474
631481
631496
631497
631520
631521
631528
631539
631562
631585
631592
631593
631598
631601
631608
631609
631672
631675
631682
631689
631700
631707
631714
631721
631760
631768
631775
631776
631787
631790
631805
631812
631827
631830
631877
631878
631889
631896
631903
631910
631965
631966
631973
631980
632003
632006
632013
632018
632025
632036
632039
632042
632059
632062
632069
632084
632093
632100
632123
632130
632141
632152
632155
632156
632219
632222
632229
632232
632237
632240
632259
632260
632283
632298
632321
632324
632335
632336
632351
632374
632381
632382
632389
632392
632415
632422
632453
632456
632485
632488
632491
632498
632509
632512
632527
632528
632535
632558
632565
632576
632599
632602
632605
632608
632639
632640
632651
632658
632681
632688
632695
632698
632729
632732
632747
632752
632769
632772
632787
632794
632803
632810
632817
632818
632889
632896
632899
632906
632921
632924
632939
632942
632947
632958
632965
632972
632995
632998
633005
633020
633031
633034
633081
633082
633097
633100
633107
633114
633137
633152
633155
633174
633193
633194
633225
633226
633243
633250
633257
633268
633291
633292
633295
633310
633333
633334
633341
633342
633355
633366
633381
633384
633395
633398
633421
633424
633439
633446
633461
633468
633479
633482
633485
633488
633567
633570
633573
633578
633583
633586
633601
633608
633623
633638
633645
633646
633681
633684
633691
633702
633725
633728
633743
633746
633757
633780
633783
633786
633801
633804
633819
633826
633837
633838
633861
633862
633891
633894
633905
633912
633935
633940
633947
633952
633975
633976
633991
633994
633999
634030
634037
634038
634091
634094
634101
634108
634119
634120
634127
634134
634165
634176
634183
634184
634231
634234
634241
634248
634257
634268
634279
634282
634293
634296
634319
634322
634337
634338
634349
634364
634369
634376
634407
634410
634433
634436
634439
634442
634513
634520
634523
634526
634541
634544
634575
634578
634589
634594
634601
634604
634623
634626
634633
634636
634659
634662
634677
634684
634699
634714
634721
634724
634735
634738
634753
634776
634803
634804
634819
634830
634835
634838
634841
634852
634899
634902
634917
634924
634935
634938
634953
634956
634975
634984
634991
634994
635017
635024
635027
635034
635049
635050
635061
635062
635097
635104
635107
635108
635155
635162
635165
635188
635199
635202
635233
635234
635241
635244
635251
635262
635285
635288
635291
635294
635333
635340
635371
635372
635377
635394
635401
635402
635449
635452
635467
635474
635479
635482
635493
635508
635523
635530
635537
635544
635567
635570
635585
635592
635599
635606
635613
635614
635637
635644
635667
635668
635697
635700
635703
635710
635733
635736
635751
635754
635769
635786
635789
635796
635807
635810
635813
635816
635827
635830
635909
635912
635923
635930
635937
635944
635975
635986
635989
636000
636011
636018
636033
636034
636053
636060
636063
636066
636083
636086
636101
636108
636123
636126
636133
636136
636147
636154
636161
636164
636247
636248
636255
636270
636275
636282
636293
636296
636311
636318
636329
636332
636355
636358
636365
636388
636407
636408
636423
636430
636441
636444
636455
636456
636503
636514
636533
636536
636541
636544
636559
636562
636573
636584
636599
636602
636637
636640
636643
636650
636681
636684
636695
636698
636709
636724
636727
636734
636753
636756
636767
636778
636789
636794
636809
636812
636827
636834
636849
636850
636885
636888
636891
636898
636919
636930
636945
636946
636969
636980
636987
636990
637021
637022
637025
637060
637065
637066
637097
637100
637139
637146
637153
637154
637177
637180
637187
637198
637213
637220
637235
637250
637261
637268
637271
637278
637349
637350
637353
637360
637380
637381
637396
637399
637414
637429
637432
637433
637444
637447
637478
637485
637494
637497
637520
637523
637528
637543
637546
637549
637580
637583
637590
637595
637630
637641
637656
637659
637672
637679
637702
637705
637734
637735
637738
637753
637760
637763
637778
637779
637802
637807
637810
637817
637836
637843
637850
637853
637864
637865
637900
637903
637918
637925
637928
637931
637954
637961
637968
637983
638030
638033
638040
638041
638046
638061
638076
638083
638130
638133
638140
638143
638148
638153
638160
638165
638174
638185
638192
638195
638242
638243
638258
638265
638272
638275
638306
638309
638314
638321
638336
638337
638368
638371
638386
638409
638414
638415
638422
638425
638448
638463
638470
638471
638506
638513
638520
638527
638566
638569
638584
638591
638602
638611
638614
638621
638636
638637
638644
638647
638670
638673
638708
638711
638734
638749
638756
638757
638780
638787
638794
638799
638806
638807
638838
638841
638852
638855
638858
638859
638938
638941
638944
638959
638964
638979
638994
639001
639016
639021
639044
639051
639074
639075
639078
639085
639112
639115
639132
639133
639156
639159
639174
639177
639208
639215
639218
639233
639238
639241
639256
639261
639270
639277
639280
639291
639308
639311
639334
639341
639356
639359
639374
639375
639380
639403
639410
639411
639434
639441
639448
639451
639462
639465
639492
639495
639510
639513
639528
639539
639610
639611
639618
639623
639632
639635
639650
639653
639664
639667
639674
639677
639724
639735
639738
639753
639758
639761
639768
639771
639824
639839
639846
639847
639858
639869
639876
639891
639898
639901
639948
639949
639954
639961
639968
639971
639990
639993
640008
640013
640024
640027
640034
640035
640066
640081
640088
640091
640138
640141
640156
640163
640186
640187
640194
640209
640220
640231
640234
640237
640268
640269
640276
640279
640302
640305
640328
640331
640340
640355
640362
640365
640376
640377
640380
640409
640440
640447
640454
640457
640480
640487
640490
640493
640534
640541
640544
640547
640558
640561
640624
640625
640640
640645
640648
640655
640666
640669
640676
640687
640716
640717
640732
640735
640746
640761
640768
640771
640786
640789
640804
640815
640826
640829
640852
640859
640882
640885
640896
640897
640932
640935
640942
640949
640956
640967
640982
640983
640994
641009
641024
641027
641106
641109
641116
641131
641142
641145
641156
641163
641178
641181
641188
641195
641206
641209
641220
641225
641240
641243
641266
641267
641278
641293
641300
641307
641346
641349
641356
641363
641386
641387
641394
641397
641406
641429
641440
641445
641480
641481
641488
641495
641510
641511
641534
641541
641552
641555
641562
641565
641612
641619
641626
641641
641652
641655
641670
641673
641688
641691
641706
641709
641726
641729
641744
641759
641768
641769
641784
641787
641822
641833
641840
641841
641856
641863
641870
641877
641882
641897
641928
641931
641944
641951
641958
641961
641996
641999
642006
642011
642058
642059
642066
642073
642078
642089
642096
642097
642156
642157
642188
642195
642200
642207
642222
642229
642236
642259
642262
642263
642286
642289
642296
642299
642322
642325
642348
642351
642356
642359
642370
642381
642412
642419
642422
642433
642438
642441
642456
642463
642482
642489
642492
642495
642542
642553
642560
642567
642582
642583
642598
642599
642622
642627
642638
642649
642688
642691
642694
642701
642724
642725
642736
642737
642744
642775
642790
642791
642814
642815
642822
642829
642848
642851
642858
642865
642870
642885
642892
642895
642990
642992
643003
643006
643017
643020
643027
643030
643053
643058
643065
643072
643095
643098
643109
643116
643123
643130
643149
643156
643179
643186
643189
643196
643235
643240
643243
643254
643265
643266
643297
643298
643305
643308
643311
643318
643353
643358
643365
643368
643395
643400
643431
643434
643439
643454
643461
643464
643495
643498
643521
643524
643535
643538
643561
643564
643583
643586
643593
643594
643617
643620
643623
643658
643665
643668
643683
643684
643689
643692
643723
643726
643773
643774
643789
643806
643817
643820
643827
643828
643859
643870
643873
643876
643899
643914
643917
643924
643933
643940
643963
643966
643971
643974
643977
643980
644011
644012
644019
644038
644055
644058
644073
644074
644105
644120
644127
644130
644147
644150
644157
644164
644195
644196
644211
644218
644229
644234
644249
644256
644295
644302
644309
644316
644327
644336
644367
644368
644383
644390
644405
644406
644417
644424
644427
644450
644461
644464
644479
644482
644529
644536
644543
644546
644569
644576
644579
644594
644599
644600
644623
644626
644635
644642
644657
644664
644687
644690
644697
644704
644719
644724
644759
644762
644767
644774
644777
644784
644839
644842
644849
644854
644865
644868
644875
644892
644907
644910
644917
644918
644989
644996
645003
645006
645025
645028
645035
645038
645043
645066
645081
645084
645099
645102
645109
645124
645147
645148
645159
645160
645195
645198
645201
645204
645227
645230
645253
645260
645267
645270
645317
645318
645323
645330
645333
645340
645369
645376
645383
645390
645413
645416
645431
645434
645449
645466
645473
645476
645499
645502
645509
645516
645551
645554
645569
645572
645577
645584
645591
645594
645657
645658
645665
645670
645681
645696
645711
645712
645731
645738
645769
645772
645807
645810
645813
645820
645827
645832
645847
645852
645863
645882
645889
645892
645915
645918
645925
645928
645933
645936
645983
645990
646005
646020
646027
646032
646043
646044
646051
646062
646101
646102
646117
646122
646133
646140
646143
646146
646177
646180
646187
646198
646203
646206
646237
646240
646267
646278
646281
646282
646317
646320
646327
646330
646345
646352
646363
646370
646405
646412
646427
646428
646447
646448
646451
646482
646493
646494
646509
646512
646527
646530
646537
646540
646557
646568
646571
646586
646597
646604
646619
646620
646631
646642
646645
646652
646715
646716
646723
646730
646741
646744
646783
646786
646805
646820
646827
646828
646839
646846
646869
646874
646881
646882
646889
646892
646903
646914
646921
646924
647019
647020
647027
647030
647053
647068
647083
647084
647095
647102
647109
647116
647127
647130
647133
647156
647175
647176
647199
647202
647213
647220
647235
647238
647269
647276
647283
647288
647311
647312
647327
647328
647351
647366
647373
647380
647403
647404
647407
647414
647437
647440
647447
647454
647471
647482
647493
647496
647515
647516
647531
647538
647549
647552
647575
647582
647589
647592
647599
647600
647647
647648
647655
647670
647683
647694
647717
647732
647743
647746
647753
647756
647779
647782
647797
647804
647809
647816
647831
647832
647871
647894
647897
647898
647921
647924
647927
647930
647961
647964
648011
648014
648025
648032
648035
648050
648073
648080
648083
648094
648117
648120
648135
648136
648143
648150
648157
648158
648193
648196
648211
648214
648223
648224
648239
648244
648255
648262
648269
648276
648323
648330
648333
648340
648351
648354
648365
648366
648389
648392
648407
648410
648457
648458
648465
648488
648495
648502
648517
648518
648541
648548
648551
648558
648632
648639
648646
648649
648654
648657
648688
648695
648710
648715
648722
648725
648748
648751
648766
648773
648796
648797
648808
648811
648816
648851
648858
648859
648874
648881
648888
648903
648914
648915
648922
648929
648958
648961
648964
648971
649006
649007
649010
649017
649040
649047
649078
649085
649090
649101
649124
649127
649154
649159
649166
649181
649186
649189
649220
649221
649252
649255
649262
649265
649276
649279
649286
649297
649316
649319
649350
649353
649364
649367
649382
649387
649410
649411
649418
649421
649456
649463
649470
649477
649488
649507
649510
649511
649534
649535
649542
649557
649564
649567
649578
649593
649604
649619
649622
649623
649682
649683
649706
649717
649722
649725
649732
649733
649740
649755
649762
649763
649810
649813
649820
649827
649858
649859
649874
649877
649888
649893
649900
649907
649938
649945
649952
649959
649964
649965
650012
650019
650038
650041
650044
650059
650070
650073
650080
650087
650118
650121
650128
650131
650142
650149
650160
650161
650232
650233
650256
650267
650272
650275
650286
650293
650308
650319
650326
650327
650350
650357
650364
650367
650386
650401
650424
650425
650436
650443
650450
650451
650482
650485
650500
650517
650522
650525
650532
650539
650566
650569
650576
650579
650614
650621
650628
650643
650658
650659
650690
650691
650696
650711
650714
650717
650736
650737
650740
650747
650800
650803
650814
650815
650822
650837
650844
650851
650862
650863
650878
650883
650906
650913
650944
650947
650958
650965
650968
650969
651032
651035
651042
651049
651060
651065
651096
651097
651116
651127
651134
651137
651160
651167
651174
651189
651204
651205
651216
651219
651230
651233
651248
651249
651284
651299
651302
651311
651316
651321
651360
651363
651378
651385
651392
651399
651470
651473
651480
651487
651506
651507
651514
651517
651528
651551
651554
651565
651580
651583
651598
651605
651616
651617
651632
651637
651648
651655
651670
651677
651700
651701
651704
651715
651746
651749
651756
651759
651770
651777
651784
651791
651820
651821
651828
651835
651846
651849
651880
651881
651928
651943
651958
651959
651982
651989
651996
651999
652012
652013
652036
652039
652062
652069
652072
652075
652090
652093
652100
652111
652122
652125
652140
652141
652150
652173
652188
652191
652220
652227
652242
652245
652260
652267
652274
652281
652286
652297
652304
652305
652400
652401
652408
652415
652426
652431
652442
652447
652462
652465
652476
652479
652502
652503
652510
652541
652560
652561
652576
652579
652602
652609
652616
652617
652640
652647
652654
652661
652672
652679
652694
652697
652712
652723
652730
652745
652756
652759
652770
652777
652792
652795
652842
652845
652850
652857
652864
652867
652906
652909
652916
652927
652932
652935
652950
652957
652980
652991
652998
653005
653058
653059
653066
653081
653092
653095
653102
653103
653114
653125
653156
653159
653174
653175
653178
653185
653202
653209
653232
653235
653274
653289
653296
653299
653322
653327
653330
653335
653350
653351
653366
653369
653380
653387
653394
653401
653456
653459
653466
653469
653492
653495
653502
653505
653512
653547
653550
653553
653570
653571
653582
653585
653604
653607
653654
653657
653668
653671
653678
653681
653744
653747
653750
653765
653770
653777
653792
653795
653806
653809
653816
653823
653840
653855
653862
653873
653888
653889
653896
653899
653922
653927
653930
653933
653972
653979
653994
654009
654020
654023
654062
654065
654080
654087
654098
654101
654112
654113
654120
654131
654170
654177
654184
654187
654192
654207
654210
654211
654258
654266
654281
654288
654299
654300
654315
654330
654339
654346
654349
654350
654397
654400
654415
654418
654433
654444
654455
654458
654463
654470
654485
654488
654535
654536
654543
654554
654565
654566
654581
654584
654599
654602
654617
654622
654645
654648
654655
654662
654671
654674
654721
654726
654737
654748
654751
654758
654789
654792
654795
654802
654813
654818
654829
654830
654885
654892
654899
654900
654923
654926
654941
654960
654967
654970
654985
654996
655007
655022
655037
655040
655099
655100
655105
655112
655123
655130
655145
655148
655155
655160
655191
655192
655227
655230
655237
655244
655255
655258
655273
655276
655293
655300
655303
655306
655321
655324
655339
655350
655373
655374
655389
655392
655401
655416
655419
655422
655457
655460
655463
655478
655509
655512
655519
655520
655543
655574
655577
655580
655611
655614
655637
655640
655645
655648
655671
655678
655685
655688
655691
655694
655717
655732
655739
655744
655763
655766
655773
655776
655799
655802
655813
655814
655869
655870
655873
655904
655915
655916
655939
655942
655965
655970
655977
655984
655995
656002
656005
656012
656027
656034
656081
656082
656093
656096
656103
656114
656153
656156
656159
656166
656177
656180
656195
656202
656217
656232
656239
656240
656257
656258
656281
656284
656311
656314
656329
656336
656347
656358
656361
656364
656411
656418
656425
656428
656439
656442
656473
656480
656489
656496
656503
656506
656517
656520
656527
656538
656553
656554
656585
656588
656623
656626
656633
656634
656669
656680
656687
656694
656699
656702
656717
656718
656749
656768
656771
656778
656801
656802
656805
656828
656867
656870
656893
656896
656901
656908
656923
656926
656941
656944
656959
656976
656981
656988
656995
657002
657019
657022
657033
657036
657131
657134
657149
657156
657171
657174
657181
657184
657189
657200
657207
657208
657247
657250
657257
657268
657273
657280
657291
657292
657307
657314
657317
657318
657341
657356
657359
657366
657401
657404
657419
657422
657427
657434
657449
657464
657511
657514
657521
657524
657541
657542
657557
657558
657567
657578
657593
657596
657619
657622
657637
657652
657659
657662
657681
657688
657699
657706
657709
657710
657765
657768
657775
657786
657797
657808
657823
657824
657855
657862
657877
657880
657897
657898
657905
657912
657921
657932
657939
657942
657953
657960
657967
657972
658003
658010
658013
658020
658025
658028
658099
658106
658117
658124
658131
658138
658161
658164
658171
658176
658191
658194
658209
658212
658217
658232
658235
658238
658277
658280
658295
658302
658337
658338
658345
658354
658369
658380
658383
658390
658437
658438
658441
658448
658463
658470
658505
658510
658515
658526
658541
658544
658559
658562
658569
658592
658603
658606
658613
658614
658673
658676
658683
658684
658701
658708
658711
658718
658733
658736
658767
658770
658775
658786
658801
658808
658855
658858
658865
658872
658883
658886
658901
658904
658911
658922
658925
658928
658975
658978
658993
658998
659007
659008
659015
659026
659037
659044
659059
659060
659107
659110
659117
659120
659125
659128
659143
659148
659175
659206
659217
659218
659241
659242
659257
659264
659279
659282
659293
659296
659319
659322
659329
659332
659371
659374
659377
659400
659411
659414
659445
659448
659455
659458
659461
659466
659495
659502
659509
659512
659559
659562
659577
659578
659601
659612
659619
659622
659637
659638
659645
659660
659671
659682
659693
659696
659715
659718
659733
659734
659781
659784
659787
659794
659809
659824
659839
659842
659847
659850
659857
659860
659925
659926
659929
659960
659968
659971
659978
659985
660000
660011
660014
660017
660040
660051
660066
660073
660092
660095
660126
660129
660152
660163
660170
660173
660188
660191
660202
660213
660236
660239
660254
660261
660272
660287
660294
660297
660332
660335
660346
660349
660356
660357
660388
660391
660396
660405
660416
660419
660458
660465
660472
660475
660480
660487
660510
660511
660526
660529
660544
660547
660558
660561
660568
660603
660616
660617
660632
660633
660644
660659
660670
660677
660740
660743
660750
660753
660764
660767
660782
660783
660802
660807
660810
660813
660836
660839
660842
660849
660896
660897
660920
660927
660938
660953
660956
660961
660984
660985
661016
661023
661034
661035
661058
661061
661076
661091
661094
661099
661134
661135
661142
661149
661168
661183
661190
661191
661202
661213
661228
661233
661248
661249
661256
661271
661294
661297
661344
661347
661378
661385
661388
661391
661402
661409
661412
661423
661430
661433
661456
661459
661470
661477
661480
661487
661516
661523
661530
661537
661560
661561
661576
661577
661592
661607
661622
661623
661646
661649
661664
661667
661690
661693
661704
661715
661738
661741
661748
661749
661844
661847
661850
661855
661866
661873
661880
661883
661902
661905
661912
661915
661938
661939
661946
661961
661968
661971
661986
661993
662010
662033
662048
662051
662078
662081
662084
662087
662098
662099
662122
662125
662132
662147
662162
662173
662184
662185
662188
662207
662226
662229
662260
662263
662274
662285
662288
662293
662340
662345
662352
662355
662360
662363
662370
662381
662416
662421
662424
662427
662474
662477
662480
662487
662494
662501
662532
662533
662538
662545
662576
662579
662618
662625
662628
662639
662644
662655
662670
662673
662688
662691
662694
662695
662730
662733
662748
662751
662786
662789
662820
662827
662832
662839
662846
662851
662866
662869
662880
662895
662918
662919
662942
662943
662952
662967
662974
662981
662992
662995
663026
663037
663068
663069
663076
663079
663090
663093
663100
663103
663192
663199
663202
663205
663216
663223
663238
663241
663248
663259
663266
663267
663290
663297
663304
663319
663328
663329
663352
663355
663378
663393
663396
663403
663434
663439
663442
663461
663472
663475
663490
663493
663506
663509
663524
663527
663544
663547
663554
663557
663572
663579
663594
663597
663620
663643
663646
663649
663688
663689
663700
663703
663714
663715
663730
663745
663768
663775
663778
663781
663828
663831
663846
663851
663862
663865
663880
663883
663888
663895
663910
663911
663958
663961
663968
663983
664000
664001
664016
664017
664036
664049
664052
664067
664078
664085
664088
664095
664102
664109
664156
664157
664162
664169
664176
664179
664226
664233
664240
664245
664280
664281
664296
664299
664330
664337
664352
664355
664378
664381
664388
664403
664412
664415
664430
664433
664438
664443
664450
664451
664482
664483
664498
664513
664518
664535
664546
664547
664558
664565
664580
664583
664606
664609
664612
664643
664650
664651
664666
664669
664692
664695
664702
664705
664764
664771
664778
664781
664792
664795
664818
664819
664834
664845
664852
664859
664870
664873
664876
664883
664938
664945
664964
664967
664978
664993
665000
665003
665018
665019
665034
665039
665050
665053
665100
665111
665130
665141
665148
665151
665204
665207
665210
665213
665220
665227
665234
665237
665260
665275
665290
665293
665316
665319
665322
665337
665342
665343
665366
665373
665412
665419
665426
665427
665438
665441
665444
665455
665474
665481
665512
665513
665518
665525
665528
665531
665594
665597
665612
665615
665626
665633
665640
665645
665664
665690
665705
665706
665717
665718
665733
665740
665755
665756
665767
665770
665781
665796
665803
665806
665845
665848
665855
665874
665897
665900
665915
665918
665933
665936
665947
665950
665985
665986
665993
666000
666023
666026
666041
666048
666059
666064
666067
666068
666083
666106
666109
666120
666125
666128
666159
666160
666189
666196
666199
666210
666257
666260
666267
666278
666293
666296
666303
666306
666317
666324
666331
666338
666379
666380
666395
666402
666407
666414
666429
666436
666451
666458
666469
666470
666541
666542
666549
666552
666571
666578
666589
666596
666607
666614
666629
666630
666645
666652
666659
666670
666681
666684
666691
666692
666739
666750
666753
666754
666789
666796
666799
666806
666821
666822
666853
666860
666871
666876
666883
666890
666929
666932
666935
666938
666949
666950
666997
667000
667015
667030
667033
667034
667057
667064
667075
667090
667105
667108
667115
667122
667145
667152
667155
667158
667205
667208
667215
667230
667241
667244
667251
667252
667261
667272
667303
667304
667315
667316
667319
667342
667349
667352
667383
667384
667395
667398
667413
667414
667461
667464
667471
667476
667487
667494
667525
667532
667547
667554
667561
667576
667593
667596
667603
667610
667639
667642
667649
667650
667655
667694
667697
667700
667763
667766
667773
667776
667799
667800
667811
667814
667827
667830
667833
667844
667867
667874
667877
667882
667897
667902
667917
667920
667931
667938
667953
667960
667999
668002
668013
668020
668031
668034
668049
668050
668081
668092
668095
668098
668109
668112
668127
668142
668153
668156
668203
668206
668217
668220
668235
668242
668257
668258
668265
668272
668295
668298
668313
668320
668329
668344
668347
668348
668401
668402
668417
668420
668435
668438
668469
668480
668485
668490
668497
668500
668571
668574
668581
668588
668599
668606
668645
668646
668653
668660
668667
668670
668681
668682
668685
668696
668735
668742
668749
668752
668769
668772
668779
668786
668809
668816
668819
668826
668837
668838
668869
668872
668895
668910
668921
668924
668935
668946
668953
668956
668987
668990
669013
669014
669025
669048
669055
669056
669075
669078
669093
669116
669121
669124
669131
669138
669145
669152
669167
669170
669241
669246
669253
669260
669273
669280
669287
669290
669307
669318
669329
669336
669367
669368
669375
669382
669387
669388
669399
669402
669441
669444
669451
669454
669477
669484
669507
669518
669525
669528
669543
669544
669555
669570
669573
669580
669615
669622
669629
669644
669667
669668
669683
669686
669701
669712
669715
669718
669729
669732
669747
669754
669773
669774
669805
669820
669825
669828
669835
669838
669885
669888
669895
669912
669923
669930
669945
669946
669977
669980
669995
669998
670033
670034
670037
670060
670091
670098
670105
670106
670117
670124
670131
670132
670171
670176
670179
670186
670197
670204
670227
670230
670237
670244
670247
670254
670301
670302
670305
670316
670339
670342
670357
670360
670365
670372
670379
670380
670419
670420
670467
670470
670475
670482
670489
670504
670513
670524
670531
670534
670557
670562
670569
670572
670595
670598
670609
670612
670623
670630
670637
670644
670699
670702
670709
670732
670737
670740
670755
670756
670771
670786
670793
670796
670831
670838
670845
670852
670861
670864
670895
670898
670909
670920
670935
670938
670953
670954
670957
670964
670987
670990
671005
671008
671031
671046
671053
671056
671079
671082
671089
671100
671115
671122
671137
671140
671151
671154
671169
671170
671289
671290
671295
671298
671303
671308
671323
671338
671345
671354
671361
671364
671387
671392
671407
671422
671438
671439
671462
671463
671486
671493
671496
671497
671512
671515
671522
671527
671538
671545
671592
671593
671612
671615
671622
671629
671652
671653
671656
671667
671698
671701
671724
671725
671736
671759
671762
671765
671788
671803
671818
671825
671842
671845
671856
671867
671882
671885
671888
671889
671912
671913
671924
671939
671948
671955
671970
671971
671982
671985
672000
672003
672026
672033
672036
672043
672060
672063
672086
672087
672128
672139
672142
672147
672194
672197
672200
672207
672222
672223
672258
672269
672280
672283
672290
672297
672316
672317
672332
672343
672366
672369
672376
672379
672394
672417
672432
672439
672456
672457
672464
672471
672494
672495
672502
672505
672516
672547
672554
672557
672588
672591
672598
672601
672606
672613
672636
672637
672656
672663
672686
672687
672698
672705
672712
672723
672738
672739
672754
672761
672796
672803
672806
672809
672872
672879
672882
672897
672902
672905
672936
672939
672946
672951
672958
672969
672992
672993
672996
672999
673018
673025
673048
673051
673056
673071
673074
673075
673138
673145
673152
673161
673172
673175
673182
673189
673200
673207
673214
673215
673268
673269
673292
673303
673318
673325
673340
673341
673346
673363
673370
673373
673402
673403
673418
673433
673444
673445
673460
673461
673492
673499
673506
673513
673524
673535
673542
673553
673580
673581
673612
673613
673618
673621
673628
673631
673678
673681
673684
673691
673714
673719
673726
673729
673748
673763
673770
673777
673788
673791
673806
673821
673828
673831
673854
673857
673868
673875
673898
673901
673948
673949
673956
673961
673972
673979
673994
673997
674004
674011
674018
674021
674080
674087
674090
674101
674110
674111
674126
674129
674176
674181
674188
674191
674206
674213
674228
674231
674236
674237
674284
674287
674304
674319
674326
674329
674340
674343
674350
674357
674404
674407
674422
674425
674430
674445
674452
674463
674492
674493
674500
674503
674508
674515
674530
674533
674548
674559
674562
674569
674592
674595
674598
674605
674640
674645
674676
674677
674688
674691
674706
674707
674738
674741
674744
674791
674802
674803
674810
674811
674830
674837
674844
674845
674880
674887
674902
674909
674916
674923
674946
674947
674958
674969
674976
674979
675034
675037
675052
675059
675082
675085
675096
675101
675108
675115
675118
675119
675142
675145
675160
675171
675190
675193
675200
675215
675226
675233
675236
675243
675306
675307
675310
675313
675336
675339
675354
675357
675380
675385
675400
675403
675438
675441
675448
675463
675470
675477
675500
675501
675518
675525
675532
675535
675554
675565
675572
675579
675584
675587
675618
675621
675652
675659
675662
675665
675682
675685
675692
675707
675738
675739
675746
675753
675758
675775
675790
675791
675822
675823
675838
675841
675852
675855
675894
675897
675916
675923
675926
675929
675976
675983
675986
675997
676004
676015
676030
676033
676038
676053
676064
676065
676100
676103
676114
676121
676132
676133
676140
676143
676174
676189
676204
676205
676228
676235
676238
676245
676284
676287
676310
676313
676318
676321
676324
676347
676362
676365
676372
676377
676388
676389
676404
676405
676418
676433
676436
676443
676490
676497
676504
676507
676522
676523
676538
676545
676556
676561
676564
676567
676646
676649
676656
676667
676678
676685
676708
676711
676726
676729
676760
676767
676778
676781
676788
676807
676818
676821
676828
676831
676842
676849
676856
676859
676906
676917
676920
676927
676938
676939
676970
676973
676982
677005
677012
677019
677030
677031
677046
677049
677080
677081
677096
677099
677122
677153
677156
677157
677196
677198
677209
677220
677237
677240
677255
677262
677277
677284
677287
677290
677325
677328
677343
677354
677363
677370
677417
677418
677429
677436
677443
677444
677459
677462
677465
677476
677481
677484
677495
677506
677553
677556
677571
677572
677583
677586
677593
677604
677619
677620
677635
677642
677665
677668
677675
677678
677737
677740
677743
677750
677767
677778
677793
677794
677801
677824
677827
677828
677851
677852
677867
677870
677883
677886
677897
677904
677909
677912
677919
677922
677985
677988
677995
678010
678021
678032
678047
678050
678059
678074
678089
678092
678127
678130
678137
678144
678159
678160
678175
678180
678191
678196
678199
678206
678253
678256
678259
678266
678277
678280
678351
678354
678361
678364
678379
678386
678409
678416
678423
678428
678447
678448
678455
678458
678481
678496
678499
678502
678525
678526
678541
678556
678567
678568
678583
678588
678619
678638
678653
678654
678677
678682
678685
678692
678699
678714
678725
678730
678735
678738
678745
678746
678785
678788
678795
678806
678829
678832
678863
678870
678893
678896
678903
678906
678929
678932
678939
678946
678957
678964
678979
678982
678987
678998
679001
679016
679047
679050
679057
679060
679107
679108
679131
679134
679143
679154
679157
679160
679171
679174
679189
679204
679219
679222
679253
679260
679271
679274
679277
679278
679361
679364
679371
679378
679383
679386
679401
679404
679439
679450
679469
679472
679483
679490
679497
679512
679531
679534
679553
679556
679567
679574
679581
679588
679619
679626
679633
679644
679649
679652
679675
679676
679699
679702
679709
679720
679755
679758
679765
679768
679783
679786
679793
679800
679811
679826
679841
679844
679863
679866
679881
679888
679893
679894
679917
679920
679927
679950
679953
679956
680027
680028
680031
680042
680077
680084
680099
680102
680119
680130
680145
680148
680179
680182
680189
680196
680207
680214
680229
680232
680251
680256
680259
680262
680273
680284
680291
680294
680301
680304
680351
680354
680377
680380
680387
680390
680413
680414
680421
680448
680471
680478
680485
680486
680493
680500
680511
680512
680547
680550
680561
680568
680607
680610
680617
680624
680635
680646
680649
680650
680713
680714
680717
680724
680735
680742
680757
680764
680791
680794
680801
680804
680815
680816
680831
680854
680861
680862
680893
680896
680907
680922
680925
680926
680955
680970
680977
680980
680991
680994
681009
681012
681027
681034
681041
681052
681075
681078
681081
681084
681119
681122
681169
681170
681181
681196
681199
681202
681217
681224
681239
681250
681255
681256
681263
681270
681289
681300
681307
681310
681369
681372
681375
681382
681405
681410
681417
681420
681425
681442
681473
681474
681505
681508
681515
681530
681541
681544
681555
681560
681591
681594
681601
681608
681643
681650
681653
681668
681677
681678
681701
681708
681719
681726
681733
681736
681783
681784
681799
681802
681813
681816
681847
681848
681871
681894
681901
681902
681925
681928
681951
681954
681969
681972
681987
681992
681997
682000
682007
682010
682049
682052
682059
682070
682081
682084
682099
682102
682109
682116
682131
682132
682149
682160
682163
682194
682207
682210
682217
682218
682265
682274
682281
682284
682315
682322
682329
682336
682347
682348
682371
682374
682383
682386
682393
682400
682423
682426
682433
682444
682459
682474
682481
682482
682487
682498
682513
682516
682611
682612
682619
682626
682631
682632
682647
682654
682661
682666
682681
682688
682711
682712
682727
682734
682743
682746
682757
682760
682771
682778
682801
682804
682835
682836
682843
682874
682885
682892
682899
682902
682945
682952
682959
682966
682992
682995
683002
683005
683020
683021
683052
683053
683076
683087
683090
683095
683134
683137
683140
683143
683154
683157
683180
683183
683214
683229
683240
683241
683264
683267
683274
683291
683302
683303
683318
683325
683330
683337
683352
683359
683430
683431
683434
683439
683444
683459
683474
683477
683496
683503
683510
683513
683560
683563
683570
683577
683592
683593
683604
683611
683622
683629
683632
683635
683662
683677
683684
683695
683700
683701
683716
683719
683726
683741
683744
683747
683770
683773
683788
683795
683854
683857
683872
683873
683878
683889
683896
683899
683914
683921
683944
683951
683962
683963
683998
684001
684012
684019
684022
684025
684072
684079
684082
684091
684106
684113
684128
684131
684142
684149
684164
684175
684204
684207
684222
684245
684256
684263
684270
684273
684288
684299
684314
684315
684326
684329
684332
684335
684350
684355
684418
684421
684426
684441
684444
684447
684478
684479
684482
684487
684522
684523
684530
684537
684556
684563
684566
684569
684604
684607
684622
684629
684644
684645
684652
684659
684670
684685
684688
684691
684738
684739
684746
684753
684764
684775
684798
684801
684816
684831
684838
684841
684864
684865
684872
684883
684902
684905
684928
684929
684952
684955
684970
684973
685012
685019
685026
685033
685056
685057
685088
685089
685116
685121
685124
685135
685146
685149
685156
685179
685194
685197
685208
685209
685214
685221
685236
685239
685278
685281
685296
685303
685308
685311
685326
685331
685346
685349
685356
685359
685430
685437
685440
685447
685458
685469
685476
685487
685498
685509
685516
685517
685564
685567
685582
685597
685602
685603
685618
685621
685650
685657
685664
685667
685690
685697
685700
685711
685726
685727
685758
685761
685766
685769
685776
685791
685844
685847
685850
685853
685876
685877
685908
685911
685918
685953
685956
685959
685970
685973
685988
685991
686000
686007
686030
686033
686068
686071
686078
686081
686112
686113
686120
686131
686142
686149
686164
686171
686182
686185
686208
686209
686232
686233
686236
686243
686258
686261
686276
686283
686294
686317
686324
686325
686364
686371
686378
686385
686396
686399
686422
686429
686444
686447
686454
686463
686474
686475
686490
686497
686552
686555
686570
686571
686582
686613
686620
686623
686646
686647
686654
686661
686672
686675
686682
686689
686708
686713
686728
686735
686770
686773
686780
686787
686794
686797
686836
686839
686850
686853
686860
686863
686910
686921
686924
686935
686940
686943
686958
686959
686990
686993
686996
686997
687050
687055
687062
687069
687088
687095
687126
687127
687138
687153
687164
687171
687186
687193
687196
687203
687214
687221
687232
687233
687248
687255
687270
687271
687294
687295
687318
687329
687336
687343
687350
687357
687368
687375
687378
687379
687458
687461
687468
687483
687488
687495
687502
687505
687520
687531
687546
687549
687560
687561
687564
687587
687634
687635
687652
687655
687678
687685
687692
687697
687712
687715
687718
687727
687732
687735
687798
687801
687820
687827
687842
687845
687862
687869
687876
687883
687914
687917
687932
687933
687944
687955
687958
687961
687988
687991
687998
688005
688016
688019
688050
688057
688064
688071
688078
688081
688104
688105
688120
688131
688150
688161
688168
688171
688182
688185
688192
688195
688266
688267
688278
688293
688298
688301
688308
688315
688338
688353
688356
688357
688380
688395
688402
688405
688428
688429
688464
688467
688472
688487
688494
688497
688536
688537
688540
688545
688568
688569
688576
688579
688594
688609
688612
688627
688668
688671
688686
688693
688712
688713
688728
688733
688744
688755
688762
688763
688826
688834
688841
688848
688859
688862
688873
688876
688895
688910
688917
688920
688931
688936
688939
688970
688977
688980
688995
688998
689033
689036
689043
689044
689079
689082
689097
689100
689111
689114
689129
689132
689139
689144
689151
689158
689205
689208
689215
689222
689241
689242
689273
689280
689291
689306
689309
689312
689327
689328
689351
689356
689367
689374
689389
689396
689409
689424
689427
689428
689463
689464
689471
689474
689505
689512
689535
689538
689543
689552
689575
689582
689601
689602
689605
689628
689639
689640
689687
689690
689721
689728
689731
689734
689757
689772
689787
689798
689809
689810
689825
689828
689839
689842
689845
689850
689881
689888
689891
689902
689913
689914
689921
689926
689965
689976
689983
689984
690007
690008
690015
690018
690033
690040
690051
690058
690069
690076
690079
690086
690181
690188
690191
690206
690217
690220
690235
690238
690253
690260
690291
690292
690309
690310
690317
690324
690333
690334
690349
690350
690361
690384
690399
690402
690417
690422
690425
690428
690445
690452
690491
690492
690515
690522
690525
690540
690563
690566
690569
690580
690603
690606
690621
690624
690629
690636
690639
690640
690669
690676
690691
690698
690721
690724
690739
690742
690757
690772
690775
690778
690825
690826
690837
690844
690857
690864
690887
690890
690901
690908
690931
690932
690947
690948
690951
690986
691003
691008
691015
691018
691047
691054
691057
691060
691107
691110
691117
691124
691139
691140
691155
691158
691163
691168
691171
691178
691201
691204
691235
691238
691255
691262
691273
691280
691295
691310
691317
691318
691341
691348
691363
691374
691393
691396
691411
691414
691419
691426
691433
691440
691535
691538
691545
691548
691553
691558
691581
691584
691601
691606
691613
691616
691639
691642
691649
691660
691675
691680
691711
691712
691759
691762
691769
691770
691809
691812
691819
691830
691841
691842
691865
691868
691875
691890
691905
691912
691929
691932
691935
691938
691961
691964
691979
691986
691997
692012
692019
692026
692057
692058
692065
692072
692077
692080
692103
692126
692135
692142
692149
692156
692179
692182
692189
692194
692201
692204
692219
692222
692233
692240
692255
692256
692325
692328
692335
692342
692365
692370
692385
692386
692409
692414
692421
692424
692447
692462
692465
692468
692487
692488
692535
692536
692547
692554
692561
692568
692591
692594
692601
692616
692627
692628
692643
692646
692681
692704
692707
692708
692725
692726
692741
692764
692771
692772
692779
692782
692793
692804
692811
692814
692853
692856
692859
692862
692873
692888
692903
692904
692911
692914
692937
692940
692987
692988
692995
693006
693037
693040
693047
693054
693065
693072
693079
693082
693105
693112
693127
693134
693145
693152
693183
693186
693195
693224
693231
693236
693247
693248
693251
693258
693289
693290
693313
693320
693325
693340
693347
693354
693401
693402
693417
693422
693433
693434
693449
693452
693483
693490
693493
693494
693553
693556
693559
693562
693571
693578
693585
693596
693607
693618
693633
693634
693665
693668
693671
693686
693691
693694
693729
693732
693759
693766
693789
693790
693813
693824
693831
693846
693861
693868
693883
693884
693889
693892
693895
693902
693961
693962
693965
693972
693995
694002
694009
694012
694019
694042
694045
694046
694069
694072
694095
694110
694121
694124
694147
694154
694159
694166
694173
694174
694205
694208
694223
694228
694251
694254
694261
694262
694281
694288
694303
694310
694327
694330
694345
694368
694375
694376
694391
694392
694415
694422
694425
694428
694475
694482
694489
694496
694507
694508
694531
694534
694565
694568
694571
694578
694601
694604
694611
694634
694678
694679
694694
694697
694702
694709
694724
694725
694756
694763
694770
694777
694782
694789
694804
694807
694818
694829
694832
694833
694904
694907
694910
694913
694928
694935
694970
694973
694996
694999
695006
695007
695026
695029
695036
695055
695066
695069
695076
695087
695118
695125
695132
695139
695156
695163
695170
695173
695200
695203
695250
695251
695262
695267
695270
695277
695292
695295
695298
695305
695328
695331
695362
695365
695374
695389
695396
695399
695410
695415
695430
695441
695456
695463
695470
695475
695486
695493
695508
695509
695580
695583
695590
695605
695610
695613
695628
695631
695638
695653
695668
695675
695686
695689
695704
695711
695720
695727
695738
695739
695756
695759
695762
695765
695828
695835
695842
695847
695852
695853
695884
695891
695914
695917
695920
695927
695986
695989
696000
696003
696018
696021
696028
696029
696034
696069
696072
696079
696118
696121
696136
696143
696166
696167
696190
696205
696212
696219
696226
696229
696252
696253
696256
696271
696294
696301
696316
696319
696324
696331
696346
696347
696370
696373
696380
696387
696398
696399
696414
696415
696474
696479
696486
696487
696498
696501
696508
696519
696534
696539
696570
696577
696582
696597
696612
696617
696644
696645
696648
696659
696670
696677
696708
696709
696724
696731
696734
696737
696772
696773
696780
696787
696806
696809
696816
696831
696842
696857
696864
696867
696914
696915
696930
696937
696960
696967
696978
696979
697002
697009
697016
697023
697034
697037
697044
697067
697090
697093
697108
697109
697120
697135
697138
697141
697180
697185
697192
697199
697210
697211
697274
697277
697292
697297
697304
697307
697318
697325
697332
697335
697370
697373
697384
697385
697396
697403
697406
697413
697444
697447
697470
697485
697490
697491
697506
697513
697522
697525
697540
697547
697618
697621
697624
697627
697642
697653
697660
697661
697678
697683
697698
697701
697748
697755
697758
697773
697784
697787
697806
697809
697824
697839
697842
697843
697854
697857
697872
697883
697892
697895
697926
697927
697938
697953
697960
697967
698014
698017
698024
698031
698066
698067
698074
698077
698090
698105
698112
698119
698130
698133
698140
698143
698158
698161
698208
698219
698224
698227
698234
698237
698276
698283
698286
698291
698296
698319
698326
698327
698342
698345
698352
698353
698400
698401
698404
698419
698442
698445
698468
698469
698492
698497
698512
698513
698544
698551
698558
698573
698578
698585
698620
698623
698642
698645
698652
698655
698678
698679
698686
698695
698710
698711
698726
698737
698748
698763
698770
698771
698818
698825
698840
698847
698852
698855
698862
698867
698882
698905
698912
698913
698960
698963
698970
698985
699004
699007
699022
699023
699034
699041
699056
699063
699078
699079
699082
699093
699104
699107
699122
699125
699172
699179
699190
699193
699210
699225
699232
699235
699242
699245
699260
699263
699280
699295
699302
699309
699348
699351
699358
699373
699396
699399
699410
699411
699426
699437
699452
699455
699466
699469
699476
699481
699494
699497
699528
699535
699546
699549
699552
699555
699650
699651
699658
699665
699670
699677
699692
699695
699704
699709
699720
699723
699746
699747
699754
699769
699784
699791
699814
699815
699838
699849
699852
699855
699878
699881
699884
699891
699938
699941
699956
699957
699972
699975
699982
699993
700028
700031
700034
700041
700080
700083
700098
700101
700106
700129
700136
700137
700152
700159
700174
700177
700188
700191
700222
700225
700264
700267
700274
700275
700310
700317
700324
700347
700354
700361
700368
700375
700380
700387
700410
700411
700470
700471
700474
700489
700494
700501
700508
700511
700542
700556
700559
700564
700587
700596
700603
700606
700617
700620
700643
700646
700651
700658
700673
700676
700707
700710
700725
700736
700747
700748
700763
700766
700775
700806
700813
700814
700837
700840
700863
700866
700881
700888
700903
700910
700921
700926
700933
700944
700999
701000
701007
701010
701015
701018
701041
701044
701051
701058
701073
701074
701121
701124
701131
701154
701163
701166
701181
701184
701207
701210
701217
701220
701243
701250
701257
701272
701277
701280
701295
701302
701313
701318
701325
701332
701343
701346
701361
701368
701415
701418
701437
701440
701457
701464
701471
701472
701531
701532
701547
701570
701575
701576
701583
701590
701597
701600
701607
701608
701643
701646
701661
701664
701695
701700
701715
701716
701727
701750
701757
701762
701777
701780
701787
701794
701805
701812
701835
701836
701855
701866
701873
701876
701911
701914
701917
701922
701937
701940
702003
702006
702017
702020
702023
702038
702085
702092
702095
702102
702113
702114
702129
702136
702167
702190
702205
702208
702219
702222
702229
702236
702255
702258
702269
702274
702291
702298
702305
702306
702337
702338
702341
702352
702363
702370
702385
702388
702415
702430
702437
702440
702475
702478
702481
702496
702503
702506
702513
702520
702537
702542
702557
702560
702579
702586
702609
702612
702617
702620
702683
702684
702691
702698
702701
702708
702719
702722
702725
702730
702777
702780
702795
702798
702821
702832
702839
702846
702893
702894
702901
702904
702915
702918
702933
702940
702949
702956
702963
702966
703013
703020
703023
703038
703045
703048
703059
703062
703073
703076
703087
703088
703123
703126
703141
703176
703187
703190
703197
703200
703215
703218
703233
703236
703265
703276
703279
703286
703295
703298
703329
703330
703335
703346
703353
703360
703423
703426
703433
703440
703463
703470
703493
703496
703507
703522
703529
703532
703555
703556
703571
703586
703601
703604
703611
703614
703619
703626
703633
703634
703723
703726
703733
703738
703755
703758
703773
703776
703791
703802
703809
703816
703827
703832
703839
703846
703859
703862
703893
703900
703923
703926
703929
703932
703947
703970
703973
703978
703983
703986
704001
704004
704043
704046
704049
704052
704069
704070
704077
704084
704115
704118
704149
704150
704161
704190
704197
704198
704245
704246
704263
704266
704277
704288
704299
704302
704317
704324
704331
704334
704381
704384
704387
704392
704411
704414
704421
704424
704429
704436
704451
704458
704489
704490
704505
704528
704551
704552
704567
704572
704603
704614
704621
704622
704645
704648
704659
704666
704681
704682
704705
704706
704711
704722
704729
704744
704763
704770
704777
704792
704815
704816
704839
704842
704849
704856
704859
704860
704895
704898
704929
704936
704947
704950
704965
704972
704983
704994
704997
705000
705031
705032
705035
705050
705061
705066
705093
705100
705109
705116
705147
705148
705159
705162
705165
705176
705191
705194
705201
705202
705225
705240
705247
705248
705331
705334
705337
705344
705349
705352
705375
705380
705411
705418
705425
705428
705451
705454
705469
705472
705491
705498
705521
705528
705539
705554
705557
705558
705573
705576
705583
705594
705617
705620
705635
705646
705657
705660
705667
705674
705721
705722
705729
705732
705739
705754
705785
705788
705799
705804
705819
705822
705841
705848
705851
705866
705877
705878
705901
705904
705951
705958
705961
705964
705975
705978
705981
706010
706031
706038
706053
706054
706065
706068
706091
706094
706117
706120
706127
706134
706157
706160
706167
706170
706179
706202
706205
706208
706255
706262
706269
706272
706287
706288
706319
706334
706339
706346
706349
706350
706445
706448
706455
706466
706474
706477
706492
706495
706502
706513
706524
706529
706546
706549
706552
706567
706586
706589
706596
706597
706608
706615
706622
706629
706644
706651
706666
706673
706678
706679
706726
706729
706756
706763
706766
706777
706800
706803
706810
706821
706852
706855
706862
706863
706886
706901
706908
706909
706958
706961
706968
706975
706986
706989
707000
707007
707022
707033
707044
707045
707080
707087
707090
707093
707116
707131
707154
707157
707168
707175
707182
707183
707214
707215
707230
707245
707256
707259
707274
707277
707296
707299
707302
707305
707340
707345
707352
707359
707382
707383
707414
707421
707426
707437
707440
707447
707478
707479
707482
707489
707512
707515
707546
707547
707562
707569
707576
707587
707610
707611
707634
707639
707648
707651
707666
707669
707674
707689
707696
707699
707746
707761
707764
707767
707772
707779
707794
707795
707818
707829
707852
707853
707876
707879
707886
707909
707916
707917
707928
707931
707954
707961
707976
707987
708006
708009
708016
708021
708032
708039
708054
708055
708062
708069
708084
708087
708158
708161
708168
708183
708224
708227
708234
708237
708248
708271
708274
708277
708308
708315
708330
708333
708338
708339
708350
708353
708392
708407
708414
708415
708462
708463
708470
708477
708492
708497
708504
708507
708512
708515
708522
708525
708560
708563
708570
708585
708590
708593
708624
708631
708646
708651
708654
708657
708668
708679
708686
708693
708712
708717
708776
708779
708790
708797
708804
708811
708842
708845
708848
708859
708882
708885
708900
708901
708918
708925
708932
708935
708952
708955
708970
708977
708984
708987
709002
709017
709028
709035
709038
709039
709118
709119
709134
709137
709148
709155
709178
709185
709200
709203
709214
709215
709226
709229
709252
709263
709274
709275
709282
709283
709318
709333
709340
709341
709404
709407
709414
709421
709444
709445
709460
709463
709482
709505
709508
709523
709534
709535
709542
709545
709560
709563
709586
709589
709594
709605
709620
709621
709648
709655
709670
709689
709700
709703
709710
709717
709732
709739
709742
709745
709780
709783
709786
709801
709820
709823
709830
709831
709842
709853
709876
709881
709928
709931
709938
709945
709950
709953
709968
709971
709994
710001
710012
710013
710036
710043
710046
710057
710072
710075
710122
710129
710140
710147
710150
710161
710190
710193
710208
710211
710222
710225
710232
710235
710242
710273
710280
710283
710294
710297
710304
710319
710366
710367
710378
710381
710392
710399
710402
710405
710468
710469
710472
710495
710506
710513
710544
710547
710566
710569
710584
710585
710620
710623
710630
710645
710652
710655
710662
710663
710710
710715
710718
710721
710744
710755
710758
710773
710778
710779
710826
710827
710834
710837
710844
710847
710870
710877
710880
710887
710906
710911
710926
710933
710944
710951
710966
710969
711016
711019
711030
711033
711044
711047
711062
711069
711096
711101
711116
711119
711142
711143
711150
711153
711168
711175
711190
711191
711202
711233
711240
711245
711264
711265
711268
711285
711296
711299
711314
711317
711348
711351
711358
711365
711400
711407
711410
711413
711436
711439
711486
711491
711502
711511
711518
711525
711540
711543
711546
711553
711570
711573
711596
711599
711618
711633
711640
711643
711666
711667
711674
711685
711700
711707
711714
711721
711732
711735
711742
711743
711822
711827
711842
711845
711856
711871
711886
711887
711894
711899
711914
711917
711940
711943
711950
711965
711984
711987
712010
712021
712032
712039
712046
712047
712078
712081
712096
712111
712122
712123
712146
712147
712158
712173
712180
712183
712218
712221
712228
712231
712294
712301
712308
712309
712314
712337
712340
712347
712386
712388
712395
712398
712403
712410
712449
712454
712461
712464
712467
712474
712497
712500
712503
712508
712535
712542
712557
712560
712577
712580
712611
712612
712647
712648
712655
712670
712675
712676
712691
712694
712723
712738
712745
712746
712769
712772
712775
712790
712805
712808
712831
712834
712857
712860
712863
712870
712917
712920
712927
712932
712943
712944
712959
712974
712989
713012
713015
713018
713041
713044
713075
713082
713091
713092
713107
713114
713125
713142
713149
713150
713181
713184
713191
713194
713205
713212
713223
713224
713239
713246
713261
713268
713291
713294
713301
713328
713343
713344
713375
713376
713387
713390
713393
713394
713453
713460
713467
713474
713479
713482
713497
713500
713515
713526
713533
713544
713567
713572
713587
713594
713617
713620
713635
713638
713643
713658
713673
713676
713691
713694
713717
713722
713733
713740
713747
713750
713769
713772
713775
713780
713887
713890
713893
713900
713907
713914
713921
713924
713929
713944
713959
713962
714003
714004
714011
714018
714041
714042
714053
714056
714071
714078
714093
714096
714119
714130
714137
714142
714161
714164
714179
714186
714191
714202
714205
714216
714255
714256
714263
714270
714281
714282
714313
714316
714339
714362
714365
714368
714379
714382
714405
714408
714415
714418
714429
714444
714455
714462
714465
714468
714527
714530
714537
714552
714557
714560
714575
714578
714609
714616
714631
714632
714667
714670
714673
714692
714709
714724
714739
714740
714751
714762
714769
714770
714817
714820
714823
714830
714853
714854
714885
714892
714901
714904
714919
714922
714933
714936
714943
714954
714977
714978
714993
714994
714999
715014
715017
715024
715059
715062
715077
715084
715107
715110
715125
715128
715135
715144
715151
715158
715205
715208
715215
715222
715231
715236
715283
715284
715295
715298
715313
715314
715345
715356
715363
715374
715379
715382
715397
715398
715453
715460
715463
715470
715493
715508
715515
715522
715529
715532
715555
715558
715569
715574
715597
715604
715623
715624
715627
715638
715661
715664
715687
715688
715703
715718
715725
715726
715749
715752
715759
715774
715797
715798
715805
715816
715827
715830
715833
715840
715887
715888
715899
715914
715925
715932
715947
715950
715969
715980
715987
715988
715999
716000
716003
716018
716049
716050
716097
716098
716121
716124
716139
716142
716173
716176
716183
716188
716193
716200
716231
716234
716241
716256
716259
716262
716279
716282
716285
716288
716327
716330
716337
716340
716363
716386
716389
716392
716407
716410
716425
716448
716453
716456
716467
716470
716493
716500
716507
716508
716555
716558
716573
716578
716585
716592
716607
716610
716615
716622
716645
716648
716727
716730
716737
716744
716749
716750
716757
716764
716795
716806
716809
716812
716859
716862
716869
716872
716885
716888
716911
716914
716919
716926
716933
716950
716981
716984
716991
717000
717035
717038
717045
717048
717057
717064
717071
717074
717091
717098
717105
717108
717115
717116
717131
717138
717149
717172
717187
717190
717261
717268
717275
717278
717283
717286
717301
717304
717335
717338
717345
717348
717359
717362
717365
717412
717431
717434
717449
717452
717469
717476
717483
717484
717507
717514
717521
717524
717541
717550
717581
717584
717609
717616
717623
717630
717653
717656
717659
717666
717681
717688
717711
717714
717725
717732
717739
717742
717761
717766
717789
717800
717811
717812
717843
717846
717853
717868
717875
717878
717937
717938
717945
717952
717975
717978
717993
718000
718005
718010
718017
718024
718039
718044
718051
718062
718067
718068
718103
718106
718145
718148
718151
718154
718165
718180
718183
718198
718213
718216
718247
718248
718271
718278
718281
718288
718350
718351
718354
718361
718396
718399
718406
718409
718416
718427
718442
718445
718468
718469
718476
718483
718492
718499
718514
718521
718532
718539
718546
718553
718616
718619
718626
718637
718642
718647
718654
718659
718670
718677
718692
718695
718730
718733
718748
718755
718770
718771
718786
718787
718810
718833
718836
718839
718858
718873
718880
718887
718910
718913
718960
718967
718974
718977
718980
718987
718998
719001
719008
719019
719050
719051
719082
719083
719094
719101
719104
719105
719168
719171
719178
719185
719190
719193
719208
719213
719242
719247
719254
719255
719278
719281
719296
719303
719334
719341
719352
719355
719366
719373
719388
719391
719414
719417
719420
719451
719456
719467
719474
719477
719500
719507
719514
719519
719554
719561
719576
719579
719588
719589
719620
719623
719634
719639
719646
719649
719664
719669
719676
719687
719698
719699
719718
719725
719738
719773
719776
719777
719812
719813
719820
719825
719856
719857
719872
719875
719898
719901
719904
719911
719970
719973
719980
719987
719998
720005
720020
720021
720028
720043
720066
720069
720080
720087
720094
720101
720124
720125
720136
720137
720160
720175
720182
720185
720216
720223
720230
720241
720246
720249
720280
720283
720302
720305
720328
720343
720366
720367
720370
720373
720388
720395
720410
720413
720418
720429
720436
720439
720510
720513
720528
720531
720542
720545
720568
720575
720582
720589
720592
720593
720628
720635
720642
720651
720670
720685
720700
720703
720708
720715
720722
720723
720746
720749
720756
720771
720794
720797
720812
720815
720862
720873
720876
720881
720892
720897
720900
720915
720922
720923
720986
720987
720992
720995
721002
721009
721048
721055
721072
721083
721106
721107
721114
721117
721132
721139
721146
721149
721184
721187
721198
721205
721218
721221
721236
721243
721248
721255
721270
721271
721334
721337
721340
721343
721348
721355
721390
721397
721406
721413
721420
721423
721470
721473
721480
721497
721504
721511
721526
721533
721544
721547
721554
721557
721604
721607
721614
721621
721626
721633
721648
721649
721664
721687
721694
721697
721720
721721
721728
721731
721780
