283928
283935
283942
283953
283960
283971
283974
283997
284004
284011
284012
284035
284036
284043
284066
284093
284096
284103
284106
284129
284132
284139
284142
284173
284178
284181
284184
284189
284190
284253
284256
284265
284276
284279
284282
284293
284298
284305
284320
284335
284338
284349
284352
284375
284382
284389
284390
284413
284416
284427
284446
284457
284460
284467
284470
284493
284500
284515
284516
284551
284554
284557
284564
284573
284580
284587
284590
284595
284606
284621
284622
284653
284660
284667
284678
284689
284692
284707
284710
284741
284748
284759
284762
284785
284792
284803
284808
284815
284816
284847
284848
284853
284860
284867
284874
284933
284934
284941
284948
284983
284986
285001
285002
285017
285032
285035
285050
285073
285074
285081
285084
285095
285096
285119
285126
285131
285134
285145
285146
285177
285184
285187
285192
285203
285210
285217
285220
285239
285250
285265
285268
285303
285304
285319
285342
285349
285350
285357
285358
285381
285392
285399
285402
285429
285432
285435
285442
285447
285454
285489
285492
285499
285510
285513
285520
285543
285546
285553
285560
285599
285600
285615
285622
285627
285634
285637
285640
285663
285664
285679
285686
285697
285704
285719
285730
285753
285764
285771
285774
285797
285798
285801
285804
285835
285838
285869
285870
285875
285882
285889
285896
285935
285938
285945
285968
285973
285974
285989
285996
286019
286022
286025
286026
286043
286050
286057
286060
286079
286082
286113
286114
286137
286146
286149
286152
286167
286174
286181
286188
286199
286202
286225
286226
286235
286258
286273
286276
286299
286306
286313
286318
286325
286330
286337
286340
286345
286348
286355
286358
286453
286454
286457
286464
286469
286476
286487
286494
286509
286514
286537
286542
286553
286554
286561
286568
286587
286590
286607
286608
286631
286646
286649
286652
286683
286686
286693
286708
286731
286732
286747
286748
286775
286778
286781
286792
286818
286825
286828
286831
286846
286849
286872
286875
286886
286897
286904
286907
286926
286929
286944
286951
286956
286957
286996
287003
287018
287021
287024
287027
287062
287065
287072
287095
287106
287121
287128
287129
287134
287137
287152
287155
287178
287179
287186
287201
287224
287231
287246
287247
287266
287273
287276
287277
287312
287317
287324
287331
287346
287349
287372
287377
287382
287385
287392
287395
287426
287429
287444
287449
287472
287473
287488
287491
287498
287521
287524
287525
287548
287555
287566
287573
287592
287595
287602
287609
287614
287619
287626
287629
287692
287695
287710
287717
287722
287725
287748
287749
287772
287779
287786
287791
287802
287805
287808
287831
287838
287841
287856
287859
287894
287909
287916
287919
287948
287955
287958
287965
287976
287977
287992
287993
288008
288019
288034
288037
288060
288063
288066
288069
288110
288117
288132
288133
288144
288151
288158
288161
288192
288195
288202
288213
288218
288221
288236
288251
288260
288263
288270
288273
288326
288329
288344
288347
288354
288359
288374
288375
288380
288403
288418
288419
288442
288445
288448
288455
288466
288469
288492
288495
288510
288517
288524
288527
288550
288553
288560
288571
288590
288591
288638
288641
288652
288655
288658
288661
288700
288707
288714
288729
288740
288743
288750
288753
288788
288799
288802
288803
288814
288815
288830
288837
288852
288855
288866
288877
288888
288891
288902
288905
288944
288951
288954
288961
288966
288981
288988
288991
289006
289009
289016
289017
289070
289071
289078
289093
289104
289105
289136
289139
289162
289167
289174
289181
289212
289215
289222
289225
289236
289237
289268
289271
289280
289287
289302
289309
289320
289321
289324
289329
289360
289363
289370
289373
289384
289407
289410
289417
289458
289459
289474
289477
289488
289491
289506
289513
289528
289547
289550
289551
289574
289577
289580
289583
289602
289609
289620
289623
289634
289641
289664
289667
289698
289699
289702
289725
289730
289731
289746
289747
289770
289777
289792
289795
289818
289821
289836
289843
289850
289857
289872
289875
289880
289891
289894
289899
289958
289959
289962
289965
289988
289991
290002
290009
290016
290023
290030
290033
290044
290049
290080
290095
290110
290111
290118
290125
290130
290145
290148
290151
290222
290225
290240
290245
290256
290259
290266
290269
290278
290289
290296
290299
290310
290317
290320
290335
290350
290353
290384
290387
290398
290405
290412
290415
290462
290476
290479
290490
290513
290516
290531
290532
290547
290550
290561
290568
290603
290604
290607
290614
290633
290636
290643
290644
290655
290670
290685
290688
290703
290704
290715
290722
290733
290740
290763
290766
290779
290786
290789
290796
290843
290844
290847
290852
290859
290862
290877
290884
290907
290910
290917
290918
290957
290960
290971
290982
290987
290988
290995
290998
291029
291040
291051
291054
291065
291076
291083
291090
291113
291114
291161
291164
291169
291176
291183
291190
291205
291206
291209
291218
291235
291238
291269
291270
291289
291304
291311
291312
291329
291336
291351
291358
291373
291374
291381
291384
291395
291400
291403
291410
291457
291460
291463
291486
291491
291496
291511
291512
291527
291530
291545
291548
291571
291574
291585
291596
291615
291618
291633
291636
291659
291662
291669
291672
291719
291734
291737
291744
291749
291752
291783
291790
291807
291822
291825
291828
291851
291852
291867
291870
291885
291888
291899
291900
291905
291920
291923
291926
291945
291948
291963
291974
291991
291992
292007
292012
292019
292022
292029
292032
292091
292092
292095
292102
292129
292136
292151
292154
292165
292176
292183
292186
292201
292208
292215
292222
292227
292234
292257
292260
292319
292322
292325
292326
292349
292356
292363
292378
292385
292386
292417
292420
292425
292428
292443
292446
292481
292482
292489
292492
292515
292526
292541
292544
292551
292568
292571
292574
292597
292598
292605
292612
292631
292634
292649
292656
292667
292674
292681
292682
292713
292714
292721
292732
292743
292750
292765
292768
292783
292798
292809
292810
292827
292828
292831
292854
292885
292888
292903
292904
292915
292926
292933
292936
292955
292958
292973
292976
292981
292982
293029
293030
293045
293052
293059
293074
293097
293104
293107
293118
293141
293142
293149
293152
293163
293178
293181
293184
293247
293254
293261
293268
293273
293274
293289
293296
293305
293310
293317
293322
293357
293360
293363
293366
293373
293380
293403
293406
293411
293414
293429
293430
293485
293488
293503
293518
293529
293532
293539
293544
293559
293566
293569
293574
293591
293596
293607
293618
293627
293630
293645
293646
293669
293680
293683
293690
293705
293706
293713
293716
293763
293764
293783
293790
293801
293808
293811
293814
293825
293826
293837
293848
293863
293866
293897
293904
293915
293922
293929
293932
293991
293994
294001
294004
294009
294016
294031
294034
294057
294072
294087
294088
294111
294114
294121
294144
294170
294171
294182
294185
294196
294203
294210
294211
294226
294229
294232
294243
294254
294261
294276
294279
294298
294301
294304
294307
294354
294357
294364
294367
294398
294401
294408
294415
294426
294449
294456
294459
294506
294509
294524
294527
294532
294533
294544
294547
294554
294565
294572
294573
294620
294623
294626
294635
294654
294665
294672
294679
294684
294687
294702
294717
294740
294741
294748
294755
294760
294763
294778
294779
294806
294811
294826
294829
294852
294859
294870
294877
294884
294887
294934
294935
294946
294953
294956
294959
294978
294981
294988
295011
295022
295025
295040
295041
295056
295071
295082
295085
295102
295103
295118
295121
295132
295139
295146
295157
295168
295175
295182
295183
295246
295247
295250
295257
295268
295271
295294
295297
295316
295323
295330
295331
295342
295349
295356
295367
295390
295395
295410
295413
295430
295437
295440
295443
295490
295493
295500
295503
295526
295529
295560
295563
295570
295575
295582
295593
295604
295609
295612
295627
295646
295647
295694
295695
295706
295721
295728
295731
295746
295749
295764
295771
295782
295785
295792
295799
295822
295829
295832
295833
295868
295875
295882
295889
295904
295907
295922
295923
295934
295939
295962
295963
296002
296003
296010
296025
296030
296033
296048
296049
296080
296095
296098
296101
296136
296143
296146
296151
296164
296167
296182
296189
296194
296197
296212
296223
296246
296247
296262
296269
296280
296281
296288
296289
296298
296337
296344
296347
296370
296371
296378
296385
296400
296401
296412
296419
296430
296433
296440
296443
296514
296517
296520
296525
296536
296541
296556
296559
296574
296581
296588
296593
296628
296637
296640
296647
296656
296663
296686
296687
296710
296715
296722
296723
296738
296743
296750
296757
296768
296775
296798
296799
296818
296825
296840
296843
296866
296867
296870
296885
296916
296919
296934
296937
296948
296955
296962
296963
297022
297023
297036
297043
297054
297055
297062
297077
297084
297095
297098
297099
297122
297125
297148
297155
297166
297177
297196
297197
297202
297209
297224
297225
297240
297243
297250
297267
297278
297279
297294
297297
297336
297339
297342
297349
297384
297387
297390
297393
297400
297403
297434
297441
297446
297461
297464
297471
297498
297505
297508
297511
297528
297531
297554
297557
297588
297595
297602
297603
297614
297617
297632
297649
297668
297671
297686
297689
297694
297709
297716
297717
297780
297781
297784
297791
297802
297813
297828
297829
297852
297860
297875
297882
297905
297906
297909
297916
297923
297924
297935
297946
297957
297964
297967
297970
297989
297992
297999
298012
298023
298030
298077
298080
298087
298094
298101
298104
298139
298140
298143
298146
298193
298196
298203
298206
298211
298234
298237
298240
298255
298262
298269
298272
298295
298298
298329
298336
298355
298358
298365
298366
298389
298392
298407
298418
298425
298428
298435
298436
298459
298462
298477
298478
298513
298514
298521
298552
298563
298564
298571
298574
298597
298604
298611
298614
298625
298632
298639
298650
298669
298674
298697
298700
298705
298712
298719
298726
298789
298792
298799
298804
298815
298818
298825
298830
298843
298854
298861
298864
298893
298896
298911
298914
298921
298926
298949
298952
298963
298974
298981
298984
299023
299026
299033
299040
299051
299058
299069
299076
299083
299090
299113
299116
299127
299130
299133
299148
299159
299162
299185
299188
299223
299226
299229
299232
299279
299294
299297
299304
299309
299310
299325
299328
299347
299358
299361
299366
299389
299390
299393
299400
299415
299416
299447
299450
299461
299468
299483
299488
299523
299524
299539
299544
299549
299556
299571
299574
299589
299592
299595
299598
299669
299674
299681
299684
299703
299706
299721
299726
299731
299740
299755
299756
299787
299788
299795
299810
299815
299816
299839
299842
299865
299880
299883
299886
299909
299920
299927
299938
299953
299956
299971
299972
299977
299984
299987
300002
300041
300048
300055
300058
300081
300082
300097
300098
300105
300116
300119
300120
300143
300146
300157
300164
300191
300194
300205
300208
300231
300238
300245
300252
300283
300286
300293
300308
300319
300326
300333
300334
300343
300350
300381
300384
300401
300402
300405
300416
300423
300430
300445
300448
300459
300476
300479
300480
300527
300530
300537
300540
300551
300554
300601
300604
300619
300622
300625
300632
300643
300646
300661
300666
300695
300696
300711
300722
300727
300750
300753
300754
300777
300780
300795
300802
300813
300816
300831
300834
300865
300872
300875
300878
300925
300928
300935
300942
300957
300972
300995
300996
301001
301008
301015
301018
301037
301040
301043
301066
301077
301080
301087
301090
301121
301128
301135
301136
301159
301162
301165
301180
301203
301204
301227
301230
301241
301246
301269
301276
301291
301292
301299
301306
301317
301320
301331
301332
301341
301348
301355
301356
301403
301406
301413
301432
301447
301450
301457
301468
301473
301476
301483
301486
301569
301572
301587
301594
301602
301605
301612
301613
301628
301639
301646
301653
301676
301679
301694
301701
301720
301723
301738
301739
301756
301759
301770
301775
301790
301797
301804
301815
301820
301823
301854
301857
301868
301879
301886
301889
301906
301913
301916
301923
301954
301955
301970
301971
301994
302017
302024
302025
302044
302045
302060
302067
302072
302075
302098
302105
302112
302119
302126
302129
302164
302165
302172
302177
302198
302205
302236
302239
302244
302251
302266
302267
302326
302329
302332
302347
302358
302361
302376
302383
302402
302407
302410
302413
302424
302427
302434
302437
302460
302461
302484
302485
302502
302517
302520
302531
302554
302557
302560
302575
302598
302601
302608
302611
302626
302641
302648
302655
302672
302675
302698
302701
302710
302711
302726
302729
302734
302739
302746
302747
302794
302805
302808
302811
302816
302819
302850
302853
302880
302887
302894
302897
302920
302923
302926
302949
302964
302965
302972
302975
302998
303001
303008
303013
303072
303083
303086
303091
303102
303105
303120
303123
303138
303149
303156
303159
303182
303189
303192
303195
303218
303221
303244
303247
303258
303273
303276
303277
303292
303293
303328
303333
303338
303341
303348
303355
303374
303389
303396
303397
303444
303447
303454
303469
303484
303487
303502
303505
303516
303521
303528
303535
303566
303567
303570
303589
303600
303603
303650
303653
303668
303671
303678
303679
303690
303697
303704
303711
303720
303727
303742
303743
303766
303769
303776
303779
303802
303805
303812
303827
303862
303869
303884
303887
303898
303909
303924
303925
303936
303939
303946
303953
303960
303967
303986
303993
304004
304007
304010
304013
304092
304095
304102
304107
304118
304123
304138
304141
304156
304163
304178
304181
304198
304201
304208
304215
304228
304231
304238
304243
304254
304277
304280
304283
304314
304317
304320
304327
304344
304347
304382
304385
304394
304397
304404
304419
304430
304431
304442
304453
304484
304487
304502
304503
304514
304521
304528
304531
304578
304581
304596
304599
304604
304605
304616
304621
304636
304659
304666
304669
304716
304717
304720
304727
304736
304739
304750
304753
304764
304767
304782
304783
304814
304821
304828
304847
304858
304863
304870
304873
304908
304911
304914
304915
304950
304957
304964
304971
304978
304979
305010
305017
305028
305033
305036
305043
305082
305085
305092
305099
305110
305117
305132
305135
305142
305165
305172
305173
305196
305197
305204
305209
305256
305259
305274
305281
305286
305293
305300
305307
305354
305356
305363
305370
305375
305390
305413
305416
305425
305432
305443
305444
305455
305462
305477
305484
305491
305492
305515
305516
305539
305542
305557
305558
305585
305596
305599
305610
305615
305616
305631
305634
305649
305652
305667
305672
305713
305714
305721
305732
305751
305754
305761
305762
305773
305796
305803
305806
305837
305838
305845
305852
305863
305866
305877
305888
305911
305918
305925
305926
305961
305964
305971
305986
305993
305996
306003
306006
306017
306032
306055
306058
306087
306090
306093
306100
306123
306124
306139
306140
306171
306182
306185
306192
306203
306210
306213
306216
306231
306236
306299
306306
306317
306320
306323
306326
306357
306360
306363
306368
306379
306380
306395
306396
306425
306432
306435
306442
306477
306480
306491
306498
306505
306512
306527
306534
306539
306548
306555
306556
306603
306606
306613
306620
306643
306650
306661
306664
306671
306674
306681
306684
306707
306708
306711
306746
306755
306758
306773
306776
306787
306794
306797
306798
306829
306836
306859
306862
306873
306874
306905
306906
306919
306936
306939
306946
306957
306960
306967
306970
307017
307020
307031
307032
307043
307058
307061
307068
307107
307110
307117
307124
307129
307130
307161
307168
307175
307178
307185
307192
307227
307230
307233
307240
307263
307268
307283
307290
307301
307306
307321
307324
307355
307356
307363
307378
307383
307384
307403
307406
307445
307452
307467
307470
307481
307484
307491
307496
307511
307518
307549
307550
307561
307568
307571
307574
307633
307634
307639
307642
307653
307654
307669
307676
307691
307706
307721
307724
307735
307740
307755
307762
307771
307774
307797
307802
307807
307822
307825
307830
307861
307864
307867
307878
307889
307896
307903
307906
307917
307924
307931
307936
307983
307986
307993
308000
308015
308016
308031
308032
308067
308078
308085
308086
308105
308120
308127
308138
308149
308150
308173
308176
308191
308194
308201
308208
308219
308222
308237
308260
308287
308288
308295
308296
308301
308312
308319
308320
308343
308346
308361
308368
308379
308386
308401
308408
308427
308432
308447
308450
308521
308522
308529
308532
308547
308550
308565
308568
308573
308580
308591
308598
308621
308622
308629
308640
308645
308652
308659
308660
308675
308690
308697
308698
308733
308736
308739
308742
308771
308772
308803
308804
308809
308824
308827
308842
308873
308874
308877
308884
308895
308896
308919
308926
308957
308972
308975
308978
308989
308994
309009
309020
309027
309030
309037
309052
309075
309078
309085
309088
309162
309163
309170
309177
309182
309185
309200
309203
309210
309221
309236
309237
309260
309261
309268
309275
309286
309293
309304
309307
309318
309325
309340
309341
309372
309377
309384
309391
309408
309409
309440
309447
309456
309463
309466
309473
309508
309511
309522
309529
309544
309545
309552
309553
309558
309581
309584
309587
309628
309631
309654
309661
309684
309691
309706
309709
309716
309723
309726
309729
309752
309759
309762
309767
309776
309783
309798
309799
309804
309811
309826
309829
309876
309879
309886
309897
309908
309911
309918
309919
309966
309975
309982
309985
309996
310003
310010
310033
310048
310051
310086
310087
310092
310095
310110
310117
310136
310137
310140
310151
310180
310183
310190
310191
310206
310221
310224
310225
310272
310279
310286
310289
310306
310313
310320
310327
310338
310343
310350
310353
310384
310387
310402
310409
310420
310425
310448
310451
310470
310477
310484
310485
310496
310497
310500
310515
310538
310539
310570
310573
310584
310587
310594
310597
310632
310639
310642
310649
310660
310665
310712
310715
310730
310735
310742
310749
310760
310763
310770
310773
310812
310813
310836
310837
310848
310863
310870
310873
310904
310905
310912
310935
310946
310947
310962
310967
310980
310983
310998
310999
311034
311037
311044
311047
311054
311069
311076
311077
311082
311097
311104
311111
311150
311153
311160
311175
311186
311189
311200
311203
311226
311229
311232
311233
311280
311283
311298
311303
311314
311315
311330
311331
311342
311349
311356
311363
311394
311399
311406
311413
311436
311437
311444
311451
311460
311483
311490
311497
311508
311511
311526
311533
311540
311541
311576
311583
311594
311609
311612
311615
311678
311681
311688
311707
311712
311715
311722
311723
311754
311757
311768
311771
311788
311789
311796
311811
311830
311835
311842
311845
311868
311879
311886
311889
311904
311911
311914
311917
311922
311929
311976
311979
311990
311993
312004
312009
312032
312035
312038
312043
312074
312077
312092
312103
312108
312115
312122
312123
312152
312155
312170
312177
312188
312189
312196
312203
312218
312233
312236
312239
312274
312277
312284
312291
312318
312325
312348
312349
312372
312375
312382
312385
312416
312417
312424
312435
312440
312441
312472
312473
312492
312499
312502
312505
312534
312557
312560
312563
312570
312573
312588
312591
312608
312613
312620
312623
312670
312673
312676
312683
312694
312697
312720
312723
312730
312745
312752
312759
312770
312771
312786
312793
312812
312815
312830
312833
312844
312851
312858
312865
312960
312962
312965
312972
312977
312980
312995
313002
313017
313028
313043
313044
313055
313058
313065
313088
313103
313106
313121
313122
313145
313156
313163
313164
313183
313190
313201
313206
313217
313218
313233
313238
313245
313252
313259
313266
313283
313284
313295
313306
313341
313342
313373
313374
313385
313402
313409
313412
313427
313434
313449
313452
313463
313470
313481
313484
313503
313506
313513
313516
313539
313542
313545
313556
313571
313582
313589
313592
313603
313610
313633
313634
313689
313690
313693
313708
313713
313716
313731
313732
313747
313758
313761
313762
313809
313812
313819
313822
313831
313834
313869
313880
313891
313898
313901
313904
313927
313934
313941
313948
313971
313974
313981
313984
314007
314022
314025
314028
314063
314064
314079
314082
314097
314100
314107
314114
314119
314130
314137
314148
314187
314190
314197
314204
314209
314212
314251
314252
314259
314266
314297
314300
314311
314318
314321
314344
314359
314362
314369
314372
314407
314414
314417
314420
314443
314446
314449
314456
314467
314468
314483
314484
314513
314528
314535
314542
314565
314566
314573
314576
314591
314594
314617
314624
314629
314640
314647
314650
314697
314704
314719
314724
314729
314730
314745
314752
314767
314770
314777
314778
314825
314826
314841
314848
314867
314874
314897
314900
314905
314916
314927
314930
314945
314948
314951
314966
314989
314990
315001
315004
315031
315034
315037
315044
315067
315074
315081
315100
315115
315116
315147
315148
315153
315160
315163
315168
315197
315202
315209
315212
315235
315242
315257
315258
315289
315300
315303
315304
315315
315318
315325
315332
315343
315344
315375
315378
315389
315396
315403
315404
315467
315470
315477
315488
315499
315514
315521
315524
315533
315536
315543
315546
315581
315582
315589
315604
315611
315614
315621
315628
315651
315658
315673
315674
315709
315714
315725
315732
315743
315744
315767
315774
315781
315804
315811
315814
315825
315826
315829
315834
315873
315880
315887
315890
315901
315908
315923
315926
315973
315974
315985
315992
315997
315998
316013
316020
316031
316036
316039
316042
316089
316092
316099
316106
316113
316120
316143
316146
316157
316164
316171
316172
316211
316212
316219
316254
316259
316266
316281
316284
316299
316302
316317
316318
316335
316342
316349
316356
316383
316390
316405
316406
316411
316416
316419
316422
316453
316456
316471
316486
316503
316506
316521
316524
316533
316540
316543
316544
316567
316570
316601
316612
316619
316620
316627
316634
316645
316660
316667
316668
316739
316742
316745
316752
316778
316787
316794
316797
316812
316821
316828
316831
316854
316857
316860
316871
316890
316893
316916
316919
316930
316933
316940
316947
316962
316969
316972
316983
316988
316989
317036
317037
317068
317075
317086
317093
317116
317119
317126
317133
317148
317149
317156
317159
317164
317187
317202
317205
317224
317227
317242
317245
317250
317255
317278
317283
317314
317317
317324
317325
317372
317373
317380
317387
317410
317413
317420
317427
317432
317447
317454
317455
317478
317481
317488
317495
317506
317509
317524
317525
317554
317577
317584
317585
317596
317603
317606
317609
317624
317627
317666
317667
317684
317687
317690
317705
317732
317735
317742
317747
317770
317773
317796
317797
317804
317815
317822
317825
317860
317867
317874
317889
317908
317911
317926
317937
317948
317955
317958
317961
317992
317995
318002
318009
318014
318021
318032
318033
318044
318047
318078
318081
318104
318107
318114
318125
318132
318135
318150
318153
318164
318167
318170
318177
318256
318259
318262
318269
318274
318281
318296
318303
318310
318315
318322
318333
318356
318359
318366
318369
318408
318411
318428
318431
318442
318457
318472
318473
318504
318505
318512
318523
318546
318551
318566
318569
318578
318585
318588
318595
318648
318649
318652
318659
318674
318677
318708
318711
318722
318727
318734
318735
318758
318761
318764
318771
318776
318777
318792
318799
318846
318853
318856
318859
318870
318881
318888
318905
318914
318915
318946
318947
318958
318965
318972
318979
319002
319009
319016
319019
319030
319037
319044
319045
319058
319089
319092
319093
319116
319117
319140
319143
319158
319159
319182
319189
319200
319203
319210
319211
319250
319253
319260
319271
319282
319285
319300
319303
319318
319329
319344
319351
319380
319383
319398
319413
319436
319437
319444
319447
319458
319463
319466
319473
319504
319511
319514
319521
319532
319535
319582
319583
319592
319595
319602
319605
319640
319647
319650
319657
319680
319683
319698
319699
319710
319725
319728
319731
319778
319779
319794
319809
319814
319815
319822
319829
319836
319847
319870
319873
319896
319899
319906
319913
319922
319933
319948
319949
319960
319967
319974
319977
320008
320011
320018
320029
320040
320043
320050
320057
320104
320111
320118
320121
320138
320141
320148
320151
320166
320173
320196
320199
320204
320223
320230
320233
320272
320273
320276
320283
320306
320307
320342
320345
320360
320375
320382
320387
320398
320399
320406
320411
320424
320431
320446
320457
320462
320465
320472
320473
320536
320539
320542
320545
320556
320563
320570
320571
320610
320618
320633
320636
320647
320648
320651
320682
320697
320704
320715
320718
320741
320748
320755
320756
320779
320782
320789
320804
320809
320812
320827
320834
320849
320852
320859
320862
320915
320920
320923
320926
320945
320946
320961
320964
320981
320998
321001
321004
321035
321036
321051
321054
321065
321066
321093
321100
321117
321124
321131
321134
321181
321184
321191
321196
321211
321214
321221
321222
321227
321234
321257
321260
321289
321296
321303
321310
321315
321318
321349
321352
321367
321382
321389
321390
321401
321412
321419
321426
321437
321438
321461
321464
321487
321498
321501
321512
321527
321528
321535
321558
321581
321582
321597
321604
321613
321620
321627
321628
321651
321652
321659
321662
321693
321696
321711
321714
321725
321730
321737
321738
321821
321822
321829
321836
321847
321862
321873
321876
321883
321890
321897
321904
321915
321916
321927
321946
321965
321966
321981
321982
321999
322006
322009
322010
322033
322040
322055
322062
322073
322074
322105
322110
322121
322132
322139
322150
322161
322162
322173
322176
322199
322200
322231
322234
322245
322252
322255
322256
322275
322290
322301
322306
322317
322320
322335
322342
322357
322364
322367
322370
322441
322444
322447
322458
322473
322476
322491
322494
322505
322520
322551
322554
322585
322588
322595
322606
322611
322618
322629
322630
322649
322656
322663
322666
322689
322692
322695
322706
322713
322716
322731
322734
322739
322746
322753
322760
322819
322822
322837
322844
322861
322864
322879
322880
322895
322918
322925
322928
322945
322948
322955
322962
322991
322992
323003
323010
323015
323018
323025
323028
323059
323060
323067
323074
323079
323090
323121
323124
323151
323154
323161
323164
323181
323188
323195
323210
323217
323220
323227
323228
323251
323262
323265
323268
323307
323314
323321
323328
323351
323352
323391
323392
323399
323402
323409
323416
323439
323440
323443
323460
323483
323494
323509
323512
323523
323530
323533
323534
323581
323582
323597
323600
323605
323606
323621
323632
323641
323652
323655
323658
323681
323688
323703
323706
323721
323728
323739
323746
323751
323758
323773
323774
323817
323820
323827
323838
323861
323862
323877
323880
323915
323922
323925
323932
323955
323958
323961
323968
323977
323978
324025
324026
324037
324054
324069
324072
324087
324090
324097
324100
324123
324126
324137
324140
324163
324186
324193
324194
324205
324206
324221
324236
324243
324246
324253
324260
324271
324274
324281
324288
324347
324350
324353
324360
324365
324372
324379
324386
324393
324398
324409
324410
324457
324460
324463
324478
324498
324499
324538
324543
324554
324557
324560
324561
324592
324599
324614
324625
324630
324633
324648
324649
324668
324675
324678
324685
324702
324705
324712
324719
324766
324769
324776
324779
324790
324805
324808
324815
324838
324839
324846
324861
324872
324873
324896
324899
324914
324917
324924
324927
324962
324969
324984
324989
325008
325011
325018
325021
325038
325045
325052
325053
325084
325087
325094
325125
325136
325139
325146
325149
325180
325185
325192
325193
325216
325227
325230
325237
325244
325251
325298
325299
325310
325313
325324
325331
325370
325371
325378
325387
325398
325399
325406
325413
325420
325435
325442
325445
325480
325483
325506
325509
325520
325523
325530
325533
325544
325567
325570
325573
325604
325605
325608
325611
325622
325625
325656
325657
325676
325687
325702
325709
325732
325735
325738
325755
325770
325773
325788
325791
325802
325809
325816
325819
325860
325867
325870
325873
325884
325887
325918
325921
325936
325943
325950
325957
325968
325969
325976
325983
326022
326027
326038
326041
326046
326053
326064
326067
326098
326101
326116
326121
326132
326139
326146
326149
326160
326175
326182
326183
326254
326257
326260
326267
326274
326279
326294
326297
326308
326319
326334
326335
326354
326355
326386
326393
326404
326407
326430
326431
326462
326469
326472
326475
326486
326493
326500
326515
326550
326553
326576
326579
326584
326587
326590
326601
326648
326649
326652
326655
326678
326679
326694
326697
326706
326717
326720
326727
326750
326757
326764
326771
326778
326781
326796
326807
326818
326825
326832
326835
326882
326885
326888
326899
326904
326911
326942
326945
326952
326959
326974
326977
326994
326997
327000
327007
327016
327019
327026
327033
327068
327077
327088
327091
327138
327145
327148
327151
327156
327159
327182
327189
327216
327223
327230
327233
327244
327247
327254
327265
327280
327283
327306
327307
327318
327349
327356
327357
327396
327397
327404
327411
327434
327441
327448
327451
327466
327471
327482
327485
327508
327509
327516
327523
327546
327549
327572
327573
327578
327581
327592
327599
327614
327625
327628
327659
327664
327665
327672
327673
327712
327719
327734
327737
327772
327775
327782
327789
327796
327799
327830
327831
327836
327841
327848
327853
327884
327891
327898
327901
327912
327919
327938
327939
327946
327961
327964
327967
328014
328017
328032
328043
328052
328055
328070
328077
328088
328091
328094
328097
328168
328171
328182
328189
328200
328203
328210
328213
328224
328239
328254
328255
328266
328267
328270
328277
328308
328309
328320
328323
328346
328361
328368
328371
328410
328418
328425
328430
328441
328444
328475
328476
328491
328494
328497
328504
328527
328534
328549
328556
328583
328586
328601
328606
328617
328628
328631
328634
328649
328652
328667
328678
328683
328684
328707
328722
328731
328738
328745
328746
328769
328770
328777
328790
328797
328812
328819
328820
328831
328834
328849
328852
328923
328924
328927
328938
328961
328964
328979
328986
329001
329012
329019
329020
329031
329034
329049
329056
329065
329068
329099
329102
329107
329122
329129
329136
329151
329152
329159
329170
329205
329206
329213
329214
329233
329240
329247
329258
329275
329278
329293
329296
329303
329304
329335
329338
329349
329364
329367
329368
329447
329450
329455
329462
329467
329472
329483
329484
329499
329502
329509
329512
329523
329530
329533
329556
329579
329580
329595
329598
329621
329624
329639
329642
329681
329684
329691
329696
329707
329712
329735
329736
329755
329766
329773
329776
329799
329806
329813
329820
329835
329836
329859
329862
329879
329894
329897
329898
329925
329926
329941
329956
329967
329970
329985
329996
330003
330010
330013
330016
330051
330052
330055
330062
330081
330092
330107
330110
330115
330120
330135
330142
330157
330160
330167
330174
330179
330186
330233
330236
330271
330274
330281
330282
330305
330312
330315
330320
330351
330354
330385
330388
330399
330402
330405
330408
330437
330440
330443
330458
330469
330470
330477
330480
330495
330524
330531
330534
330557
330558
330573
330580
330595
330598
330609
330616
330621
330628
330635
330636
330699
330706
330713
330724
330735
330740
330747
330758
330767
330770
330793
330796
330843
330846
330861
330868
330883
330884
330891
330894
330905
330916
330919
330926
330949
330956
330963
330966
330977
330978
331001
331002
331017
331020
331027
331038
331073
331076
331079
331086
331105
331110
331125
331126
331137
331160
331167
331168
331191
331198
331205
331208
331213
331216
331223
331226
331267
331272
331279
331280
331327
331328
331335
331350
331365
331372
331395
331398
331403
331406
331437
331438
331457
331458
331461
331484
331489
331492
331507
331508
331523
331530
331537
331544
331579
331584
331591
331598
331621
331628
331643
331646
331657
331664
331671
331674
331689
331690
331697
331704
331727
331730
331753
331754
331773
331796
331803
331806
331817
331818
331829
331840
331855
331858
331873
331876
331887
331890
331897
331900
331971
331978
331985
331992
331997
332004
332019
332022
332037
332048
332055
332058
332081
332088
332095
332106
332115
332118
332141
332144
332191
332194
332197
332198
332229
332232
332235
332254
332259
332260
332275
332276
332299
332306
332317
332332
332358
332361
332364
332371
332394
332397
332412
332413
332424
332435
332450
332451
332490
332493
332500
332507
332518
332519
332534
332549
332556
332563
332570
332573
332596
332599
332606
332611
332624
332631
332646
332649
332660
332675
332682
332683
332730
332733
332736
332743
332754
332757
332772
332779
332798
332805
332808
332815
332826
332837
332844
332847
332862
332863
332934
332935
332940
332943
332946
332953
332988
332991
333006
333011
333022
333029
333044
333047
333062
333069
333072
333073
333102
333105
333112
333127
333146
333147
333154
333165
333170
333175
333182
333183
333230
333233
333236
333243
333266
333273
333296
333297
333312
333319
333326
333329
333364
333365
333380
333395
333402
333409
333416
333419
333436
333443
333446
333447
333476
333483
333498
333505
333510
333513
333544
333547
333554
333577
333584
333591
333614
333617
333620
333627
333674
333675
333690
333693
333698
333709
333716
333727
333742
333743
333758
333769
333780
333783
333798
333801
333820
333823
333830
333831
333866
333871
333878
333885
333900
333903
333910
333911
333934
333957
333972
333979
334006
334009
334012
334027
334032
334033
334044
334045
334076
334079
334094
334095
334106
334113
334116
334121
334140
334143
334174
334181
334186
334193
334196
334207
334270
334273
334276
334279
334302
334303
334334
334337
334348
334359
334362
334365
334388
334391
334414
334417
334424
334427
334438
334441
334446
334453
334460
334467
334526
334529
334532
334539
334562
334565
334572
334573
334588
334595
334606
334609
334626
334629
334640
334655
334678
334681
334696
334697
334708
334719
334726
334729
334744
334755
334762
334777
334782
334785
334824
334827
334846
334853
334856
334859
334870
334873
334876
334893
334924
334925
334932
334933
334944
334959
334974
334975
335028
335029
335052
335055
335060
335067
335082
335085
335092
335099
335106
335109
335156
335159
335162
335165
335174
335181
335204
335211
335222
335229
335244
335245
335260
335263
335278
335301
335306
335307
335314
335317
335344
335359
335366
335367
335414
335417
335420
335427
335450
335453
335468
335475
335498
335503
335510
335517
335536
335537
335540
335543
335560
335563
335586
335593
335600
335615
335622
335625
335636
335639
335646
335655
335666
335667
335690
335693
335716
335723
335738
335739
335786
335789
335796
335803
335808
335819
335826
335829
335848
335853
335868
335871
335894
335897
335900
335915
335930
335941
335956
335957
335968
335975
335978
335981
336044
336051
336058
336069
336074
336075
336098
336101
336116
336123
336126
336129
336146
336149
336164
336171
336210
336211
336218
336219
336224
336255
336258
336261
336292
336300
336315
336318
336329
336332
336355
336360
336371
336378
336381
336388
336435
336436
336439
336456
336463
336466
336497
336500
336505
336512
336519
336522
336561
336564
336567
336574
336585
336588
336603
336606
336645
336650
336665
336672
336683
336686
336693
336700
336713
336716
336739
336742
336747
336754
336769
336776
336791
336796
336799
336806
336829
336832
336847
336848
336867
336878
336885
336886
336921
336924
336939
336942
336957
336960
336967
336990
337001
337012
337015
337018
337065
337068
337075
337078
337083
337090
337121
337124
337139
337146
337157
337158
337181
337182
337189
337212
337231
337234
337241
337242
337253
337268
337275
337278
337301
337304
337311
337314
337325
337326
337357
337360
337377
337386
337401
337412
337435
337438
337441
337448
337463
337464
337475
337476
337493
337500
337507
337510
337549
337550
337573
337584
337595
337598
337605
337608
337623
337626
337641
337642
337713
337716
337719
337722
337733
337748
337755
337756
337767
337778
337785
337786
337849
337856
337863
337870
337875
337876
337887
337894
337913
337920
337927
337934
337945
337952
337967
337974
337981
337982
337997
338002
338007
338018
338025
338028
338069
338072
338075
338090
338113
338114
338121
338124
338139
338162
338165
338168
338191
338192
338215
338218
338237
338238
338277
338284
338307
338310
338313
338314
338345
338348
338351
338356
338367
338374
338381
338388
338411
338418
338425
338426
338443
338446
338453
338476
338483
338486
338517
338520
338531
338538
338549
338552
338571
338578
338585
338592
338603
338610
338657
338660
338675
338678
338681
338684
338707
338710
338713
338718
338765
338766
338773
338780
338791
338798
338805
338812
338843
338846
338861
338872
338877
338880
338887
338890
338909
338932
338935
338938
338961
338962
338969
338976
339007
339012
339035
339036
339041
339044
339059
339064
339087
339090
339097
339120
339131
339134
339149
339152
339167
339174
339181
339184
339219
339234
339237
339244
339253
339256
339287
339288
339299
339304
339307
339314
339345
339346
339357
339372
339395
339398
339413
339416
339443
339450
339465
339466
339477
339480
339487
339492
339499
339502
339509
339520
339525
339532
339539
339540
339629
339630
339645
339652
339657
339660
339667
339672
339687
339694
339701
339702
339725
339728
339735
339750
339761
339764
339787
339790
339807
339818
339825
339828
339843
339850
339857
339862
339885
339892
339923
339924
339933
339940
339943
339950
339979
339980
339983
339990
340005
340016
340039
340040
340045
340062
340069
340070
340109
340116
340123
340126
340143
340146
340169
340176
340191
340194
340197
340198
340245
340248
340255
340286
340300
340303
340318
340321
340326
340329
340352
340359
340382
340383
340390
340397
340402
340405
340420
340423
340470
340475
340478
340479
340502
340509
340512
340515
340522
340525
340556
340563
340574
340581
340588
340595
340634
340637
340654
340659
340682
340683
340690
340693
340700
340715
340722
340725
340742
340745
340752
340759
340786
340787
340802
340805
340810
340829
340836
340843
340890
340891
340898
340901
340912
340919
340942
340943
340952
340967
340974
340977
341000
341003
341006
341017
341032
341035
341042
341043
341090
341093
341100
341101
341148
341159
341162
341173
341184
341187
341202
341205
341220
341231
341238
341245
341256
341257
341272
341275
341294
341301
341324
341329
341334
341349
341356
341357
341388
341389
341400
341415
341420
341425
341440
341447
341462
341469
341472
341475
341510
341511
341526
341529
341560
341567
341582
341585
341590
341601
341608
341611
341630
341633
341636
341659
341676
341679
341702
341705
341720
341723
341730
341737
341748
341755
341762
341767
341778
341781
341828
341829
341840
341843
341846
341853
341900
341907
341910
341913
341936
341939
341954
341957
341976
341991
341998
341999
342022
342023
342038
342053
342068
342071
342082
342085
342096
342099
342114
342117
342172
342173
342176
342181
342192
342209
342224
342225
342232
342239
342270
342271
342318
342319
342326
342341
342350
342351
342358
342361
342372
342383
342390
342391
342406
342409
342416
342427
342432
342435
342470
342473
342496
342503
342510
342517
342528
342533
342540
342549
342580
342583
342590
342597
342608
342615
342618
342621
342680
342681
342688
342695
342700
342701
342736
342741
342748
342759
342762
342765
342788
342803
342806
342813
342830
342837
342852
342855
342878
342881
342888
342889
342904
342905
342916
342939
342950
342951
342966
342969
342998
343001
343008
343009
343044
343047
343054
343069
343076
343079
343094
343097
343108
343115
343118
343125
343172
343173
343180
343187
343210
343213
343224
343229
343244
343263
343270
343273
343284
343291
343306
343317
343336
343339
343346
343349
343360
343367
343374
343377
343456
343459
343466
343471
343494
343497
343512
343515
343528
343539
343562
343569
343580
343583
343586
343593
343600
343603
343626
343631
343642
343645
343652
343655
343674
343681
343688
343695
343706
343709
343740
343741
343772
343787
343790
343795
343812
343813
343816
343823
343846
343849
343864
343867
343878
343901
343908
343911
343926
343929
343944
343947
343952
343955
343970
343981
344000
344007
344014
344017
344088
344091
344094
344099
344106
344113
344128
344131
344142
344145
344152
344159
344206
344209
344216
344223
344228
344235
344242
344245
344276
344296
344303
344306
344329
344334
344337
344340
344379
344380
344403
344404
344409
344416
344423
344430
344445
344448
344455
344472
344483
344486
344517
344520
344531
344538
344545
344546
344569
344572
344603
344610
344625
344626
344641
344644
344655
344666
344673
344674
344713
344716
344719
344734
344739
344746
344757
344760
344775
344778
344801
344802
344825
344828
344835
344858
344885
344892
344907
344910
344921
344924
344927
344930
344977
344984
344991
344998
345009
345012
345027
345030
345039
345050
345057
345060
345083
345084
345091
345094
345117
345118
345157
345158
345163
345194
345197
345200
345223
345224
345231
345242
345253
345256
345271
345286
345309
345312
345315
345326
345361
345364
345367
345370
345379
345384
345399
345402
345419
345426
345433
345434
345449
345452
345467
345474
345491
345492
345515
345516
345559
345566
345569
345572
345595
345602
345605
345616
345623
345626
345649
345650
345655
345670
345685
345692
345731
345734
345737
345740
345763
345770
345785
345786
345793
345804
345811
345818
345853
345854
345869
345876
345899
345902
345913
345928
345933
345936
345939
345940
346003
346006
346021
346030
346035
346038
346045
346048
346057
346064
346079
346082
346099
346106
346113
346120
346135
346136
346151
346152
346169
346174
346181
346188
346243
346250
346257
346260
346271
346274
346337
346338
346349
346352
346355
346362
346385
346390
346393
346404
346423
346426
346433
346434
346445
346456
346471
346474
346497
346504
346511
346526
346537
346538
346553
346556
346567
346582
346597
346600
346623
346626
346629
346632
346639
346654
346665
346668
346691
346698
346709
346710
346749
346752
346755
346778
346789
346792
346807
346814
346845
346848
346851
346852
346887
346890
346901
346908
346923
346924
346955
346958
346975
346986
346989
346994
347009
347010
347013
347020
347043
347046
347057
347058
347077
347084
347091
347098
347109
347116
347131
347146
347161
347162
347177
347184
347189
347200
347207
347208
347279
347286
347293
347300
347305
347312
347327
347328
347343
347348
347363
347364
347375
347376
347383
347402
347411
347412
347443
347446
347457
347460
347475
347482
347513
347524
347527
347532
347537
347540
347555
347558
347571
347574
347581
347584
347655
347656
347663
347670
347701
347704
347711
347718
347723
347742
347749
347756
347775
347782
347805
347812
347817
347820
347831
347834
347841
347856
347867
347870
347893
347894
347909
347914
347949
347952
347959
347960
347971
347978
347985
347988
348019
348020
348027
348050
348061
348064
348079
348082
348121
348132
348135
348136
348159
348166
348169
348176
348191
348194
348217
348224
348235
348242
348245
348248
348283
348284
348287
348302
348328
348331
348346
348349
348356
348371
348378
348379
348414
348415
348430
348433
348452
348463
348478
348485
348490
348495
348498
348501
348564
348567
348570
348573
348584
348595
348614
348621
348632
348635
348642
348643
348654
348657
348672
348695
348702
348703
348718
348721
348744
348751
348758
348761
348790
348793
348808
348811
348822
348825
348848
348849
348856
348871
348874
348881
348904
348911
348918
348925
348952
348953
348988
348993
348998
349005
349016
349019
349050
349053
349060
349065
349070
349073
349080
349085
349124
349131
349134
349145
349192
349195
349202
349209
349216
349219
349234
349235
349246
349251
349282
349283
349330
349333
349336
349351
349356
349359
349370
349373
349396
349403
349410
349413
349436
349443
349450
349461
349480
349481
349512
349517
349528
349531
349538
349541
349564
349565
349580
349583
349594
349597
349604
349611
349626
349661
349668
349671
349682
349683
349690
349697
349712
349715
349746
349749
349754
349761
349764
349771
349810
349811
349814
349819
349842
349849
349864
349867
349882
349889
349908
349909
349944
349947
349950
349957
349980
349983
349990
349993
350028
350043
350046
350047
350062
350065
350068
350083
350088
350089
350136
350143
350152
350159
350166
350171
350182
350183
350198
350209
350224
350231
350238
350241
350252
350267
350270
350273
350342
350345
350360
350363
350374
350375
350390
350405
350420
350431
350434
350435
350488
350491
350498
350501
350510
350517
350528
350529
350540
350563
350570
350573
350604
350605
350612
350627
350638
350641
350648
350649
350672
350675
350690
350693
350710
350715
350722
350725
350740
350743
350774
350777
350788
350799
350806
350817
350836
350843
350846
350849
350872
350873
350888
350889
350920
350927
350934
350937
350960
350963
350974
350985
351004
351005
351020
351027
351038
351041
351056
351059
351106
351109
351112
351127
351132
351139
351170
351173
351182
351191
351198
351201
351224
351225
351232
351247
351254
351257
351280
351283
351306
351313
351316
351317
351340
351347
351362
351373
351384
351385
351400
351403
351410
351417
351424
351431
351454
351457
351460
351467
351526
351529
351536
351539
351550
351561
351568
351573
351604
351607
351622
351629
351634
351637
351672
351675
351688
351695
351702
351705
351728
351739
351742
351757
351772
351783
351798
351801
351812
351815
351822
351825
351884
351885
351888
351903
351908
351911
351918
351921
351936
351941
351956
351959
351970
351977
351980
351983
352006
352013
352054
352055
352066
352073
352080
352087
352134
352135
352138
352143
352154
352159
352174
352177
352196
352227
352230
352231
352248
352249
352264
352267
352282
352283
352290
352295
352306
352321
352336
352337
352400
352402
352417
352420
352431
352434
352445
352452
352459
352462
352477
352484
352495
352496
352503
352514
352523
352524
352555
352562
352585
352592
352595
352598
352645
352656
352659
352666
352671
352674
352689
352692
352715
352720
352723
352730
352753
352758
352769
352784
352815
352818
352829
352830
352841
352852
352859
352860
352879
352880
352895
352914
352919
352926
352933
352936
352943
352950
352953
352956
353027
353028
353039
353046
353059
353062
353069
353076
353081
353092
353115
353116
353131
353134
353145
353152
353175
353178
353193
353194
353213
353220
353227
353228
353251
353258
353265
353276
353291
353298
353329
353330
353341
353348
353351
353374
353409
353412
353415
353422
353445
353448
353479
353480
353495
353510
353517
353518
353529
353532
353539
353542
353551
353558
353581
353588
353599
353606
353613
353614
353661
353664
353667
353684
353689
353692
353699
353700
353735
353738
353753
353756
353785
353792
353795
353802
353817
353820
353835
353838
353849
353860
353863
353866
353905
353912
353915
353922
353927
353928
353975
353978
353993
353996
354003
354010
354033
354034
354041
354056
354079
354082
354097
354098
354103
354118
354125
354128
354151
354154
354165
354172
354207
354208
354223
354226
354245
354250
354253
354256
354303
354306
354313
354324
354331
354334
354365
354368
354379
354386
354401
354402
354429
354440
354447
354464
354475
354476
354483
354486
354517
354520
354523
354524
354541
354556
354571
354578
354587
354590
354605
354606
354611
354622
354629
354636
354667
354668
354675
354682
354699
354706
354717
354722
354745
354752
354755
354762
354809
354810
354817
354822
354837
354838
354853
354860
354871
354874
354881
354884
354963
354964
354979
354982
354987
354998
355005
355008
355015
355038
355045
355048
355059
355062
355065
355080
355111
355114
355137
355138
355161
355168
355171
355178
355193
355196
355203
355210
355215
355216
355263
355270
355279
355282
355297
355300
355317
355324
355327
355330
355345
355346
355361
355364
355387
355410
355417
355418
355441
355444
355451
355466
355477
355480
355499
355504
355511
355526
355541
355542
355565
355566
355573
355584
355613
355620
355627
355628
355639
355642
355657
355658
355705
355706
355709
355724
355729
355732
355739
355744
355785
355800
355803
355810
355821
355828
355843
355846
355861
355862
355885
355888
355893
355900
355907
355914
355953
355956
355963
355968
355991
355992
356015
356018
356025
356036
356039
356042
356089
356092
356107
356110
356121
356122
356137
356144
356149
356154
356161
356168
356199
356206
356217
356220
356231
356234
356257
356258
356287
356294
356317
356320
356343
356346
356349
356388
356403
356404
356411
356418
356441
356448
356455
356458
356496
356503
356506
356509
356520
356527
356542
356543
356558
356569
356576
356585
356608
356609
356612
356619
356638
356641
356656
356663
356668
356675
356678
356679
356710
356713
356744
356749
356760
356763
356794
356801
356812
356823
356830
356831
356884
356885
356888
356891
356906
356917
356924
356931
356936
356943
356950
356953
356972
356973
356976
356991
357002
357009
357032
357033
357064
357071
357074
357075
357098
357109
357116
357127
357140
357141
357156
357157
357168
357175
357182
357189
357236
357239
357254
357261
357272
357279
357294
357295
357304
357315
357338
357339
357350
357353
357364
357371
357386
357389
357400
357407
357412
357419
357426
357429
357524
357527
357530
357541
357546
357549
357564
357567
357574
357577
357584
357587
357622
357623
357638
357661
357670
357673
357680
357681
357698
357709
357720
357723
357754
357761
357764
357767
357778
357781
357812
357815
357838
357853
357860
357871
357882
357883
357890
357895
357926
357929
357944
357945
357962
357969
357972
357975
358004
358011
358018
358029
358040
358041
358056
358063
358078
358087
358094
358095
358118
358119
358126
358141
358164
358169
358204
358207
358212
358215
358238
358241
358256
358259
358262
358273
358284
358299
358306
358307
358326
358329
358332
358335
358382
358389
358392
358399
358414
358415
358462
358469
358480
358491
358498
358501
358528
358529
358536
358543
358566
358567
358590
358593
358608
358623
358630
358633
358644
358647
358662
358669
358688
358691
358706
358711
358734
358741
358744
358747
358794
358797
358800
358807
358818
358821
358836
358837
358860
358871
358878
358881
358904
358909
358916
358923
358930
358931
358950
358953
358988
358995
359002
359005
359024
359031
359034
359057
359062
359065
359080
359087
359094
359101
359116
359123
359140
359141
359148
359151
359186
359189
359204
359205
359210
359241
359248
359251
359314
359317
359332
359335
359340
359343
359354
359361
359380
359383
359390
359391
359414
359417
359428
359433
359440
359455
359470
359475
359486
359501
359512
359515
359562
359565
359572
359579
359590
359593
359608
359609
359624
359629
359636
359639
359662
359665
359668
359675
359694
359701
359748
359749
359754
359757
359760
359765
359780
359787
359794
359809
359844
359845
359852
359857
359884
359899
359902
359905
359922
359923
359930
359953
359960
359963
359970
359977
359988
359993
360000
360001
360060
360061
360076
360079
360090
360097
360128
360131
360138
360145
360156
360159
360182
360189
360196
360207
360218
360219
360226
360233
360244
360251
360258
360259
360306
360311
360318
360321
360332
360335
360366
360369
360388
360403
360406
360413
360436
360439
360446
360449
360496
360499
360510
360511
360516
360531
360538
360545
360576
360578
360593
360598
360609
360610
360625
360628
360635
360642
360649
360656
360715
360718
360725
360728
360747
360754
360761
360764
360787
360798
360805
360812
360827
360828
360831
360854
360859
360860
360883
360886
360909
360920
360927
360930
360953
360956
360963
360970
360985
360990
361021
361024
361029
361036
361043
361046
361105
361112
361119
361122
361139
361142
361149
361154
361161
361172
361179
361180
361191
361192
361223
361226
361253
361254
361269
361276
361287
361294
361301
361304
361335
361336
361339
361362
361385
361390
361397
361400
361409
361416
361423
361426
361461
361464
361471
361486
361501
361502
361525
361526
361537
361546
361549
361552
361575
361590
361597
361604
361609
361616
361651
361654
361685
361688
361695
361702
361725
361726
361729
361740
361759
361760
361775
361776
361781
361796
361811
361818
361849
361850
361865
361868
361873
361880
361887
361902
361921
361926
361933
361934
361981
361984
361987
361994
362001
362004
362027
362034
362045
362056
362063
362066
362105
362108
362115
362130
362135
362136
362151
362154
362201
362216
362219
362222
362239
362242
362249
362256
362279
362280
362311
362318
362329
362334
362341
362348
362363
362370
362377
362380
362391
362394
362441
362442
362451
362462
362465
362468
362479
362482
362497
362502
362509
362516
362531
362534
362551
362554
362557
362560
362643
362644
362651
362658
362681
362684
362695
362696
362711
362726
362749
362752
362763
362770
362777
362792
362801
362804
362815
362818
362829
362832
362835
362836
362867
362874
362889
362900
362923
362926
362941
362948
362959
362962
362969
362974
362997
363000
363007
363018
363033
363036
363043
363044
363049
363084
363087
363090
363129
363130
363145
363148
363171
363172
363183
363186
363201
363208
363211
363218
363253
363254
363261
363270
363285
363292
363323
363324
363329
363332
363355
363356
363379
363386
363389
363404
363415
363416
363439
363442
363481
363492
363499
363502
363525
363536
363543
363550
363557
363558
363589
363592
363603
363606
363617
363620
363667
363668
363673
363684
363695
363702
363709
363712
363735
363742
363745
363746
363781
363782
363793
363796
363805
363810
363825
363840
363851
363866
363873
363878
363909
363910
363917
363924
363929
363936
363947
363948
363961
363968
363991
363992
364015
364016
364019
364036
364067
364070
364077
364078
364089
364092
364107
364118
364167
364170
364173
364188
364193
364194
364225
364226
364241
364246
364249
364256
364279
364286
364293
364300
364335
364338
364349
364352
364375
364390
364393
364394
364409
364416
364423
364438
364443
364446
364453
364456
364465
364468
364475
364476
364547
364550
364557
364560
364567
364582
364589
364592
364603
364614
364629
364634
364687
364688
364695
364710
364718
364721
364752
364759
364774
364777
364792
364793
364804
364807
364814
364825
364844
364845
364868
364871
364876
364891
364898
364905
364928
364929
364936
364939
364962
364965
364972
364973
364996
365019
365026
365029
365052
365055
365062
365069
365084
365087
365134
365145
365150
365157
365160
365163
365202
365207
365214
365225
365230
365233
365248
365253
365268
365275
365282
365283
365306
365307
365314
365329
365356
365363
365378
365379
365414
365425
365432
365435
365450
365453
365460
365463
365474
365477
365500
365503
365512
365519
365526
365533
365556
365557
365560
365575
365606
365609
365616
365623
365628
365639
365646
365649
365684
365687
365718
365721
365726
365729
365744
365747
365762
365773
365776
365779
365826
365833
365840
365847
365866
365869
365888
365889
365894
365897
365912
365915
365962
365965
365972
365983
365988
365991
366022
366025
366056
366063
366070
366073
366090
366105
366112
366115
366122
366125
366140
366143
366166
366173
366188
366193
366212
366215
366222
366233
366244
366245
366256
366257
366264
366279
366286
366289
366312
366319
366326
366349
366360
366363
366370
366373
366384
366391
366394
366395
366490
366493
366500
366503
366514
366517
366524
366531
366550
366555
366570
366571
366594
366595
366610
366617
366632
366635
366658
366661
366684
366691
366694
366697
366724
366735
366738
366747
366764
366771
366802
366803
366810
366813
366816
366831
366848
366851
366854
366857
366896
366899
366930
366937
366942
366959
366966
366967
366998
367001
367012
367027
367032
367033
367048
367055
367090
367093
367100
367105
367128
367129
367136
367147
367154
367157
367164
367167
367172
367179
367194
367195
367224
367229
367236
367251
367262
367267
367282
367283
367298
367313
367328
367331
367378
367381
367388
367395
367416
367417
367440
367443
367448
367455
367458
367473
367488
367489
367496
367501
367518
367521
367528
367531
367550
367573
367580
367581
367622
367625
367640
367643
367658
367661
367676
367679
367684
367695
367698
367701
367748
367751
367758
367761
367772
367783
367818
367825
367840
367847
367854
367857
367880
367883
367890
367905
367914
367917
367924
367927
367950
367953
367960
367963
368010
368013
368016
368031
368042
368045
368092
368093
368106
368111
368118
368121
368132
368133
368136
368139
368170
368185
368216
368217
368222
368229
368236
368237
368276
368279
368286
368291
368302
368309
368316
368333
368348
368351
368358
368361
368396
368399
368406
368413
368424
368431
368446
368447
368452
368471
368486
368487
368502
368503
368514
368529
368552
368553
368564
368571
368610
368617
368620
368627
368638
368645
368652
368663
368670
368673
368704
368705
368728
368731
368738
368741
368804
368807
368810
368825
368836
368839
368846
368849
368872
368898
368901
368904
368915
368918
368925
368932
368941
368944
368955
368958
368969
368976
369007
369008
369039
369042
369049
369056
369061
369068
369083
369084
369107
369114
369125
369128
369163
369164
369171
369186
369201
369204
369211
369214
369237
369242
369245
369248
369287
369294
369301
369304
369315
369316
369355
369358
369365
369380
369383
369388
369411
369418
369425
369430
369485
369488
369503
369504
369509
369516
369523
369526
369561
369564
369579
369582
369593
369596
369611
369618
369627
369642
369649
369652
369687
369690
369693
369700
369715
369718
369741
369744
369755
369758
369773
369776
369799
369800
369815
369850
369861
369864
369871
369872
369887
369894
369905
369908
369931
369940
369947
369954
369963
369970
370001
370004
370009
370020
370027
370034
370065
370068
370071
370074
370085
370088
370111
370114
370131
370138
370141
370144
370179
370180
370203
370214
370229
370230
370237
370244
370249
370264
370267
370270
370329
370332
370335
370338
370361
370368
370375
370376
370391
370396
370411
370422
370433
370436
370439
370450
370461
370462
370493
370496
370519
370534
370541
370542
370573
370580
370587
370592
370597
370598
370629
370632
370671
370678
370689
370692
370709
370710
370717
370732
370755
370756
370763
370770
370775
370790
370797
370800
370827
370830
370837
370844
370855
370862
370885
370888
370903
370906
370913
370914
370985
370988
370995
371006
371015
371026
371041
371048
371059
371062
371069
371070
371109
371116
371123
371130
371147
371148
371155
371156
371179
371190
371193
371196
371207
371210
371217
371232
371247
371250
371297
371300
371311
371318
371325
371332
371351
371354
371369
371384
371395
371396
371411
371414
371421
371428
371439
371442
371459
371470
371485
371488
371519
371520
371527
371532
371543
371548
371551
371554
371617
371618
371621
371628
371639
371654
371669
371670
371679
371682
371697
371702
371713
371716
371723
371746
371753
371756
371771
371772
371789
371796
371803
371804
371875
371882
371889
371894
371905
371908
371923
371930
371937
371956
371959
371966
371989
371990
372013
372020
372039
372040
372051
372054
372077
372100
372103
372104
372119
372120
372127
372132
372149
372150
372157
372172
372185
372192
372199
372202
372249
372252
372259
372262
372269
372272
372303
372306
372311
372316
372339
372340
372379
372382
372389
372396
372407
372412
372423
372426
372457
372464
372467
372472
372495
372498
372501
372524
372547
372554
372569
372570
372581
372584
372591
372598
372645
372646
372653
372660
372683
372686
372693
372696
372705
372716
372723
372726
372749
372752
372767
372774
372781
372782
372805
372812
372823
372826
372833
372840
372899
372902
372917
372928
372933
372936
372951
372954
372961
372976
372991
372994
373029
373032
373035
373050
373074
373077
373092
373095
373118
373125
373128
373135
373150
373161
373164
373167
373178
373181
373228
373229
373240
373247
373254
373257
373268
373279
373282
373287
373310
373313
373328
373331
373342
373357
373364
373365
373404
373405
373416
373423
373428
373429
373460
373463
373494
373499
373514
373515
373538
373539
373542
373545
373558
373569
373580
373587
373598
373601
373608
373615
373646
373649
373652
373681
373686
373689
373712
373719
373758
373765
373772
373775
373792
373799
373806
373809
373824
373827
373842
373845
373850
373873
373880
373883
373906
373909
373912
373919
373966
373967
373998
374001
374008
374023
374030
374033
374044
374047
374054
374065
374084
374087
374110
374113
374118
374125
374128
374131
374178
374181
374196
374199
374204
374215
374222
374225
374256
374263
374270
374273
374308
374315
374318
374333
374340
374343
374354
374357
374380
374387
374394
374395
374434
374441
374444
374449
374460
374463
374486
374489
374504
374511
374518
374525
374584
374585
374592
374595
374618
374619
374626
374631
374642
374653
374660
374661
374676
374677
374708
374723
374728
374731
374742
374747
374756
374771
374774
374777
374800
374803
374810
374817
374848
374851
374866
374869
374880
374887
374902
374909
374950
374951
374958
374973
374978
374981
374996
375003
375026
375031
375034
375035
375046
375053
375060
375067
375086
375087
375150
375151
375168
375175
375182
375185
375200
375205
375208
375219
375230
375233
375248
375251
375274
375289
375304
375309
375344
375345
375352
375359
375374
375377
375392
375395
375406
375419
375422
375423
375502
375505
375510
375517
375522
375529
375552
375555
375562
375569
375580
375581
375592
375593
375608
375619
375636
375643
375658
375661
375672
375683
375690
375695
375726
375741
375744
375747
375758
375759
375774
375775
375784
375789
375796
375819
375842
375843
375850
375853
375868
375871
375894
375897
375908
375915
375926
375929
375976
375979
375994
376001
376012
376013
376020
376027
376042
376045
376052
376053
376106
376111
376118
376133
376152
376155
376162
376163
376168
376191
376214
376215
376230
376231
376238
376253
376258
376261
376280
376283
376324
376327
376334
376335
376358
376363
376374
376385
376400
376401
376416
376423
376434
376437
376444
376451
376480
376481
376488
376495
376518
376521
376536
376543
376558
376589
376592
376593
376604
376605
376624
376627
376650
376657
376668
376675
376680
376683
376686
376693
376756
376759
376762
376773
376784
376787
376818
376819
376828
376831
376838
376841
376864
376871
376874
376897
376912
376915
376930
376937
376960
376971
376974
376975
377006
377009
377024
377031
377036
377039
377062
377063
377078
377085
377100
377103
377126
377129
377136
377145
377174
377181
377196
377197
377208
377223
377226
377229
377300
377302
377309
377316
377327
377330
377337
377344
377355
377366
377373
377376
377399
377400
377415
377418
377433
377438
377453
377456
377467
377478
377493
377500
377519
377520
377523
377534
377557
377560
377567
377568
377583
377594
377597
377604
377639
377646
377649
377656
377669
377672
377719
377720
377731
377738
377741
377748
377763
377774
377777
377780
377803
377804
377827
377830
377849
377856
377859
377860
377883
377886
377909
377920
377935
377936
377967
377974
377979
377982
377989
377992
378063
378066
378069
378076
378081
378096
378103
378106
378113
378124
378131
378132
378155
378162
378165
378172
378211
378214
378225
378228
378245
378248
378255
378256
378271
378278
378289
378304
378315
378322
378337
378340
378363
378378
378381
378388
378423
378424
378439
378442
378473
378474
378489
378490
378501
378518
378521
378528
378547
378550
378565
378572
378577
378578
378609
378616
378631
378634
378637
378640
378687
378690
378693
378698
378709
378712
378719
378726
378749
378752
378775
378778
378801
378802
378805
378828
378833
378836
378851
378852
378871
378890
378913
378916
378939
378942
378945
378952
378959
378966
378989
378990
378995
379002
379009
379014
379069
379070
379073
379084
379095
379098
379113
379116
379131
379146
379153
379156
379191
379194
379209
379216
379225
379226
379241
379248
379253
379264
379279
379282
379345
379348
379351
379354
379371
379378
379401
379404
379427
379430
379445
379448
379459
379462
379465
379488
379495
379498
379513
379514
379525
379528
379535
379536
379565
379576
379591
379594
379605
379608
379623
379626
379657
379662
379669
379676
379687
379690
379697
379720
379751
379752
379771
379772
379783
379798
379805
379806
379821
379824
379847
379852
379863
379868
379883
379890
379899
379906
379913
379916
379987
379994
379997
380004
380019
380026
380041
380044
380049
380056
380063
380066
380113
380116
380123
380134
380139
380142
380165
380166
380181
380188
380191
380202
380213
380216
380219
380230
380249
380250
380265
380272
380283
380290
380297
380304
380335
380336
380343
380346
380381
380384
380415
380416
380443
380466
380469
380470
380481
380488
380495
380498
380505
380506
380529
380532
380555
380570
380573
380574
380613
380620
380627
380650
380655
380662
380669
380672
380687
380690
380721
380724
380741
380742
380749
380756
380767
380770
380785
380786
380809
380814
380817
380820
380851
380854
380865
380868
380873
380876
380923
380934
380943
380950
380953
380960
380983
380984
380991
381002
381033
381034
381049
381050
381055
381070
381073
381076
381129
381136
381143
381150
381161
381164
381171
381176
381191
381198
381205
381212
381235
381236
381251
381258
381277
381284
381307
381310
381321
381324
381331
381332
381363
381370
381373
381396
381407
381410
381425
381426
381479
381486
381493
381496
381540
381543
381546
381553
381576
381577
381592
381595
381600
381605
381612
381627
381666
381667
381670
381677
381700
381707
381718
381721
381728
381739
381746
381747
381770
381771
381778
381785
381798
381799
381814
381829
381840
381855
381862
381863
381910
381911
381918
381925
381930
381937
381952
381955
381974
381991
382006
382007
382018
382021
382028
382035
382050
382053
382068
382075
382098
382105
382112
382119
382142
382145
382152
382157
382162
382165
382228
382231
382238
382253
382260
382265
382282
382289
382296
382299
382318
382321
382328
382331
382354
382373
382380
382383
382398
382401
382408
382415
382438
382439
382462
382469
382484
382487
382498
382501
382536
382537
382544
382555
382570
382577
382584
382587
382598
382601
382608
382611
382690
382691
382698
382705
382710
382711
382718
382725
382740
382751
382754
382755
382778
382795
382806
382809
382820
382823
382870
382873
382878
382885
382892
382895
382926
382929
382944
382959
382982
382983
382998
382999
383008
383023
383030
383041
383058
383063
383074
383081
383088
383095
383110
383117
383122
383127
383134
383135
383190
383193
383196
383199
383210
383213
383232
383233
383264
383271
383286
383287
383310
383311
383314
383343
383362
383367
383374
383377
383400
383403
383418
383419
383442
383445
383452
383459
383470
383477
383508
383511
383522
383529
383532
383535
383570
383571
383574
383581
383604
383609
383632
383639
383644
383659
383674
383677
383696
383697
383712
383723
383734
383737
383744
383747
383762
383769
383772
383773
383820
383823
383830
383837
383876
383887
383894
383897
383902
383913
383920
383927
383958
383961
383964
383979
383984
383987
384010
384011
384050
384053
384068
384069
384092
384107
384118
384127
384134
384137
384160
384161
384172
384175
384178
384185
384220
384227
384234
384241
384252
384253
384260
384267
384274
384285
384292
384295
384342
384345
384352
384359
384368
384371
384402
384407
384418
384421
384424
384431
384494
384497
384504
384515
384520
384527
384534
384537
384550
384553
384568
384575
384592
384595
384618
384625
384632
384635
384650
384651
384674
384705
384708
384709
384728
384731
384734
384741
384764
384765
384788
384789
384804
384807
384814
384821
384844
384847
384850
384855
384902
384903
384918
384921
384932
384955
384958
384963
385002
385005
385020
385023
385028
385031
385046
385049
385068
385079
385086
385089
385112
385113
385120
385131
385138
385145
385168
385171
385176
385179
385202
385203
385234
385237
385240
385255
385278
385281
385296
385303
385334
385337
385344
385345
385380
385387
385394
385405
385414
385415
385430
385433
385444
385449
385456
385461
385492
385495
385510
385517
385528
385529
385544
385547
385558
385589
385592
385595
385606
385613
385628
385639
385662
385667
385674
385677
385688
385695
385702
385705
385794
385796
385799
385806
385811
385816
385847
385848
385855
385866
385881
385888
385899
385902
385909
385924
385937
385940
385963
385964
385987
385994
386001
386002
386033
386040
386043
386066
386071
386074
386089
386090
386099
386106
386121
386124
386147
386150
386153
386160
386175
386180
386187
386190
386213
386224
386231
386234
386281
386284
386307
386310
386321
386324
386335
386350
386357
386360
386367
386368
386391
386394
386401
386416
386435
386438
386453
386454
386465
386472
386479
386480
386527
386530
386537
386554
386577
386580
386595
386596
386631
386636
386639
386642
386653
386656
386659
386662
386685
386692
386751
386754
386759
386766
386773
386780
386799
386806
386813
386824
386841
386846
386861
386862
386877
386884
386887
386890
386907
386908
386931
386946
386969
386972
386979
386990
386995
387002
387009
387010
387041
387048
387051
387054
387059
387070
387081
387082
387101
387116
387131
387134
387181
387182
387185
387196
387203
387206
387221
387226
387237
387244
387251
387254
387309
387312
387327
387330
387341
387342
387373
387376
387383
387394
387409
387412
387423
387426
387433
387440
387479
387480
387497
387500
387505
387520
387527
387542
387557
387558
387573
387582
387593
387596
387611
387622
387645
387648
387651
387652
387723
387726
387729
387736
387743
387750
387765
387768
387791
387796
387811
387812
387831
387834
387841
387856
387861
387864
387895
387896
387919
387922
387929
387932
387955
387962
387969
387974
387989
388000
388015
388018
388029
388036
388043
388046
388093
388096
388103
388110
388133
388134
388141
388144
388163
388186
388189
388190
388201
388202
388217
388232
388247
388250
388261
388268
388279
388290
388293
388294
388341
388342
388349
388360
388371
388378
388393
388394
388409
388416
388427
388430
388465
388468
388471
388478
388497
388498
388529
388532
388543
388554
388561
388562
388593
388608
388615
388622
388627
388628
388651
388654
388681
388684
388687
388702
388713
388714
388721
388736
388751
388754
388777
388778
388795
388802
388825
388826
388855
388858
388865
388868
388873
388880
388895
388902
388909
388932
388935
388938
389009
389010
389017
389024
389047
389054
389069
389072
389083
389090
389105
389108
389123
389126
389133
389144
389155
389158
389165
389172
389191
389198
389201
389208
389225
389230
389233
389236
389267
389268
389299
389302
389313
389332
389339
389350
389393
389394
389401
389404
389415
389418
389441
389444
389451
389458
389461
389464
389475
389482
389505
389516
389535
389536
389543
389550
389561
389568
389571
389574
389637
389640
389655
389670
389681
389684
389691
389694
389705
389710
389725
389726
389737
389740
389755
389778
389793
389796
389807
389808
389819
389822
389825
389826
389885
389892
389895
389902
389913
389914
389945
389952
389959
389962
389965
389972
390007
390014
390021
390028
390062
