79 2479 10
19 25 16
60 4 802
48 70 234
67 37 243
21 27 811
50 31 945
30 33 22
56 10 55
12 57 719
28 19 802
57 54 308
38 25 635
66 55 808
65 4 706
61 49 436
61 43 946
42 20 149
67 51 462
7 10 988
8 61 297
22 75 703
53 59 757
37 66 448
34 17 579
75 65 87
42 23 623
24 17 670
63 7 210
48 43 437
12 27 958
7 74 516
22 59 453
22 37 759
48 62 749
50 66 695
23 14 569
57 66 45
6 11 716
43 34 975
60 6 115
60 34 870
63 13 283
45 68 749
64 26 29
35 38 340
22 69 184
58 20 975
70 49 488
23 30 998
40 66 314
68 73 785
22 73 700
28 15 422
50 77 584
1 63 630
67 32 508
35 36 558
79 43 300
14 53 717
44 66 995
59 49 609
49 72 584
45 4 447
79 33 367
5 30 684
66 15 493
43 54 287
34 54 728
16 31 561
72 18 262
32 7 843
72 53 430
68 40 896
12 77 591
64 10 810
6 15 235
31 13 127
49 63 784
33 39 75
27 60 124
23 37 449
49 5 211
50 58 175
62 25 870
33 41 794
47 60 805
63 43 377
50 45 352
33 54 104
39 73 445
49 46 698
20 53 64
18 1 28
13 73 496
26 69 430
42 12 63
73 7 988
5 27 716
47 20 791
59 37 548
73 37 329
49 43 633
62 8 329
20 41 576
28 12 575
68 74 139
72 64 163
53 75 53
61 12 274
71 69 237
50 68 528
56 12 723
4 18 447
75 2 703
13 21 592
31 36 592
14 69 507
54 72 321
5 39 943
12 59 962
44 58 765
26 35 992
20 5 25
32 73 145
43 73 487
66 46 806
30 2 207
35 65 475
36 28 873
62 46 997
73 3 374
4 73 202
54 23 981
41 60 55
63 12 129
39 26 908
35 21 545
41 28 291
63 56 960
1 27 170
53 35 527
75 45 488
20 72 892
10 25 325
24 55 542
54 55 836
34 18 269
56 53 48
75 4 508
57 33 211
63 36 361
73 44 272
56 54 555
44 61 737
22 72 768
73 75 41
74 31 542
61 64 975
19 7 867
24 22 414
78 38 323
38 53 593
10 19 967
65 58 304
51 28 647
40 79 96
48 42 211
6 37 543
53 29 386
32 75 522
19 72 712
52 40 265
30 28 361
32 10 956
60 54 941
42 78 902
35 78 143
76 73 209
61 58 949
64 60 650
25 3 772
19 50 661
68 33 273
79 39 326
21 64 397
30 24 41
27 46 718
36 79 938
6 72 367
37 55 585
27 50 704
13 8 689
62 29 177
58 11 670
40 7 344
50 9 175
26 24 117
57 17 906
74 27 717
7 11 855
16 23 428
78 14 428
19 17 471
25 60 788
13 68 383
73 18 763
46 6 42
14 7 525
62 45 972
70 63 990
60 22 526
36 4 95
52 31 3
14 51 799
42 36 772
33 6 399
60 3 191
9 55 489
51 42 689
33 1 557
26 30 425
44 31 744
17 58 597
47 41 601
45 54 765
30 68 941
35 17 127
37 60 882
7 26 846
24 15 843
49 23 88
30 65 625
51 23 271
31 61 558
75 11 765
6 16 5
64 40 320
77 46 806
8 37 882
19 74 643
73 17 147
2 37 407
62 40 89
21 65 149
46 47 205
4 14 860
53 31 900
59 15 747
54 64 701
73 29 940
18 69 303
33 70 477
67 41 683
5 77 900
42 59 78
10 66 799
38 67 192
26 78 556
38 65 32
22 2 37
11 24 399
32 21 119
25 29 14
8 63 21
70 35 676
56 7 778
74 10 25
17 26 996
79 18 583
30 74 906
76 64 990
9 27 81
27 58 665
29 77 79
77 28 230
22 43 221
48 57 938
69 73 481
9 76 968
33 73 990
31 28 420
18 14 270
36 19 467
13 54 454
7 53 521
12 41 896
52 16 604
63 37 712
76 31 451
6 74 636
34 15 101
55 42 201
39 20 754
35 34 114
42 9 221
33 21 430
1 51 891
43 36 598
50 30 777
55 25 825
31 2 503
27 20 118
54 48 905
52 76 519
65 12 196
13 62 486
58 54 740
37 18 486
2 18 318
33 63 707
68 43 475
13 50 89
42 60 976
17 66 293
32 46 894
3 65 849
78 62 188
3 72 498
68 66 560
26 73 991
1 77 133
59 7 660
12 38 191
37 1 238
35 48 773
18 55 764
3 78 667
61 29 15
65 8 361
44 55 795
77 23 191
46 44 215
23 48 913
47 48 448
22 41 734
32 72 460
69 12 933
47 56 473
61 45 945
59 23 603
75 52 179
24 9 772
14 11 691
15 68 506
36 29 64
70 69 585
78 5 706
22 79 604
72 73 82
42 63 266
50 38 594
69 50 566
25 59 277
21 30 136
43 40 803
69 65 50
73 53 899
55 40 822
26 20 416
75 3 611
38 45 968
49 22 607
46 2 178
65 32 880
39 66 406
4 49 911
62 60 340
77 55 690
33 67 735
29 15 636
1 38 292
52 74 265
52 22 407
56 65 983
21 68 122
25 53 471
60 15 567
26 61 828
50 36 74
21 78 1000
16 18 93
35 59 19
69 53 565
46 25 369
16 57 506
15 58 367
27 13 770
18 41 757
37 48 540
15 57 538
53 66 367
54 78 508
17 18 496
44 77 544
30 73 387
30 49 901
11 38 806
44 48 78
2 72 590
52 24 540
4 19 714
27 32 882
62 54 804
70 68 472
79 6 864
76 35 926
49 28 942
5 37 782
79 46 753
23 25 367
14 22 781
7 2 197
56 11 385
23 20 345
67 3 917
23 12 891
56 31 63
56 25 687
42 37 647
60 39 955
47 73 224
65 73 365
2 42 462
14 24 719
62 32 909
63 10 200
14 36 971
33 76 714
53 44 278
13 15 560
59 44 606
12 5 343
64 30 441
67 12 409
35 30 814
25 73 656
50 53 686
50 16 108
14 9 437
35 52 790
72 29 474
77 45 569
75 46 986
42 77 211
45 40 913
76 60 903
47 11 101
57 3 328
27 57 941
27 68 99
59 3 282
17 64 516
54 8 463
70 77 743
78 44 586
27 25 723
23 66 294
56 42 556
50 4 789
47 52 923
41 46 115
70 62 394
3 62 617
23 41 908
59 76 154
51 45 431
47 68 563
70 7 840
43 19 890
50 26 352
67 7 981
11 78 363
40 74 920
75 14 319
26 41 573
13 53 185
49 44 573
33 43 25
19 58 864
46 14 513
36 74 475
64 7 145
38 72 28
18 63 290
47 72 239
34 31 965
60 30 12
3 63 884
6 54 520
6 38 800
56 41 807
77 14 986
9 45 545
55 8 423
41 13 893
55 56 699
24 70 205
67 8 808
21 18 890
5 13 94
10 73 159
55 33 222
31 43 809
47 32 430
71 30 540
32 19 733
41 69 614
15 40 112
42 54 110
40 9 477
56 8 976
23 39 584
59 18 973
25 74 355
67 9 873
33 72 563
32 78 319
35 24 237
46 13 447
12 34 838
26 14 388
4 8 253
5 26 824
54 38 933
49 29 27
20 54 68
52 55 983
46 9 232
50 29 875
20 15 224
16 40 325
19 59 385
30 4 445
17 56 485
19 1 815
22 76 985
1 14 218
8 58 428
10 23 448
70 72 327
22 74 257
26 75 424
1 16 910
31 11 229
63 52 778
4 22 135
6 67 144
32 44 97
72 5 371
66 19 942
75 50 286
71 22 110
45 47 546
10 36 109
11 19 394
22 50 572
53 12 529
6 31 376
77 71 803
61 4 403
12 39 951
26 72 480
51 70 788
33 17 396
38 70 964
29 17 602
13 10 732
28 32 533
48 74 381
16 30 179
78 48 859
50 17 989
70 5 602
37 12 769
65 64 218
75 49 732
7 60 255
73 45 713
36 44 828
37 27 977
72 63 654
24 2 113
38 16 86
47 70 199
48 1 574
41 73 480
59 39 122
56 34 102
24 62 207
75 17 277
68 17 856
52 12 158
39 48 756
18 61 995
5 41 905
73 57 71
18 77 948
7 51 636
23 27 604
62 18 329
59 14 814
50 42 462
1 76 317
29 57 768
47 71 582
45 52 886
79 4 499
36 60 188
23 72 950
78 64 678
5 55 164
3 27 603
65 23 142
74 53 602
71 24 153
64 38 67
4 71 433
28 17 627
13 38 168
59 34 639
78 40 903
40 35 376
69 2 148
36 41 10
43 24 370
8 47 52
71 9 432
55 10 318
34 69 39
56 2 35
40 70 646
52 6 205
12 16 849
18 24 314
35 46 972
78 27 782
71 46 552
47 75 822
51 17 970
18 29 501
21 73 851
23 58 485
55 12 456
72 7 992
42 69 86
53 3 960
59 72 59
42 73 518
10 53 586
56 51 578
35 8 509
70 27 840
44 11 953
40 17 8
44 7 849
49 16 323
75 37 60
51 52 281
57 58 992
53 40 450
24 50 667
70 23 637
11 64 654
79 35 867
2 64 302
23 68 977
51 34 649
57 49 205
67 5 798
59 20 970
9 25 706
44 52 648
71 72 806
78 60 513
79 71 992
57 60 244
36 52 472
56 59 50
48 12 761
79 73 410
16 71 979
5 47 621
9 34 249
28 74 932
71 70 629
76 26 450
39 41 606
56 27 40
15 30 730
39 64 597
8 34 489
3 76 748
3 14 585
62 5 143
12 19 615
74 23 238
16 3 119
60 72 615
10 33 443
24 51 269
15 35 936
54 77 148
22 12 268
58 52 741
40 12 660
24 54 259
27 43 984
24 72 483
59 73 660
6 69 97
64 3 244
2 58 639
51 29 717
49 56 493
78 16 922
15 43 697
15 73 942
3 69 527
78 71 736
34 6 23
37 25 475
17 14 225
26 63 770
67 79 59
44 22 719
24 38 736
33 36 296
46 65 837
4 24 350
14 12 738
20 74 457
13 1 285
34 1 237
7 4 725
35 49 378
38 2 248
71 8 983
34 10 361
47 54 83
79 26 995
10 17 809
38 5 326
63 35 633
19 76 526
37 54 170
41 6 906
59 28 574
72 77 463
12 21 432
3 15 310
76 54 485
13 7 258
58 59 886
32 66 607
18 8 316
6 56 604
43 58 694
14 64 963
40 76 440
2 8 44
56 67 53
26 8 249
6 77 680
18 68 641
33 60 973
46 24 57
60 55 889
50 32 307
21 56 770
50 23 323
43 21 301
63 50 578
17 70 648
32 26 285
75 69 455
2 36 818
44 47 190
42 46 29
77 73 280
25 5 973
31 8 690
5 31 117
61 30 230
62 23 575
69 32 75
49 41 897
68 10 178
9 12 768
1 23 860
31 39 969
57 4 163
15 27 264
39 18 217
57 35 195
43 38 904
48 31 189
12 20 603
44 51 144
13 56 848
69 38 372
49 27 466
27 61 500
20 6 302
63 22 114
7 61 785
9 49 108
53 5 283
48 79 326
45 10 136
21 2 914
77 2 299
73 78 177
59 48 382
76 2 880
58 56 751
30 22 456
29 16 777
38 76 280
55 71 576
37 79 988
21 19 249
44 67 90
6 29 251
60 73 817
13 43 284
63 28 506
9 69 358
6 4 887
69 43 650
68 28 205
67 69 610
9 73 115
37 41 704
76 42 263
67 61 580
19 41 840
79 47 371
77 15 862
55 43 166
66 70 858
28 67 776
66 11 816
60 75 35
41 43 157
20 2 695
16 39 137
79 16 965
38 77 823
16 37 417
53 61 892
63 17 810
44 24 665
1 12 981
60 23 412
3 79 833
1 56 617
67 24 270
67 49 190
55 51 855
38 34 919
43 11 394
49 31 816
78 76 33
65 36 450
16 66 79
2 62 613
13 71 289
69 52 449
45 37 826
33 9 806
34 70 658
53 41 953
32 6 621
48 45 692
71 48 110
74 35 668
52 10 829
45 23 426
31 54 490
34 62 597
32 25 317
20 57 652
43 52 613
78 55 649
74 56 415
44 45 445
29 26 265
30 42 684
47 40 635
30 43 119
47 62 954
67 73 380
52 21 935
61 23 987
14 71 829
10 20 13
24 53 951
7 35 118
30 31 813
41 7 128
38 18 923
11 67 470
63 75 81
2 78 896
47 30 514
41 76 542
74 24 563
8 59 694
71 40 967
11 15 404
17 42 290
76 57 635
44 57 407
57 55 254
74 12 283
45 59 174
59 43 698
57 25 548
28 13 857
55 34 684
47 65 18
61 68 811
47 58 64
65 57 952
30 70 149
44 29 892
77 8 316
9 32 451
29 31 361
7 47 480
66 2 930
4 9 636
6 19 302
29 69 10
33 15 531
36 8 167
4 20 551
67 77 445
54 7 860
77 3 869
72 67 200
37 50 501
78 9 503
32 36 607
51 47 754
36 67 138
23 22 780
64 4 803
61 40 685
38 59 988
28 33 487
63 11 54
12 47 150
4 51 902
45 15 358
24 76 650
64 5 145
43 51 25
45 69 452
63 59 506
22 27 505
32 40 382
61 74 493
62 65 158
64 51 391
11 60 23
64 66 324
39 25 294
45 30 819
70 78 183
77 35 514
6 43 18
47 69 35
58 70 17
14 47 624
47 4 140
28 48 506
38 14 755
45 43 942
72 16 542
15 56 95
74 75 780
34 30 595
47 35 596
79 57 33
20 13 952
33 27 246
68 36 178
45 5 977
33 26 49
20 68 35
24 64 833
43 18 430
8 42 527
28 78 990
25 8 173
42 62 901
49 18 313
30 17 818
2 34 719
70 76 847
22 15 331
43 77 736
42 52 881
11 13 699
32 35 360
57 41 20
36 57 204
36 53 466
7 23 313
45 53 745
21 28 560
75 25 445
48 13 340
10 59 508
2 54 477
27 2 643
18 53 753
15 16 6
51 30 971
68 72 153
35 68 40
75 48 803
65 63 583
10 1 918
2 41 792
25 54 107
49 21 818
38 79 456
10 11 924
79 10 536
47 23 302
30 78 254
75 20 272
18 50 182
35 39 953
44 8 983
70 59 553
61 24 508
61 59 448
37 24 218
75 51 253
78 7 360
53 26 662
11 72 944
51 41 867
68 19 490
10 41 938
52 14 971
13 3 848
23 8 909
63 73 123
77 40 239
40 42 711
43 57 57
21 15 157
77 56 855
55 20 163
21 6 974
61 51 310
67 40 438
46 34 862
31 78 612
1 54 44
73 23 133
70 1 145
79 8 348
18 42 467
47 67 698
1 4 855
16 4 266
3 58 915
68 24 459
68 5 625
40 60 928
20 61 402
77 7 843
13 32 769
39 56 340
8 73 165
42 66 616
3 26 248
59 33 640
58 42 207
8 9 310
63 48 48
26 67 363
68 37 164
15 50 563
60 17 688
47 55 474
60 53 1000
12 51 549
13 39 85
62 33 43
49 74 33
19 64 581
28 61 390
66 3 499
45 35 278
54 36 597
41 21 765
28 55 544
9 64 55
64 34 741
20 21 823
66 27 809
13 55 936
49 76 592
42 21 500
34 3 452
76 7 559
77 79 99
27 11 91
24 58 765
69 74 408
6 17 491
50 73 479
67 78 572
9 21 53
4 38 519
58 12 397
6 3 404
74 3 67
73 48 833
46 70 799
62 1 452
61 35 413
54 35 540
8 69 950
46 20 691
2 49 136
69 58 66
43 53 586
34 37 543
65 71 807
39 40 761
73 31 351
50 10 94
38 32 704
22 51 850
43 65 545
2 43 262
4 46 948
55 15 988
56 78 379
60 44 707
17 7 478
75 70 209
29 1 278
27 64 882
50 28 727
29 3 26
57 53 637
55 16 146
17 49 858
7 75 435
11 32 597
71 19 271
14 42 975
48 61 898
22 65 313
74 18 462
67 39 964
1 11 250
28 54 4
31 27 770
74 78 10
31 65 354
70 18 215
34 53 713
3 44 555
54 50 759
33 64 327
4 15 854
2 14 98
38 39 705
32 63 561
57 51 575
13 33 265
10 28 190
13 25 808
20 24 992
28 57 216
17 23 445
11 37 489
68 62 73
6 70 879
50 70 85
57 34 695
10 31 205
27 79 982
17 1 7
74 11 667
65 54 945
39 7 257
47 78 22
21 44 66
77 20 618
46 5 728
20 63 280
54 79 331
46 39 282
56 20 391
20 8 657
32 18 136
10 22 488
18 48 713
30 56 696
19 48 415
78 49 977
13 60 885
29 47 222
13 78 320
10 29 452
28 9 18
52 48 808
65 76 525
35 11 249
63 54 892
65 24 219
17 11 453
68 6 226
55 48 578
44 1 471
9 47 522
49 11 186
36 30 845
19 69 588
38 15 803
77 13 572
6 64 219
60 49 485
31 26 205
71 35 609
15 14 141
14 32 340
37 31 449
79 66 853
62 22 387
63 71 863
44 35 182
7 5 624
44 16 436
45 58 853
51 54 75
57 21 454
24 73 661
72 9 951
47 1 702
59 55 904
77 52 170
64 63 506
29 39 481
26 59 99
1 61 329
42 38 3
8 46 636
20 66 173
21 71 590
67 74 438
12 64 744
31 66 160
21 3 923
73 19 948
10 46 121
64 50 415
61 78 640
66 1 569
46 18 620
28 37 378
12 6 783
36 55 153
19 52 1
9 13 570
72 48 5
62 6 428
61 41 375
21 16 665
45 65 378
19 40 428
20 1 921
69 31 899
32 23 934
24 33 401
62 57 997
6 8 262
76 16 403
57 6 984
26 28 786
76 30 344
10 38 422
36 15 881
61 46 856
16 48 696
43 12 180
29 68 976
36 22 462
23 52 819
35 6 896
3 49 81
10 71 549
45 13 678
61 15 585
44 2 901
69 5 599
21 17 590
23 38 328
74 62 974
9 16 606
68 56 706
24 59 401
22 78 526
62 43 604
2 47 686
32 74 279
51 35 953
64 55 299
26 15 681
34 23 936
65 16 84
66 30 377
77 33 709
78 59 964
9 48 232
35 4 756
37 20 144
37 39 207
64 20 570
1 31 314
53 47 454
64 73 2
58 29 214
56 76 483
1 36 587
52 65 115
32 68 81
55 65 176
20 52 442
70 43 54
22 20 781
5 40 499
8 16 807
18 60 307
64 59 455
77 66 492
18 9 585
41 30 407
15 70 791
39 53 617
63 25 694
68 46 874
67 59 993
74 17 755
46 31 190
58 71 576
39 68 862
50 65 685
79 68 134
48 20 431
26 77 350
34 7 587
59 51 433
38 29 564
31 68 69
33 58 19
37 36 678
50 25 150
71 60 546
14 37 471
12 17 555
25 45 326
57 2 970
52 62 361
72 15 984
6 65 424
64 67 853
74 43 920
25 51 182
72 30 643
6 1 889
21 46 227
75 1 868
23 43 233
51 63 981
38 60 57
29 30 809
72 57 195
71 32 741
77 31 942
68 60 977
56 69 91
58 78 881
7 25 409
5 21 6
76 71 949
50 6 779
4 10 683
70 32 450
13 64 676
61 33 153
13 42 5
22 45 2
1 5 474
68 55 717
35 62 337
61 52 897
45 3 569
70 64 257
70 52 78
76 74 563
12 72 497
6 24 657
61 62 783
5 76 729
33 74 989
33 34 839
5 56 537
76 34 183
56 38 932
55 35 831
55 26 160
63 66 374
51 66 711
69 28 920
40 58 731
51 53 11
47 16 51
39 44 413
11 5 813
48 50 726
21 31 917
30 62 169
29 52 79
7 28 743
16 56 885
40 23 416
33 25 639
39 77 806
34 26 24
21 54 69
2 70 720
37 19 520
69 55 725
44 65 502
16 77 248
48 51 713
49 52 693
21 1 137
4 52 248
19 14 976
64 23 319
54 68 759
36 17 701
35 16 381
68 25 678
9 66 431
39 15 391
76 32 80
71 73 195
30 32 203
16 25 806
18 45 463
52 15 723
1 15 884
25 48 205
16 58 608
9 6 651
51 9 844
37 61 413
19 79 674
54 41 264
44 10 484
49 33 545
59 77 340
12 35 986
27 65 793
74 71 52
47 17 678
37 57 281
50 62 651
73 14 5
8 32 599
19 38 409
53 76 705
20 18 979
54 16 87
51 72 135
1 60 721
7 33 518
29 75 329
72 66 276
71 68 323
4 55 791
24 10 998
1 40 559
76 68 996
77 53 605
71 3 561
26 43 191
50 78 369
56 60 235
31 23 806
32 55 853
5 15 779
50 1 145
23 67 190
9 7 923
35 64 548
79 11 867
27 28 555
43 25 199
2 60 871
66 13 153
60 67 607
18 76 575
66 75 131
41 32 45
34 47 61
55 19 204
27 67 563
8 57 389
70 26 479
19 16 237
65 1 531
71 44 476
32 15 147
65 40 878
55 6 433
78 53 708
28 66 420
8 52 801
40 22 294
64 62 225
4 34 5
55 73 424
68 1 721
20 65 194
21 67 347
72 46 269
52 56 412
40 29 253
63 23 819
59 71 282
12 68 406
2 79 425
30 54 208
19 65 888
78 77 822
5 6 620
23 53 91
74 1 736
59 31 360
2 12 569
35 43 324
27 62 243
38 21 397
32 61 471
13 59 120
28 25 829
11 30 530
29 79 892
43 3 981
36 51 823
30 75 468
50 56 986
11 40 246
37 58 189
53 9 179
34 75 944
38 46 809
11 3 591
67 16 197
58 73 627
8 50 224
5 17 602
30 1 403
47 6 784
75 12 841
62 69 224
32 31 755
59 60 932
76 8 311
21 66 115
68 49 852
4 66 635
4 27 357
78 20 248
3 30 457
74 51 828
24 19 76
15 8 986
42 7 719
2 5 57
9 60 808
45 78 187
78 52 394
55 30 405
69 1 727
71 33 572
4 63 349
48 22 887
37 71 514
30 37 545
46 58 513
28 8 90
54 73 498
79 59 267
18 66 225
5 73 690
19 61 843
52 18 979
6 7 621
30 27 153
23 76 93
2 39 473
57 39 139
25 26 449
42 6 72
53 68 595
25 31 629
13 44 148
75 18 580
67 13 347
60 19 556
6 61 739
11 70 885
74 47 949
22 9 144
59 32 963
77 63 872
18 78 492
23 28 849
50 14 738
62 31 388
51 38 713
11 65 827
51 65 237
46 51 980
41 72 51
54 53 926
61 2 822
9 43 29
75 61 899
2 25 974
77 10 474
79 50 723
9 62 113
40 6 274
76 51 794
41 42 59
12 18 902
11 48 941
56 19 639
46 26 601
62 26 848
69 77 377
65 48 485
32 79 148
2 32 520
21 47 800
13 76 20
45 32 363
25 66 648
14 16 109
54 29 750
65 13 713
51 3 935
2 71 338
42 79 692
23 35 337
28 6 264
67 17 513
40 36 717
48 32 514
3 50 838
37 44 190
25 77 236
77 57 302
64 52 816
8 38 29
51 73 361
22 34 717
71 51 322
29 19 999
24 49 317
60 79 169
7 52 727
15 17 154
61 38 669
3 55 599
79 69 953
48 46 688
59 74 961
28 11 952
1 55 148
37 21 63
17 2 664
54 44 82
18 28 400
29 20 707
68 34 770
28 24 15
42 53 219
35 2 838
28 79 528
50 60 409
53 1 28
42 65 763
19 49 710
3 41 195
1 41 144
64 68 70
24 7 263
7 38 465
74 15 420
63 79 932
47 63 985
58 35 147
42 70 85
17 62 653
51 10 97
47 43 389
45 11 692
38 22 57
30 12 692
62 75 839
26 40 119
28 62 708
34 74 272
52 59 871
7 49 414
49 73 41
75 56 885
34 58 985
19 44 879
24 36 765
34 78 393
76 63 258
74 60 879
69 63 102
74 55 452
24 63 22
19 3 524
28 73 66
39 69 486
72 4 943
4 3 997
48 10 471
8 68 441
76 12 81
17 52 123
77 76 537
44 68 821
29 46 167
49 79 946
28 1 513
62 59 5
43 37 64
61 39 572
68 22 277
65 61 286
60 21 985
3 48 669
8 39 171
5 44 969
25 58 899
8 30 287
10 57 713
57 46 156
9 1 165
6 49 815
43 39 959
27 29 187
77 4 690
17 53 25
57 42 672
52 71 984
9 56 21
77 36 494
42 35 425
36 9 454
32 42 969
19 31 313
65 49 626
45 7 135
42 16 258
35 56 490
39 17 139
46 74 674
78 37 61
68 52 767
53 64 959
6 76 398
33 18 436
61 25 481
58 22 366
72 61 334
48 76 767
28 76 79
47 3 842
50 11 284
52 79 245
58 30 152
17 25 470
39 52 934
2 16 528
32 37 141
79 7 269
18 23 549
17 65 987
39 32 693
25 52 354
17 9 955
66 5 358
33 32 979
68 14 89
7 3 967
21 75 821
43 72 579
65 28 992
53 79 881
14 49 346
74 50 303
13 75 278
28 44 133
37 77 135
60 63 996
2 48 818
37 9 254
26 56 426
30 53 11
51 49 537
12 26 22
34 14 163
34 32 6
11 20 307
48 5 690
35 41 498
69 11 575
27 42 590
42 29 484
67 53 620
55 27 295
19 39 438
76 55 977
30 18 626
70 39 878
12 73 295
69 36 446
54 27 457
65 29 287
22 54 326
41 59 154
3 31 589
21 72 956
17 79 638
9 79 723
23 44 951
12 33 807
79 78 328
52 66 376
37 3 818
32 54 864
5 79 397
69 46 332
31 33 869
13 35 55
71 31 373
52 53 367
61 34 629
70 16 315
49 39 202
8 74 248
4 28 609
39 54 992
39 50 224
10 75 234
57 5 869
49 55 519
10 21 679
1 7 677
46 11 157
72 13 357
39 51 182
15 2 97
29 11 312
28 29 171
14 27 171
5 19 614
40 20 978
8 27 499
69 7 341
71 28 147
20 17 362
57 1 89
61 11 830
38 9 231
8 29 143
63 5 202
38 57 949
2 29 771
49 25 516
15 53 150
4 5 19
13 2 125
20 71 493
67 71 594
18 47 710
25 24 362
24 5 464
11 42 741
23 5 390
74 64 620
27 17 97
76 25 572
60 35 716
34 19 760
52 38 742
17 13 887
25 69 725
33 37 71
5 18 385
69 54 65
27 18 569
41 38 98
39 42 153
9 11 398
46 23 328
11 26 295
72 75 952
5 50 628
46 17 417
3 52 467
63 6 130
58 76 435
16 27 943
32 4 622
67 2 381
14 72 653
29 7 335
38 47 844
32 1 745
57 52 725
4 43 816
76 61 841
3 12 296
29 55 531
23 36 952
30 10 389
18 56 769
13 51 676
9 2 812
79 75 505
5 61 92
34 28 732
4 62 603
12 44 244
21 8 130
22 19 282
43 10 890
30 19 81
47 39 910
75 67 658
64 22 899
50 7 39
71 34 445
18 51 842
33 8 12
24 79 825
8 45 846
36 3 347
7 46 668
15 65 590
22 46 71
46 50 483
21 24 782
42 4 718
53 8 366
14 20 85
55 58 458
28 64 134
23 24 112
54 59 269
66 6 639
28 20 203
45 41 1
60 32 593
27 39 446
79 65 482
35 29 874
7 20 687
61 54 914
39 11 783
40 59 344
69 59 812
79 72 173
11 22 788
60 48 5
17 59 185
25 30 964
39 28 850
35 19 883
63 41 632
10 2 791
17 72 953
25 1 466
70 67 924
70 45 22
75 5 183
41 62 8
64 18 479
19 57 669
24 13 119
68 38 100
38 31 659
44 70 673
29 23 452
2 1 251
26 74 118
45 28 933
46 28 124
54 11 156
29 70 846
50 12 907
14 57 852
37 4 9
47 27 431
40 10 639
19 15 14
68 9 615
71 64 603
32 77 215
38 17 849
10 26 586
67 65 358
71 23 801
6 59 403
40 63 281
31 67 822
12 24 938
26 18 641
31 18 653
31 79 606
59 21 111
42 34 752
31 4 264
47 57 784
2 40 203
73 46 514
41 71 253
56 23 487
41 44 637
24 48 761
31 24 684
46 45 895
13 29 612
46 1 692
67 63 326
66 78 602
6 44 57
28 38 292
5 65 556
66 35 624
3 10 141
11 34 493
18 58 981
36 18 293
3 54 896
10 67 613
21 36 467
37 56 185
58 1 605
42 64 119
45 74 790
37 65 716
61 55 870
41 40 405
43 50 851
59 47 424
18 7 918
11 76 455
19 18 910
34 44 906
3 5 215
5 74 945
67 22 153
51 79 826
35 33 988
9 57 830
62 7 780
53 65 397
6 73 473
69 68 335
36 45 20
14 43 965
64 77 828
1 49 352
4 40 258
21 48 75
29 14 964
40 48 724
7 36 259
4 78 921
6 75 842
40 13 48
2 63 988
68 58 63
39 1 804
10 8 838
30 13 838
31 9 721
16 69 292
67 18 99
57 23 978
31 57 859
8 22 43
58 14 482
28 35 36
21 53 382
27 24 663
19 53 815
13 36 778
52 60 136
30 20 150
42 24 797
3 24 100
67 66 977
52 67 500
1 73 357
13 14 403
12 49 816
45 79 432
11 16 661
20 33 736
27 45 625
52 1 60
17 78 723
64 58 39
29 66 863
77 61 912
78 65 876
9 63 935
51 37 555
29 71 974
66 59 264
36 39 413
69 17 368
16 20 746
8 12 449
58 60 750
75 42 408
34 73 263
47 26 527
2 26 543
20 60 764
31 7 676
21 58 995
3 1 92
61 9 527
13 70 351
72 8 494
72 40 342
16 28 135
39 30 154
40 75 77
49 8 759
20 32 213
14 66 151
41 4 798
51 8 75
28 52 62
51 31 25
4 67 9
62 72 617
35 10 999
67 54 625
44 26 29
41 55 718
22 66 370
24 75 829
74 72 819
8 41 129
27 73 444
54 18 346
31 35 672
29 76 207
12 78 373
70 4 18
41 48 299
54 9 899
16 63 368
20 44 144
72 44 241
31 17 854
67 48 298
5 60 669
16 13 613
79 1 862
4 69 172
13 37 762
19 42 289
15 78 233
36 71 786
74 65 649
11 51 201
2 50 136
32 43 273
21 29 582
38 30 854
29 22 994
18 40 410
78 36 672
3 18 123
50 33 205
4 17 369
79 76 146
9 5 412
6 2 93
71 27 163
40 14 62
76 62 344
49 62 882
41 31 205
1 26 936
55 39 736
31 55 854
6 30 604
37 26 348
42 5 68
49 36 775
22 16 461
63 27 708
46 60 360
45 19 246
27 7 356
1 72 560
28 58 382
54 46 981
53 58 493
12 54 587
50 40 974
39 9 255
41 25 610
52 34 96
29 74 459
76 36 331
8 78 241
71 75 222
63 45 423
70 74 403
5 36 283
14 35 766
22 47 285
33 3 840
60 31 701
49 42 20
51 77 45
11 12 657
70 57 719
27 75 464
23 69 783
10 54 179
28 22 171
36 46 494
50 55 776
55 46 527
21 25 406
46 33 509
65 72 507
35 67 898
10 70 95
40 3 480
76 47 152
24 77 57
61 10 928
25 44 963
3 68 387
59 68 168
72 78 184
20 34 161
53 70 923
30 67 819
25 65 279
38 74 559
71 39 658
75 77 979
35 22 930
71 12 54
19 46 987
51 78 1000
13 49 518
24 47 122
22 25 178
53 11 688
78 69 967
72 45 305
28 72 566
45 71 372
60 29 814
22 56 424
65 7 622
9 70 260
24 32 256
38 33 125
42 25 316
39 4 183
3 42 87
57 61 54
4 53 702
55 72 271
52 37 215
19 75 976
44 17 89
17 71 493
21 40 534
60 66 98
11 41 823
44 42 463
26 27 503
2 52 162
57 67 462
2 65 20
65 14 635
6 13 991
4 54 60
47 25 601
24 29 296
10 9 625
75 54 325
9 35 461
34 45 49
36 64 946
76 50 720
14 74 304
60 65 422
14 76 388
9 19 838
15 9 509
60 16 441
11 71 539
71 1 131
72 56 7
29 45 515
50 71 571
21 76 851
74 79 400
37 49 20
30 40 674
49 50 215
24 40 522
22 39 187
16 36 676
45 1 894
46 37 821
10 76 19
48 66 953
26 23 421
58 79 666
28 43 929
58 32 745
35 50 126
64 45 329
30 79 42
41 75 845
14 62 984
20 50 464
66 12 584
14 54 173
18 11 324
48 17 25
19 77 712
65 70 806
47 42 383
37 53 578
9 3 728
69 49 234
22 77 329
78 25 747
20 38 907
69 60 543
48 14 620
58 9 93
55 7 571
36 47 865
72 10 265
3 2 589
16 53 169
11 59 685
23 13 254
46 76 450
36 72 782
48 49 379
71 15 778
37 69 175
21 45 575
56 61 114
73 11 638
69 64 159
48 8 286
21 55 313
62 53 535
14 10 349
26 13 470
16 74 917
15 64 278
61 69 197
75 33 150
70 36 607
26 36 295
63 31 408
6 26 149
55 67 915
59 57 852
67 46 719
11 8 131
64 47 116
60 43 659
43 64 300
34 36 153
55 17 912
7 12 749
42 31 934
27 40 642
75 15 878
6 45 460
35 73 217
34 65 991
15 37 450
25 40 727
59 36 277
32 49 762
46 63 261
35 3 625
38 26 232
2 59 177
50 21 903
59 27 428
6 14 679
79 44 509
50 72 75
34 48 86
54 74 9
65 41 341
27 69 938
52 27 80
72 58 471
75 68 405
76 75 738
74 4 122
62 58 557
34 16 2
8 19 870
14 61 842
12 45 643
33 22 748
38 40 302
78 68 211
4 12 90
66 56 751
56 44 937
44 64 366
31 40 864
40 49 197
41 16 343
62 73 95
30 63 726
55 11 245
22 55 875
26 60 404
65 9 105
19 54 949
34 25 841
42 15 465
57 32 289
60 77 130
12 46 544
51 15 759
40 28 535
42 62 49 7 38 78 30 72 56 6