10
384 71
106 116
210 128
203 109
298 206
315 44
243 380
228 71
253 67
341 377
156 105
232 142
375 219
303 356
308 32
330 283
103 307
270 184
50 89
164 347
166 94
262 24
345 362
351 213
300 307
78 71
284 309
213 274
15 3
245 194
34 190
93 136
369 234
191 34
194 354
253 232
319 130
255 280
363 93
364 279
272 313
349 171
237 49
316 252
51 176
61 85
237 25
92 221
131 283
127 324
124 251
171 59
252 298
210 231
262 61
125 21
374 345
63 98
10 378
221 60
41 154
16 278
178 108
370 180
262 368
376 257
234 34
187 102
203 12
204 81
329 328
357 318
4 4
3 1
1 4
1 2
3 2
347 255
69 347
292 158
167 48
311 94
234 165
111 303
338 81
3 187
228 108
50 240
240 211
147 215
116 115
8 287
229 244
194 297
7 138
217 173
296 290
266 182
107 139
138 207
219 140
157 209
10 206
102 13
179 11
227 57
126 344
343 117
4 190
176 10
90 45
292 38
97 320
330 314
112 230
283 93
132 202
65 142
61 276
154 2
286 143
59 174
140 164
290 143
6 118
262 206
272 206
243 132
178 335
98 52
217 143
255 112
345 319
253 168
10 169
169 295
311 337
122 213
154 174
8 269
292 32
127 326
237 23
110 178
120 317
339 337
113 246
101 220
327 116
40 336
284 208
47 10
308 278
223 114
104 340
35 158
135 162
137 134
294 9
311 66
89 66
165 311
74 28
183 54
143 222
152 189
192 308
309 152
238 294
28 105
49 63
262 183
334 161
317 280
170 43
108 258
108 36
221 182
63 166
345 316
40 259
267 341
220 228
146 220
174 283
324 333
345 239
168 94
52 137
136 331
180 244
4 50
279 334
341 104
152 338
72 301
295 232
329 203
214 266
138 191
251 246
192 71
339 6
318 128
337 260
134 340
72 175
327 66
278 241
56 113
195 68
214 142
62 305
107 276
223 244
229 236
252 73
70 244
78 40
134 177
62 267
280 133
94 22
198 134
262 17
246 109
194 112
13 256
70 119
294 55
126 285
291 30
10 13
36 197
162 169
27 223
198 69
118 291
90 316
78 4
95 86
223 288
198 235
306 30
117 252
84 5
189 137
144 308
149 180
158 73
111 294
295 309
15 66
15 104
144 92
217 238
178 92
178 138
90 137
167 316
151 13
320 103
150 116
173 61
58 93
134 169
39 191
240 163
19 254
29 272
109 9
162 49
100 103
296 299
2 225
267 262
237 2
127 149
228 300
320 285
45 106
216 194
59 108
119 188
125 148
112 343
156 274
44 18
139 339
317 140
216 346
164 215
111 291
17 338
243 336
38 50
204 254
243 25
124 15
212 11
272 324
6 190
13 159
207 151
260 286
53 238
48 326
106 158
269 232
258 274
330 295
87 296
311 329
320 88
106 185
208 140
271 214
329 283
135 299
196 48
237 11
285 47
336 153
204 21
37 114
57 129
172 143
77 135
235 160
222 103
107 193
243 30
59 334
306 57
224 304
48 145
266 65
112 27
190 125
57 209
216 93
70 255
53 194
187 256
198 43
39 70
198 36
91 144
111 4
201 207
1 120
45 138
56 28
164 246
152 93
148 62
57 217
188 109
282 246
59 45
289 97
114 52
4 76
68 292
79 140
192 257
259 108
88 9
136 252
254 159
38 273
92 94
55 280
74 31
219 132
253 73
100 61
303 281
8 64
267 87
203 24
37 155
4 303
35 11
120 288
169 157
254 261
122 181
106 195
211 196
199 29
455 34
414 332
81 224
365 183
343 164
177 344
269 5
363 273
95 81
167 398
376 213
92 242
300 324
32 199
299 174
8 210
79 422
413 31
190 194
85 404
357 262
164 171
138 72
315 105
152 26
47 400
110 10
186 409
205 89
152 375
134 160
2 213
453 414
243 187
153 328
282 148
19 98
123 155
103 112
76 100
225 282
104 226
69 228
21 162
34 78
131 238
131 29
245 154
274 197
109 202
65 122
68 15
220 122
169 254
166 245
71 108
176 106
265 177
52 217
56 17
13 118
254 143
78 149
229 70
277 269
203 59
73 260
42 241
231 139
135 234
246 29
271 160
205 254
95 192
270 107
28 174
181 105
40 59
106 34
46 241
24 86
160 28
63 133
268 225
271 53
108 166
13 97
44 149
68 138
58 270
244 17
161 74
54 200
133 159
165 178
49 120
263 209
147 257
273 132
131 262
116 239
145 128
267 120
276 266
257 266
253 150
282 131
224 53
262 6
144 76
183 192
195 95
50 59
1 41
123 63
234 238
19 96
16 217
148 223
201 122
206 171
204 138
234 77
190 213
82 51
221 264
175 133
8 224
192 8
264 246
2 147
201 21
175 148
169 40
89 87
93 226
190 14
81 141
90 203
3 171
185 223
84 77
6 91
19 129
30 214
92 32
79 224
266 253
90 84
224 110
171 34
53 10
48 66
150 69
268 84
240 170
239 255
179 244
278 197
22 239
60 113
202 70
54 117
201 195
184 89
161 237
98 208
234 179
208 219
194 97
38 150
70 216
43 65
62 64
235 54
108 155
123 162
271 27
236 189
153 138
209 31
24 24
170 257
134 96
63 49
9 13
22 52
37 60
33 60
37 1
56 19
8 48
25 42
32 59
36 38
8 10
36 58
56 62
48 6
59 20
54 5
33 11
54 4
7 24
63 43
24 56
61 29
40 22
7 6
16 40
43 23
50 13
12 61
45 5
18 34
9 48
44 61
51 48
21 48
27 42
40 23
5 14
42 11
19 55
49 60
13 33
9 28
9 18
25 53
21 29
22 62
26 9
46 44
57 8
234 166
3 206
36 60
44 196
50 81
102 143
140 55
206 67
216 147
27 92
50 30
200 143
163 234
60 222
142 169
153 16
13 60
75 56
22 124
8 123
32 147
177 109
213 31
128 111
122 177
140 87
85 175
193 169
48 18
156 189
58 75
204 70
6 150
231 27
146 4
150 177
150 198
158 234
228 51
111 222
227 122
180 183
62 10
118 215
133 145
169 191
219 10
26 97
160 23
123 71
26 144
119 48
108 148
47 207
198 29
66 62
151 12
11 84
21 234
65 154
144 105
110 1
221 135
97 146
29 219
88 55
1 78
102 108
226 20
186 189
155 18
17 71
29 133
26 155
132 196
74 147
173 55
147 159
62 9
176 90
100 29
144 100
106 117
79 97
9 30
52 163
153 174
105 53
72 130
208 75
198 153
221 136
80 6
166 141
14 107
230 219
135 12
190 112
234 140
81 8
42 4
170 194
177 40
13 120
42 92
194 111
10 52
118 89
57 49
101 177
155 97
33 161
214 223
144 213
128 224
221 169
227 28
68 13
160 215
104 225
91 219
43 208
180 99
22 46
147 48
14 180
80 227
168 95
78 167
85 64
208 183
91 208
224 30
92 149
10 67
12 100
51 54
179 102
24 72
20 43
119 33
222 70
132 27
165 209
193 121
38 38
175 234
11 164
136 208
185 145
40 196
117 197
121 167
64 16
5 83
58 123
222 45
65 119
199 8
93 108
45 33
107 162
197 8
135 19
25 175
86 13
137 206
97 34
87 78
83 62
66 57
51 7
64 33
58 63
28 5
79 69
80 17
23 67
33 95
67 88
57 81
30 29
95 80
62 19
92 78
14 91
68 64
97 34
30 57
96 88
92 77
60 8
94 82
75 60
79 44
81 69
59 13
31 87
26 27
39 20
7 52
50 43
241 111
192 119
12 150
154 84
101 179
219 6
120 227
215 191
102 140
224 67
107 188
20 211
163 64
76 241
178 23
107 1
5 58
232 16
79 144
212 51
82 190
56 73
47 30
136 20
41 118
86 19
64 218
230 227
154 64
98 203
199 204
75 203
133 65
219 212
209 189
134 162
9 190
234 55
91 128
75 131
118 32
150 181
122 10
38 147
186 135
108 143
211 183
104 102
119 194
185 86
14 78
119 22
139 225
190 229
224 136
231 100
39 11
40 160
133 190
178 77
197 158
91 38
212 67
11 89
19 196
47 32
145 165
167 42
148 115
142 131
9 3
230 47
14 141
79 146
203 128
95 158
44 185
67 14
123 77
103 142
144 21
45 47
185 211
201 92
197 214
94 205
217 82
124 230
95 74
6 56
201 100
85 117
157 151
2 38
227 104
51 130
237 209
48 181
178 8
144 134
221 237
210 68
190 205
56 43
37 175
211 110
33 54
226 61
76 227
212 62
203 134
63 198
10