95 1470
85 78
4 36
85 63
16 47
58 19
78 86
79 76
69 38
62 31
3 2
60 81
23 95
8 87
50 27
21 37
46 23
85 56
2 73
79 85
44 25
59 9
42 67
62 6
23 84
89 21
71 93
1 33
77 13
4 42
78 49
36 80
26 74
9 50
17 50
81 29
30 86
87 3
38 22
77 41
25 3
89 30
71 90
40 11
26 34
44 15
9 59
12 32
91 44
37 56
42 53
62 48
49 45
30 89
13 63
74 63
77 34
25 4
82 47
14 38
70 67
58 68
95 83
46 40
33 53
58 55
22 17
27 70
69 26
59 28
42 60
67 76
91 82
18 84
21 57
51 36
19 15
22 40
27 95
13 74
9 58
50 54
14 48
39 24
37 66
41 7
30 35
86 76
91 51
31 64
38 50
21 75
43 82
19 29
71 30
47 38
88 45
52 83
23 25
62 44
95 44
64 69
93 8
29 20
6 2
48 7
62 68
86 94
55 63
42 16
45 5
10 57
18 41
74 90
38 44
95 21
60 25
82 10
11 10
71 44
36 18
1 16
21 93
44 82
7 94
9 44
15 46
5 4
87 93
56 36
42 27
53 8
67 17
92 63
57 11
43 40
8 22
82 5
68 48
89 77
39 60
7 87
54 22
56 43
55 13
6 36
13 78
92 54
4 90
60 47
68 63
14 23
72 58
75 39
48 3
68 78
16 92
24 44
93 18
10 67
35 89
81 94
65 85
28 95
61 1
51 23
73 6
93 91
79 24
52 62
3 41
25 84
81 87
84 68
7 45
63 80
29 64
16 59
90 94
54 72
80 24
7 66
51 28
90 89
54 67
93 60
44 45
76 43
41 95
2 29
59 82
64 7
92 26
21 18
7 35
29 82
71 6
4 94
69 60
15 16
41 64
53 52
39 65
46 13
20 59
77 54
82 67
50 24
70 95
53 61
1 88
59 8
6 90
62 7
13 12
77 47
25 57
89 20
65 3
48 69
16 30
36 81
26 75
12 42
51 65
5 69
45 46
10 16
91 71
63 21
53 15
57 68
40 12
21 54
4 18
33 51
22 31
5 61
26 82
27 64
94 40
42 50
45 39
30 94
38 14
25 11
82 44
71 82
1 50
58 69
26 42
36 71
2 83
44 7
30 54
88 89
17 35
56 2
37 32
45 32
46 75
72 17
71 75
65 22
12 64
16 3
90 22
37 88
22 41
30 57
34 36
94 26
62 35
18 61
40 82
95 57
83 69
37 65
83 50
66 6
30 32
88 39
34 63
55 40
94 29
10 52
49 87
35 4
18 52
55 89
71 57
77 7
39 16
43 85
44 93
54 2
37 74
34 54
67 34
70 29
35 13
92 42
3 84
63 54
85 5
36 20
86 40
78 28
43 74
68 82
19 37
9 95
65 64
55 62
94 15
64 46
4 85
11 13
43 67
47 70
51 3
19 42
2 14
22 53
5 3
25 64
32 30
3 66
82 2
72 52
39 63
80 52
61 14
24 38
79 21
91 30
56 44
3 58
6 37
13 77
35 32
18 24
92 55
38 95
4 91
8 30
85 16
53 71
61 7
46 94
69 71
19 56
24 45
59 78
75 78
40 60
8 5
65 84
28 88
44 56
12 17
15 4
73 5
10 75
34 85
56 58
20 32
23 41
39 42
61 25
48 50
15 13
37 16
41 85
24 59
27 6
52 6
74 23
55 27
25 92
32 58
39 82
4 48
33 29
72 80
58 15
80 16
44 46
86 26
19 79
94 74
62 19
3 22
59 85
60 93
25 37
81 64
28 54
31 27
7 31
46 11
11 39
90 33
44 37
73 56
41 71
24 9
60 84
53 51
78 37
43 5
90 40
73 80
54 82
1 70
2 76
79 78
69 36
17 70
38 26
77 53
60 83
31 9
21 35
11 85
44 27
9 15
20 92
77 46
25 56
82 59
45 69
16 31
1 80
2 94
22 5
79 92
27 74
83 25
88 76
20 91
10 17
67 64
71 84
40 13
7 6
54 39
79 37
83 30
51 73
17 41
6 85
84 7
49 35
70 54
79 88
74 61
77 32
8 78
14 36
70 65
53 23
18 91
1 49
75 22
26 43
12 74
51 33
90 12
58 53
26 90
27 88
27 37
86 48
77 72
31 92
65 21
46 49
59 23
23 5
67 55
95 56
50 52
14 54
72 25
39 26
4 8
46 56
51 47
90 30
37 64
41 5
27 86
69 10
56 17
10 53
63 8
39 19
78 26
26 4
37 73
27 47
47 32
56 24
42 23
45 10
84 27
31 75
92 43
24 19
85 4
78 29
46 74
2 52
62 74
66 25
59 58
6 40
64 47
35 53
74 88
3 92
60 27
8 17
63 62
28 76
50 33
81 92
39 1
51 2
54 29
19 45
5 2
17 7
59 51
24 79
25 71
10 46
38 37
3 69
60 18
64 85
72 53
39 62
9 72
47 63
30 29
88 4
3 61
38 92
7 57
53 70
93 64
24 46
79 29
88 11
34 91
6 29
64 52
31 47
60 32
63 85
68 32
33 2
89 93
53 79
47 92
56 76
19 64
93 89
30 15
60 72
23 52
89 53
57 28
43 17
29 94
71 18
54 78
86 34
78 64
56 83
77 9
60 71
53 32
18 2
8 52
46 1
11 33
33 28
53 81
93 58
86 27
15 21
56 90
41 93
42 85
13 31
35 78
59 84
71 3
32 50
89 7
4 56
78 35
43 15
54 88
58 23
78 82
86 18
19 87
45 82
70 90
29 41
85 60
61 35
26 71
82 19
83 10
94 53
74 1
3 7
21 34
16 25
2 68
22 3
79 86
66 41
12 45
88 70
77 92
81 25
49 48
52 27
77 45
82 56
32 71
33 79
40 7
54 45
1 87
2 95
79 95
9 55
17 55
91 40
37 60
76 73
42 73
62 12
49 41
92 73
8 72
53 13
78 63
46 36
33 49
66 59
42 48
87 21
91 94
32 85
53 22
95 90
75 3
26 40
93 16
58 50
22 20
5 36
61 71
88 91
42 59
49 91
91 87
95 50
63 5
95 67
46 54
51 41
22 47
5 45
88 34
17 26
91 63
6 68
25 27
50 53
1 2
26 58
37 79
9 83
69 9
55 42
23 29
25 28
82 23
14 62
72 1
21 72
78 27
44 95
46 64
51 55
37 72
83 61
30 41
17 20
23 26
70 19
60 29
63 48
72 8
71 48
48 17
5 24
87 65
56 32
64 32
31 51
4 87
11 15
72 15
1 21
22 88
43 69
2 12
24 33
20 21
3 55
24 80
92 58
40 48
95 31
64 86
28 68
11 4
14 19
72 54
71 38
39 57
80 54
16 88
19 53
2 7
79 23
10 71
47 62
30 2
77 29
28 44
32 23
60 42
85 30
71 31
48 6
68 73
79 28
52 50
55 7
20 27
3 37
32 46
31 46
89 51
18 17
92 8
85 39
36 10
44 58
7 70
81 59
35 67
56 60
6 21
64 12
67 9
53 38
38 79
8 14
7 46
63 93
29 93
72 43
71 13
54 79
44 49
86 1
56 84
19 72
81 60
59 94
25 34
64 3
45 95
28 57
67 14
31 28
89 61
4 50
8 53
7 39
29 86
33 19
58 13
80 18
9 26
27 17
49 12
60 95
82 76
89 6
40 19
43 14
7 28
63 67
29 47
68 30
90 47
53 89
54 89
93 50
48 34
34 13
15 29
73 62
41 69
27 22
51 83
20 63
45 81
28 15
40 26
21 24
43 7
73 86
36 46
1 68
58 31
61 34
69 34
15 26
91 74
89 16
70 82
1 44
4 47
12 95
80 7
9 13
12 46
69 43
17 61
37 50
77 91
42 79
81 24
62 10
30 83
87 6
70 58
45 67
27 76
53 3
4 22
12 86
72 78
93 29
95 27
44 12
9 54
83 27
9 89
34 22
17 54
76 74
49 40
13 2
87 31
25 7
50 9
18 94
40 15
12 77
90 3
22 18
26 81
30 50
86 63
42 49
6 75
14 42
71 79
95 69
12 68
90 10
37 92
61 70
44 2
9 32
83 41
86 54
37 45
42 56
45 29
67 48
30 68
74 34
82 34
40 69
72 20
37 69
66 10
34 35
21 8
10 8
92 87
72 27
71 61
21 78
51 49
9 82
83 55
69 8
91 55
56 19
49 84
87 35
63 10
11 16
50 45
18 66
58 93
39 13
78 24
76 22
62 65
52 95
91 12
40 67
95 40
60 30
65 77
36 23
43 79
26 13
7 93
37 25
27 38
86 82
15 82
59 60
23 18
70 11
8 19
82 6
85 11
14 9
72 48
26 20
10 93
47 48
87 89
91 26
20 22
3 54
25 69
67 21
35 60
92 59
4 95
65 95
22 80
80 55
12 30
16 89
2 4
5 9
30 3
88 6
87 86
56 47
23 32
31 32
18 23
74 72
3 76
95 7
7 59
29 74
72 62
53 68
86 44
64 92
46 93
47 81
69 68
76 58
10 79
55 6
24 95
64 54
31 41
92 9
60 34
68 34
16 56
80 37
51 27
73 10
19 66
76 49
20 35
77 14
89 59
57 34
85 47
16 63
61 22
41 90
81 51
69 80
59 81
38 71
4 51
7 38
46 7
16 54
58 10
80 19
61 47
9 25
12 2
86 25
63 53
16 69
15 23
20 66
66 77
49 3
52 8
59 86
28 49
65 46
11 54
33 43
16 45
90 44
41 59
78 80
19 89
94 48
52 23
74 4
8 85
82 68
14 79
11 81
78 91
61 33
9 11
34 5
92 88
41 77
42 69
38 25
77 50
25 52
89 23
57 62
78 51
65 14
33 37
16 27
22 1
88 72
73 47
67 92
13 8
91 66
38 16
77 43
94 39
89 24
95 86
29 57
90 57
1 85
93 28
9 53
86 37
17 53
91 42
37 58
5 65
62 50
87 30
92 75
18 95
57 72
58 70
78 61
16 9
36 68
37 82
93 21
22 19
79 38
83 35
51 74
17 46
42 62
5 74
62 53
32 87
14 43
70 68
95 68
80 94
65 17
29 11
12 69
54 61
66 48
69 5
81 2
35 26
14 50
18 81
80 85
43 91
34 92
19 18
5 43
9 40
59 40
23 6
49 82
31 70
95 37
24 90
26 56
61 87
61 45
74 45
94 1
42 43
67 33
18 48
55 85
65 75
18 67
58 90
43 73
51 57
19 32
2 56
76 23
27 32
83 63
47 45
30 47
15 84
23 20
6 52
67 38
13 94
87 59
35 49
18 43
92 38
38 46
95 43
60 31
63 50
11 8
89 70
46 73
15 44
27 57
47 42
87 67
34 77
42 29
87 48
74 71
4 81
72 49
43 71
19 46
47 51
91 29
56 41
10 45
50 68
89 39
75 84
40 50
71 32
36 6
75 37
26 28
46 91
51 12
56 65
93 68
79 17
28 46
31 35
40 57
3 79
95 6
85 28
72 63
61 3
47 80
19 60
49 31
56 55
23 56
64 55
35 45
60 35
8 9
54 74
16 72
17 94
34 81
59 91
84 65
43 18
65 33
94 71
52 2
3 21
77 6
81 67
31 30
18 1
40 46
43 11
7 33
48 94
85 55
58 11
44 42
9 24
86 30
16 70
17 72
56 93
37 5
76 32
3 26
81 68
45 86
67 49
14 69
53 54
39 71
63 77
11 91
68 24
48 36
12 58
20 74
62 30
49 59
13 21
52 16
77 56
8 86
9 48
31 12
46 22
85 57
33 35
36 40
88 66
34 2
62 1
66 92
49 60
87 11
3 8
85 81
32 67
4 41
78 48
8 44
68 14
36 87
1 83
93 2
4 2
61 57
66 36
69 41
59 15
6 95
74 55
82 55
32 90
71 91
57 70
4 16
7 5
65 6
33 61
54 32
1 84
48 1
61 50
37 57
77 82
6 86
75 21
21 49
26 44
16 10
58 54
37 34
5 73
82 41
14 40
53 19
1 53
4 6
65 16
16 1
36 76
19 12
45 27
10 15
30 74
87 47
33 87
57 89
46 53
29 3
51 42
54 53
37 67
2 39
5 42
27 85
47 30
17 31
91 48
64 21
18 54
60 10
72 29
39 22
43 83
54 12
5 19
9 80
64 76
30 37
88 44
6 50
10 49
49 74
63 52
72 4
1 24
54 7
5 28
62 71
27 35
88 51
87 69
24 69
67 41
32 5
18 40
38 47
50 34
71 45
92 71
54 30
19 40
76 15
79 2
91 7
42 26
13 86
40 76
85 9
89 78
51 6
93 74
87 91
34 69
56 42
55 50
20 16
23 37
67 23
50 69
13 79
89 38
75 87
40 51
28 71
29 79
36 7
26 29
7 77
46 88
76 61
9 76
30 1
52 54
35 86
3 33
42 12
31 34
35 39
57 22
95 1
14 25
53 66
36 14
73 7
93 92
27 15
3 38
28 38
32 33
13 65
35 44
18 12
44 53
12 14
51 29
73 8
19 68
2 20
76 51
25 94
64 15
28 61
84 66
63 94
48 88
33 31
90 88
78 68
56 87
42 86
77 5
45 92
28 52
85 69
53 44
40 47
4 61
13 54
11 37
85 54
33 16
53 93
54 69
79 71
17 79
37 4
24 7
45 85
84 80
63