281 33
231 43 131 24 154 196 195 274 194 184 281 136 232 138 280 203 150 129 5 147 36 9 156 90 59 52 49 278 176 173 277 233 171 240 31 167 169 267 106 247 102 47 10 91 35 235 211 92 28 109 234 88 16 205 13 185 187 162 217 98 20 25 266 261 119 3 170 163 64 27 253 114 198 89 41 243 174 275 148 244 65 38 121 8 237 200 216 222 226 61 81 155 220 83 40 133 39 164 19 105 103 143 249 246 153 78 178 128 144 75 69 181 257 168 73 67 125 126 117 191 180 68 262 21 104 259 62 206 32 241 157 227 258 115 72 265 139 99 254 77 53 192 79 140 219 158 135 107 218 141 236 212 50 229 175 97 228 86 12 56 130 85 255 57 66 269 182 58 122 146 74 82 137 161 6 252 271 239 223 251 142 29 111 70 55 96 238 152 63 276 166 260 110 268 4 80 127 60 42 93 230 151 118 186 207 26 188 95 18 54 183 134 160 132 189 279 165 46 112 215 44 145 201 190 22 245 159 2 48 270 224 30 34 84 33 242 204 202 87 179 23 213 76 108 94 51 208 172 221 225 149 273 113 120 37 17 124 14 264 256 15 45 263 11 250 123 193 272 100 197 116 210 214 177 1 7 199 101 248 209 71
158 r
98 r
2 r
246 r
270 r
48 r
90 r
198 r
72 l
162 l
95 r
67 l
49 r
272 l
184 r
135 l
19 l
4 l
237 r
80 r
259 r
239 l
158 l
250 r
1 r
74 l
95 l
263 r
135 r
275 r
216 l
198 r
47 r
