8172
3628
1972
6938
1036
3735
4922
2683
1179
7057
8315
6544
5255
2627
5300
3808
3853
4711
5599
3177
3825
8145
3105
2115
127
760
4526
6670
2809
7319
4743
6361
1448
5877
1215
1
6364
216
1386
223
3411
1
5579
6409
2254
6482
3691
935
172
3916
880
5940
1222
4102
1427
4167
5067
1225
2627
4588
1306
4735
7894
4472
973
338
2493
1354
3078
3025
4888
4815
3592
4581
6442
5157
5572
5553
868
196
1404
4959
5138
5203
8059
775
7020
2939
5850
3429
7065
5851
1908
6292
3078
2368
522
6013
7398
4770
4300
7119
700
7639
2725
1458
4247
3519
1873
2968
6040
1332
2578
4771
6232
2632
8071
1998
3231
6073
2386
5508
2899
5310
45
170
54
6715
7588
2266
1126
5607
3924
6094
5239
271
442
2674
1260
3568
6364
5122
4573
2494
7227
4428
5239
7650
4941
41
4402
2736
1432
7
4617
1
466
547
5104
58
154
504
412
2367
1017
2924
4336
702
7497
970
5716
1679
5832
3214
1915
4924
8730
4599
791
3500
2266
1099
738
3969
3542
1593
4212
4698
3979
171
1850
8455
3466
8450
1036
3512
7771
7118
1066
1418
1035
1
7528
5959
1314
6949
7409
3043
270
1889
2170
7714
6953
3037
7009
967
3501
7309
6760
3577
6919
5554
1153
4373
2242
5668
6175
3682
4897
1618
531
3780
1449
288
4528
3781
3173
1846
1639
2482
1474
6475
2300
3283
2115
4510
6218
2349
4564
2776
4231
6633
5795
117
1
4205
549
1
6813
3086
3402
405
0
2629
4842
3238
1773
6075
6156
7730
5518
5509
5886
1508
136
6241
4912
6157
1927
486
2331
2702
2124
2098
8667
1574
2782
1009
7830
6058
3421
5092
5821
2889
63
2995
1926
7776
323
163
1350
2737
4877
6175
5239
1438
169
5000
6806
3484
936
2524
4385
1825
4330
7642
1890
1577
4302
6166
1
3959
3195
846
7685
6878
3694
5783
1960
1341
7460
2494
4273
4213
414
1258
3581
1
1483
243
5056
376
4041
2029
2385
3716
1510
1
3232
0
4654
4219
613
3598
7587
441
1386
2966
838
4140
1
484
8587
4742
5128
1107
6336
1
1045
1090
3637
4528
3410
226
1881
259
262
5887
1828
5427
4933
1071
6991
5185
3672
5652
1647
4023
7082
162
585
2088
1927
8134
6208
1242
5680
193
3034
2916
1312
4465
4698
6541
7703
463
3037
3499
2206
5446
8729
3420
8182
757
6822
4832
5717
1522
3348
4807
6907
2464
1890
3802
7038
5031
1
6282
1333
1477
6327
2204
1834
952
4087
6769
397
1413
2681
2394
1088
7578
2448
5094
3304
342
6455
2395
1553
5905
691
7702
3303
3429
2800
2560
37
8757
2322
3429
2349
1063
1154
373
1127
2518
225
7614
1729
1109
5584
3608
2986
1773
7002
7911
6777
5381
2089
1786
2539
4765
3681
1529
4762
4252
5085
5859
6946
773
7127
3501
6643
7363
7549
6116
5350
6463
4636
5563