3000
98 701
59 853
43 878
62 839
82 286
3 371
0 907
23 614
75 310
64 320
23 656
40 508
51 767
84 523
49 818
56 247
77 901
14 548
94 902
16 436
55 905
53 719
63 570
86 437
76 788
36 751
16 202
77 453
69 94
40 774
87 507
91 723
86 418
69 722
21 240
41 942
71 908
56 372
73 352
98 285
93 195
90 520
71 120
6 667
50 442
50 46
67 102
20 126
62 457
16 885
95 957
96 436
21 55
72 141
23 457
20 355
65 119
39 868
80 265
50 119
85 36
91 246
73 281
34 66
91 473
42 187
39 629
97 519
94 664
20 596
4 605
26 311
78 651
46 809
18 150
92 574
65 192
1 954
12 658
99 676
16 243
41 245
93 194
29 428
91 236
93 456
57 437
35 953
85 578
47 81
6 910
7 831
8 69
18 939
87 314
97 408
61 170
55 220
88 42
91 397
55 335
12 232
70 172
57 146
46 816
7 352
13 524
13 207
95 666
39 927
96 583
88 80
83 856
45 147
54 361
70 262
28 712
99 119
83 515
74 987
88 101
3 670
65 289
63 275
53 78
8 618
56 81
98 174
55 909
76 517
54 731
32 325
40 679
70 137
28 815
37 230
99 929
21 174
95 531
41 845
43 994
20 950
54 990
34 386
61 7
39 103
31 972
43 467
15 740
61 523
91 469
91 961
44 742
90 42
8 584
4 205
82 448
65 618
21 590
21 421
27 214
90 38
99 234
12 501
2 460
77 371
94 585
30 518
99 366
36 696
72 2
34 601
92 821
79 840
28 39
64 43
74 544
17 150
39 344
64 790
39 597
60 527
16 882
71 665
24 703
57 260
42 35
20 974
73 90
37 374
14 410
40 372
95 770
32 533
36 402
31 103
33 475
92 728
21 852
53 13
45 667
31 260
97 343
68 948
91 334
58 782
35 967
8 430
57 493
86 384
32 624
73 726
68 611
15 991
23 169
65 697
76 371
43 581
12 971
29 63
8 477
43 952
38 703
51 944
28 450
11 75
8 437
24 822
44 592
80 263
74 340
97 295
54 569
41 667
49 564
60 260
23 297
36 857
59 119
34 388
30 82
90 488
86 822
59 44
28 197
17 303
76 617
15 3
5 342
12 980
76 840
6 616
46 671
4 580
46 257
98 284
18 345
41 591
66 915
92 393
44 778
36 829
15 152
61 57
37 37
89 701
10 311
2 331
91 81
54 574
15 982
70 749
79 775
41 266
74 843
92 327
80 881
49 911
26 406
82 405
49 457
76 686
84 246
12 965
2 360
65 181
15 514
3 295
62 801
65 393
49 825
29 124
19 128
16 607
76 806
77 631
78 296
8 668
41 898
82 918
93 696
49 401
37 213
37 871
30 306
49 173
44 515
46 494
2 338
21 858
81 650
76 128
58 832
24 712
54 971
24 170
25 882
33 904
29 605
90 169
37 444
88 711
60 597
49 432
8 903
65 632
37 265
39 521
14 861
76 921
65 339
20 264
98 820
74 299
53 672
72 166
31 703
46 844
97 626
32 338
65 417
94 309
88 419
82 339
73 890
53 386
55 16
58 543
77 265
93 652
54 378
20 922
82 215
2 221
42 130
16 369
81 552
43 331
7 969
31 937
8 570
39 394
40 376
87 632
31 833
34 250
62 454
63 632
30 326
15 630
67 949
23 54
8 179
10 85
12 777
91 671
1 390
91 880
82 624
1 180
10 248
48 618
17 431
12 919
71 402
15 580
63 831
70 155
20 751
54 51
0 863
55 321
33 612
42 133
39 514
43 838
41 846
8 788
14 919
70 386
50 898
21 126
97 278
85 772
23 924
19 191
11 812
24 761
98 460
31 748
32 319
40 498
45 321
39 812
84 142
75 410
95 667
81 952
88 639
57 711
93 432
78 591
13 433
60 884
46 561
56 829
32 50
58 778
89 733
82 533
86 721
58 193
69 529
37 701
17 456
1 87
27 220
10 352
16 665
63 775
44 630
54 447
86 928
87 758
51 753
76 596
38 703
36 59
41 80
22 547
58 58
57 190
35 812
93 732
7 734
69 133
68 409
6 343
56 103
43 964
20 165
72 719
62 845
23 0
98 758
71 33
27 408
4 591
42 942
33 539
10 562
79 943
20 857
62 880
87 622
7 604
18 621
66 211
60 147
68 477
65 152
65 145
70 193
10 505
27 427
6 770
79 422
8 403
62 591
0 247
1 650
77 53
44 636
58 731
11 633
20 464
62 574
97 640
66 173
99 402
76 295
33 505
4 847
60 90
89 566
1 916
15 940
51 589
44 845
40 312
0 384
16 749
76 863
63 630
56 773
47 864
71 161
81 47
48 785
31 390
11 23
56 345
83 553
36 377
12 498
6 627
64 818
93 483
71 455
79 406
99 932
98 700
95 851
78 313
15 10
36 165
73 671
92 930
67 825
78 707
5 217
85 500
65 227
28 973
9 693
25 522
56 190
15 300
69 279
69 479
28 776
56 681
94 129
30 212
25 591
21 477
95 991
3 679
92 554
0 733
6 394
6 119
91 42
44 252
8 576
82 869
48 724
14 776
31 612
60 329
35 650
87 927
37 433
67 848
87 428
81 783
7 658
48 508
3 526
10 200
4 459
32 94
7 41
82 286
69 873
48 722
34 492
86 631
64 275
77 896
87 448
45 193
91 935
13 997
84 69
39 951
40 865
38 451
70 868
0 716
37 388
61 87
86 257
44 723
13 124
61 436
8 708
11 885
98 336
39 972
96 585
0 841
15 820
75 556
24 954
28 166
47 794
26 579
78 964
65 389
66 460
33 563
36 590
3 678
77 199
11 223
78 814
75 340
12 571
44 243
89 566
27 501
58 582
7 271
36 978
9 602
23 888
80 882
56 786
40 587
71 900
47 528
79 924
54 916
76 957
72 701
52 645
54 772
70 30
7 850
67 728
3 102
1 639
75 766
2 587
49 372
14 919
18 475
9 348
57 145
22 37
32 867
33 213
89 894
33 397
1 578
31 677
68 639
49 320
5 875
25 412
3 331
59 151
89 548
22 885
74 70
73 968
95 66
69 33
90 565
92 356
84 492
28 545
81 453
2 917
38 924
0 591
86 356
32 470
85 454
23 42
38 811
15 127
96 908
28 511
63 441
49 687
58 863
24 774
55 9
46 44
6 700
47 398
79 223
11 546
82 700
96 628
18 427
84 490
40 422
43 857
67 558
55 211
29 892
87 251
46 988
16 445
15 326
78 333
76 144
22 902
24 422
60 600
41 27
72 256
18 454
76 494
40 4
22 985
39 671
57 278
85 515
18 744
80 778
77 651
17 565
74 233
66 470
51 157
32 126
59 727
59 303
5 708
45 841
68 733
21 386
41 788
38 650
75 448
85 653
94 150
61 210
7 966
36 728
27 87
90 260
77 426
1 619
33 565
52 284
75 539
75 769
31 819
82 120
98 196
70 188
70 200
64 385
72 78
34 700
98 357
77 845
91 481
86 540
29 58
36 115
85 785
76 802
43 231
19 307
81 260
40 519
91 24
0 521
29 153
41 339
80 963
39 287
6 249
91 82
87 524
3 362
12 339
97 675
91 679
3 480
24 297
99 207
56 232
95 972
79 701
64 119
81 21
54 342
3 188
64 788
12 294
40 219
82 992
71 985
76 827
1 285
79 351
15 995
79 603
92 66
18 718
3 375
0 113
98 726
97 987
10 611
35 602
92 223
0 150
64 192
3 824
71 475
19 100
97 834
18 119
38 402
5 503
40 871
62 883
39 977
19 941
75 62
48 746
65 669
38 769
79 327
31 19
74 899
38 362
15 143
14 243
2 394
77 716
60 637
72 880
61 565
29 577
82 599
65 489
46 292
48 544
90 938
31 934
0 737
68 842
26 327
74 454
6 73
66 699
87 46
94 652
4 250
46 530
68 268
10 721
61 182
8 351
89 303
87 480
33 984
29 134
43 547
69 30
95 135
59 32
53 141
61 93
36 695
6 667
62 594
29 366
45 962
81 931
73 876
13 433
25 186
97 975
13 731
55 77
22 236
68 351
93 216
0 37
49 327
51 467
84 728
26 535
47 209
8 829
41 999
90 146
9 426
3 742
31 844
23 816
61 541
40 410
53 646
94 101
74 443
29 642
63 830
25 938
52 127
22 587
25 848
43 524
28 558
51 203
74 407
76 111
48 523
81 396
42 963
54 783
29 576
38 19
89 719
58 540
36 469
88 176
48 644
27 243
94 693
67 521
62 258
28 252
42 10
6 488
89 188
34 804
91 100
76 660
84 758
74 465
39 713
67 690
96 104
48 218
69 937
70 503
44 571
25 989
15 483
20 678
41 409
55 702
84 95
30 241
0 1
80 159
67 479
9 282
30 143
7 324
71 369
67 102
5 125
97 813
63 622
21 827
76 609
63 681
5 454
81 679
40 578
97 792
18 208
65 351
6 833
66 364
10 286
72 167
5 817
31 488
47 109
24 983
46 749
9 702
64 244
42 6
11 346
54 918
32 82
28 983
38 604
41 293
41 681
58 443
38 430
73 835
57 669
14 942
43 92
55 827
57 319
12 494
90 770
94 381
67 196
97 639
70 698
21 683
49 982
24 825
15 652
48 761
95 373
28 64
91 784
4 819
58 177
62 35
25 73
14 472
2 984
70 93
85 875
14 445
52 34
93 857
78 337
14 545
96 183
52 334
63 685
56 980
42 72
46 763
61 624
23 339
60 886
52 621
29 363
8 798
41 339
29 483
33 28
33 366
59 753
50 678
19 448
89 251
24 374
30 931
80 578
36 642
59 279
6 437
70 68
70 488
27 538
90 47
11 719
70 89
16 473
19 522
78 843
64 553
37 178
54 39
81 773
77 458
90 643
6 386
75 24
62 263
33 147
94 547
52 872
21 296
19 770
62 613
5 343
55 384
17 167
14 207
75 864
23 443
18 987
36 878
13 97
86 583
92 544
18 134
17 688
58 567
50 652
95 73
30 948
5 665
30 723
72 804
6 723
61 235
6 520
0 81
84 944
47 599
87 201
17 861
22 617
5 15
64 511
71 722
89 268
7 829
13 281
88 321
3 75
79 116
65 578
64 353
74 208
51 367
3 173
73 690
0 130
41 64
51 169
34 633
89 848
11 174
45 947
81 498
47 388
74 912
32 791
19 939
37 982
23 322
12 830
61 735
82 734
16 486
20 171
97 953
1 752
50 449
42 354
12 702
75 22
91 160
73 510
73 901
91 507
46 992
77 846
53 769
14 235
9 678
21 340
42 960
77 386
1 707
75 774
90 550
98 614
83 504
3 478
68 313
55 125
33 974
88 431
32 975
85 262
97 202
75 573
51 381
90 583
60 392
16 477
10 787
50 721
0 362
41 755
12 696
98 491
18 150
16 818
42 940
94 25
55 556
43 883
54 953
2 929
54 690
5 343
7 411
64 716
2 828
85 887
52 706
22 18
75 156
98 999
58 917
30 340
84 218
11 707
13 237
53 342
66 121
51 722
45 49
65 921
90 830
14 334
63 76
63 586
61 107
41 708
83 315
84 890
54 920
6 444
15 684
82 903
93 383
43 541
22 584
93 7
73 538
11 137
56 801
19 496
85 559
54 659
67 457
86 742
83 185
31 260
10 945
63 932
27 449
3 671
3 30
56 632
54 21
17 845
27 578
9 671
96 735
12 28
57 580
62 115
37 104
31 131
54 433
75 321
58 907
49 532
81 657
98 332
40 155
5 689
17 494
45 115
10 992
26 195
65 83
23 399
51 374
83 144
94 144
94 110
10 563
92 953
63 369
96 663
82 777
80 998
2 966
44 612
45 542
64 719
65 32
71 416
78 578
5 44
66 712
6 318
89 278
59 287
71 330
88 594
31 98
9 881
9 926
50 684
92 420
70 584
14 905
38 941
67 716
97 31
22 728
54 19
69 65
31 768
83 837
16 148
33 352
67 143
56 263
91 793
11 704
30 677
0 602
45 466
61 987
5 808
87 302
97 676
97 436
18 122
90 450
99 291
34 714
14 460
16 510
61 796
42 987
53 527
10 687
86 219
19 826
5 881
31 874
9 717
22 995
52 425
75 366
34 78
18 446
1 802
8 784
16 648
55 94
74 289
30 894
40 429
69 179
24 103
76 282
92 364
52 280
5 220
29 44
17 43
73 312
88 107
13 969
11 358
17 54
88 979
62 877
5 844
77 40
72 475
19 71
16 712
32 864
38 869
81 82
88 836
72 232
0 201
9 163
51 191
79 318
11 961
75 211
60 494
53 232
6 195
88 60
88 60
52 694
64 170
53 343
8 124
91 192
2 974
43 360
69 124
2 228
56 680
70 642
47 712
70 441
23 949
18 154
44 489
78 689
49 213
53 333
56 724
38 396
97 801
14 391
31 549
96 740
45 650
83 588
84 399
17 494
69 468
56 407
62 690
6 583
27 494
74 822
49 998
24 677
58 216
95 111
64 226
88 391
37 687
2 893
2 539
69 895
77 319
82 336
9 45
42 21
49 271
34 725
93 495
43 156
72 831
66 840
12 491
15 519
89 396
12 824
99 969
91 606
33 955
69 484
0 955
11 902
48 179
31 224
52 842
84 145
20 515
84 49
15 704
45 734
37 906
71 324
31 392
59 79
64 16
54 235
98 418
83 977
37 87
30 148
51 886
73 306
79 813
70 300
9 960
17 636
99 854
3 512
21 645
13 539
50 870
47 876
23 862
31 688
27 210
69 596
94 84
29 59
42 620
27 433
60 38
7 788
15 622
19 435
91 217
24 513
64 418
52 910
98 218
12 270
73 468
93 813
15 147
56 238
75 102
74 6
16 606
29 929
98 822
63 70
29 14
4 620
34 138
24 623
16 257
73 90
41 98
16 318
46 930
50 998
90 872
20 982
85 679
45 454
16 31
87 571
65 376
20 593
30 381
43 891
27 160
77 243
5 513
99 278
22 575
39 975
47 411
45 671
39 316
11 121
5 776
41 774
91 342
49 569
82 925
21 251
59 356
66 400
68 414
62 135
98 900
43 690
80 740
20 913
47 581
46 35
93 770
0 947
88 171
53 619
15 767
23 208
57 594
35 899
2 149
21 482
99 43
63 208
44 345
47 520
24 743
25 853
65 398
6 789
93 104
74 527
12 174
26 802
50 277
41 89
21 321
38 189
92 353
90 43
96 347
21 964
11 732
95 267
39 450
41 683
77 383
62 829
4 979
94 423
45 37
33 930
76 655
14 776
84 532
45 318
96 930
22 315
81 841
20 714
77 110
23 198
63 516
22 87
82 131
76 868
38 568
7 832
72 102
91 46
45 25
37 172
28 6
30 431
67 684
47 351
14 187
30 835
57 797
91 429
38 491
43 664
62 702
87 752
14 201
89 953
56 663
53 416
54 147
65 393
16 396
4 274
18 605
38 34
7 67
34 325
24 880
29 621
48 742
30 541
79 692
64 734
80 554
70 439
90 749
51 197
68 87
11 984
72 132
3 423
92 735
71 625
45 378
19 653
20 34
57 535
6 372
91 281
64 225
87 368
8 461
5 692
59 552
28 113
78 374
48 315
29 46
26 835
69 871
45 840
10 806
9 400
20 211
75 770
55 15
95 475
57 856
55 765
53 217
22 389
92 3
91 466
11 592
99 654
68 849
15 740
99 237
27 230
72 706
80 534
55 712
56 831
21 354
79 784
91 349
60 856
81 245
85 70
65 81
68 755
78 454
65 952
87 793
59 890
13 496
94 192
88 450
17 216
88 394
66 286
76 508
27 346
3 616
94 13
38 358
12 815
92 778
38 931
78 805
86 609
88 220
7 21
2 848
53 278
56 856
13 910
72 252
66 199
18 906
89 372
7 663
60 801
68 410
87 52
4 294
84 827
53 629
22 588
88 402
17 935
55 737
34 593
35 87
54 228
14 417
65 170
16 157
68 500
71 234
97 922
60 56
99 288
21 944
91 620
31 124
38 37
2 73
2 3
68 679
86 945
73 443
91 372
34 681
13 300
38 480
46 944
75 988
57 387
32 469
68 134
81 440
27 271
73 109
15 231
98 300
98 25
43 11
82 139
41 777
23 224
61 15
74 129
2 664
92 762
48 450
99 809
51 325
15 317
5 724
83 728
82 536
11 32
52 865
90 327
39 951
24 215
4 899
91 164
32 172
1 141
72 186
27 617
40 697
15 259
24 105
48 491
35 244
96 382
40 699
32 240
85 196
12 662
41 175
3 720
41 186
27 436
92 388
26 694
81 62
8 240
94 668
19 507
82 749
67 567
11 642
29 630
56 751
56 186
19 925
64 18
52 297
62 87
53 791
59 471
12 398
57 368
92 230
37 437
41 304
2 624
22 0
84 949
29 122
21 671
47 559
54 644
28 595
80 657
47 12
67 45
77 305
40 874
11 435
70 555
24 791
85 854
85 232
73 847
92 347
17 550
8 372
78 610
87 494
90 678
37 663
68 809
46 390
17 521
83 424
23 938
69 677
71 792
99 191
70 927
84 515
73 331
98 333
1 667
47 813
19 743
2 712
1 325
64 913
12 261
36 761
79 905
88 216
85 428
11 610
91 743
50 529
37 383
90 139
93 872
90 107
17 854
3 88
78 451
22 676
27 140
60 600
66 703
55 906
34 674
97 834
64 52
28 125
99 968
23 513
10 398
52 242
85 15
79 548
69 718
58 165
80 454
19 115
45 447
0 191
53 86
65 807
30 316
60 139
44 523
12 746
97 599
43 228
35 76
68 783
11 956
77 945
64 163
67 169
24 308
47 414
74 832
94 308
57 449
27 21
21 191
91 501
12 324
88 294
67 829
50 781
46 168
1 294
35 542
5 235
1 953
63 24
18 916
83 434
95 824
8 604
47 605
73 858
83 477
90 221
75 354
19 433
70 656
37 103
25 88
57 573
27 230
35 30
10 640
42 338
38 521
67 121
28 920
39 612
81 837
24 920
80 609
74 401
26 402
83 12
78 683
66 652
96 111
82 700
29 331
92 215
27 825
61 468
9 93
54 823
27 115
56 259
82 281
42 218
8 685
43 805
11 996
24 820
60 877
75 524
69 307
0 533
69 982
79 726
52 418
99 609
15 272
80 146
45 874
20 660
97 966
76 49
2 140
23 229
70 558
97 409
37 98
36 522
82 197
98 921
29 308
44 199
66 78
86 854
97 61
47 347
17 9
75 987
1 583
27 10
37 619
20 138
69 916
56 908
67 887
71 47
52 324
27 228
9 931
52 603
66 273
97 606
20 257
57 678
66 304
79 689
30 905
8 75
71 372
8 900
5 180
37 330
18 462
72 287
77 916
63 387
31 544
99 586
97 460
89 393
29 197
21 869
83 821
49 116
91 450
63 423
79 665
55 742
87 682
28 718
40 119
46 55
8 612
82 610
6 550
38 250
77 732
48 145
36 775
4 895
12 724
75 604
16 398
63 773
78 690
31 664
54 195
43 639
50 255
43 793
38 766
38 112
68 861
83 281
7 870
92 236
67 827
59 510
62 147
70 443
96 973
92 365
41 175
0 934
79 891
46 899
95 33
95 724
65 176
78 632
71 833
89 861
81 174
5 128
78 897
57 570
79 78
9 709
87 532
82 325
43 423
36 449
0 583
2 106
1 313
40 816
85 212
61 340
46 928
2 605
60 600
19 287
76 146
12 27
76 499
16 869
99 331
88 87
33 836
95 196
63 613
82 639
21 811
14 298
6 223
1 733
85 174
22 810
40 695
16 140
38 623
59 622
11 19
72 185
87 523
17 741
5 29
0 265
37 380
77 867
82 630
94 681
83 757
90 451
59 651
20 661
27 588
87 219
88 407
55 707
53 64
24 436
85 279
69 642
58 550
2 392
9 881
22 985
33 206
14 887
2 628
12 541
24 272
12 703
35 780
11 318
28 191
3 320
25 260
77 170
2 25
97 383
8 836
8 778
84 850
87 678
93 467
12 863
64 66
25 603
38 878
76 743
50 827
19 413
2 697
67 629
11 21
77 723
77 703
15 280
1 486
67 30
12 9
35 896
89 430
61 266
64 244
9 380
55 211
91 613
55 60
21 351
22 949
45 115
13 509
23 532
38 637
59 815
17 135
77 388
26 714
89 431
95 818
90 158
60 273
87 831
24 711
54 640
50 361
94 794
48 818
42 380
30 48
26 834
97 46
30 119
87 216
35 65
83 782
41 649
77 260
51 388
14 319
45 447
13 134
37 476
23 701
43 711
20 439
25 337
41 792
21 691
0 501
15 437
32 652
69 428
40 615
45 656
76 515
85 291
60 907
62 565
80 957
11 940
99 505
67 788
44 59
75 585
58 959
7 446
1 626
36 682
66 99
24 945
24 796
55 436
48 774
10 604
78 583
33 743
83 167
4 883
24 198
3 452
98 620
40 207
34 179
53 73
42 168
37 651
73 686
22 308
23 220
79 983
38 491
99 43
5 75
36 813
77 507
14 663
5 220
13 871
20 904
1 845
28 602
45 643
93 143
73 174
36 309
53 888
9 480
41 246
37 355
46 786
50 766
56 109
35 511
35 714
69 611
74 187
96 377
71 906
4 215
60 59
90 124
56 511
65 456
84 728
38 615
66 789
37 19
78 245
75 828
89 456
21 667
49 843
85 792
72 433
84 947
75 924
96 453
30 499
18 899
32 565
24 191
55 605
9 601
20 392
9 900
28 847
73 598
82 971
85 847
40 367
7 538
55 84
67 731
43 663
64 587
72 524
64 651
13 83
58 428
21 279
34 913
90 496
37 925
28 254
50 866
18 391
3 751
6 886
36 225
13 927
53 562
10 295
1 547
18 653
74 524
65 848
77 825
38 944
21 266
81 262
24 377
56 372
47 567
54 627
88 475
64 534
76 350
24 979
99 411
81 90
45 802
40 297
50 930
28 1
33 675
49 59
8 232
76 249
69 92
21 730
34 982
6 504
90 435
50 821
14 12
37 533
79 104
25 380
31 670
99 320
12 241
48 67
38 990
74 177
94 719
23 166
94 145
39 331
57 973
86 195
89 854
51 752
55 473
9 953
64 699
91 227
84 931
16 172
95 537
44 921
99 530
3 127
16 451
78 942
11 764
26 842
78 925
55 665
96 693
23 773
84 196
87 802
42 685
66 91
40 966
23 491
3 954
74 947
12 912
13 902
55 474
17 353
88 701
7 102
71 69
7 546
74 430
77 205
53 761
50 974
71 699
63 42
79 678
98 278
28 757
84 862
76 101
39 906
55 399
80 822
16 456
97 226
39 571
53 257
85 327
54 271
9 869
31 7
90 799
91 511
31 365
87 271
91 696
15 251
36 471
68 783
85 546
41 558
11 757
22 271
68 312
21 840
4 939
33 494
49 235
40 449
23 458
2 324
11 337
42 942
32 361
22 655
25 398
34 883
73 403
48 127
70 492
90 307
70 582
57 928
10 382
63 230
84 538
46 168
36 339
47 828
35 505
12 588
72 219
81 180
17 769
22 603
4 845
73 676
44 809
50 940
77 19
79 499
32 574
53 359
76 735
72 786
98 579
12 229
81 400
90 368
14 770
50 956
58 134
43 192
69 339
15 509
39 465
10 833
21 943
81 560
88 987
78 705
32 3
8 988
70 795
82 849
23 41
70 747
54 764
56 446
3 230
32 353
37 991
9 413
47 618
35 501
51 960
78 721
25 692
36 555
96 251
28 311
15 250
95 924
24 867
98 742
53 752
6 575
46 473
9 945
94 603
25 180
52 141
96 705
92 53
41 664
56 399
17 772
28 663
78 149
17 651
50 703
33 515
43 549
90 297
99 834
96 627
46 317
10 109
46 998
43 243
61 115
9 675
38 882
40 955
3 378
30 994
87 132
49 845
43 64
77 524
25 608
27 80
78 62
15 253
43 394
80 663
40 36
28 611
1 465
77 277
6 689
65 290
96 124
4 408
26 716
60 290
17 590
20 198
18 942
0 744
30 376
19 712
63 401
71 363
68 323
35 563
8 362
8 543
17 423
38 86
80 550
27 466
38 821
1 508
33 71
29 753
41 605
35 790
11 798
81 494
22 278
37 101
92 209
32 709
21 36
81 108
31 950
11 565
61 232
57 512
40 603
20 923
79 649
36 544
55 442
15 8
52 476
8 343
84 151
33 294
96 93
40 417
43 780
25 900
70 67
28 625
8 434
84 85
23 975
55 374
58 446
84 629
68 930
79 967
79 47
82 198
72 954
5 306
39 779
28 991
86 559
15 369
89 157
97 230
64 178
72 181
17 334
39 334
39 319
12 194
74 777
7 811
63 572
85 285
52 201
8 220
17 846
30 803
70 269
89 732
58 471
65 369
18 810
60 138
57 38
53 348
43 566
96 354
37 104
67 213
94 703
95 741
33 152
51 220
56 619
67 809
9 420
75 95
23 775
86 124
21 493
13 671
19 566
32 477
14 770
96 672
57 493
98 636
71 203
18 80
68 120
52 253
80 927
6 772
82 589
62 726
60 650
67 389
21 686
44 101
79 962
90 594
31 717
68 323
56 906
49 198
77 695
51 391
18 465
43 818
66 593
16 258
60 834
81 19
85 667
91 518
32 609
65 132
58 102
84 212
55 265
72 188
55 488
51 312
18 568
4 658
29 875
55 703
36 775
65 941
40 416
65 729
58 781
4 795
0 847
62 613
50 560
0 147
58 311
34 330
0 561
4 974
92 281
90 739
15 908
55 203
92 582
25 42
17 555
32 815
39 767
96 892
44 767
14 592
24 357
21 708
21 549
55 206
54 690
88 23
54 916
7 591
45 385
47 919
67 122
28 779
0 680
19 882
81 229
79 654
6 146
42 629
2 649
89 307
25 524
44 724
74 536
31 940
41 698
11 65
8 149
61 503
95 55
88 536
0 584
89 512
27 734
26 410
89 481
0 736
90 517
80 308
26 598
43 694
26 372
2 779
53 388
44 155
2 896
96 835
12 934
23 83
55 163
22 978
34 894
16 717
93 732
70 561
79 331
37 727
43 819
42 545
18 538
22 637
58 891
11 947
96 267
44 961
11 171
40 584
1 963
0 736
44 827
90 884
32 903
95 401
46 839
47 875
49 353
77 207
81 798
35 634
31 133
8 604
95 139
20 777
99 214
65 290
60 572
92 813
55 226
8 880
46 699
3 410
58 5
65 355
25 90
94 906
43 566
5 773
42 303
23 624
39 116
22 894
20 614
2 811
49 998
34 694
72 461
78 259
0 693
73 930
43 844
46 933
83 256
28 222
0 199
55 176
18 813
54 327
53 498
45 294
37 5
70 555
67 567
48 594
65 503
2 516
91 885
22 199
24 971
57 635
34 376
3 191
22 111
10 133
48 928
97 916
79 668
57 417
0 658
55 501
95 520
78 58
49 177
84 910
92 232
77 813
55 344
5 100
62 713
23 375
88 286
54 99
3 839
11 789
13 665
83 66
32 185
82 736
70 463
14 652
14 234
17 118
76 780
47 232
30 702
65 635
13 399
37 819
77 849
67 303
84 126
72 725
88 909
14 95
51 159
25 297
95 21