1363252620974969
3965559686834584
555182077489408
1126655578697874
2613187191105941
3265582565483207
2144283373856647
3605222967307571
3523363604132012
1149814370658690
1799519973191473
3199864140950030
4044915095295287
2712032168997473
3038004407833286
528728700440322
3800531856801214
3968049940616985
565512772810792
2854933589147089
3746850649979886
2841734573517860
3952629520357095
1970394691674424
3895784239510629
2592189846472783
3523722261993026
2915994392194051
883262704085081
998748198278599
798968345465459
3550160089846954
1212073765926267
2501276597585880
4009361355329112
3903767293855499
2322141262585139
1302746397435371
3905201836123764
3384197554260087
1908579922747683
1150702800338275
2202588290287885
2813281166489558
1266212271759498
2918578517703870
1735731404920054
2885898966310460
720923892198183
2279193268378805
604928081345670
771271284907860
3430575253579190
3138025221529423
2730041204160176
2547385612715477
2936482711373572
3965765355817860
2627918633919877
1448462083436687
2158347614866932
3277764920280005
3389403836341918
2180686182122119
615174784848515
3580855769604037
1322993439985366
1487905153633438
3610220723367007
3000638570453000
1609114869514619
1734155867717025
866958352878746
878122915957347
1732122875030562
731878124420522
2862481126599848
2696820891766945
468520108830189
1092137082001558
3717101814596957
3655078547649498
2129660425075821
2079327950644056
755601322760953
3287565567108964
1147661320344128
3590233990551543
3614364174029813
2816199359516874
3695131903959532
914427480303268
1015929103266450
2021501059940277
3129788160409497
837058690751350
1138434723342181
3047211092409038
890890072067942
2682441502359165
3906566384208486
3427277923460442
1155685620331267
2670326914058147
3944450422752568
1659966065278068
3364464948309520
849569871378382
1646751584651596
3119180344125199
1454305092815921
1404733213640307
1013095394649108
2097309319566196
747263868168515
3491334774218524
3773666542585791
2748327323100338
3910788678144434
3418178466345312
1972515952008524
3166266594445036
3569646869341075
3996479478084987
913855026629407
3072581454378826
991847634745082
2307642032805967
2863821924928478
3544244882951069
3979585985601207
3678437006164607
1330194724868794
1187606288203850
1320060224540804
3403982336520620
2303226033606708
2119341758614608
714820943938718
1143360081949068
2186821684362394
4016193826352947
1894352256928688
3549816456255760
1962549484005051
1919615918845013
3866441370950358
848346638132960
1856324195461016
612887682321166
2381066937490195
3228558545057815
3530435133978094
3736147752664715
2109354814260380
3165910915437416
1036679793229133
442065048061522
1903745142396719
3958662454041934
860401088367737
3233308988879568
1819461417943012
2149365174007880
1557954890253093
1448077546729637
3292588229101388
3602881992775475
2991243309182759
1469896027913904
1984684795960442
2082973419946037
812126482966403
3135077363879860
2348930101342095
3786475419775248
2481280095322381
3609040660335210
1900127824724026
2423451131811162
3791733882875292
2314364001978945
637227924101905
2976736279255411
2292941060563857
1464264279924586
2180872128505039
1997464881081523
2336048712129860
791941970620622
2429566921342680
2499116525550079
2064398672495731
1848327627998482
1968046432326287
710705383199486
1398663189029562
1412037641008979
1721895111098808
2261060545498442
2862264836397109
1433321556699543
2571829246869520
3930776890039708
2907847260507647
3587379754837650
3394101940656492
2275322442865328
2195264779785281
3400962017999567
780729600799359
746766111935441
2701760314593654
2860289183300309
3646527537060667
2148919799744631
913708865424930
3594531432460006
2220346183604456
549330304233770
3317583461050288
2634052146387122
2221490194478358
924743131561569
2015436574783367
3423268156662333
1573701528732596
1503417276505379
4051537639477323
2286643209127981
1584980231073832
1596967218259458
1410499530815229
1691598170698642
2414827878465634
540539323966735
1547011686023447
3040513834990752
777162526820140
1174641316240483
3949440919226051
1118793648482611
2684242858067109
1088090154535961
2630095364810212
3586525971616862
1631734010383544
1561646975621373
4045126004522886
3128308841640467
3197728853186166
1426913228836958
1468031854373437
3827782218137497
3045146270233312
3991951613347434
4011752288819188
2847236729584858
2319278608102541
2399609724514395
2804495480542884
3941900935514474
3563786832491639
2856016461763815
2405355854858061
2992902763921178
1632020585801042
3315192256009761
916593523019387
2850649536916274
2523036744719818
3658017127577996
3805668104128204
3137199798392180
2844888652894380
2748903867644230
916627038507541
2928042679175862
3004759368435381
1515505945076054
2512543301377446
3805309872957684
2378618889846752
1254005232780815
719928562932581
1572908913417838
3680061526318051
745521513160290
2786970973416784
1033957697910186
3996988991362415
2246851789705708
815551715939767
3380820915544936
625633135756911
651577165052252
1618198326009334
510529963908813
3061326301715296
1147129053953924
3059540606387763
672137840537496
3986933093769110
3278442982841447
975039689609104
1969945372790863
1082186649063416
768147364699725
543274765644024
4059079397229550
3069831191722819
1031973165627530
1477792904634113
3720277497717188
2295901709851227
3395216995295130
3977573668386802
2660834813242631
509346566056137
1318280578252053
3460431677430510
1808131198742176
2501148045531140
3921061118823828
2871462476395560
539405917826310
2518238398243488
2398015937929000
3698823514289436
546234776584296
1513597868891095
2931229428229806
1979023507575992
3802829678803389
888892069311954
1494700956076731
2880163518521538
1823905054919157
1400142850618146
1444581119766399
3806171438004266
1224328663175538
615461531521343
3916126326463087
1030418950244748
3813324759722910
2249106985175126
3985556363661990
1500127047208564
2308760526155963
2064441656977736
3742994949389181
1020753564320053
2121834824136643
3890013424864826
3666506766921620
1094459787880991
2064151832311535
1317284644415879
2410278364667997
1605463156648202
2575168769359083
521372187723566
1853531488935054
1449016718083519
2318720233294894
3910232701139278
3231142363656524
2292533320432107
3589418617821615
3129862509214186
1813195450723748
3522012443760293
1559004221910884
985857762353652
3427850205954573
1208972431702289
1322974010000300
3857685858889968
853808080931876
439267306616211
1311790748394223
2064883369311387
3758193961865520
3381770183143774
2514850662321841
2610304090959673
2404645687306734
571986782686599
3620638023981220
1233872711117223
1686530690665284
2135731938962033
1275515126259020
2352512150269453
4046028003903471
1166520538537569
3088226266459195
1476567324656265
2850143621240616
2053525164155517
2967180586287319
3584684609951246
2895099218655124
2451626025218028
1805942947465825
1723168409741852
2352869164226904
2536355309312771
2799561187475398
808569389174460
4003780500864643
2274790914346848
1063636006188048
3774110606001676
594875278269227
2459678941442994
1736990428631782
1836141337812210
460199411985923
1405768134542839
3748531872548773
2032362504668490
1213771773590011
3022048408773557
2544634546952773
1282242268784050
650475339643730
3672680055827192
1591435683266046
1442537959984335
3836936210894563
3568909239482177
2765597946820136
1423926835123614
2114164999699325
1550901399638121
714543434554236
2088557688131164
3906242481592564
2475996874323952
1653315702092111
3489827670543622
1839569339669850
3912085302787289
3915145742946795
437240623189287
2058954977696574
516216823831061
3465089674649925
2581147726661523
3585102059867508
911633856533298
1331975434354000
1259961514219636
1768185151659417
1357711236943857
3567092557653381
815327382042245
3108414947614441
2673529691346753
1610570288701134
1878354289083461
1812535027582514
2513333719456987
2693638911392686
3729870948937400
835945228414299
3149899120908667
2280614280674401
2776050421631316
2261357402046511
867429484874113
3652150516723408
1270692233386183
4059654078693843
1256846143180396
471821190528069
601845779306970
1308103757519278
2028814996381053
2480790386101001
3444026966230396
2731885020118706
3277306750710096
1330423793702532
419093072915899
1923492229311479
1483254123884121
1842101150927157
2431823485770894
2563112872532958
1390395166342158
1976003110923195
2520155809243745
4015486497617577
2540831251367712
1029304724657804
3482359781030692
2587347647210626
3729174638526521
3870847150381794
493381594392882
1821763139488609
3001922443436819
2049641678801915
2182408996296567
1295375835958238
871301104988900
1011363719008245
2858455766132767
1010133862914194
3185583789711227
834426440411908
2996338765153266
910043922047719
3379812237894568
1586925008421183
2022330584805796
1122711794375439
4026575307145805
2535109443220296
2659959391011507
749019770800864
3483438885327571
493952405388600
2491454722349722
444045424780415
1595203658377200
641711925878197
2155915301406807
2295340050516914
833396568881889
953944749600164
1751834768356544
1201385816914264
2369460322240264
1713088424453172
1781447418356999
3714665033690351
2842484414752553
1011958795648092
3776329494148087
1507706164181430
1600758171790460
2017085824843119
1320479039284384
669675020203210
598021643549914
3498731372014533
1796370528436817
798302128364421
2150106272878000
1868345609832603
1811683519755037
2740183565641945
2067526931846625
4018951751149615
4039899227338694
3952663543673029
2926834630939837
2105178972075859
1970496035072453
3381974629053261
761118172312888
3391947702003495
2797544016611792
1646334727084993
3370427691247958
2137897733246091
3364040430542240
910537190108223
1171308757852751
2620093221399536
2981934975161863
3004082852973566
433648910096711
1759424052497867
750744978893246
3040711497108296
1573824038043157
2922127659462872
782495963736887
1676844418379395
2066126846740286
3706084486366390
3537070739705572
1556491854596059
578684584188197
2378252022928741
615838436308159
935665618202617
715428970957934
878549675508787
3174538981293589
2973047176452965
716745790688654
1076079871434659
2555427134652623
1187409750306572
3166366270020449
553881615210480
2875258385429907
2930617715692767
3972898949586274
2260030907070636
3516474874495595
3892044068559827
2154932838693735
2601257483316089
2394579439507071
1412818629126878
2020127603925569
2727153245703097
2281020570848296
936673482758401
553803184903290
545999384375710
1000050699414183
810359844332708
450284942935117
3707713349320206
763911949665810
1353921839095275
2321957813324242
3765818608474412
3277983683059937
2699420766625753
1496427834385096
2506398267597591
1201002132012266
1186908662657116
723367248041306
3247781217725066
3655060285959691
3649625468619856
2204467815139505
600709871986347
668839512996420
1234410025857498
1698764770982313
1697888127977533
2925687588875856
3777334168021661
1530096612965482
664050086645089
1035426266642766
3958077885674954
2107114318029942
3091501518230124
975060554626164
3179416013503975
1468186594120895
3009243101927142
3961656714225724
2210205583691135
1638327823295396
2351794227007429
3942936391146814
2859258134556558
3283015207059840
2026259059666191
3502428865965928
2280281891733895
3427969777508674
2244916326424332
3211199410182776
3892587252754902
559031683503981
3377464879321952
1182464407499529
3104464011537582
3013301733639472
2449205859084861
2355123963137644
1697167698443913
4051245477249533
880585614007429
892085089018984
3492367068844277
1593573946047887
2408561495606378
2031799340152113
4029461298948313
1099073910760735
2554440997327999
1503799817997031
1963435775932464
3603376620813406
2482209400949914
548507405992877
3950130001722578
3050319791097811
1377602627992593
2913285127012642
3001596893901807
2516679680533976
3439002162990215
1909956591659379
2663702313254835
2325989765509948
1101674687711023
2920243353598112
2594737492635278
3821572501314209
3112082862699718
3093485538196010
1257636839515210
1180594711271433
2843794792527257
624311576354626
2540542650944672
3671467664170408
1669729273235235
1569184939951771
571028981982461
3197561710963270
745678664132985
2467059360063457
1777310173510206
1905740712059629
2162802648412641
1699074658506826
3177732373611913
2409577317580707
3011589237159635
3870824076374470
3803684432451238
3134662570777214
2575102782017504
1439203989518624
1946219934168081
3634300818086911
1729304754014916
1762619959237285
1637646901071443
1172075144573838
1687631713457358
3639537163717042
2183844737979927
1034270688100110
2472316195853456
2802006574149074
3844334122922134
3752135804296743
3016627287746735
1904981931040501
835682057920183
1819471164159516
3249749921674402
1000723179956358
2465253698856424
1397042363448316
3754973969981492
938221956813519
1214155528413665
788194565643166
2675932267542740
1914510003243566
1164007645100134
3331157089785679
1506057380219426
3762150383846209
845666028670351
3453821045854501
2285672430434610
3015987314051434
3280740099801244
1188047983890126
2712629082952538
710504496094980
618673570799619
2949135064649749
898459871223056
2295242124299212
698060454774699
2663939079253046
3546609247236628
693697200530312
4035629358707652
1431717935329020
3117440874019087
3759565941263083
3243390308619731
3481303913112225
3737716670327330
420136395539455
2088365963494094
1123631614151464
2637859824542832
2072427186102317
3090751171101195
1399884392419540
963464441650064
881006214834830
492482348215774
3620190942298803
3365524137990221
1350476910692134
2679781836814985
3544519940856204
840633873330509
3225821372596709
3772983871129416
1194905269157909
1412827130660758
962520737654006
2593867256705481
2490005823409130
2122768613002814
1833075101093674
2489719230929280
3811242548279229
2918282411644040
3623343568269460
772149721164792
1911223428993141
3576930653796815
1030955985591174
2828660312630981
2496075070038489
2044195367770533
3914819491310885
3453089956304750
2798399361678467
2540800618802315
715047111316648
436216203522631
2961053981608562
638117576269822
1710215563182304
3036918329867289
3989910566005409
3014996912846097
1603289936825531
2451853620329862
1564934688677065
1117566264847440
1175478734436275
821162535809876
2706099009858865
2578430917481157
3930203274290245
1039412485958253
1625464520664928
1748475230052730
1984922090132760
2772561638071332
2702153401788643
3500953453782360
2437230893380703
875426036716922
920720683817345
515186302159577
2814533606716512
1669495346049259
2385463022480402
801438425015873
1166988852038692
2633380127555331
3044938635548479
1464443281545480
3554036383474364
1190112381305114
3230113097474784
3958143807707930
2818731591889904
2081104778108679
2297041492722380
1618336645873723
1582616031831072
3791364460125194
3471849697268265
2829877243072949
514160675785561
1764196102926674
1287634262428384
1819147464711961
475077062150231
1608949130528321
3635296107669286
3453260103781073
2871730201842896
2346592213648582
3607246685869288
3223050094197117
2216253421332166
3154396924425105
2137996806508015
1279281767113209
1063026818301680
3903623840045107
3891319217142642
1171155228838341
2356904478649661
2622057137161612
3906846306880941
652195563503851
3604815673576531
1362295305908701
2801683670380484
2976352688028600
2118238375222161
2192584083615271
1132511846075387
2258154851747782
2603631047215889
1590457814719183
3003082634034201
497759601565836
3984955782192708
1575566224410459
2634938527366878
557302447434190
3108282612847591
2432139884998118
2043452919231772
501550195679572
2242437595864487
568752721725841
1432086008036951
3107273673099571
4042492460053791
3686999513127273
2581980372015867
2178973173709410
3311658524166142
3058282548111251
3574885296776719
2859677697003683
2097713703030140
2065552818570882
527759164126342
3949743350504126
1958712917027596
2800427922638933
591144775742747
1684953042110120
2818892434836277
860609440707246
1797031814988799
3527981588998754
722805831243373
2268557418488439
1604625199378975
3899237591740139
1428433565171004
3638162068862642
428710090907169
1725754950073415
602711500778596
745053073910951
1838203600280964
1022555273913402
3959881100668371
431913216356574
2903303675627523
3224177230378862
1077293938355675
3435027724335114
521600373177575
886812970695405
1586704498170241
2277500753168493
3655489276619032
3501744782000963
1286181088768248
947766861875087
2777652558444271
3808385891582856
3394340386895699
839651707489159
3117497236990228
870266830722230
440000569845864
3216401389245422
3221074828304714
2802177537583551
3866597254814198
3089211872184824
1883234030628625
435934073982953
2380220354013517
1304859821974267
3102030721460357
1456902868495657
2217479665791743
2483271565280498
2849673112500437
2783538911473234
3158730232999432
1042561580763377
996209645295719
2689169908127180
1190592776662562
723528061872411
2242825904185725
2272351504741376
2147793602037588
768716823820627
