1000
4014549 7720009
40400144 53988184
21391833 27170843
1950886 2238194
577970 597412
15466713 21878773
5212624 8016004
3872284 4500266
69305580 98959895
29419637 40141933
46825272 57069131
2569419 3301308
10999252 15510279
12668406 20073380
21556717 29350877
12812636 22848944
14343316 26862390
12491408 18265781
33931257 39837905
4050408 6852615
27634726 50268708
39443736 53967467
20538106 32635782
6558020 7134810
40814224 44720138
12669010 15558981
40041456 61396882
59685912 109980949
3543048 6131548
6128984 11000269
9100032 11165642
25200175 29862243
66085440 127350452
46424561 69003716
70397679 136605203
36978161 58742981
4668965 4715687
3660552 5795731
42098236 53315090
31068884 58000566
59387160 65936125
41627872 64706600
15065802 24927401
66199842 70994315
65172600 89864127
22614912 34059006
12926175 12933815
9581814 9729370
7340151 7867141
9397476 17576901
804514 1183427
4884300 8358897
19200280 32849457
31160732 50289850
608140 936667
2720832 4162004
40654224 48582367
1591872 1980899
14406030 20947017
39007095 60146603
36057600 55184291
36633402 39139890
3703206 6752086
44195580 70053451
829836 1539024
39398525 52754967
27581650 40075124
39858360 53941053
38619802 40720855
4078660 6246775
34472232 53984330
7540278 9695887
5857371 6684901
1487985 2743012
68784520 89647412
1948146 2637597
43304575 71862655
4767663 9365567
2061310 2834666
23797926 37018199
1691766 2274746
2657526 4930458
75879544 83410687
40512560 57042381
2619016 4376551
769307 1179524
14708020 28478389
18923263 29867863
42078036 45521856
20124640 25295356
39294786 43361752
19245360 21810285
43949718 45148473
9783725 14088248
3315234 4942006
2848560 2909710
48756444 83368701
7189396 11715584
12626114 18477603
33705748 44335816
1916817 2898334
9341588 13527930
23825964 28753665
11845548 16845554
23743597 33495260
36167850 70547507
3581116 4251384
1817644 2187221
39712500 59692745
2961506 5175619
11812248 17475920
1237470 2113205
30859130 40798605
30048975 48951921
24854025 35647665
11111077 12060196
13634550 24910262
6579027 10421507
6066138 9663615
25261488 33602787
4947012 7079300
84901642 161336801
55852965 62458655
18474600 27350437
66427205 111546071
20871893 21477298
5738191 6675603
2211885 3947442
29547976 38004406
28329840 30443263
20912400 23901576
3452667 4689581
13549998 23691698
53373330 67637416
105084 192080
2798145 4280605
2158724 4086014
4946661 5903797
12530500 21382808
44965773 85875897
1427630 2515553
3646160 5571933
2481534 2710318
10794960 15510629
30761318 32401095
6816402 10526577
2869020 3755543
12536416 21431728
43174464 65622557
64625143 84624387
12613890 13573537
6365250 9925552
18342828 27043446
60749424 73727916
10808272 21489458
4845300 5925203
12574599 19798954
28164076 34804881
17599656 20046842
35778483 48739726
11819165 22205783
1521471 1896573
1550920 2884954
2774304 4684428
10363645 13716775
27069882 32964482
44796080 52242194
47252550 68903604
2889735 4648587
26370048 45061302
310752 470588
5966870 6327788
18541462 32691139
3598764 3833372
567112 1034288
19653162 31403077
1541320 2963555
319210 628283
63637830 89492515
2231307 3458329
3193714 6349822
4099062 7309412
678967 1209079
16228677 27908361
75195648 99974247
11578168 15521627
14067296 16919805
32758692 39584015
24200491 26391585
4001400 5371038
236715 426833
10620480 18097010
14180922 20833616
17923434 35423828
1002421 1976545
20323971 24867277
2501550 3317268
45736944 70708710
33346768 36023861
23914671 47715651
24183168 28722910
3670625 6156221
2741644 2900866
23860675 33791053
30870420 39552968
59522440 86036396
7409752 11645318
798252 839434
24108057 27390233
11039742 15833317
12585903 18964267
5174613 5233686
84041190 105083201
37872450 41196338
2972280 4564091
36058950 37455686
1010588 1539809
55772145 92979313
3453247 3769700
870912 1447852
12939836 14677871
3660975 6706689
21559612 32383230
42692400 75072797
8824288 8966318
5743828 7382899
21612366 27511516
38446754 74783291
50720825 94791417
2654646 4584191
35184464 69127864
85083356 129624109
3863118 4439101
12264654 14783575
10902024 18622549
6818769 11861875
2613 7015
2532516 3732991
4134828 7632894
32153226 32380562
16327750 28371334
6434862 10272801
10119835 14109643
49623282 49649157
41900036 49038818
56669436 69611247
30028444 59809671
20798675 40106459
61784568 87623762
19879259 37758637
5882821 10662085
2733600 2983461
49985780 62434384
138450 140049
58325372 62872820
47740413 78037533
27389862 51250153
20955643 24046437
14424488 15786291
41581024 77880127
6224473 11802485
54967127 57336363
24752880 46046487
8462016 9622148
4654680 9210247
1337412 2648533
82184435 102993312
1382240 1726919
27177554 34726268
78352560 92893272
37045531 62759875
13322608 18466164
10750968 18175129
10196556 10369002
24257968 34306481
14815710 27545810
13513954 26195345
79254398 102688837
49574073 71739391
19766250 24530151
76602199 126353734
79725108 155374998
69864552 135095042
63720264 66176589
14655088 25513109
9488940 11774974
50007030 91369911
6989263 11936335
20780575 29635335
11183040 22332132
8992404 9589221
16837916 24071906
45536037 80349235
12290432 12520532
17822878 33051950
3054483 3586847
832286 1065214
38953736 64547147
697680 1040760
9844416 16953922
3346611 5369175
2153756 2953505
35641893 64503681
11271886 21946652
23898912 29118181
91790 169796
26598000 33399131
3339140 4475301
7230004 12327584
22149876 40376541
5381310 5502074
89831188 171300017
53614467 58012586
19659672 38722202
2821500 4513152
80288 139371
44536800 55602400
8049340 12207565
73161240 144726020
16847340 18452792
80992401 92756283
32814060 34109995
12702976 23652397
10276710 11779065
56792965 91734934
4239032 8365520
3906020 4505851
50867856 71677463
1537624 2384887
389580 712886
12293775 24395233
54450244 87579210
25291854 44804318
2918944 3266569
17426030 28194773
13269980 13484888
4913048 6611545
36882846 58752140
3195949 6191804
1309651 2090680
32522668 47664509
785345 1383073
15151150 20174815
78804 105180
34898850 39556625
27189905 31641154
20799120 35544377
51314882 77586338
21576220 37796032
9824220 14334259
4815833 6110997
62248056 86765379
31388280 42544998
36045229 70949085
2156572 4133474
24534420 41284383
7727537 10756365
23090505 43294137
3436808 5251996
6040086 7532084
19456228 23208645
72708847 127365247
15460120 29209560
6423095 7658565
92972880 179343001
8584758 10174760
39012467 67985363
6783862 10392912
47843040 59779523
12766180 14805720
178364 342284
78003824 143052191
22377850 36823168
27045440 48755957
4649432 5521178
86163136 161020438
36846972 49339559
44734976 44923899
457226 681791
24848665 30160961
3399517 6490176
17986995 21478532
67730865 110764484
65549765 90716365
1859760 3291358
13047233 16394609
373100 540179
55121796 82494689
20261241 24528731
33574104 55044451
1483260 2522306
2284921 2817746
412096 422064
50776296 97406325
37635766 47598739
2168166 2258906
203424 310791
4842216 5482780
37813360 60746627
9012432 17456642
5628950 6080475
638526 1107874
571560 1097994
29392000 40116945
17512396 21786196
40322310 73931645
2070900 2433650
27349132 36589656
55306537 70128292
46719504 86424117
29141322 47242769
47595093 65179193
5126904 6709961
5380848 7557757
2076893 3513049
40112163 78746101
11584452 19625965
35539102 61404965
2713324 4082208
9165570 16153559
23926365 38596648
85681323 90391357
18841004 33650768
590000 1013138
29025184 38332181
6830207 9694141
11056662 21322538
1075125 1123376
24390944 33531153
1106176 1790331
15059200 26347622
25337922 34968915
3558120 6634801
9427880 16854662
7647965 13394465
55008 92200
16662606 31836797
12173074 19289258
23176113 27703729
81867501 129171206
512070 524987
8291682 15184682
81327180 107230634
45886640 71197092
19148096 37336016
19551096 32774553
12350280 22525362
29090016 47590911
115736 134069
6022800 10790447
22399588 28457824
10462760 12199001
23994069 42344729
34998597 55438735
3733808 4302305
65101890 130020873
8000520 15274855
27944095 33684749
46839930 73788846
24871544 45503170
60374338 90725651
37154700 49745131
1855080 3684081
263980 347712
9120716 12771035
32187870 38535800
189012 252917
5416768 6944190
154506 219819
22020016 31057706
446832 795895
7327029 10175546
23800752 36770088
38738248 48947872
3825420 4312119
6998232 13739966
19455878 29170107
34413957 48591137
36186230 49252323
19605672 25485966
22208633 29732510
51083679 77295485
7667331 11416397
25464060 48081602
12513465 23342739
19416000 31909004
9462740 16105117
67951194 70286650
37057300 60081951
29042199 35021897
16076556 18659551
10090528 14973481
11757093 15516671
3935970 4559173
22923816 33444541
81427794 160660810
36355473 53157217
14003660 27314137
29794864 43713002
22800123 29431390
39537000 62979430
2034132 2556259
48853168 82600440
12661376 24713306
10103480 18600175
8467956 11410439
9363960 12825632
42952455 77960986
20528144 39959147
63132045 100674433
24076584 35822910
6811205 9070028
17481660 23364359
3090126 5067186
50482956 58563928
3215028 6250825
29929705 58442873
25086858 25775575
8436960 15354326
19576242 23938000
4984350 6946771
5416387 9733739
14319396 20746297
11919018 22640672
29921751 39582809
20588544 21151793
13017186 13878189
17451504 26514249
2017860 3125208
5145228 7184272
15658515 25867611
2795310 3187588
2983885 5287065
66579816 95994761
64021875 96525411
4999120 6719910
7780500 10848409
6339579 10383137
709645 1051657
250988 277645
1270521 1448066
7206690 9580140
19227060 22871114
71676495 132379763
3661308 6184395
60775000 107805846
41133642 42406557
15932888 30151509
27397440 49411254
1634898 2977131
54923680 98116842
3200711 6042599
39255788 69966595
80761350 122578287
27222678 52202669
14714040 25475513
19620210 25268510
30432900 53452322
35453894 49904614
8347017 12635313
33372004 34073081
666450 729618
8484707 16753433
61583984 101455424
9012999 15801517
7793192 11683299
30459 43211
33243856 42492761
11486982 19211959
34957585 56588928
152399 275688
7698154 10914562
47396778 77282244
4816920 5742395
60591960 70432257
17984252 22710481
12041588 17590264
18680103 33333137
1543650 1795929
88518762 115079338
5344933 8390869
23692890 23893800
16322020 24758099
11983904 21335597
24373228 24454810
58185050 84860041
18107964 31609035
26924352 53686159
27674832 29911649
65869920 123985056
14886987 28734119
17997980 20844146
25808270 25901603
10241349 11344134
2470380 3498027
23738994 43223666
12940764 14735343
40594216 76585891
29016806 34280141
3333648 5363652
7198884 11354191
11511280 18600360
29756952 59131758
5825404 8448339
4336560 8596783
3566787 3928019
66210716 129392056
54440320 94986222
17748099 20100278
24477960 38152064
29775754 39611591
17349925 22593067
1824390 2940491
13777500 16018802
25210800 25370817
26860680 42231156
2355752 2552062
21018192 24681513
10487760 16884051
46888864 59952286
3152294 4739276
9486900 11109723
28727265 40032781
14925309 29330855
15629115 18862909
4626138 7769481
2253340 3917753
11298197 16465616
2691596 3014291
45370902 88979184
2109684 2362781
17882618 20340561
74471130 120284976
41494356 81991812
2823648 4250880
16373638 31652692
37709 65058
16702324 22022420
53928 60465
5046093 8825582
27010701 42545497
8311404 16460325
3401617 5954750
9977916 10266653
6668825 9873923
591072 781736
70433176 107034141
2556450 4163510
50696425 70159277
4653546 6856509
501332 535191
1945112 3212877
49588984 60798197
82372836 109443952
47028640 58416913
13706128 26526426
43433104 69360523
15367090 22308520
714889 1172239
68790135 72287331
32476452 56682309
20872754 28987955
42665265 63932505
8059155 8503195
27940980 45966428
7421434 10144543
17831946 30208276
21535500 24381160
1616940 2085227
35416224 52632593
48385566 51482346
16877971 19065920
22753500 31508180
67145481 71182851
22966346 39972901
43631486 48698534
6566616 7583666
34429677 56565227
51894782 55678295
9826024 16105971
60644190 66449203
3004718 5869280
32948300 41563298
13197616 21548808
45545452 50040697
10144548 19446858
9135280 15846116
58717065 63331725
41765323 66119401
44539530 73665623
32488960 49659266
4843292 7775337
18653552 23548032
74791533 84798813
40659240 67076089
18068778 27160235
18194486 34994385
805510 1037191
10371298 17382545
660614 1241496
19502750 29633330
27962496 39222878
560272 940635
18484320 34047877
1573143 2389289
30389965 37951941
2066820 2420311
15786375 27292475
33968741 61359002
11847339 21347131
37905856 68543866
13212584 19139444
907522 1148984
34677276 41731092
27560412 29222570
59922935 62669051
28787488 51799825
41451612 49600276
832087 1366558
4557260 6627266
34016028 38784068
48984340 70776833
55944720 60902298
19581845 24502278
46148106 57066696
25403310 36238120
49990752 71829338
8544277 8801929
3829563 6053974
59281482 100767212
9452034 10006225
20739103 24319257
7565883 11664883
34818390 53962656
212160 232548
65654400 81255300
22148700 37183272
6526492 6961600
42550620 67306102
2782752 3603376
4835382 6474173
8649180 9703583
57862968 58958783
14012800 25119587
4925940 5067883
568768 665330
43240996 60016703
5830196 10611810
976482 1849789
13967254 19643418
4890590 6977582
18686157 29551100
6799532 9127015
28927523 52878650
1694817 2037285
976 7688
3933930 6015067
48875337 64591401
16375080 24157876
41308078 49441956
711915 1155012
7056454 8228148
31280658 38423392
25719688 49357310
675234 784260
61830271 105965397
90828 141978
9004845 10110317
36396360 68046661
4744296 7892920
27337420 44331535
36219687 66413285
20232626 23430071
6460064 10889700
23757624 42939451
3032252 3174272
69815907 118633120
40419684 48124127
3115350 4763360
25244094 30929526
19314771 23994274
6336192 8965011
2633229 2737744
24717168 33254219
56473749 98988193
69440360 119738332
15232700 19400239
333600 528143
48753238 55613187
11482750 19364591
49324422 85665288
22891440 24315815
57183198 62070678
3389253 5655227
20007000 24303215
5886666 10127584
1584457 2581116
32680112 60822875
1296708 1334154
3479468 5683274
11802036 13748211
6737175 9099933
29889768 30070930
32210640 58428180
10083440 17412374
9876940 13400980
1875900 2736788
20540979 31968393
1728600 3018062
9542885 16116205
3653122 4172256
4532640 4694855
139664 210872
60518720 99764694
2627339 4081653
711225 776540
31577250 47203561
539500 788584
7157286 10745571
1986950 3866528
5846114 6293411
15439970 29363621
3540033 4651119
5366322 5884276
6458800 11270247
65050431 71487839
1334033 2499599
37941453 43956319
26316108 45094423
18561006 30476779
19260180 19367097
13244938 20570562
12514954 12913330
115374 203804
55562778 96774610
20228160 31613463
23305936 24983637
60870016 61896036
63788952 90474394
4591818 8523644
38647245 64950625
11438460 18394574
7720122 8861051
4598449 8796131
2341465 4134087
8763400 10463040
7650720 11205053
9672700 16635801
4897122 7645516
14998768 25353166
11321799 22546563
14261982 23274425
50231600 98606208
46202750 54693743
55441332 86680569
3533236 5801673
2383605 4293909
958080 1011366
16526664 19775255
11602305 17492601
14458400 17817631
25193285 49509101
2073092 3524543
1848108 2666616
8568924 12511898
91132582 134349924
27383940 39724313
6792720 7550510
30907030 55593672
6468227 8489117
34761932 58297009
17198065 29305668
949707 1779271
8219537 11337252
22326975 37731704
74743548 76886073
20614200 33740281
34648415 36126335
7650450 14447651
18324093 33411741
93812280 104988608
2145900 4036285
3093795 5775670
7598202 7946355
86679248 103037486
3439820 4592038
2599454 3703772
14123340 18587228
8156544 10379382
36686496 57930842
2823600 3735095
11386650 22572278
62003100 74256411
17118013 34033781
37167948 46436067
10346708 13753928
13871844 20164317
15823395 16210956
6796218 10648224
2061678 3276336
4553064 8492902
20049449 20751530
13228644 19536702
834960 1342982
21831250 41813666
65446822 112352070
22800690 36177698
30038295 54431169
10555640 19836881
32682500 61455152
34795200 36831943
16134300 23106110
4532498 4955837
37048032 64036741
1873284 3666063
1241240 1535065
5113680 8154334
36812259 58308865
2211503 4004413
32721543 65211483
1911300 2629643
7758693 11771389
4414839 4492027
11542544 13908856
2036712 3528182
11316240 12294984
784586 976340
24334770 37255885
12227335 24224248
7489824 9959286
1254855 1957789
6445380 12520989
1985240 3768453
1673240 2085096
45100218 72999847
209800 342057
1764102 3191413
65678826 81229174
5798319 7533795
5612805 11114044
13017705 15220253
3434785 3724461
31649022 38709612
3667225 6379782
3173152 5509778
15536604 21182921
7287196 8430366
51858873 56349849
1564764 3090230
14948730 21230696
19126343 24883307
15823080 21814200
3088512 3754344
68230019 70000742
23557689 46029477
14712479 21299075
26925348 31042865
39305056 50115747
5137695 7568975
10235172 19423809
23257289 36052877
1068624 1937172
8515844 11302399
20837168 28074938
13199560 18894519
27793390 44963531
27482936 45288325
7064180 11757644
55065254 63662794
23665026 40445299
60359968 77811450
3727776 7244876
7171842 11078539
25432 28837
1417602 2341786
271458 279774
147660 264554
22692852 40369506
26104760 26881643
34407195 53098988
21504942 39229187
6021015 10052687
29373788 43097240
8647056 10163871
39072536 63004098
7982860 12532259
8028720 8879575
17993668 33922133
3156975 4772519
21070335 30652219
77103560 121487738
23008230 32341353
22833305 42571065
17910981 35205973
92078766 177663394
23013880 45966266
19331862 31749038
71196348 107735495
319056 599171
2372274 4501184
