5330397
9778236
149391754
47898710
3134695
597924
2829128
2989640
24072362
21567787
60036
7818531
29491883
3222771
21063982
53657650
102828
39323
5516369
1531571
216933300
26324814
4379024
51573785
32685308
885682
57240691
206927817
3006594
24262605
88825
13978
708774
9869571
13049136
5989871
6980785
4548060
63370282
29617672
1436162
47586800
2914934
63402581
16144524
629686
59972831
23239125
7008504
17343417
767768
65404338
10611125
412059
7028571
80230330
222758319
108592113
98600
57029903
28322437
24171541
6898178
23273819
755188
55444577
2059397
106399756
11758397
31541
3733432
176752
6520339
21386371
3277704
1373057
45864591
6932696
2999712
113570553
18391
6428996
11867488
6639044
1544755
7465521
147457332
8300519
2089459
11906359
1546147
1646885
385358
67740
39493612
23328948
33086783
1353649
2167469
1575314
34806379
3966265
12878933
20919085
5680465
5530557
19914432
60884109
461871
9038370
3988743
53845911
7585082
78697063
94407334
3739160
1124718
5691932
88596149
51361855
5325980
443099
10268385
7010366
5663387
31140905
11297740
3177216
499981
13381636
18034914
16421005
102764612
13465475
12387161
133602401
136142673
14827823
167887378
17173138
2002135
21309940
7053782
1918946
26389836
140487539
23017955
17175209
2546
5653348
11141254
43862738
8196703
35716159
104644106
2610030
574859
17724387
4193217
2354666
6066909
108508074
13645679
54791652
77914367
1223020
87580519
111451099
39322076
23445528
358700
5789674
7987287
925194
19227369
8089323
1034831
17365963
10713534
73407043
6981528
31477964
37613902
216699
21380472
22689509
19600890
273468
5070197
36335975
10383788
41618475
101899140
14080831
7078632
34943697
5661159
2504785
82249741
785390
12201229
8136103
4575363
32413934
18577396
3724875
64390877
79673812
15949447
4631867
27187282
23614880
2615656
2024694
33536199
3337457
6623238
45523735
76057239
55163118
215010
489604
53981176
8263783
1148880
45829335
10127539
128998465
223046611
31785540
142964
20612694
30206431
1084841
59088050
74631139
41220084
64906938
1031003
94012301
13810312
1792625
17850985
1704242
10803793
7318427
37251227
7955870
119765300
2254744
133806
5362562
11417164
10614599
18656575
129517217
61573722
15773351
36724758
48688540
55518411
10721973
20037777
64374179
94850225
7133587
116974
26270731
1453195
9762560
22959915
7682319
80889372
2410799
993276
6960682
1019854
59763053
2845581
531995
637475
11911739
6795316
2522998
2965321
10416384
3722271
1358398
28390204
59740
10703839
12096303
107416241
37024953
18849144
2113951
47422311
1226227
16711149
882351
23816457
17863803
100381934
9028885
83973
14734963
5235593
895403
16100838
47945300
21405735
103549242
550261
13026694
21796178
22754973
27252362
176775771
13148761
41994712
44205667
31447164
1045500
258184060
1061054
133127831
45131982
1622698
5199585
1861140
282096
65965797
26971484
19305307
44865667
8332038
1030164
8376816
7457375
48871755
53653419
2325754
1121074
31264368
430
2392617
22157059
3924237
11153609
49310676
5615528
142169279
11783985
34388405
2655179
20512764
41585
2035167
1627777
1141990
1782699
7930852
6916283
4601342
5519460
339513
45950190
95909320
24600005
9296473
2017745
21049770
88517758
103238562
332651
136926462
26102686
2066249
865529
106905546
6430
17549546
3452343
7714394
3340151
82429756
3951751
2711855
1422209
46851813
29305511
2848489
154044
124203098
10921565
14886646
64840904
8838924
38034708
65029244
8128842
22577031
52138101
65667077
4128403
28794204
503120
2675141
127043634
7362613
773750
1045893
60640557
99394910
1319989
68763060
8279050
43196
13040336
66274189
2165117
67957697
89673518
134089
41123546
25026256
2336588
4498857
66180378
50565884
2786867
22765161
9203674
19292118
3599469
445112
12477578
23110795
21842653
183852
17317984
31623268
38020952
271284
6536038
74091706
1267993
42800876
141731226
7265996
226114
30268560
8872711
719519
9582006
839298
57310659
4287795
11245476
43149581
3162294
3756853
8625453
16408689
2701234
31567310
50161758
3495568
61534379
16159229
4222600
66588015
40607551
2742685
9009435
6045684
1259742
22242637
6962422
27324472
96741648
7250
14345270
22458490
120284893
7185787
373028
266182
59085589
278785423
2509238
4565930
834063
243685
36436315
18819478
15253701
4574770
13629230
10375392
86875977
13161548
89384370
2286950
53316263
6253411
10248284
124749
3632266
97847855
11518781
14333753
44263613
1278038
446191
78224447
65610087
35950385
6077020
10846994
67271284
3065454
23138189
2194656
296361
3699518
23609479
1620561
5359821
3120112
17388866
65509
27688
2000794
2727411
417047
50717907
585080
395175
9534519
49838624
70393085
23025610
150220834
112663
13916051
8197256
294342
474526
4345697
5976706
32185
104310
8407613
29659842
21693026
3114767
25675085
3859570
10691709
44159199
19768078
46783310
117807560
9604662
82185829
545960
438334
12173793
24438001
10975372
2954202
23974981
672470
1902543
7315808
3285596
3490977
4760302
25663
1033863
128639
56948332
15850844
16307768
137579124
943663
50073686
563583
4732639
3715050
135255593
44684469
89257415
102539549
1271626
1431827
34150512
18260691
6810463
2200600
26238776
5176826
79739874
2648169
11202524
620100
146425
341208
11524012
7935993
31345168
1631953
2797986
99914
991502
34629032
11726266
5058516
4189136
4952462
533505
905230
2771701
38165
1839204
32076337
62555262
1542449
21571175
9800489
46135853
6468683
37560049
2315153
66460587
32331461
19809518
1910956
18499199
50073138
15035862
7197885
136393
5687067
38664357
577983
14767971
497336
51669774
395037
1636848
3314996
78273541
1641736
8089396
52297418
35621268
19371563
168297
6856932
186490
3714177
13717069
1450620
61029155
24469071
23964
29387796
5131019
1057960
50626171
48014049
2978640
40783936
85271618
31933808
2252735
5175433
21719264
16271919
6181724
2724495
20854895
1340087
19522085
4904899
45355
31232874
12573562
14616569
3500301
51437430
1331937
38104066
855330
15749167
6929866
37230
8805123
20398010
18761994
6074162
16909484
162958367
2415991
38839433
29681574
83198432
24140844
26869616
22761811
34271741
21033874
10047209
52513540
37698155
11595870
28879719
77735426
346137
43054693
1047243
8393039
1361482
24166102
7329816
13990112
1661785
28244592
86133087
794322
1141395
88786115
1580551
10059472
19344
183045936
14661
9596920
53878434
2437035
11765694
43818404
3398200
29164366
37029353
32482835
15391641
3881948
89783356
124320765
5796603
72268120
2901387
39518509
18720560
61609454
6763605
13575506
100184428
2940101
2355981
2072963
9769578
48449647
25191346
138730643
4469233
1902264
18215
5147331
91210911
48690043
110106461
3515426
144156223
27923251
6932233
17061886
7107926
39313662
3832580
3736745
104100424
11000298
24041438
58741116
38521978
53217896
5571135
24229237
8198468
3535164
50405135
6779928
132215
37271267
7044915
13659759
122581
2418310
7158879
32542461
964007
54113152
168940
4147303
3168634
13766363
38026956
142772286
24234238
308997
21854962
72109936
35919840
1716919
22391501
25151914
290616541
6903125
8632691
22437066
11320018
15686761
535301
852232
12033751
12943810
14788791
1160819
32525694
6163956
211684
34588822
2908434
35242263
22783788
1177676
7774192
8957014
148531
12717731
73278820
76119585
14796648
22096830
81854830
8298872
1201514
924848
9573618
2283887
13843569
118200638
181613
36157362
552031
3408967
44038825
434895
8551372
221117088
11057465
1350706
200762
36592390
4676134
6829426
768050
8637876
8232282
12245884
28338869
110277616
6292493
29404419
1704
5681330
19131099
10280010
8463462
54251860
3196644
13683198
39579630
11990530
19321414
107622716
4532187
7049705
232210
31405710
158027557
118314627
13140395
394046
2102734
27387797
23497304
2851488
355526
5166841
3151228
35680287
132003942
2591277
780996
1900082
41550292
35727878
673767
11370657
28227397
7622314
3061236
10887414
102706157
615734
4864085
721448
6221537
38033801
4335684
33992555
68677376
6721528
771800
20148589
5299728
90624126
20987715
1649020
47281734
17477169
26973642
9360513
800355
19727855
331321
5056147
149116
13447148
77319389
6291539
11126730
200985532
201820
30117215
23360921
11279410
69677429
2408180
13555359
7413819
28837273
33515837
3546720
12864122
11162537
4132557
6521226
6876747
9855164
5614062
131755681
10558838
10930989
138517
38436
4687661
7338542
55754473
2011790
748119
379800
7129474
89057093
5329437
50169246
21998901
3472303
17486316
308904
19650505
18953060
68924419
52216089
759160
43747416
152105943
169932
5923429
1395139
63414684
49973908
62547292
1915145
321713
