9
7 458615519645425327 826639456253566145
163 953 823 13 887 947 139
1 268255101517600244 362823434368473981
37
3 231989891351425390 880514363921982341
233 89 193
7 83872693810338481 154137358569089361
199 547 853 367 821 193 463
8 214952341523168828 978941566666714062
83 409 937 787 619 641 683 653
3 126049460362458813 149824529983869867
313 97 863
10 382627578278020893 820552767878160959
97 719 31 167 617 37 53 263 2 523
1 725521486468984 551558405472149904
577
10 340881523246662905 350767836441955748
523 307 257 59 239 109 269 709 37 107