70
419178341587337461203385556135173370327904149524852
402461218880768618295578217517461886946270888175329
448005972480722597246223752287488480603989404128185
477124183231384727626577735454518338150113036537553
470611801653405491870284304365660844769299040420216
432653940441927536344101110607391821764490368791143
474919057265974386891323163975775652227218400819410
409990117821071456825559829053083599493841711941850
427319003159179265623342640739133741448839541250290
449528850823654396317546742095633493296807653281655
455996540232150153605687673239318045483659898357113
494353840263355611459913894447633685887184814282430
407393283389404398274618034314335559366366135919437
423989359705596651178101106001437465439847154178423
490866401155695114631302126519819569395973839444860
456804630390350699167486269010826753620527040569663
441030295436550154529243778455188430149400001575150
417497425518935489879879550643127198102703457398333
475870749783409392440383104906895288392481799758537
429021078474616547751460324657774240982332328600956
401320607467741573346900774944139840950659731527504
407735239584852712024422882188157259851504571485529
427590432694221174971823763230893147570916935135580
472495628927942785053354397341098318454791913840487
415842960969104196826390894491904674781218842822677
454690231041669264816154378700706779539373543521467
420799332366895929936519134914654118608348261058211
477051386870615202205601348671748301698931673951338
440943011229856847923713782929891650803976711156976
430272586981236066331547886360496723341584395765599
449777581638710114352023101044646783375289215124978
480951987181138187980886483099574982276522388764560
400974739149919197904817081643948537659145118766464
477354044128168441255990743111658633904816035316402
415796373228153594064312455943876753128290052931105
493826266888842835294630320588084423490326149915214
463368196919479548021953072920886582880813907948225
407847459981330057377315588459485848188951082668095
430055516133987913405271041806504993442056274160820
454816901616879016529800090813681530897082483682871
444417604195017856372427854035203722358820446941910
407631241463264940239196012152360747947261116961909
419184885786734032706712368076389686289091196888891
457501647214670731032944586035300731902955952622081
414249036464424074825268742881363233140256005690485
415762268248409607738965305843977102071525467297532
454453076415076516479513081797581561396440806849066
469963829154910372409433182460345066880628667631730
406454995494983780198894377590829653574181519111084
423353965142978093308735541916732450929174516236821
466736834356235543030578489740417706589827928726842
459356199660701545879073705168907509584662400940147
476000294926860729594101896460385144156943099852621
411670842857889724948755078285373947184903177498291
490381735608827359777899034609437987367191555478660
422955343450223851592868101859666470100940069121128
466559553051181523059768620606843353145749095679134
452132082651025614885713822088173399913055532623610
480366376298795887144560294376070688076376117143501
472565052534354899818954753981116589338593319100049
438974976930042066290415446101946360723205310756384
468261060860075716321862206538065921350333231736449
404090722226364540480471103499707430184760335587949
406643764188352957555642474210733001334142541145692
473921427105672721937522740032259114835888898767712
405423722531191376065352519159385742271692214998479
451312851302304979716501705367195876484692000160473
451271626962912830757233419203300425413447094047378
404836812476283688916075359291409388555065664325665
411217875509417429590110539151307679671988727304540