1000
1 2 4 5
29365030 1118840372 1215952335 2305427677
736808615 1522481232 2098390159 2884062776
110267309 1515121016 1706218475 3111072182
415403986 2551512729 2605841207 4741949950
17290299 826383081 864325073 1673417855
935332835 1253131641 2241284889 2559083695
1400556364 2605918099 3204773598 4410135333
410051760 1747441292 2009083414 3346472946
423380360 905523309 2278443498 2760586447
1809527194 2463139103 3965894364 4619506273
1763531068 2446508007 2891254961 3574231900
1860643030 3280428585 4510848155 5930633710
289068308 1819121172 2306910801 3836963665
480165766 2425622616 2902037339 4847494189
534494244 2497241394 3782748898 5745496048
572436235 1323032572 2926338881 3676935218
1560589482 1564258535 2225442931 2229111984
11961332 425682145 2424256072 2837976885
273603453 1110704627 1443937854 2281039028
1646523641 2145668361 3132513496 3631658216
1001795253 1116987393 2786809467 2902001607
1446542207 3422377377 4364501357 6340336527
529478128 646897959 971591154 1089010985
1017267756 1614853353 1737519750 2335105347
1493682479 2625762320 4711175866 5843255707
631706334 2336222410 3024748644 4729264720
87528995 1205150905 1897346191 3014968101
748713390 1878296632 2984212730 4113795972
599803668 2002990363 3946007634 5349194329
933036894 1835263583 2129941925 3032168614
1919882028 3823903970 4233774451 6137796393
1442220453 2645300954 2883522957 4086603458
236860784 1969419414 2325061247 4057619877
561553979 1163896717 2117124146 2719466884
684220375 2780245592 4865552862 6961578079
622150272 1202398176 2844737873 3424985777
1310676505 1978453404 2590931363 3258708262
2002871790 3419362079 5161423279 6577913568
961304239 2977598196 3975362443 5991656400
756837862 1558685065 3458676000 4260523203
1051516203 1625761786 3282291014 3856536597
1461386684 3477852721 4189978802 6206444839
1699608686 1805451859 2102652921 2208496094
2055250518 2722647670 3622191469 4289588621
860994298 2212611825 3060697193 4412314720
798817919 2772585718 4200918989 6174686788
293673968 1430634624 3526744793 4663705449
906151926 1898500724 3263617533 4255966331
500729477 2454382515 3688309632 5641962670
1498493723 2061500975 4097275294 4660282546
1251001009 2865524464 3328060717 4942584172
760046589 1688473080 2019991721 2948418212
1472172669 1952724198 2390086012 2870637541
1769373730 2157692129 3262451094 3650769493
521433880 1770746578 2079639422 3328952120
1369519247 3417649864 3552826858 5600957475
650368869 844689806 2116827456 2311148393
598995389 1699468252 1816471051 2916943914
1964112197 3565314538 5635970374 7237172715
1050555665 2002768081 2488947520 3441159936
938846335 994576113 3095279007 3151008785
1401382588 2217158955 3098804691 3914581058
1732901228 1873366616 3235563881 3376029269
22779393 1932618511 3683134174 5592973292
1127538358 1411327708 2263672420 2547461770
1436431201 3089739799 3842731480 5496040078
1571608194 1727802013 2675114630 2831308449
696262195 1451451404 3499236884 4254426093
813264994 1385082752 2886586924 3458404682
736437181 2358810605 2665043544 4287416968
1222616620 1636352731 1998315447 2412051558
1175835865 2990954564 4168693646 5983812345
2057481600 3458017880 4776222349 6176758629
1272195216 2695510889 3776070827 5199386500
875227231 1278597614 2642946902 3046317285
1727571942 3567373526 4437547763 6277349347
333079974 1597006105 2623374160 3887300291
1280392591 3240580917 5022138180 6982326506
1180694422 1806664094 2012555467 2638525139
534714945 1897121799 3725386595 5087793449
840947883 1278487709 1373004967 1810544793
1202910599 2816286290 4725922247 6339297938
233166032 1756539675 2919228263 4442601906
1551370501 2199455713 2637976325 3286061537
484446790 2007759233 2849650228 4372962671
1848796077 2952196814 3486405744 4589806481
571486665 2007967377 3806102437 5242583149
1597854720 2167244375 3778084113 4347473768
1231928334 2982012411 3071338172 4821422249
1437819706 1575135080 3026867694 3164183068
1118600853 2096864110 3986136549 4964399806
1213118111 1246808319 2601972800 2635663008
975270419 1242126660 1973181136 2240037377
2137959006 3956185748 5335325435 7153552177
428995969 584185853 1339154334 1494344218
1270886963 3274872925 5133242142 7137228104
1805095893 2233084872 3380451152 3808440131
1455747304 3481591003 5198346937 7224190636
919103393 2029391779 3348748141 4459036527
1008429154 1409053598 2865725333 3266349777
312678119 1831903417 2119354761 3638580059
54466910 639326671 960468222 1545327983
1409631390 2969761570 3557759361 5117889541
2140685865 3691291403 3950032287 5500637825
1372341903 3351943410 3765874178 5745475685
2127310383 3230315206 3500748287 4603753110
1838195952 2598813020 3297235079 4057852147
838078583 906959307 1483741417 1552622141
407350869 1395334987 3082405482 4070389600
1726707230 3723120502 5810815440 7807228712
1035895317 1197503060 2656939647 2818547390
1323346660 1539421313 3583717660 3799792313
1644488210 3270194254 4727137132 6352843176
85002353 1703910614 2563975381 4182883642
343743236 1187509753 1879692379 2723458896
757674003 1581267255 3376454703 4200047955
1028107083 1542412639 1950733506 2465039062
1726529142 3078913282 3556114872 4908499012
155827603 1915562612 3380748319 5140483328
1842898097 3181856688 4495972018 5834930609
1783109386 2010479646 3486202719 3713572979
1095062325 2645779245 4337576970 5888293890
991875023 2039596506 3209616626 4257338109
301334253 1434058089 2075502822 3208226658
1161399019 2637866091 4123077340 5599544412
1853581644 1940239072 2101559924 2188217352
1501285443 2616049954 3291676362 4406440873
1909606309 2603416314 4631426861 5325236866
239324251 1088961859 2729223766 3578861374
1704509957 2249562014 3081298863 3626350920
871141639 1051819435 2110926544 2291604340
199381063 1475121184 1937461564 3213201685
1891178787 2011310283 3521372145 3641503641
913715259 1335181008 1830483057 2251948806
1555159991 3138024760 5109793881 6692658650
892887591 2181850356 4240276904 5529239669
1054208442 1696973003 2722680413 3365444974
1729834849 2134722071 3854239486 4259126708
1610361747 2254573220 2676244594 3320456067
1103140005 1304377788 2271101219 2472339002
1934876854 3007256276 4154657502 5227036924
846500314 2118260799 2393918497 3665678982
1308840693 2324296317 2720085510 3735541134
671418907 2600589790 3417844732 5347015615
1166720955 2503568181 2756204243 4093051469
991006427 1073257596 2614856422 2697107591
901949326 2038408938 2075288676 3211748288
1927656736 2646467549 3088234509 3807045322
1499690502 1681379415 2767357847 2949046760
1921361875 3206190793 4493407007 5778235925
740601657 1812823781 2024935768 3097157892
1888002882 3806725320 5290597791 7209320229
16176931 1096256415 1448100862 2528180346
411966124 2163464515 2296996196 4048494587
1229221065 1999956763 3470335670 4241071368
1481857126 3243599252 4796229327 6557971453
875972303 1392180107 1933786145 2449993949
912852041 1209232933 2469649784 2766030676
1354619000 3150690394 4592796157 6388867551
293113783 1863063405 2442514437 4012464059
1580329997 1743397628 3395070784 3558138415
1792441983 3843512497 5266424442 7317494956
1128830806 3196078251 3551586031 5618833476
1480675252 1812405173 3919411343 4251141264
1614206932 3175157918 3905416138 5466367124
937102190 1832426654 2176943351 3072267815
342248617 2113545385 2974269885 4745566653
883854654 1420519815 2577625207 3114290368
2144271504 4035555665 4841248802 6732532963
1438893618 1475807914 1703967024 1740881320
2018344650 3635588943 4026815684 5644059977
1522534157 2784736786 3079550392 4341753021
797962453 1041512240 1256089642 1499639429
1153470233 2877695272 3424002595 5148227634
1112992754 2303941077 4411199385 5602147708
1843250973 3971301487 4826400611 6954451125
40284021 363099504 842011747 1164827230
901008521 2107678658 3123256061 4329926198
2058113912 3261571906 4020949821 5224407815
716323400 1211191364 2007483574 2502351538
944482510 1310211476 1576264331 1941993297
1335709250 3223972373 4752227856 6640490979
1630522855 2169264784 3941070053 4479811982
1845100256 3537312418 4885859077 6578071239
243923930 901645198 1293656531 1951377799
203698590 557187184 929765382 1283253976
1058797713 1452570328 2147964008 2541736623
1537709955 2832491091 4734554908 6029336044
405803709 1611215109 2569253271 3774664671
1165181623 3086916424 4539822549 6461557350
1961473832 2680207495 4498842586 5217576249
80043038 2134485951 3693900516 5748343429
1608298520 3145780640 5243937133 6781419253
1232620140 2467718868 4110603874 5345702602
433683150 1912705809 2065828435 3544851094
825694483 2508415732 3015026951 4697748200
1198272680 1792307994 2692691827 3286727141
1893666360 4025411629 4073092950 6204838219
1648246528 2038311858 3291404578 3681469908
458801041 2014047994 3041391866 4596638819
1911707165 3280944302 5027021836 6396258973
1582858607 3032138783 4685175581 6134455757
994789524 1904884572 2947919841 3858014889
945462368 3088177557 3218827906 5361543095
440863726 869778417 2479451424 2908366115
593986351 1848595525 2993506132 4248115306
1100597569 1405995776 3144941696 3450339903
2000981401 2052562320 3775769860 3827350779
2048662721 3748490168 5861763037 7561590484
1154271793 1165416633 2686452806 2697597646
34132016 1956984021 2699773682 4622625687
1780209550 3138436515 3183022703 4541249668
1285762699 1491295540 2445976776 2651509617
181314320 1332309529 2282222305 3433217514
311964668 1903823603 3282651069 4874510004
1921637674 1959999312 2445952304 2484313942
919064632 2058023839 2849375037 3988334244
510526903 1502983864 2345915980 3338372941
86250794 979886828 1375162742 2268798776
52040014 2099947841 2506368594 4554276421
1573076186 3655116030 3836905139 5918944983
168382198 1883147944 3423164017 5137929763
212968386 1066013183 2811562096 3664606893
1167649621 2202008738 2951069212 3985428329
2117562396 3463886181 3657321941 5003645726
1348906213 2469384024 2701181422 3821659233
1834859204 3874401647 5245158251 7284700694
478726753 881312451 1097042367 1499628065
1321658868 1810495360 2919861310 3408697802
1716934781 2257811287 3267601415 3808477921
2123355533 4237308225 5181654548 7295607240
157660994 292512237 804140657 938991900
1697677066 2045496695 3410169912 3757989541
1295742331 2811211581 3062760266 4578229516
2044802804 3530350802 5128223272 6613771270
90754915 777725478 1348592110 2035562673
322552312 696898432 1159823859 1534169979
1693308916 2546381789 3411892913 4264965786
1909038831 1936286925 3290634541 3317882635
870921132 2615104007 4510328128 6254511003
1880711260 3600766021 5462459186 7182513947
677573934 2555289689 4551834096 6429549851
1189202354 2617111527 2813991914 4241901087
406391922 982559778 2694909414 3271077270
657940606 1131427618 2181841603 2655328615
108329427 672571355 2409955902 2974197830
679196059 1565990299 3677720965 4564515205
1142121485 1574740993 2392060884 2824680392
2007632608 2201807300 3046375284 3240549976
1214496575 2279592399 2720859609 3785955433
962237048 1760560484 1774398806 2572722242
676446564 2152343935 4043898011 5519795382
525507322 1043123399 2215103000 2732719077
722387708 1646395707 3394543163 4318551162
287253695 1869202300 1943353120 3525301725
1337667679 3027945712 3666338459 5356616492
927568577 1149559021 2674746007 2896736451
891815595 2255927524 4213734018 5577845947
1709135485 2933396374 2937893911 4162154800
406219820 697493637 1767086997 2058360814
847487029 2100997894 3968914690 5222425555
861325351 2791282780 3987613298 5917570727
605395778 913376881 2627323475 2935304578
1777375378 2807744189 3298215133 4328583944
1378039186 2695661692 4768081240 6085703746
1452190005 1959996542 3575210474 4083017011
2090582751 3525957865 5363162240 6798537354
1468286088 1647993149 2701825804 2881532865
1278608933 3167451479 3298061375 5186903921
1283106469 1430685187 1852568899 2000147617
205216181 1200281929 2875676505 3870742253
2073132976 3929524075 5387392431 7243783530
1121979845 1436283074 3202132532 3516435761
688442790 2780121398 3428856018 5520534626
1178913733 2501147879 4467505004 5789739150
1103849632 1730790135 2057470148 2684410651
571579916 1141619522 2903674648 3473714254
261300642 2299626336 4241388523 6279714217
1315133297 2484584277 4167705361 5337156341
1445743192 1750816993 3581516795 3886590596
1867626903 2377916885 3056198786 3566488768
1395537830 1831477140 2218666491 2654605801
705922537 2263841692 2965334271 4523253426
324288346 423166643 1068854181 1167732478
973022965 2250814995 4218736678 5496528708
791896441 1026054456 1473432993 1707591008
1118576453 1924314384 2941732526 3747470457
733147930 1800186503 2708446691 3775485264
527426468 762114690 2839825857 3074514079
63063904 1743495318 1978796637 3659228051
1893763705 3294338374 4039929675 5440504344
424561957 1073190808 2254721418 2903350269
811751307 2166302695 2758268812 4112820200
1513243885 3192083619 3882928032 5561767766
11447775 515826826 2484463269 2988842320
1979369457 3275644949 3330955758 4627231250
279264346 546632643 1407681382 1675049679
1296682487 2297198715 4225286026 5225802254
57459026 1585401722 1600693607 3128636303
2135170192 3726176792 5421900090 7012906690
222987863 1560274520 2509088839 3846375496
968579163 2730427777 4327870946 6089719560
2626124 428742397 1233253306 1659369579
594592240 2533952399 2869819393 4809179552
1285436653 3236244587 4076490632 6027298566
1106589447 2889283190 5025804726 6808498469
1161900255 3223858344 3480264529 5542222618
2022948993 3234105922 4491028334 5702185263
1803552655 3072168610 3709550069 4978166024
1818844539 3075147039 3156051450 4412353950
1367084189 2846374552 4264565619 5743855982
168414859 468800737 1501356770 1801742648
1765858027 2068870029 3527542334 3830554336
422885287 1320489530 2571038345 3468642588
758752281 794309529 1848182629 1883739877
1598998325 2741145020 3430228215 4572374910
1588036212 1744599514 2348157149 2504720451
1844442396 1876471043 3691185606 3723214253
953881159 2789462461 3725309331 5560890633
1591262618 3098204812 3142870533 4649812727
1672167028 2398709763 3922665846 4649208581
942874446 1837832040 3662174000 4557131594
1975430478 2488762451 4616116412 5129448385
1286619135 2222836396 3100310951 4036528212
389684301 2084653843 2997685645 4692655187
1443557401 2590041620 4645220116 5791704335
2132640595 2719677378 2783935527 3370972310
588714581 872710113 968996908 1252992440
255945496 1493822187 3425690284 4663566975
1191792365 1873448026 3164774668 3846430329
1236458085 1442797126 3460666502 3667005543
612930519 1762144007 2527487328 3676700816
289788830 1266949148 2545624441 3522784759
269659142 385954947 453363852 569659657
1147133697 1653113804 3415492250 3921472357
2060165498 4009703006 4771082022 6720619530
1967860346 3902554801 5250970600 7185665055
2032118494 2408043882 4040455212 4416380600
2128405289 2760276173 3483080545 4114951429
1912789737 3736452986 5140913019 6964576268
1056632730 1969270416 3580069489 4492707175
927018457 2452586662 3065115574 4590683779
1692361777 3507718812 5097408042 6912765077
823553421 2908569599 4614554633 6699570811
890962326 1975628553 2040110045 3124776272
505857123 1503205200 3517224199 4514572276
1267236139 2084960914 3886190719 4703915494
468168289 1170527911 1200199456 1902559078
2100579618 2783860881 3445403309 4128684572
675900341 1124487693 1462209722 1910797074
2080360373 3585580455 4835940169 6341160251
1543675798 1828430689 2456874960 2741629851
8721061 1985837729 2282155386 4259272054
1598410290 2251596731 2485446917 3138633358
1156911676 2701060443 4019576855 5563725622
1221393167 3271399058 3439779899 5489785790
1087928518 2257686900 3243792515 4413550897
741674674 2379601345 4068066581 5705993252
771346218 2362368859 2586631709 4177654350
1432888646 1552327980 2225178181 2344617515
1770610674 1822926734 1853513368 1905829428
873486739 2469478597 2784820121 4380811979
1501931009 3106643928 3251618471 4856331390
1798248666 2853888228 3652049212 4707688774
2032098851 2097166441 2291992543 2357060133
1203131615 2489592372 2586940716 3873401473
1371512455 1598418082 2865524807 3092430434
210134421 1178714723 1936264470 2904844772
1898599657 3638526177 3839614916 5579541436
2122862506 3148194024 3468722097 4494053615
648229059 1296687603 1669531735 2317990279
678815692 2200760976 4169596965 5691542249
994157216 1870549861 3296615120 4173007765
1139131758 1666289421 2000510593 2527668256
1937292741 2349065608 2748354369 3160127236
2132118843 3747023325 5432772843 7047677325
81983538 920916827 2833571971 3672505260
1349090263 2398157973 3131909770 4180977480
2106640009 2906823728 3233018397 4033202116
160245100 935807678 2287333864 3062896442
480773172 1904564809 3904549539 5328341176
853617303 2956224632 4330670997 6433278326
674969643 1624250540 1727605901 2676886798
2101034901 4189447557 4819960581 6908373237
287772425 2165994174 3208280064 5086501813
687061185 2549918129 3059624852 4922481796
225327054 2170167537 3518807548 5463648031
2137982198 3284429296 3534653368 4681100466
724250346 1829853805 2880261596 3985865055
1050445014 2316293573 4142263941 5408112500
254487552 2001109283 3103387639 4850009370
106988633 559744019 1617146055 2069901441
1481434997 2609160026 4615842959 5743567988
1584790357 2666066640 4613678580 5694954863
67819732 1436868440 3115218480 4484267188
1110105621 3166215514 4559938850 6616048743
1619812343 1753765643 2944845813 3078799113
820968705 945420555 1135464174 1259916024
1071192777 1919894973 3215542050 4064244246
2121600567 4020747778 4434759766 6333906977
1800087286 1806238401 1819388471 1825539586
754881993 868021741 1333927197 1447066945
1812284028 3406858773 5000489257 6595064002
1671483312 2703364766 3230787884 4262669338
1471611603 2571312790 4467784615 5567485802
1002477995 1064801155 2869899225 2932222385
248717682 1930853186 3869904555 5552040059
1439797851 1795418412 3858921630 4214542191
1629841469 3056654807 3821376572 5248189910
778004897 2178935154 2695320481 4096250738
1192016884 2245550779 2768087220 3821621115
1205166954 3013582842 3649259030 5457674918
1671072409 3144288678 3227055962 4700272231
1117219244 2114435177 3229083915 4226299848
1644642362 1965986251 2032852527 2354196416
1393630538 2717452422 2846641857 4170463741
1051244959 2623784525 4435109463 6007649029
842812679 1707666448 1727128299 2591982068
758832248 1106043838 2552319026 2899530616
1523554013 2648770500 3348492297 4473708784
2039939339 2209689063 3962944754 4132694478
414992132 1789908810 3204096741 4579013419
1050668319 1949173758 2689094309 3587599748
1133435603 3149160286 4886296769 6902021452
100600692 1613484089 3671964460 5184847857
167466967 926497255 2161315861 2920346149
296656401 2106931648 2766806171 4577081418
2107981339 2613585618 4138313909 4643918188
2127443189 3391879716 5263819596 6528256123
1426234728 2066741620 2916414339 3556921231
2125956524 2658919108 3678341550 4211304134
1731728567 2679683283 2926538754 3874493470
998432849 2997055884 4142416793 6141039828
1738353399 2722928389 3736530332 4721105322
1328006233 2413181915 2792183607 3877359289
1239002956 2491645605 3629677584 4882320233
326337913 1875636964 2676460541 4225759592
986212436 2496009178 3802437033 5312233775
363457078 1853213361 2276594095 3766350378
87913310 856420673 1920308298 2688815661
937586028 1684566268 3281416476 4028396716
1957008469 2288233628 2685554903 3016780062
56380291 1386038299 1634498961 2964156969
1201741199 2122268958 3355304609 4275832368
67859493 168909837 339637522 440687866
446861184 1786914484 3210284817 4550338117
1584893162 3251284376 4076470111 5742861325
238233091 743353093 930851921 1435971923
1544660945 2413238025 4090493135 4959070215
1968041678 2924532068 3222810893 4179301283
884445655 2778522073 3823781137 5717857555
333812214 2037413453 3413897675 5117498914
731133489 2491115019 3049773600 4809755130
979594150 1793833231 3273019570 4087258651
65146152 947244727 2527481409 3409579984
235873836 1564833595 2337639929 3666599688
1659244169 2425613443 2717327342 3483696616
336946255 1341548620 2138382520 3142984885
524445083 926224745 2591635724 2993415386
54216544 276554237 750971958 973309651
352495368 1459278716 1680289206 2787072554
1397754431 2838349993 4762961722 6203557284
626755004 651000407 2188110017 2212355420
1185413584 2189253137 2393118180 3396957733
517116274 1586101980 2672065597 3741051303
2097352956 3402212498 3669652225 4974511767
722675641 1539295704 2573104704 3389724767
1014389539 2167955858 4206367222 5359933541
1811223438 3489234840 3781942218 5459953620
1329150768 3061378714 3576423784 5308651730
1803568488 3888291803 5510120220 7594843535
2024578978 3359573076 4274513406 5609507504
1801707058 3763456161 4702641894 6664390997
1191333019 2191012058 4134037343 5133716382
1395198061 2911993375 3776520717 5293316031
333678029 1800342651 1822245887 3288910509
601117756 642974371 1481497669 1523354284
1634926755 2691172909 4683262525 5739508679
1525854471 2245840415 3768457784 4488443728
1818561848 3867698560 4975060227 7024196939
186123269 1891344822 2935946155 4641167708
1807951685 3390268568 3622380350 5204697233
575408366 1811948659 1858325895 3094866188
1514594098 1794983762 2841040037 3121429701
1310135735 2985723461 3401091401 5076679127
27179428 2036445183 3918477744 5927743499
49082663 511982526 2435871701 2898771564
887605961 2985432580 3818084260 5915910879
732211928 2208409370 3761046993 5237244435
107345649 1254621291 2708911977 3856187619
1214707315 2548106226 3560134816 4893533727
111824999 1105691947 1552553771 2546420719
343936780 1913212094 3596614210 5165889524
390314016 1326699781 3290491561 4226877326
1436370290 1535408142 3027303999 3126341851
1851738229 1977955509 3331633472 3457850752
1586287141 1761587085 3578164911 3753464855
1362692667 2425598572 4192519368 5255425273
47860698 1842978531 2938613120 4733730953
1600498320 3502961802 3598388384 5500851866
907305357 1876992506 3305817998 4275505147
1919333947 3000846095 3276054886 4357567034
218712122 1644161051 3488645155 4914094084
1902114238 3717877183 4351263403 6167026348
1718422369 2823071956 3555496027 4660145614
1062834577 1871738745 2730380096 3539284264
269028891 516736552 1550677846 1798385507
2085606716 3696007044 5792854242 7403254570
1705043863 3363304889 5107786271 6766047297
653194803 1764470501 3263931717 4375207415
748621384 2767202439 3088867155 5107448210
29963227 1820394581 3223571445 5014002799
305172017 2314315494 2995457638 5004601115
2172473 1765946540 2115367980 3879142047
635558692 1970271480 3424342506 4759055294
1367982763 1618046480 1733538025 1983601742
79140465 598233073 961432278 1480524886
1113081758 1570297435 3543896967 4001112644
1062445307 1077221199 2561598108 2576374000
659443040 1327413736 1775582694 2443553390
11420607 1428012687 1747279051 3163871131
333085323 1779640631 3889338349 5335893657
1736262186 3487989511 5459347057 7211074382
269920681 2023820479 3611468443 5365368241
619342120 861316963 1636194066 1878168909
2073413145 3683370751 4708311570 6318269176
41421041 1730519112 3274552538 4963650609
404620245 1059316426 3060565528 3715261709
230736128 1947877616 3963902610 5681044098
1715113036 1944213916 2480725957 2709826837
15798345 256319833 2209423953 2449945441
335064708 908671519 2160847298 2734454109
297278777 459664126 1316083582 1478468931
121152674 553458704 1016294309 1448600339
1708800637 2760448787 3465259234 4516907384
336194091 1313771738 1481056142 2458633789
1361134909 2380133597 4236516071 5255514759
757684687 2181303620 2544898626 3968517559
611450140 2265805201 4346541694 6000896755
479991485 1701975934 1864329659 3086314108
1016503525 2254286319 2657161531 3894944325
822123997 2394971499 3371453521 4944301023
2074299775 3944426055 5083293425 6953419705
783235582 2774514536 4345687935 6336966889
1246071187 2798667131 3274005031 4826600975
1950881633 3839671668 5292587214 7181377249
2118166037 3220607334 3545037919 4647479216
1827064862 3687190846 5435240363 7295366347
43176220 367268696 1622189625 1946282101
2123912712 2927996674 3257418403 4061502365
138782788 1959370275 3526574797 5347162284
541657999 1036885835 2029454210 2524682046
1518140020 1940183984 2655394990 3077438954
509523741 1714803287 2273809599 3479089145
2080697139 2384564224 4496166479 4800033564
408551390 515816461 2368725102 2475990173
1861466935 1939414395 2747280684 2825228144
38413871 1943426193 2463934817 4368947139
1786463387 3734651929 4579253029 6527441571
893900667 2818518274 4467203335 6391820942
1223322395 3286722790 4608511689 6671912084
643043268 1100618015 2917634750 3375209497
1635611643 3611326410 3702903460 5678618227
203339000 541093861 1837950456 2175705317
762345311 1033313663 2634037343 2905005695
726463917 1405983660 3113972410 3793492153
431888910 825391940 2611328149 3004831179
1239755198 1671672100 3215136982 3647053884
1760263822 1831160463 3175330239 3246226880
457381273 1422178582 2543482316 3508279625
2106066333 2146702389 3183922869 3224558925
1280371583 1964050908 3458846134 4142525459
949904669 1121711989 2444738334 2616545654
1041481718 1416628038 3077409243 3452555563
190854665 1328346297 3260095853 4397587485
1791578344 3655533893 4119319543 5983275092
1352083445 1500444256 2357732936 2506093747
990536005 2378652015 3667857596 5055973606
386517238 1387413422 2747515643 3748411827
1730687013 3188964470 3366380351 4824657808
704507098 2121367240 2339419177 3756279319
1741727578 2291475655 3193206916 3742954993
1089039155 2588691902 3662230482 5161883229
264581851 658232668 2106917567 2500568384
1925363055 2509868537 2948561419 3533066901
1709628963 1938229141 2093393924 2321994102
25930964 1606614587 1910140180 3490823803
883219643 1306955623 2998597225 3422333205
24941575 835194794 1380248931 2190502150
1385043796 1778500380 3781831973 4175288557
1562459676 2660423359 3933131445 5031095128
1780511612 2472719225 4295175388 4987383001
534759224 2316005992 3490631253 5271878021
1608297803 3654126423 5222402500 7268231120
909499054 2733207081 2738504992 4562213019
1348191935 2734045277 2967943365 4353796707
1503356717 2915141024 4729722735 6141507042
1806882310 1954402612 2045236654 2192756956
1351040263 1523502141 2424589401 2597051279
1896094400 3453600074 4748143918 6305649592
1751942344 2724424046 2969447924 3941929626
877166782 1482676449 2419907939 3025417606
552139296 1692408187 2263402796 3403671687
1726764556 2327847603 2797187183 3398270230
1147556984 2658139085 2803703044 4314285145
1152854894 1864145282 3395562582 4106852970
1386752982 1453916440 2249634398 2316797856
1053851044 2927896812 3871135072 5745180840
1144685085 2222287468 3337987605 4415589988
2045772345 2871985480 3397707642 4223920777
1192832540 1623504372 3121708235 3552380067
1437856417 2745695031 4849408560 6157247174
227604258 2087582168 3184080940 5044058850
798598866 2237857684 3935439502 5374698320
1267938446 1707270600 2767950870 3207283024
1413502404 3005689453 4777660110 6369847159
797436055 1628892438 3468026552 4299482935
1593154013 3478461440 5044157673 6929465100
388908624 1271417488 1767232456 2649741320
1504608760 2285406321 3607434423 4388231984
2030330921 4003961022 5756660955 7730291056
1381051135 2645054005 3558108903 4822111773
1337281016 2828888144 3454437303 4946044431
286296139 429018486 2493826462 2636548809
1983877956 3394538749 3751195231 5161856024
897074577 1573754126 3522597656 4199277205
521561585 1995677189 2628493453 4102609057
213212051 1132998020 1503638062 2423424031
1778908283 3087602876 4340751781 5649446374
127239602 793059307 2827005773 3492825478
1449267704 1997934682 3858027600 4406694578
1054483988 2984202102 3960814242 5890532356
1967538886 3087054368 3407789987 4527305469
445604396 1851416017 2314873982 3720685603
362928724 1605134653 3479253410 4721459339
719585205 2858865711 3262180368 5401460874
520945086 1034303529 2911733790 3425092233
1153761349 1880331843 2530064424 3256634918
1524401390 1882396520 3840823694 4198818824
630066646 1115301378 1592064608 2077299340
516529463 2451031899 3476462107 5410964543
229138733 1070641510 1878306183 2719808960
1205750872 1867308887 3794489041 4456047056
1526486490 2633648901 3819157027 4926319438
1989944455 3460035590 3740265996 5210357131
1716579563 1758772255 2030799518 2072992210
2119894220 2683031998 3468417703 4031555481
1849840832 3566739959 5078696158 6795595285
352089764 1445906633 3315857961 4409674830
163033289 1886916805 2094619216 3818502732
639796519 732725850 2874930697 2967860028
1665226726 1987294790 2823518765 3145586829
325407750 1853226686 3351008675 4878827611
105104255 1011926034 1469386785 2376208564
1290612380 2039894966 3967446852 4716729438
1570842785 1889221286 3858965863 4177344364
1842870047 2133659120 2519057827 2809846900
480772103 2621402008 4723699841 6864329746
1992728301 2337964323 3386595377 3731831399
1715195980 2223465291 2848496212 3356765523
1922898391 3070964221 3788924472 4936990302
1917619589 2583428497 3623456812 4289265720
606359915 1597576573 2017940175 3009156833
2104141903 3200462816 4527648196 5623969109
414119005 653568650 2730036615 2969486260
194187242 2004479672 2251842490 4062134920
16448171 1522127000 2060278890 3565957719
401846877 2388297810 2919595957 4906046890
356661061 2188356647 3064890815 4896586401
1405292114 2804700033 4189503511 5588911430
2030323034 3205145696 3590531356 4765354018
600799637 1545758240 2596952807 3541911410
1640827951 3192146469 5234557694 6785876212
2061191552 3569168325 4560416814 6068393587
1240893284 3162989062 4393687196 6315782974
1169877600 3286160621 4179667536 6295950557
1417240417 3549971609 3801673705 5934404897
1955392307 2342486728 2433156108 2820250529
339206805 1082962287 3005327252 3749082734
1215740972 1217304921 2391594156 2393158105
453060801 2484947784 2686576032 4718463015
838446460 1323649432 2470236282 2955439254
1889641027 4015671950 4566093669 6692124592
1784568603 3824307431 5882705922 7922444750
628333443 1761481907 3594492528 4727640992
1859031576 2014573992 3816383985 3971926401
605054843 2177837677 3964895213 5537678047
856756938 2237448431 2264116739 3644808232
947426317 2667324615 3437748404 5157646702
722307633 1510463255 2282450992 3070606614
1896596868 3137813291 3794204363 5035420786
2098225115 4177887999 5319482042 7399144926
1097328317 2919148580 4039289898 5861110161
1647750035 3106655253 4119051750 5577956968
1558664878 3645903539 5791448499 7878687160
1244191850 3042978440 3196582167 4995368757
898518194 1154875979 2881262539 3137620324
538092081 1651206804 2610801208 3723915931
564760388 2625301428 3157310481 5217851521
1335184176 1970549201 3290713875 3926078900
2107171913 2491650158 2905547607 3290025852
616079336 951299049 1297375733 1632595446
1757673378 3190221408 3210634706 4643182736
730331047 1663145464 3142463979 4075278396
1742727543 2086723190 3505796717 3849792364
1740788854 3328976351 4399352819 5987540316
1894392581 2233614624 3560348876 3899570919
1473295492 2350609616 2642974942 3520289066
285406248 1727480760 1932903477 3374977989
817415300 1447190341 2287978083 2917753124
2137579974 2727043280 3952309266 4541772572
403993774 1609536416 3170022114 4375564756
750070457 1565802829 2411352908 3227085280
770483754 2316547174 4094911670 5640975090
102318620 1243625935 3365986077 4507293392
1521392146 2256004668 3819068659 4553681181
444284966 925806421 2828092454 3309613909
1771019217 3725836164 4357952673 6312769620
2063384543 2156124090 4230315110 4323054657
121323611 1031478459 1587960871 2498115719
962111352 1862362526 3008308243 3908559417
39893690 1344138638 1548143348 2852388296
1600379387 3654694792 4674431874 6728747279
298445818 975761329 1394078182 2071393693
2076810313 2856444444 4416068611 5195702742
2051686806 2205229435 2351982475 2505525104
1467267148 2065094743 2693369237 3291196832
1222069533 1443432698 1879040491 2100403656
1854186041 1991450101 2519797440 2657061500
1780893412 2039481083 3477983269 3736570940
189892176 1410591200 1601860911 2822559935
1335837892 2596430606 4091945264 5352537978
1539842602 2253331055 3655677469 4369165922
412096035 1424030306 3503692230 4515626501
830412887 1771673823 2483486229 3424747165
242553405 1088017500 1953372535 2798836630
389306445 554554040 2017736669 2182984264
1017580938 2404898066 4089443859 5476760987
1453188730 2547208251 4369018103 5463037624
1981536069 2708965355 4789362878 5516792164
1272554606 2189876068 3343488966 4260810428
1463824317 1569500023 1836221986 1941897692
811855326 2457373634 3437584049 5083102357
66718092 2124332435 4116477121 6174091464
2146380015 2886923597 3672845570 4413389152
710708773 1693805761 3325191828 4308288816
1576063807 2948467240 4745100902 6117504335
891762787 1134263510 2170730651 2413231374
428824932 2124514386 4255001048 5950690502
103151135 1632893010 2343325309 3873067184
36065009 690877842 2318631602 2973444435
1189677906 3308315056 5041744521 7160381671
1456399868 2239408697 3470872822 4253881651
289126635 1138853556 2280448375 3130175296
133787672 982410960 2864549361 3713172649
919709644 2479041705 3196793445 4756125506
403612063 1391524283 3481679455 4469591675
52762076 1932437084 2117609330 3997284338
1089229216 1250245508 3131107207 3292123499
1072232229 1336399656 2599519581 2863687008
1782664527 2082896964 4000829722 4301062159
1262934638 2752844981 4641931240 6131841583
848880455 1647707019 2172318458 2971145022
2080344579 3168297778 4542636137 5630589336
1074455749 2296196620 2371674619 3593415490
809110501 2950561016 4585371075 6726821590
1526862240 1924441170 2399679801 2797258731
1469533763 1919874769 2127304759 2577645765
1654706009 3194276232 3562722513 5102292736
1388084059 1852402863 2485016570 2949335374
503720336 603220020 1536066163 1635565847
274169445 1636603767 1911876605 3274310927
15772055 79603184 1153702585 1217533714
540383494 2684559202 2699128153 4843303861
1914721852 2985869662 4222179483 5293327293
1990199850 3870458161 5100734848 6980993159
1477526261 2737163165 4365018782 5624655686
1952764891 2534451910 4612648532 5194335551
12711232 101620612 1571903808 1660813188
381157512 1858150952 3792752952 5269746392
1013771218 2994484994 5028586677 7009300453
1946617361 2054016934 3303069290 3410468863
74406550 197578178 1510461663 1633633291
1148505950 1812061072 3121636616 3785191738
1163074900 1593868227 1827107932 2257901259
251901072 525410601 2638908617 2912418146
1482177758 3233213548 4458864819 6209900609
962549726 2518866759 4326205048 5882522081
893262700 2462290965 4358538634 5927566899
216062247 2166248024 3392005484 5342191261
3180598 819653946 1878641533 2695114881
2037282280 2652889341 3819276500 4434883561
1138850988 1828864599 3118423385 3808436996
304250824 2142770385 4095884293 5934403854
1613826367 2467937180 2704360766 3558471579
1847066072 2953077957 3463011071 4569022956
1813080439 2253786434 2367271690 2807977685
891248061 2294503783 3964306071 5367561793
551102701 700137475 1791484380 1940519154
299866721 664963742 1559012775 1924109796
1525624180 1893901800 3604424180 3972701800
437128118 695204370 873850162 1131926414
1603515276 3000442516 3869101918 5266029158
745590414 2446768478 3006463792 4707641856
551220673 1718741457 3132547583 4300068367
787644258 1654747466 2027081828 2894185036
1297577371 1830277370 2643317727 3176017726
1411062626 2835010686 2903823116 4327771176
933381266 2908432027 3126279230 5101329991
2024728170 2152162005 2735106228 2862540063
771293554 2424351569 3375573411 5028631426
334332286 2424518420 3633816514 5724002648
512978077 2059195839 2517937524 4064155286
1381637479 1525962007 1538398108 1682722636
1941332792 2636877993 3816834877 4512380078
1207655270 2690844729 4737904820 6221094279
1579989631 2213272814 2645549255 3278832438
245546339 2289892148 4146116648 6190462457
314358768 1144602195 2828393807 3658637234
532205970 1239693919 3050919365 3758407314
1115150193 2593931697 3910731510 5389513014
2066372034 3879485824 5138988122 6952101912
1128186479 1306794698 1965031109 2143639328
1586928164 3147173862 3949734801 5509980499
1599364264 2953459107 4451565246 5805660089
631837499 1046103964 1879915914 2294182379
531413941 2525670037 3992765169 5987021265
963690381 1056009169 2419966461 2512285249
672431232 1079108788 1125825859 1532503415
208739195 1147622722 1901827741 2840711268
2019964641 4073998361 4159501235 6213534955
1189280805 3162202911 5060819574 7033741680
301299454 1254924392 3332149274 4285774212
959535864 1352605318 2842592249 3235661703
1762096802 3754530520 4451128645 6443562363
1112719293 1589506862 2700371451 3177159020
1946531242 2954732752 3912369789 4920571299
1266142725 3238034616 4287990440 6259882331
482616368 979455843 2436089222 2932928697
529333438 1234912108 1482945365 2188524035
1283538457 1861598120 2016181448 2594241111
1369041330 3136381798 5263887232 7031227700
1120174345 3188814267 4122460990 6191100912
1049915578 1930607717 3257323893 4138016032
392418860 887724153 2059390398 2554695691
1089016985 2697041571 4345495384 5953519970
52397925 1459470105 1968641779 3375713959
1010034961 1535766218 1869346134 2395077391
2059990784 3068338410 3898757800 4907105426
1369140515 2906821579 4442819638 5980500702
1617173771 2290909644 4404967366 5078703239
1771757099 3814534303 5548448844 7591226048
1751778884 2767246785 4422317600 5437785501
537941958 2603325437 2991604742 5056988221
1864658133 2174976824 3058561421 3368880112
888840729 2288176405 2632301940 4031637616
389810893 1841544495 3592742209 5044475811
898982566 1213267481 1342712804 1656997719
1232562481 1459354533 2597147481 2823939533
2062981870 3658914437 4186904800 5782837367
1451496280 2517118970 3718845206 4784467896
1418070353 2107966494 3204986285 3894882426
1004501246 1298692623 3411180314 3705371691
512088412 1344221747 3374609268 4206742603
900367716 1449675536 1642898099 2192205919
1783952312 3222100861 4814659100 6252807649
2128077846 3956037288 4852845480 6680804922
1731791912 2311250272 3522343378 4101801738
1861237234 3673258075 5111143232 6923164073
851546533 2579065596 3465399671 5192918734
1379536895 2411068591 4363025356 5394557052
433779482 735897883 1230267140 1532385541
1530799272 2837418919 3625979553 4932599200
1495803314 3314511373 4935205341 6753913400
1378707186 1950299313 1972817453 2544409580
1571929749 1779990541 3240657229 3448718021
1017004339 1205659329 2346801811 2535456801
1913812530 3834259432 5554860273 7475307175
977421987 2611622475 3996760509 5630960997
267823496 606086869 1571260317 1909523690
1154157570 2871957839 4868662982 6586463251
958630686 962726789 1114066685 1118162788
1452999943 2987895319 4445854861 5980750237
94076928 977291970 2106475923 2989690965
1714770895 1829209476 3529985555 3644424136
1737289034 3423657364 5332494234 7018862564
1050472074 1606361095 3703852955 4259741976
44130907 366348810 2236803923 2559021826
1764731747 3064371637 4421543590 5721183480
1002386132 2569849518 4265284843 5832748229
1967559580 2541696889 3807448834 4381586143
1816781074 3349549069 4619397117 6152165112
1968120969 2806405259 3463665034 4301949324
1278596863 2210958081 3751432897 4683794115
260297167 759945633 2414859029 2914507495
1961073245 2050527097 3244325174 3333779026
1722426467 2862352393 4612039490 5751965416
1672434678 2856491511 4928396510 6112453343
1395406142 2196711075 3420772316 4222077249
605094446 2408785511 3052826489 4856517554
153046123 1776813120 2994991406 4618758403
1418798067 2711862491 3315325124 4608389548
541162466 1654864211 3096611133 4210312878
1198422240 1443237200 1669861692 1914676652
591413408 1096525535 1822798492 2327910619
98843155 417544880 1233271688 1551973413
1292641232 3333769424 5289422158 7330550350
894844680 2460923902 3453149820 5019229042
819266031 1633267747 3426798597 4240800313
2043327271 3462423434 4912161701 6331257864
539884600 2112026886 3038048501 4610190787
1758062886 2601519591 2673121981 3516578686
214041870 1598661042 2783965177 4168584349
1655788791 2091346555 3521465649 3957023413
1882413282 2909384454 4844615675 5871586847
461202590 1587016918 1693466215 2819280543
1276929398 1547901310 1547995150 1818967062
1085098483 2250915075 3817088136 4982904728
2077324400 4062407023 4295098151 6280180774
1723371602 3604297848 5256085138 7137011384
1025626220 1298953419 2375399346 2648726545
1951647834 3983037919 5902940551 7934330636
2023250224 2121198531 3278236686 3376184993
1061070710 2814807808 4407403726 6161140824
343706155 1832372888 2304456330 3793123063
131453727 2081323050 3679220819 5629090142
237903023 1317218096 3186087776 4265402849
237996862 254926770 1142129393 1159059301
1804169922 3898424231 4623225829 6717480138
2036861050 3707003313 4165247508 5835389771
1541164691 2089449526 2821020919 3369305754
470126970 822575991 1438053820 1790502841
242545953 470761550 1184187685 1412403282
1399584107 2688870414 3008549999 4297836306
844696376 2477688839 4286035156 5919027619
1316779817 3081226007 4691957998 6456404188
767193937 2769543151 3312106567 5314455781
488579968 581442396 1140935719 1233798147
1375782591 3272814942 3779078925 5676111276
2100584188 3886993941 3915916538 5702326291
411344734 1591435530 2168642961 3348733757
1142916127 2793133893 3722790345 5373008111
1758393955 3651157674 4809029722 6701793441
324336442 1469200620 1768875327 2913739505
644016026 2633576581 4566243750 6555804305
304878694 1463735418 3013365128 4172221852
1915610684 3841661346 5246156621 7172207283
310690451 577837433 2075195136 2342342118
870183774 2513113347 3760019752 5402949325
1376447756 2972477869 3858310378 5454340491
1405370353 3412745201 5478668505 7486043353
1982577783 2985385110 4554042532 5556849859
764750586 1378468220 2692405712 3306123346
1922622634 2860676710 3171994732 4110048808
74813692 1656883794 1810278722 3392348824
2007480860 3894429656 5206681307 7093630103
1409626921 3064702754 4155521418 5810597251
666638548 2632404832 3990370478 5956136762
16512602 704979012 1558390582 2246856992
1263419006 3328333173 3630291208 5695205375
1767866 1324568738 1486417972 2809218844
2067691169 3225586176 4390242736 5548137743
1488864942 3411510536 5189884729 7112530323
655318786 2353103366 2922047987 4619832567
966636807 2739235079 2742766153 4515364425
1120031734 2752627218 4643107088 6275702572
284799736 1179538493 2577610547 3472349304
1375618400 2936995705 4153350394 5714727699
586100397 2163990304 4068811403 5646701310
1439511966 2133337231 3955588848 4649414113
1741470000 2437063131 3434631971 4130225102
1903319233 2519119886 2527100084 3142900737
920492144 3025157739 4955783530 7060449125
551382689 1163883422 2644810144 3257310877
1120327309 2699464849 3805506194 5384643734
1123858382 1675544008 2266697188 2818382814
866854603 1703339966 3189231903 4025717266
117443008 182063123 1081848716 1146468831
1333797697 1984518209 2314710061 2965430573
1091135147 3181367625 4205384741 6295617219
765903115 2450121946 4169732193 5853951024
1763471954 3203526370 3391453621 4831508037
1771452151 1984515064 2129624261 2342687174
1554594294 2319039896 3076649826 3841095428
888037367 2772810278 2962074099 4846847010
1994078712 2855226357 3596175804 4457323449
437748243 2165750492 3743185301 5471187550
1923640179 3769085436 5411140359 7256585616
675942124 1707701430 1852993216 2884752522
1006133975 3129028428 3217069043 5339963496
2030151090 2771465010 4543724455 5285038375
1602277688 1959579914 3024410127 3381712353
1790204938 3918959316 5196852441 7325606819
1935314135 3471179159 5513517885 7049382909
545440416 821859159 2601487147 2877905890
734704236 857718043 1351010027 1474023834
1475653682 2036415733 2110226317 2670988368
905604842 1242523424 3161779265 3498697847
400176116 1413036822 2216568320 3229429026