0.000000
0.485809
0.380554
0.478334
0.495952
0.492536
0.000000
0.420091
0.468814
0.000000
0.000000
0.394436
0.357345
0.449043
0.460927
0.393802
0.000000
0.000000
0.000000
0.436218
0.048244
0.000000
0.423373
0.000000
0.467273
0.127330
0.435265
0.399780
0.337171
0.256572
0.447784
0.465673
0.468434
0.467273
0.209422
0.334272
0.000000
0.348353
0.289188
0.420416
0.000000
0.000000
0.443497
0.000000
0.264609
0.398421
0.382152
0.126715
0.258567
0.397727
0.000000
0.454247
0.442863
0.349617
0.000000
0.460548
0.489494
0.000000
0.483071
0.276193
0.417829
0.000000
0.318283
0.000000
0.348463
0.000000
0.426872
0.000000
0.000000
0.000000
0.469914
0.355888
0.394829
0.344035
0.376064
0.000000
0.424004
0.366915
0.349841
0.447413
0.265878
0.465552
0.298412
0.375368
0.390141
0.410880
0.422172
0.284739
0.000000
0.491876
0.000000
0.083702
0.000000
0.000000
0.376181
0.000000
0.346533
0.000000
0.360726
0.297488
0.000000
0.469841
0.411473
0.439655
0.473412
0.466660
0.460880
0.348166
0.000000
0.174296
0.324865
0.000000
0.000000
0.352102
0.414420
0.365468
0.000000
0.370064
0.443545
0.363324
0.336733
0.000000
0.316344
0.311429
0.408623
0.332244
0.119115
0.402000
0.000000
0.084134
0.223731
0.000000
0.442000
0.000000
0.300075
0.285975
0.205637
0.205951
0.000000
0.393869
0.000000
0.320319
0.465435
0.437567
0.432063
0.469878
0.000000
0.494835
0.400578
0.000000
0.332992
0.468464
0.373621
0.447922
0.487863
0.097049
0.354747
0.324215
0.000000
0.368502
0.440919
0.000000
0.387244
0.472596
0.000000
0.424846
0.438374
0.421880
0.000000
0.431676
0.000000
0.461404
0.462741
0.354794
0.449360
0.154365
0.435610
0.233985
0.361743
0.397828
0.202406
0.381503
0.367386
0.000000
0.369546
0.403678
0.323316
0.155528
0.237411
0.369916
0.376605
0.000000
0.376088
0.260964
0.268396
0.483515
0.451901
0.226248
0.496440
0.000000
0.392856
0.279923
0.306829
0.305765
0.490294
0.000000
0.349181
0.000000
0.000000
0.286477
0.000000
0.438130
0.494775
0.000000
0.364604
0.357424
0.000000
0.387064
0.360390
0.429015
0.468363
0.486099
0.351764
0.000000
0.382064
0.477113
0.467016
0.390911
0.413660
0.000000
0.116760
0.428297
0.000000
0.000000
0.473552
0.319253
0.363608
0.287817
0.330647
0.000000
0.317175
0.317981
0.321575
0.478038
0.000000
0.000000
0.000000
0.000000
0.106433
0.000000
0.433581
0.497241
0.278597
0.000000
0.105124
0.492539
0.439526
0.000000
0.245235
0.499415
0.000000
0.232414
0.399692
0.000000
0.423506
0.211930
0.000000
0.278945
0.000000
0.488993
0.000000
0.181466
0.371554
0.000000
0.450438
0.233129
0.416101
0.000000
0.341973
0.244316
0.000000
0.268600
0.353528
0.427717
0.000000
0.220232
0.095541
0.282498
0.360064
0.000000
0.477696
0.414241
0.135473
0.429880
0.434036
0.000000
0.493208
0.000000
0.086211
0.498407
0.321099
0.384565
0.350231
0.107027
0.472402
0.430908
0.295470
0.480196
0.326344
0.419171
0.489749
0.340873
0.000000
0.000000
0.254694
0.000000
0.402459
0.000000
0.000000
0.417951
0.495282
0.000000
0.000000
0.000000
0.344749
0.413196
0.146248
0.482570
0.445778
0.215059
0.103900
0.000000
0.391944
0.272971
0.406406
0.000000
0.437441
0.386697
0.000000
0.306185
0.374179
0.155861
0.435661
0.355742
0.365841
0.490537
0.000000
0.000000
0.493276
0.339150
0.377152
0.363662
0.000000
0.476124
0.442711
0.359592
0.486924
0.361504
0.327633
0.477548
0.000000
0.405571
0.468502
0.485617
0.376596
0.000000
0.487954
0.000000
0.372108
0.481596
0.450042
0.407181
0.276100
0.197505
0.397323
0.338877
0.325210
0.000000
0.386278
0.434663
0.163265
0.252137
0.394015
0.482663
0.451765
0.410505
0.456316
0.387295
0.465193
0.342434
0.243571
0.397812
0.000000
0.150911
0.143122
0.289978
0.389938
0.000000
0.223468
0.223573
0.465235
0.000000
0.000000
0.333442
0.417739
0.169044
0.000000
0.304470
0.000000
0.413643
0.440998
0.420229
0.443763
0.491057
0.311231
0.466822
0.484462
0.304643
0.496418
0.000000
0.399360
0.000000
0.328059
0.364917
0.358197
0.261842
0.197604
0.441659
0.000000
0.234718
0.269163
0.094370
0.458437
0.407496
0.327888
0.444128
0.349906
0.416789
0.357579
0.454615
0.256651
0.000000
0.295257
0.470217
0.266404
0.179740
0.321784
0.420359
0.440578
0.083832
0.450165
0.411015
0.367622
0.449266
0.137362
0.146657
0.406093
0.439047
0.370193
0.000000
0.000000
0.468166
0.267154
0.000000
0.467622
0.330407
0.467323
0.281831
0.155163
0.472202
0.452502
0.372828
0.388667
0.423058
0.075740
0.408011
0.497623
0.000000
0.107987
0.000000
0.412910
0.400911
0.476632
0.494030
0.000000
0.460445
0.344853
0.000000
0.436407
0.323732
0.281493
0.376099
0.427824
0.319798
0.000000
0.000000
0.000000
0.000000
0.187669
0.401286
0.492016
0.236362
0.459390
0.276030
0.444197
0.392439
0.321913
0.000000
0.274336
0.323692
0.264291
0.474611
0.371834
0.445781
0.468418
0.316639
0.425825
0.386236
0.000000
0.000000
0.391105
0.464054
0.239886
0.309767
0.350495
0.000000
0.396884
0.348903
0.000000
0.300297
0.000000
0.000000
0.000000
0.000000
0.320195
0.391231
0.472732
0.135400
0.459240
0.283519
0.478839
0.447967
0.399531
0.401514
0.370913
0.451081
0.374334
0.452993
0.344299
0.000000
0.434332
0.358368
0.000000
0.178216
0.425506
0.000000
0.000000
0.000000
0.456378
0.430449
0.359107
0.396218
0.000000
0.492622
0.000000
0.000000
0.000000
0.000000
0.000000
0.000000
0.302619
0.000000
0.000000
0.000000
0.000000
0.177129
0.460297
0.000000
0.346280
0.262222
0.480625
0.475482
0.193900
0.383483
0.000000
0.377551
0.389783
0.469392
0.000000
0.390808
0.000000
0.303218
0.000000
0.393046
0.374792
0.499538
0.473107
0.277833
0.400384
0.000000
0.363578
0.459793
0.218293
0.419445
0.372333
0.484657
0.000000
0.000000
0.419024
0.326797
0.396938
0.000000
0.202556
0.404760
0.299230
0.000000
0.312160
0.000000
0.363699
0.409363
0.178653
0.353549
0.382375
0.432755
0.000000
0.459653
0.000000
0.431141
0.435424
0.341080
0.000000
0.000000
0.418568
0.454246
0.447290
0.227952
0.469950
0.000000
0.352449
0.000000
0.336533
0.414616
0.340675
0.000000
0.320168
0.469616
0.000000
0.254371
0.354866
0.173690
0.480813
0.000000
0.000000
0.336935
0.418835
0.000000
0.000000
0.269420
0.336614
0.000000
0.289212
0.398772
0.214697
0.431988
0.293057
0.000000
0.478236
0.442808
0.457304
0.423092
0.335248
0.447554
0.312254
0.271283
0.393400
0.396268
0.432294
0.481206
0.462635
0.000000
0.000000
0.484200
0.000000
0.458679
0.331650
0.200110
0.000000
0.307671
0.496926
0.428097
0.337091
0.414821
0.411499
0.400533
0.387210
0.328175
0.486405
0.000000
0.358147
0.458793
0.000000
0.319082
0.327348
0.497732
0.208553
0.000000
0.390594
0.000000
0.446713
0.477309
0.267351
0.000000
0.275934
0.326574
0.304953
0.119985
0.000000
0.000000
0.448308
0.000000
0.401107
0.280398
0.475080
0.420163
0.400071
0.000000
0.341402
0.323892
0.057158
0.000000
0.000000
0.475037
0.297873
0.059227
0.000000
0.376572
0.328992
0.000000
0.292323
0.186839
0.000000
0.283549
0.000000
0.403733
0.339150
0.321952
0.188501
0.272855
0.000000
0.283789
0.425405
0.000000
0.365846
0.211960
0.265546
0.000000
0.426079
0.000000
0.484315
0.000000
0.000000
0.000000
0.281428
0.393503
0.282392
0.490166
0.375337
0.296095
0.426028
0.461820
0.261446
0.000000
0.467789
0.000000
0.498919
0.304186
0.393910
0.276374
0.000000
0.000000
0.272706
0.328357
0.000000
0.000000
0.051801
0.412742
0.000000
0.386189
0.302800
0.293463
0.398241
0.275391
0.103753
0.115897
0.321754
0.455803
0.425955
0.458902
0.297162
0.000000
0.000000
0.000000
0.387502
0.399364
0.447398
0.292984
0.431123
0.223661
0.492308
0.482436
0.000000
0.407104
0.406584
0.452606
0.486282
0.177672
0.257572
0.389134
0.350000
0.000000
0.000000
0.353121
0.387088
0.000000
0.417203
0.313416
0.000000
0.380101
0.000000
0.481707
0.368437
0.493374
0.340212
0.000000
0.000000
0.444069
0.000000
0.342476
0.414222
0.000000
0.443760
0.457311
0.294413
0.427544
0.228498
0.000000
0.328693
0.442088
0.397239
0.364910
0.333534
0.000000
0.360485
0.196775
0.470036
0.000000
0.460761
0.293916
0.433976
0.000000
0.447103
0.309315
0.207439
0.000000
0.000000
0.443724
0.313222
0.421113
0.000000
0.370134
0.417420
0.104942
0.194988
0.402427
0.353004
0.493730
0.000000
0.000000
0.352148
0.360697
0.000000
0.302591
0.000000
0.342471
0.279246
0.000000
0.308505
0.000000
0.000000
0.325136
0.318114
0.000000
0.364050
0.371774
0.190546
0.000000
0.000000
0.221522
0.160915
0.223335
0.442864
0.377605
0.425033
0.275908
0.346827
0.244636
0.000000
0.340977
0.397396
0.000000
0.329351
0.404844
0.486485
0.359209
0.000000
0.108750
0.484946
0.499945
0.265562
0.481333
0.355301
0.000000
0.343330
0.000000
0.349976
0.449315
0.365618
0.166831
0.000000
0.444639
0.456194
0.267516
0.162077
0.000000
0.460436
0.313219
0.349124
0.456742
0.000000
0.457399
0.497423
0.421356
0.409109
0.401053
0.458220
0.338564
0.266893
0.381204
0.000000
0.376104
0.410490
0.327947
0.214132
0.000000
0.446935
0.484563
0.386957
0.393107
0.387742
0.287217
0.476706
0.480515
0.332259
0.346959
0.446413
0.499683
0.303451
0.214570
0.372643
0.293733
0.000000
0.245486
0.497937
0.348332
0.000000
0.386112
0.320021
0.151973
0.000000
0.418348
0.421227
0.329458
0.479215
0.389393
0.334974
0.484011
0.358439
0.349127
0.353241
0.477569
0.493399
0.000000
0.000000
0.402963
0.268482
0.000000
0.000000
0.479036
0.000000
0.370168