23
3520527323930267089846674097795904646620731678289675112470995129708777033209048543363 11953
8656370205644144434358745253353101366365473408349807441464 10408
4920298441774190135261228920271769626137554292889439788160102871426319974457723836760206695222936591323572788692750376593455245966391201391036127693498058195164291936492509017410846601070830565532767969045213203605167279410212472384873550973715451140685969837066444890205664750254769757731501712056268236164878629714646241476004962263778574348767566941644116474360769806874989077175574549658730336634 19420
909450238045961742828060432665647946108537515318988424001621788191133112354088618506097551709340755903598983536943278613852682484285856983531213626685913926079391518773916327106660367854148608000212295466008307128059043151520011782908078597746029511540650448910692944790950355308702924225064958505848208231817412835877568989995899619900530011406867311051063135751423463574661047069018443293967247166597993582365248956280750029090460405049694545238734803807561591943940382114961303226590323647637088906902504981186930196769583369448499624984752916297518640685516717854673260217610338581324876363263010540456039452954656186988647440362842542215515541231937991660724195151 8422
412463028660895358919903517575372555833619438257921203869620947909632261874187530339506266729370562673950920677369571607434600749876604870383028424371492387906169918453877319612078668788432365412630846466393451601669784884166321880729029237933690647702169080161911951661485472143237182765201467863791576500907431846852206101096278742815495508023274503419748258103047498703884351193184066034541584779326628297162863522430467143514241535620764063934843807721344910797550628826301057659219043614168832630694261055222822550379111579274975685469393734736168711282227790965249932608931258201039941750202666624812377992774741654940695073356503361885919405054203867614272079237962784044612575535362926195172729083123738957382417749306641506517084782021678130277698432396038834734882928025880075059851216900404579005499509134261479450635382949577465018411793504302340 28137
9769566760285238601242871775741639548635669950522533983342397815417343416853293024726014755294408955359046661539096743475408710014769666195690529279702197436886899832926286607324399192410664065838770682065772895864545741057012000758475165630695185186279278092434173021030826110654668410722024994985507077702128070564733286153168625941507446591676421258991847578188866760652098242229531277399025316982183201540493895602429989586 7181
9991063231668970993759928212206313576671950381239322239731508741243663987372267258040273849237892594226648754528067235730571186800732765384521027593083648403490776417740147409531568199654346927207285995220515545558115875096525772322527509911295712223305139783313649658761217289411381487279157781660426131650185803816690543097528680344775982929979534572048080843122330145062293369179105554895196797810604899412394777054340775016931254933644161472997143938518447297098747243605018728049185673482282311387285730388404887951165941858531917616245285537061230042154531796778544593923133278952466021996878095328196170446976923732405043967862089051559052289133818092151624738613189435549075738372374742366231110301600215443625140950601329716805708118866839522934831840663751644900946213013819500666454213784171053126988630253436882332130910924943277576840814200596200982988598678293014096137569585141430720539550 7725
0818390884116289989452747060098131031857648489088281244794869411126313203472994806209683521548618179254381718117339275340903762705456788952703273353451786022306046274642560753168718126361309873526098241 16562
3081454223100200838874031158530217668308644064788994462345591645190932017656015564633612806939259162549196524130888587674668785063754817459244513840924640287640396866091172850829829294814867711075451049216171966488892252063876337456476418672672107844054119844878323887567631450999768549743756062658774245147298758519658616182867307488154791967654373145920603939538231281748025642972875752094796470816245785803560885658928265420362839886248878 23569
9630170931522562547737746035926230584761082238992327028066929486254100707145851414369728767231250441358560597794 14992
66880533489349989183561080763461069865166119303405636127676104388801041423293257237282785587127430209632373211002918278124228960984601825784014155766513052126570078662119720219939145215458895575279345393324394756993497120524352375270180601878162217706540632181052779663061362406340394723690988932616782836577275076848322360173716700789737200519023443247934750175323015507068 17180
63970859132369158076345660679809462142789488042142099444172688796645802441734134711061379006888793257250799970322722491423003917570007465434444924300252752516880934581941895130963990418864454230167754984293804153997983226292686336400921885948977139827735069673751200116019139048214162783324658061292176434857224877758620408130544751267877975890780827046632457254551344326954857108895232581702330882187152270469745817367232169942255150470874243800748019160346662682873375192298556792380174044103624586346775174977514011982144588122238873750166752945028437564407958323673601863054103821949078457943967024376743724514429885845578423777464310538775501522778120824677776097857537369785222941738280067776054 24708
91841600552449021051870333420358649293886045364737743412082351055544844530619716473195900105714879481820326532073298573387872468561904189849461805924391610335858069403102351270217535053510325136305693561092342 32421
13236455558745933691669790915961721640515014874460825654658396857541363288422399988026029153647849623890902112429960717769333044276151979033399087866622763655847547305061414125258730687333739907341297877531314319582171425128330388234134824248435062586615422314939024779796969925511745511322200657449898805073024653591002264330449669641307377847831885266282026562559749759780347635105920171608832563978160539367029218467345133927311321778696590873174454186539063893728829426839524232892018204220751634175565561595692478358143316596314008702739567289833947710439573591589664038280665496436815441620800353111065575726680628956426368871809463867864070466896156476410432400389036570233386940899632362013775419784375277165974741999148423203735108303588978132111651723751094613840823506809659899717661357522157356331073596949882772309686200321885703969458073136983304 170
95521059178137620144202746833811194448135701599532458713706110506930439387282654937846416216576533198873132739845294021701363131392409708349404375031560353053489780939 6449
03994116452537449242192844925745608790185605418605411308804496885339935221022585643819738525333256728449051294723186159889858801898050223446128069976142906737329916289972747453420864959702257437592818229536781226622042078437893736076240628848474964270058671747231235053155986479871773509341735311518125852174599049312694777860875073144771388848315186712887601115715426240012273716517595706484080610355584678107756988886342160075736148410161358459562767564265028952128293968215157475129016654806361591402981871557841022947145348829173369561532034401812811929085073725242135167990769823952443871167937630405888144412335825049553924064965912208733812666263200489129514450401665018369697796846812399938991599802603617877979109642245368949554748639255777616628156929086046698505753252334576586356868223721712968475694917847262880054158327934001832119189402368090 29906
2450938464628601833312490652541117118024186661002331880218534269980706875382865004711085936750623078542608170350606390801557181305208894971426615166315067175699243849945521937043641781654018703533596910113884586916267703243930454095563650502820924499917284605880653789659307761554833949012223154540221686897615232299257100328514391242468067782046627629335800789952792351173360718368570788739225784780886838898459694756856693432153966679616073405986505627555361407216125628891640480569786675796247133037102163159811253153215520183234440741091864523074946398348223582130967955840077492019073217939400648897724971383820548584762111117690784110607600313833945223911916668410878756937287719632243374652727431400036230539636956492078528586442692034768258283443346366001868719059881956922510725541755835019286 2418
175131283548052592931275509612698765350988138978380637915088769071605708006916097219230599754733369907197531391182886124813495059281790681900692213887618112744320058598028585 14622
51617421348306842898030733839220694809256096777332902514304773138014589478207332089223645048890262562051463044642112969683682348548767185291278425148849785403397023423694023849279958883309921641614792122034920102928665906441535117059245463088952988842435377707032494406782726413680556011328325076959534670790997596038266370319240134578106452116504025099189 2079
78212849656002162497687695007954253654894107808694618354059757270306625355423208292604485107158895853486062767489220348022487407075059465128862657507072640982517252590126398292497523707948063383338941840256089397388880377195805277485773025684078684966365529639333794283572516311784154106807763600831509331957580347819192968909169553607987611287719082106932987271047536680754040342628743432156238 31809
146676377643215620213313592622774750426542941458212572866229256171306729611215204567561415046900298706448689526122674392141521465504971534336907659143271632101355458910758370609556812004580814242204497184691511453430309889930188289180056136119820707266229856258034562419703179013961027490264330883327365732340262186762573280501435345897074111059809799190236088866785235307682677169713097777388879448566997762629472857579340962145423358773619076058237902670754287483397688911579708145963692261343548664997241012314263213685781895157845939172915686278729089553499829193245567967652856865662864219981710961726016564465660247037050646011592651034992290615419059022550873001540781647881142540312586139686946301039374003707893257249163775282020980795444565213468292665593240187214372813539956465176534813993991103459245704909841058103325680702831001914538036284227521686 26319
2325262060050834408154485783357036098513015969194643489556632578241465899356305845725140917392822535458270584683026432146200101390899562767467054866670051804992795939505423194169653066063207796603712919917995467643111577740020055325931164248701212033359040175742040412664786929985 31191
1593822755819686200912183982075006215512815656427617747502213742908269956793304244541389314929497805001127850236479058828455671273436072597011274037289195585497718231749772187753355391441563262886533111009503215458422432856667601276117208420174374074956302010236647442625761058113377173660686736145774548314909665750431711906853940651302321625374384648093936068479607416980606837653580562889542448308369513101558262147859200966723227724374887953216659814715550567142479814130944475315837155804023971744665106662465079685850809905500888563974052039308813012789737684131917293636652932796966339593682967161235111098145487784966226592815457457259112670569063213951040837568896881106703427293314912335924 29815