385794216
371408556
363997843
986551608
90996849
535848735
264220103
92636332
849686073
849686073
550734197
25099449
458669394
849686073
88859551
246609883
846644400
943603261
688283061
550734197
976102921
550734197
859121768
192077870
849686073
441042195
275069519
550734197
901852151
817727490
877128307
661950531
849686073
550734197
550734197
424404506
694832371
550734197
212367157
550734197
862893166
601207894
849686073
659270706
370432027
986551608
856729599
849686073
399194133
856729599
163669116
908320669
953993688
467857595
177923954
600452591
25099449
175366374
900252428
267465160
25099449
434481187
900252428
764524949
849686073
637733022
700569720
849686073
849686073
849686073
276489982
239240853
550734197
137426478
847309367
550734197
950335528
849686073
461447855
358858099
152488102
471228214
550948896
270430402
877128307
523043908
103823299
456005616
239240853
877128307
1084924
679013370
786282500
545836270
397042700
784968758
550734197
849686073
700569720
849686073
160859449
61620635
846191703
260365808
846163188
308750713
849686073
918380064
92513667
668186596
849686073
521279012
364302709
611467870
163669116
29130465
50214045
320450474
777742121
963303934
24505488
342999620
342999620
860674284
249671722
163669116
849686073
943603261
342999620
105352837
900252428
833977110
849686073
849686073
849686073
335671862
849686073
943603261
229059009
281550655
219046195
550734197
849686073
609505323
573056270
849686073
353035151
838667664
880215974
239240853
550734197
849686073
270430402
755717619
797074689
329031930
750161571
849686073
931652893
500686254
229059009
849686073
641626943
849686073
204143931
459158746
141032423
932652014
504289663
670228264
131583240
849686073
849686073
241032055
364302709
550734197
579939573
534157185
487812587
24505488
919696720
116013880
849686073
550734197
586786241
996798250
889819700
144816878
989847351
69040679
239240853
304328543
849686073
304328543
239240853
431074730
364356117
849686073
849686073
849686073
637347220
849686073
268650798
877128307
184567366
487812587
943603261
431074730
849686073
57876432
367910566
189153129
849686073
489115414
849686073
641425933
788552282
304328543
420289080
550734197
554028363
785236055
683269378
955259401
719641013
66794720
550734197
968356479
943603261
286458723
900252428
393348714
849686073
518142568
239240853
65233573
16780837
103823299
943603261
849686073
522059735
969426592
657516335
239240853
631619669
25099449
72259186
849686073
849686073
758968413
212243641
943603261
849686073
142281879
720521101
849686073
550734197
496687798
585125379
877128307
849686073
303343694
346286668
256859410
859121768
849686073
900252428
344418915
25099449
940757375
153712197
344165494
598801738
230048097
217921132
22490224
849686073
550734197
581007124
163669116
863960157
209724596
849686073
575273267
849686073
550734197
849686073
550734197
55248135
737927968
25099449
849686073
949741497
568998022
391419195
478467530
489115414
737927968
485797615
550734197
103823299
339210393
701344578
93917776
325362415
500323748
849686073
249671722
980167050
550734197
510436845
991258138
3987601
648393523
550734197
825666015
391419195
91842823
239240853
477817126
955791017
550734197
550734197
536325116
124322495
487782637
849866105
804698938
391419195
25099449
229059009
849686073
632574802
849686073
986551608
55577381
801490237
391419195
504338059
849686073
901295570
838789623
635772151
868811064
587049866
364302709
743920842
811750823
276947982
849686073
22490224
983523087
251354540
755238326
320450474
849686073
852544731
352288403
750161571
923583828
849686073
240234947
550734197
849686073
304834368
715874322
550734197
900252428
428487374
319396578
836515550
738631127
998874859
362775109
849686073
390374255
506108284
849686073
953200848
914060274
849686073
849686073
363721861
429323338
849686073
900252428
882255821
751736112
822813680
943603261
177769871
512874483
783291147
849686073
568995688
849686073
22490224
364302709
550734197
423074591
535710416
957360320
391419195
336347072
849686073
943603261
762142775
849686073
693457721
849686073
50759054
849686073
22490224
811352435
825547148
239240853
310323834
849686073
22490224
254145843
683100617
801490237
538871931
624226736
762004012
863960157
853521508
755238326
923055431
981488186
550734197
916045211
986551608
526820383
641626943
849686073
635772151
838962369
849686073
849686073
73316627
849686073
603146702
680214190
863822899
638841725
884349080
750161571
877909174
702730152
849686073
550734197
236930326
849686073
862844425
849686073
544769644
25099449
535710416
929339424
229059009
535710416
550734197
683100617
814498858
992220341
801490237
364302709
25099449
849686073
849686073
849686073
849686073
801490237
394963068
388381386
849686073
791250417
56352926
875437196
730849718
990280206
900252428
104379265
25099449
828727515
849686073
539908637
849686073
391419195
849686073
239240853
550734197
550734197
622226526
486483948
849686073
387339257
958196069
720521101
849686073
22490224
595271808
849686073
849686073
444901233
777148788
849686073
423074591
227518441
986551608
57245908
503172697
849686073
958196069
865523484
801490237
239240853
322106116
550734197
450640333
376995292
129155025
849686073
22490224
849686073
849686073
283903572
550734197
849686073
849686073
809449388
608001962
958625852
919752144
324063320
43021937
550734197
381526673
981488186
269466548
570046284
358522918
849686073
653637182
900252428
391419195
772666901
849686073
849686073
550734197
391419195
535710416
943603261
976005202
800475401
594174247
550734197
19441723
612738510
108869989
958196069
986551608
550734197
239240853
54346877
609121891
852361202
849686073
665144339
355529119
471763115
767078240
741950333
849686073
391419195
635772151
364302709
531803987
777819212
260742244
849686073
849686073
550734197
785437119
320450474
706860643
103988036
832720405
532022878
535710416
849686073
849686073
857306983
340318922
391419195
849686073
170909542
959521484
923055431
166934956
849686073
391419195
441363996
548753089
867686388
849686073
933135557
73285687
780306431
560881016
878453740
240095093
849686073
528371341
74884540
868365305
645118651
849686073
550734197
809449388
303563663
594914485
849686073
129950685
943603261
333063959
436974463
841002336
25099449
344418915
25099449
23309167
849686073
627677397
849686073
54310088
849686073
479913236
849686073
218093844
682918358
344418915
535710416
136384944
849686073
535630632
849686073
550734197
491747985
801490237
241166937
801490237
577763086
811352435
849686073
249671722
849686073
849686073
900735684
558317527
54461322
821462531
644117722
22490224
874163939
220176027
26662411
550734197
849686073
73316627
402217192
543119385
698609999
209572774
744582285
545659092
385071396
801490237
682024030
849686073
849686073
550734197
471763115
916045211
364302709
798489038
24902308
245648108
550734197
331284272
107671206
239240853
272738036
319804272
535513030
849686073
581007124
849686073
811352435
784522782
940598182
647111776
468008117
836283351
836283351
801490237
849686073
746574683
849686073
535710416
727730226
550734197
145059256
932664818
554067165
981488186
431666568
532022878
550734197
22490224
900252428
157021944
575929942
550734197
307843552
550734197
304328543
182621269
532022878
29825337
249803723
849686073
862786539
364302709
25099449
849686073
298059076
235137045
22490224
390374255
581007124
849686073
715874322
249671722
849686073
900252428
849686073
862844425
849686073
550734197
453690415
25099449
25018680
550734197
792056753
22490224
412750061
163669116
580812366
585585995
302933223
329982971
372111468
22490224
289678860
163669116
142801591
8222603
801490237
737927968
667094698
849686073
849686073
765525789
20773391
495783526
388330120
480387765
342208643
216781681
218093844
943603261
862844425
25198700
25099449
900252428
984831439
391419195
849686073
421813108
849686073
849686073
364302709
856729599
801490237
801490237
635772151
751858980
178709047
692607523
841098209
345029256
113106777
550734197
550734197
890961846
849686073
103823299
391419195
550734197
811352435
664944102
478956083
280770205
849686073
452641184
780623316
182802087
372111468
943603261
638782994
157021944
849686073
550734197
112601507
945545241
877128307
862844425
550734197
532022878
65888537
849686073
279303704
849686073
391419195
900252428
22490224
715874322
550734197
487549381
550734197
490302076
801490237
220780827
669901523
849686073
429937266
598051998
598051998
806874319
734374847
900252428
655014710
503464155
943089454
801490237
664483316
263226302
328305803
811352435
831721227
849686073
356141514
785587775
535710416
849686073
550734197
393312348
611962130
831991392
658994104
920166516
550734197
537315
14580402
969489520
218093844
649651972
849686073
849686073
687258950
877128307
758421165
883270511
257875159
831991392
811352435
460121545
550734197
25099449
490302076
389807980
791250417
541305767
877128307
535710416
849686073
72996907
525898271
1983102
1019313
356141514
849686073
757943180
832720405
330972217
849686073
178636528
54045014
550734197
14580402
787961113
801490237
550734197
855968041
202661623
849686073
900252428
550734197
984831439
900434541
550734197
654363395
840603981
544271346
763964871
202661623
211493998
391419195
133539075
550734197
618934560
467951274
849686073
784434561
346337000
217911000
97084147
849686073
715874322
349782773
916045211
720900474
849686073
670564912
849686073
726235042
490302076
550734197
770019326
218093844
849686073
5729970
3727780
853825603
267690277
535710416
849686073
257875159
137931331
202661623
943603261
283173748
623598550
871258109
849686073
766474496
678587659
928616215
283740095
849686073
849686073
271162269
594255755
52950258
211417078
757943180
608953171
550734197
2315206
635772151
843712561
827098222
394963068
613699294
264548169
849686073
87978945
888060391
311037909
900252428
849686073
491232359
532022878
849686073
900252428
934753789
213458920
88056575
849686073
172765609
679041978
550734197
178636528
748638621
22490224
199149710
110351188
821279964
550734197
388610270
933565663
860753624
697141366
193947662
750161571
45546640
550734197
760083492
520506052
849686073
532022878
916045211
294779694
849686073
849686073
849686073
540250570
169618590
864329909
849686073
550734197
860583184
801490237
550734197
391419195
535710416
849686073
155587042
75720712
491232359
849686073
528371341
872555030
715874322
849686073
849686073
784434561
862844425
900476920
597966976
831991392
229294703
849686073
391419195
715874322
318233674
201290900
220420550
193947662
598051998
537315
831991392
832588256
157021944
314483563
992848056
193947662
849686073
943603261
598051998
193947662
550734197
229059009
849686073
921323312
198877809
780054061
63011070
757943180
849686073
345410338
800427883
504289663
37798904
917330145
916605797
849686073
229059009
23886837
128985306
50473086
747064869
849686073
157021944
249080470
849686073
966007415
849686073
849686073
849686073
849686073
849686073
274544568
550734197
849686073
590291453
532022878
532022878
849686073
467951274
25099449
642927405
849686073
413355425
849686073
791250417
849686073
779778795
211493998
804965883
22490224
409848432
598051998
110351188
849686073
257875159
849686073
483554081
831991392
849686073
849686073
849686073
495992824
321579639
801490237
394692098
523436623
296545125
851158975
91226714
74057449
849686073
950177889
943603261
982431509
883270511
550734197
550734197
849686073
110351188
753838429
849686073
849686073
598051998
157021944
249080470
229059009
231613519
588033249
298955697
980928681
849686073
791250417
535710416
280969444
801490237
503464155
801490237
532022878
630146817
550734197
890158112
535710416
504289663
497878049
883270511
567246680
849686073
49321430
770301631
801490237
157021944
535710416
126181362
151259270
955813394
391419195
550734197
849686073
767713237
849686073
104620993
550734197
849686073
550734197
229059009
145059256
726951988
849686073
872076689
535710416
877128307
908108660
806874319
504289663
550734197
537659653
784434561
449999764
916344697
289283108
831991392
849686073
416935860
687001916
586741742
849686073
849686073
262962533
921942946
985090511
304328543
909129712
849686073
725359322
303532728
715874322
649267735
653413904
5222601
948028782
528371341
178840586
202302182
103823299
196023374
261335305
953115540
211493998
193947662
550734197
229059009
877128307
550734197
801490237
849686073
535848735
849686073
692475719
588033249
247455284
378971590
157021944
725428216
744847014
550734197
742166178
550734197
849686073
849686073
831991392
600345977
768865148
654726436
229059009
849686073
849686073
555254882
806874319
804952024
550734197
756078317
406535484
849686073
883812523
504289663
91701696
411820809
53982826
39270354
205939865
878002746
849686073
311614370
603540771
343511142
954781711
534017559
532022878
532022878
231908758
616136299
338302791
550734197
550734197
417200689
741144634
314483563
849686073
157021944
849686073
849686073
334993691
177863929
593691790
42237607
831991392
489610746
849686073
942991124
807404505
532022878
157021944
505930478
229059009
849686073
849686073
32726039
849686073
532022878
532022878
157021944
243819625
952238642
550734197
748468738
212340501
878773468
877128307
7299578
55983858
849686073
348616440
550500363
439539865
397957293
139983427
506848848
914204912
311614370
393425623
321340126
160369352
311614370
552688034
550734197
442625589
847132888
849686073
550734197
870306499
157021944
849686073
661836583
463764006
962822635
744847014
787051889
579178221
235817166
849686073
744847014
97038753
849686073
661836583
455030016
980073740
744847014
991322100
507860750
535848735
157021944
831991392
914140599
47259921
989767069
849686073
412893912
101577759
849686073
849686073
303646885
849686073
715485181
550500363
535710416
411820809
849686073
402884410
550500363
849686073
849686073
79957095
535710416
160369352
999147596
877128307
849686073
849686073
229059009
708145944
543159022
715874322
504289663
510658246
160369352
177987817
983082985
687001916
92225369
535848735
849686073
658793921
224387698
452116025
715874322
200421797
831991392
761373653
750161571
351832583
849686073
160369352
687001916
849686073
21852441
849686073
744847014
224008870
550734197
42237607
535710416
550734197
535848735
741919275
674490360
443689669
744847014
343319204
828576931
311614370
994396014
407214215
687001916
357755493
848445923
528371341
862785056
481203088
259188290
849686073
964592989
229059009
891869373
89380963
160369352
491893716
638299982
614602491
198877809
550734197
160369352
849686073
25132957
229059009
999058755
987204410
367870021
478784469
153436662
441742305
157021944
131513468
237079109
707041292
502586364
550734197
157021944
871453799
815183765
406720661
197109751
550734197
173731805
849686073
849686073
831991392
666858966
229059009
707041292
225333067
544167412
849686073
550734197
443643088
394295247
735762053
448410178
311614370
528371341
750161571
849686073
248176200
667513586
277302124
798935870
849686073
82453819
147675566
849686073
868051047
550500363
849686073
173724535
831991392
450389971
849686073
215244449
626936209
76907195
550734197
390374255
550734197
849686073
849686073
768907478
849686073
917369705
872356487
917340498
550734197
570643013
945429388
516458357
157021944
744809777
550734197
278070484
849686073
995188753
831991392
160369352
875437196
849686073
516458357
849686073
770349262
849686073
550734197
147134535
296438936
953359804
744809777
882567482
794267150
550734197
849686073
734157312
160544876
588490036
239240853
527310451
94587298
797237947
491841043
849686073
166603976
989767069
849686073
849686073
82999294
787051889
131513468
254878693
49655462
176725588
849686073
624651053
994500698
179351798
211504046
550734197
645801565
849686073
425868268
550734197
495287030
849686073
550734197
229059009
205701681
849686073
860572348
845624349
401710558
79001285
156974272
849686073
144861827
941577139
849686073
564675800
142867388
441860116
911071744
412347284
84914760
229059009
849686073
110706554
849686073
437587329
996214384
782580522
600345977
849686073
312774158
570061615
477218701
643676422
286434232
229059009
630076538
550734197
755238326
849686073
410505812
849686073
351426691
876102999
967086320
849686073
755238326
831991392
849686073
835370882
582314482
160369352
544265150
880543563
229059009
64095470
654693147
849686073
184976142
33459980
800475401
898875633
849686073
849686073
166603976
315038277
291301719
157021944
550734197
662111721
888252495
631581143
392347924
661836583
550734197
849686073
646382531
550734197
849686073
156552269
229059009
732096501
609394809
849686073
849686073
349688387
544265150
849686073
849686073
515416109
58568090
239240853
849686073
550734197
583719404
160369352
849686073
64029306
637862288
700821167
291301719
419089532
550734197
116098772
550734197
308145994
740340363
131513468
101577759
156974272
550734197
990806625
849686073
802968588
26662411
311614370
744809777
402791842
849686073
86652538
124468053
535848735
626850597
500951040
331408532
899668957
681711370
496946533
435498314
849686073
461083774
488430104
550734197
160369352
877128307
390374255
61102406
849686073
390374255
249671722
802968588
849686073
26662411
849686073
435498314
550734197
472708444
41977
282136255
755238326
194365440
390374255
536469321
650891236
550734197
207246345
550734197
849686073
550734197
925182389
239240853
550734197
802968588
755238326
299671430
268119066
566629493
388673258
849686073
978128578
453369077
417995034
849686073
161263225
748061154
550734197
789802651
461063924
514514842
849686073
620472492
981258551
550734197
849686073
186877462
311614370
680266076
849450349
849686073
849686073
3034159
361263831
550734197
432635894
741003625
849686073
741003625
849686073
422383560
550734197
136388305
849686073
157021944
124254181
588340520
53513221
613904959
130340508
550734197
61716939
498287468
458458644
849686073
223606548
825202009
849686073
75505307
20716905
610122064
667898029
675661944
502709580
738800990
849686073
550734197
755238326
849686073
41496665
701814579
802968588
960959099
26662411
87539524
332719633
142809800
488214439
755238326
741003625
170557197
877128307
600960110
188750875
705225058
229059009
849686073
428103907
613940610
849686073
795809903
744809777
308145994
172871058
849686073
550734197
755238326
528631837
46999059
986661411
849686073
263920221
170634402
390374255
218338764
849686073
755238326
831991392
160369352
550734197
390374255
545980172
217039641
26662411
271203480
218338764
980303267
849686073
210049568
310666724
229059009
446817070
502306109
482168682
33966417
390374255
115920548
741003625
969864331
110790989
496569656
438949746
701814579
831991392
600960110
741003625
831991392
849686073
730489566
229059009
849686073
849686073
667467667
849686073
394299983
550734197
831991392
720563915
310666724
487742593
849686073
229059009
751953930
396096314
224040191
705225058
561638415
560717805
849686073
650891236
438733442
311614370
497144738
550734197
456213284
725074143
229059009
926200993
831991392
550734197
496559054
248138103
238106732
341209695
849686073
972410623
921856350
168974569
11927343
800475401
550734197
550734197
903877890
849686073
519828420
780235252
876102999
160369352
215028043
995321988
329519286
849686073
650891236
75613561
668291992
249671722
849686073
160369352
613680720
849686073
553117142
155486785
154699705
929562267
257459733
849686073
88454051
802968588
688873981
26662411
780310292
990382329
518355180
849686073
831991392
315038277
831991392
157021944
849686073
136262942
546600555
447693436
160369352
212414586
168974569
11522830
514514842
796083925
550734197
831991392
48127840
809209410
225408189
924568099
351753860
849686073
28889717
433982026
811187221
678313359
932133271
450659106
888229546
249671722
450945616
831991392
849686073
849686073
496529576
550734197
849686073
849686073
466621365
390374255
849686073
849686073
832407461
552309202
910935168
645560762
155486785
28889717
550734197
378541969
849686073
849686073
624192587
514514842
849686073
479745556
550734197
160369352
525194291
142028460
849686073
849686073
849686073
710504494
335004055
63557319
932133271
875437196
538483936
550734197
550734197
550734197
849686073
652193974
849686073
550734197
849686073
849686073
492842735
957085710
741003625
824461889
945220378
311614370
347827635
849686073
550734197
429660676
729087048
289237687
549948901
182430254
279258212
457049448
273600007
97892356
697606476
160369352
849686073
132226861
28889717
593456708
389980034
26662411
496569656
550734197
604583160
556853215
749634026
849686073
922950966
849686073
535848735
327765909
697305940
205079493
229059009
249671722
113030641
849686073
38393373
714990385
550734197
603083483
550734197
229059009
821124057
876102999
221462794
959841997
233906638
513089476
38393373
504289663
849686073
322951282
862810667
589296460
741107819
169796079
849686073
629574270
685601508
383950125
41210291
157021944
933470596
849686073
475804481
133188365
308145994
666282449
298564308
643413647
741003625
370680308
160059615
802968588
849686073
853495017
281947043
426547722
853495017
741003625
905167828
493646565
849686073
160369352
550734197
224330937
354065155
831991392
961921826
157021944
157021944
849686073
31478316
658171914
532647951
961921826
63557319
937149407
64502738
821
849686073
77682905
620474176
626325793
702834394
307888147
865195218
744809777
643413647
849686073
849686073
373623414
667028492
849686073
849686073
849686073
849686073
849686073
831991392
229059009
849686073
413390042
738798354
99531475
229059009
849686073
831991392
709123591
702268924
324135763
104641071
319934771
849686073
439065086
340484243
721849009
849686073
342486201
316825975
849686073
388071814
32763130
849686073
885108878
872905079
466621365
849686073
986517882
159062843
941917725
849686073
997328149
155486785
229059009
390374255
234272712
117601647
229059009
922250434
229059009
438949746
229059009
849686073
972410623
466621365
269362963
742320578
849686073
344926452
849686073
849686073
625652725
117627422
418948854
678499533
131003098
504347527
849686073
746163916
367857984
849686073
239272522
717382123
52226831
849686073
885813455
831991392
308145994
849686073
849686073
314660851
413390042
63557319
236382754
909887581
849686073
429660676
849686073
849686073
306984513
136186114
407008093
849686073
347940600
745414301
661101176
209166313
765102754
969077978
87088851
849686073
650101819
431566669
62392682
849686073
472964375
155753154
504347527
332640996
849686073
249671722
800475401
914855624
580708373
924206808
229059009
831991392
876102999
32434870
849686073
849686073
525270892
176449683
54873596
849686073
229059009
865097276
637665500
831991392
831991392
849686073
849686073
935805322
849686073
143711704
488226394
849686073
849686073
831991392
38393373
176449683
119847340
78943080
849686073
168844013
100112575
229059009
466621365
773552380
849686073
524434234
849686073
74329441
9449116
878335101
849686073
723509863
347510456
733799890
229059009
678264212
205066656
500903661
97892356
849686073
481578394
222019816
355179421
421005654
221304364
38393373
504289663
181213278
849686073
510122277
176449683
849686073
658143208
849686073
667785480
430622440
849686073
849686073
580238923
679941500
849686073
453131976
825735066
351514047
894507012
356500587
849686073
857191967
252173814
849686073
236645397
335710167
963369678
382534746
849686073
922182241
346067692
849686073
849686073
894507012
417667441
1461559
90667759
386457021
913941114
249671722
249671722
765541741
536204910
286885926
620474176
985752641
849686073
624294192
831991392
446517586
748212001
148754768
413390042
663840885
225449984
32763130
332640996
660062198
775393808
849686073
849686073
723956794
966686254
922182241
61416202
32763130
922182241
122903683
432817699
831991392
282398072
307941624
229059009
702717144
242727663
447549115
200508796
849686073
849686073
390374255
849686073
831991392
719985857
428729293
524434234
849686073
186812839
178115514
849686073
882263924
831991392
849686073
945725268
849686073
201183035
937149407
225617380
193860284
181317743
849686073
249671722
267855397
394585544
550734197
320937285
831991392
972410623
849686073
229059009
460972206
663738145
251692932
849686073
180677288
388360345
207420125
11087773
849686073
271437058
330123640
409117559
312587169
781261058
849686073
875437196
341420344
332640996
861086461
126022897
566613719
849686073
121209132
126391432
76907195
173957238
504289663
636309524
835762196
849686073
864409134
76945729
299343568
849686073
254013512
849686073
675556314
239240853
249671722
831991392
266086485
388360345
239240853
966153127
849686073
763616961
849686073
229059009
849686073
604151291
849686073
849686073
634042319
85612533
332640996
849686073
778998575
849686073
849686073
550734197
900252428
322718119
849686073
764380823
849686073
715598479
101056370
652555183
446517586
105432936
831991392
172917976
849686073
654053089
390876188
157021944
105432936
636309524
332640996
432230398
849686073
71428422
849686073
849686073
849686073
831991392
264336216
638355881
849686073
849686073
849686073
972410623
954221831
73189955
574290975
299343568
849686073
319431519
439065086
849686073
172380755
809522277
849686073
715874322
794348067
693598543
449691903
413390042
529995829
230878857
937149407
232411768
849686073
945725268
849686073
32763130
843171623
550734197
733799890
41245931
261818160
531671243
229059009
849686073
702268924
849686073
894507012
849686073
32763130
849686073
849686073
849686073
286079872
84276852
663642340
251061704
831991392
252655465
849686073
504289663
900252428
229059009
849686073
849686073
197412947
607447929
391654454
849686073
113793904
670666835
663840885
849686073
831991392
510034226
157021944
894507012
849686073
849686073
849686073
849686073
813743563
143135681
125107381
230617801
849686073
937149407
849686073
224861157
766711289
893264762
849686073
849686073
882263924
848651007
849686073
894507012
849686073
849686073
176449683
648001634
590642037
638355881
31298339
818854354
842893209
809556651
849686073
252173814
661972303
849686073
849686073
335494896
13858120
831991392
189088810
834976586
376735986
222019816
662602498
849686073
64538741
438949746
823726948
523207691
849686073
849686073
849686073
532803607
814675342
985943187
849686073
700494545
41343072
849686073
530596201
127044105
833659691
100488502
887655417
148069546
849686073
360778050
163379112
249671722
653657067
993750985
849686073
636209209
849686073
316059210
410911334
849686073
45977393
123142911
766145729
849686073
271706591
849686073
849686073
831991392
550734197
444039632
814294283
849686073
32763130
378411008
331824114
462048748
985058356
619777492
831991392
849686073
19154058
849686073
462616365
849686073
249671722
849686073
849686073
234552648
831991392
971055027
849686073
32763130
249671722
788847642
133934477
894507012
937149407
206498890
937149407
107019328
776128257
608688889
894507012
831991392
878887941
681425770
935277858
805114906
832734944
932229093
849686073
849686073
231908758
831991392
421179468
810542051
13858120
831991392
229528439
849686073
849686073
19154058
640055845
733799890
432451660
106102981
790092139
894507012
555073454
550734197
831991392
429518433
322718119
545366677
849686073
849686073
249671722
624893198
128751187
849686073
399588109
37138927
849686073
229059009
849686073
894507012
849686073
355423097
849686073
357890394
84579659
176449683
155486785
849686073
831991392
849686073
849686073
504289663
733591113
952797436
155486785
849686073
849686073
399205682
882263924
849686073
373057750
702268924
104639860
355318085
257603268
849686073
849686073
278675264
76907195
249717384
849686073
849686073
849686073
876102999
287522898
849686073
115422447
32962359
999102396
544393117
831991392
849686073
4447013
155486785
919013
337409273
849686073
76907195
671399313
849686073
849686073
937434030
211952034
849686073
550734197
849686073
738580732
464843362
849686073
849686073
349728577
151107964
849686073
396823459
849686073
588224845
135545727
849686073
185066584
293499695
133680878
90667759
202216138
560297872
831991392
629949843
550734197
470750716
550734197
582656155
663840885
279606813
733709673
339660079
378615551
554503470
849686073
849686073
379307412
849686073
238644965
849686073
413390042
849686073
464843362
822039
849686073
831991392
263548233
849686073
849686073
681425770
831991392
321296351
849686073
535780546
894507012
799583860
844740470
428729293
550734197
849686073
849686073
894507012
38201199
178182542
378615551
849686073
185066584
115532331
343783160
711100000
755238326
277233886
849686073
849686073
849686073
849686073
598706477
783380757
305084698
601013452
977058409
37756943
340712885
866039213
274749462
894557232
547534103
917341579
470750716
552080999
849686073
907255997
849686073
928793433
849686073
849686073
849686073
93798726
849686073
136878292
849686073
863344131
418946703
267544540
663840885
644701509
76939696
51345463
986846654
396823459
96452787
849686073
424285014
239240853
849686073
273950595
678264212
849686073
285542496
849686073
197786659
999102396
824745437
262314852
336101251
849686073
378615551
537478165
663840885
194103376
971730938
187832897
849686073
351507919
502815815
76154240
678489886
657086865
136908794
849686073
902363603
320511762
843554163
701686200
971730938
15960566
620939504
332640996
849686073
568882857
915953018
135545727
409440596
184202513
707056731
835669444
420540431
973887444
848581774
948368872
255507785
713792830
678264212
767714188
25449154
135545727
763462247
849686073
281031615
29695935
915953018
849686073
350843100
229059009
168511839
135976077
301246454
545366677
849686073
939494735
849686073
727931659
152471444
849686073
992182302
18694142
971730938
59577432
462656276
971730938
59577432
487299224
849686073
548917720
598980251
241389525
772925619
176449683
925232730
59577432
422166563
849686073
849686073
135976077
795505289
378615551
135545727
916139685
849686073
849686073
849686073
525488852
667719056
809181413
72494764
829376838
700926366
694343372
971730938
401950427
849686073
808203053
849686073
933143093
849686073
849686073
831991392
827195221
171650281
59577432
332640996
62857790
849686073
101642012
464843362
849686073
937827902
59577432
531632411
849686073
849686073
176449683
971730938
495361417
59577432
236760565
545366677
803340673
835669444
470384121
882566659
118033113
59577432
525488852
849686073
806864821
589899489
400261206
240735739
169753670
849686073
67620726
849686073
291843110
59577432
849686073
971114240
581165110
403017376
605335701
400418148
59577432
273779584
142777396
236760565
971730938
831991392
849686073
229201344
143041474
405401246
849686073
849686073
194191674
849686073
236760565
520703198
59577432
832357572
849686073
135545727
136678124
59577432
936114632
56222852
658584407
236760565
296420505
63757923
378615551
703144670
849686073
135545727
378615551
492514058
60462065
462656276
849686073
475474842
849686073
693818360
849686073
52750912
950438150
114012141
309517431
849686073
540012344
849686073
164174105
978095573
933452038
183948604
849686073
817566718
831991392
931930330
849686073
60462065
135976077
117981770
628276649
85686359
849686073
707056731
707056731
176449683
849686073
887908928
513325038
864836764
469732951
849686073
676306194
915953018
891749433
155843469
862401852
849686073
187460834
849686073
233530986
645924643
601013452
151107964
59577432
120219771
545366677
707056731
831991392
680455623
288169056
135545727
59201083
708809490
971730938
236760565
849686073
256607431
31165977
125067185
176449683
953853737
849686073
626842271
864836764
849686073
849686073
59577432
378615551
849686073
960066921
114012141
59577432
316059210
849686073
832357572
849686073
236760565
383455488
892656550
768895071
950814983
849686073
367394331
849686073
229059009
497838081
25837270
849686073
59577432
29981409
832357572
849686073
619420003
849686073
321459805
969323124
926433590
47086594
888929866
404360937
849686073
849686073
607167155
759482595
142014359
849686073
831991392
497838081
324010041
974475099
337955120
831991392
892855850
59577432
903093549
462656276
849686073
288767993
168964549
849686073
599724875
849686073
591332548
882608238
156774159
741977750
679328528
851666654
425266745
663840885
849686073
243984608
59577432
849686073
849686073
849686073
492329706
701686200
831991392
951241947
849686073
849686073
542869832
166477159
5531736
430370905
47086594
849686073
702323368
616506162
849686073
646099094
892656550
616457873
59577432
392721271
591812596
849686073
59577432
306536800
849686073
416450626
682308063
849686073
849686073
229059009
971730938
971730938
971730938
849686073
59577432
971730938
59577432
950438150
124097690
849686073
394458319
663840885
912796287
849686073
626842271
399541192
705290983
706919687
849686073
849686073
849686073
59577432
849686073
971730938
135976077
59577432
849686073
691411497
971730938
849686073
156774159
849686073
849686073
849686073
252004426
849686073
107283209
94088321
706919687
831991392
698127792
291271338
503094
109827153
849686073
849686073
591332548
849686073
182662736
176937233
123916708
90387512
279550619
831991392
626842271
849686073
256804860
405401246
388884026
914054420
849686073
197100543
626842271
555099721
980204963
849686073
718467975
849686073
755671934
849686073
259812387
849686073
831991392
971730938
849686073
971730938
849686073
849686073
74090260
32763130
831991392
204190941
18370052
900252428
604368552
849686073
677062562
532487781
849686073
259812387
849686073
849686073
331117190
302340220
959066988
626842271
925343581
422310380
849686073
971730938
934397844
971730938
758077288
638279674
706919687
760591167
832357572
357273377
53735426
330932265
849686073
849686073
354510256
114012141
570812284
514715915
32763130
156774159
849686073
143384355
211993812
663840885
786031809
849686073
32763130
275752377
431757694
577307188
849686073
849686073
525488852
40073803
32763130
59577432
591332548
80859020
571951719
849686073
777819530
125517476
849686073
332276100
849686073
849686073
849686073
671399313
616973283
157920947
892656550
59577432
157021944
900252428
748510952
197777392
900252428
971730938
525488852
396523586
480740333
60141088
359310428
971730938
785436730
59577432
849686073
685162874
820943595
849686073
641855152
849686073
921657341
969571930
849686073
849686073
59577432
849686073
59577432
702344333
849686073
59577432
971730938
694343372
849686073
59577432
70592807
849686073
495149952
59577432
984545941
59577432
469658961
59577432
59577432
186058627
59577432
352493666
548917720
355486506
185867868
961697207
628303719
475474842
59577432
920379425
951568730
70818994
701686200
694343372
706919687
351076961
488370971
873672402
866656836
330454632
464542048
849686073
253086116
342447553
849686073
849686073
114012141
862147021
685162874
849686073
637478962
706919687
849686073
990636192
849686073
849686073
849686073
849686073
59577432
882566659
849686073
411352850
383781095
462656276
59577432
95490463
59577432
849686073
814180251
849686073
756947067
430152050
451028463
613206847
462656276
760903083
965095095
653876077
992964771
12679530
390917676
854826543
59577432
713614869
950438150
462656276
849686073
875155713
59577432
538693924
849686073
871724762
244492540
31778384
849686073
138019473
849686073
663840885
59577432
43238933
572698211
405401246
828265434
849686073
353493844
116031956
971730938
310613341
663840885
59577432
721181499
849686073
849686073
829308869
849686073
849686073
849686073
180558625
792173813
545366677
849686073
849686073
350087402
849686073
709222766
665002704
741977750
930627629
950438150
908612676
849686073
525488852
157021944
546282290
46006491
798156630
748510952
803625898
554011382
229059009
943623485
747384979
39924416
755671934
990210887
717925178
849686073
971730938
62655458
849686073
692166288
114012141
793856148
849686073
59577432
634145461
293928707
849686073
233872050
59577432
849686073
986544950
849686073
849686073
412587877
849686073
223896504
635861557
643913038
405401246
130550174
866486940
626842271
913218171
849686073
323289230
831991392
279562102
598861855
849686073
522085337
507532326
849686073
452844126
59577432
849686073
753613548
490712683
630548672
441207396
849686073
831991392
442924477
74045376
849686073
960214358
849686073
99631533
643913038
834851879
157021944
866448137
462656276
849686073
671399313
814641669
849686073
849686073
598980251
263881916
849686073
567606740
59577432
759045380
849686073
663840885
331117190
59577432
849686073
849686073
849686073
59201083
945879447
815926971
59577432
186974941
905495988
950438150
971730938
632594056
319503470
849686073
86415940
323289230
849686073
849686073
962110794
332592228
971730938
993555621
417834722
161000034
67529203
388408997
59577432
849686073
849686073
934605963
452844126
359461286
849686073
59577432
849686073
769876285
59577432
59577432
843544990
618512178
849686073
832357572
59577432
969297719
59577432
708843072
849686073
59577432
74977405
59577432
849686073
236760565
804489772
286931012
849686073
533005943
538693924
487383324
849686073
849686073
849686073
223896504
297668672
861827343
546186591
849686073
971730938
831991392
663840885
950438150
755671934
995663155
117981770
849686073
915894481
849686073
814180251
577249430
78078456
849686073
849686073
849686073
849686073
950438150
849686073
814180251
849686073
849686073
987744694
117981770
761480794
849686073
694343372
849686073
229059009
20844855
59577432
242529679
771397461
485788099
505261638
849686073
844844189
849686073
186595811
78078456
849686073
176036661
849686073
101801523
890744186
352584377
702181108
993633262
849686073
983289434
849686073
849686073
731485810
849686073
311220679
849686073
849686073
388058419
849686073
849686073
892253081
849686073
485490041
849686073
39924416
415768028
849686073
213144843
667305226
972170190
478387731
972170190
338515235
849686073
694523919
849686073
142568850
218030549
399388001
701686200
103677981
849686073
825059932
733856292
59577432
643913038
39047125
171796961
188772976
706646735
812929459
714497274
165842063
849686073
398273558
167202886
70818994
894621157
121246907
984579032
258042886
849686073
520990706
150145683
997171108
849686073
566244402
540562300
236233244
157021944
145158336
701686200
107301200
892656550
849686073
59577432
158958835
991516469
258042886
904602391
216865911
538117654
863658788
849686073
825059932
258042886
971730938
849686073
569820663
258042886
849686073
59577432
881488419
671399313
92814968
977919951
987744694
849686073
707056731
849686073
849686073
30473393
107301200
547788644
822601578
258042886
663840885
369946098
59577432
849686073
107301200
505577753
59577432
849686073
59577432
163435093
90387512
745969767
758733419
107301200
444316443
849686073
823451083
258042886
487740462
748876611
787058989
663840885
849686073
755671934
626842271
748511995
39924416
849686073
83494100
531390089
639002370
671399313
139497341
219193854
258042886
490702379
803548536
849686073
231988796
849686073
849686073
633828073
814180251
78078456
849686073
636721851
885775864
998914550
715943217
849686073
856473505
268181560
59577432
849686073
592246927
970400237
588446552
835552612
258042886
557241205
682563269
413414362
849686073
849686073
59577432
107301200
53606342
849686073
465477975
59577432
59577432
689217363
626842271
107301200
356487320
606337140
10175190
198242601
96666621
63036006
107301200
194913604
849686073
748876611
849686073
107301200
59577432
849686073
849686073
849686073
107301200
59577432
417194824
849686073
972170190
849686073
69060375
199763669
849686073
849686073
849686073
787785943
107301200
701686200
849686073
984933566
324139821
455931507
849686073
733811704
59577432
512932560
436479908
849686073
849686073
887396230
849686073
849686073
671056874
598283986
258042886
849686073
849686073
654115190
849686073
225278719
603578835
59577432
59577432
908704724
107301200
59577432
59577432
849686073
694531610
584111671
489439361
849686073
166258583
849686073
538117654
849686073
96192671
984540436
849686073
470310518
107301200
849686073
849686073
232145907
446848354
849686073
814180251
849686073
867576364
164808975
155513462
849686073
555402261
723017672
849686073
955683636
849686073
874425699
66165698
258042886
114220512
663840885
663840885
199763669
849686073
190864078
972170190
849686073
849686073
849686073
849686073
849686073
337963692
461452443
78078456
849686073
971960706
849686073
889112647
339591290
59577432
849686073
632365959
566244402
849686073
849686073
398273558
54864458
266162337
849686073
998914550
59577432
176449683
388509115
849686073
849686073
849686073
502785576
663840885
714497274
849686073
69837926
972170190
151769517
849686073
767590856
857404210
479599486
136541057
638735707
748876611
893866908
688209468
630219516
258042886
730573168
59577432
258042886
849686073
849686073
355297339
701686200
849686073
663840885
59577432
626842271
723017672
39924416
971730938
849686073
362307271
849686073
131905230
849686073
701686200
116150230
834085410
849686073
849686073
107301200
498750390
849686073
505718009
387663650
78078456
849686073
849686073
671399313
179496400
67317153
59577432
347823904
870038658
534072223
849686073
849686073
849686073
237245657
258582045
656678509
663840885
663840885
849686073
275714126
133188365
399355090
643413647
849686073
849686073
849686073
449306076
187267537
977247889
912177747
372304051
84029809
849686073
849686073
671399313
137800818
870038658
849686073
854531889
52303066
215983011
755836328
626449802
739253242
643413647
552080999
905352723
849686073
899696875
663840885
156085829
921029903
259438802
718294969
849686073
347823904
849686073
849686073
849686073
359295774
849686073
849686073
776308255
877820027
870192438
59461667
332592228
972170190
849686073
663840885
477281534
663840885
82261092
351235136
881488419
592041794
465443450
718294969
849686073
849686073
270518432
552080999
391535634
742670811
817566718
851915802
50154598
417155764
849686073
849686073
849686073
422927417
849686073
429276241
552080999
849686073
142053698
477281534
472117592
849686073
849686073
500426564
717925178
617842355
164681429
849686073
364955108
292132887
663840885
552080999
67353915
879445270
748876611
156509461
180701244
814614702
790604746
849686073
663840885
849686073
6867380
87807500
823451083
697308955
690032142
953034739
849686073
518654783
849686073
9304171
810820059
282681304
849686073
375558849
849686073
314694498
621889028
965042893
238732281
115127003
271493666
177528794
972170190
849686073
987401132
326039140
27441682
197256519
718294969
849686073
37819048
858528884
857404210
258042886
57636602
631665460
285252607
663840885
764154936
550734197
573955256
66769972
121928504
849686073
477281534
22678004
501093378
324717250
26662411
9223932
924680955
962813838
849686073
858528884
849686073
114050046
192705061
849686073
59704701
497385759
320464213
579790424
654668932
849686073
712921966
564661659
849686073
748876611
767590856
643413647
388309193
849686073
388059061
247469284
253312103
849686073
70352233
461395536
849686073
748510952
849686073
794689875
924680955
26662411
133188365
972170190
849686073
849686073
182211154
794124205
849686073
106025016
748876611
637865876
817566718
556986078
744933834
980309378
643413647
663840885
849686073
115127003
849686073
618809264
150949328
972170190
115127003
643413647
849686073
518654783
8619775
552080999
972170190
243310255
631665460
399055610
849686073
849686073
998564189
717925178
849686073
198256887
669236774
647844768
115127003
849686073
192218949
115127003
284354338
483828736
204431306
286605635
643413647
823451083
26662411
702007955
624943605
174838897
146700534
954598026
441495424
663840885
849686073
579544475
65188987
386256821
849686073
966275194
415835550
552080999
849686073
994101666
22949735
498750390
291123711
258683976
138314358
972170190
849686073
849686073
849686073
998955077
115127003
609633885
576598526
135097582
849686073
748876611
917944686
552080999
680508917
849686073
849686073
972170190
849686073
849686073
326359362
849686073
253312103
643413647
397083558
299047736
133188365
724930311
398506560
823451083
879919666
229517194
566039887
10010349
641520948
999136696
133188365
26662411
849686073
849686073
748876611
888958402
823451083
518654783
187860839
412215899
827643363
849686073
820848815
818096982
132694628
849686073
849686073
849686073
799161514
393395194
133188365
273894850
626602570
386434023
850707248
54936325
150801816
397083558
849686073
748876611
9304171
772652480
748876611
115127003
518654783
643413647
849686073
849686073
663840885
400598883
953694542
439390276
364454759
119766982
669236774
711174527
724930311
992091828
752722021
591620436
849686073
970832624
898412370
849686073
400598883
63735883
849686073
883646742
849686073
385345740
380159197
167813532
849686073
945873724
849686073
26662411
79671750
400598883
502232694
849686073
735841577
44746260
59570493
103510873
134504653
903401085
849686073
541138237
325336195
849686073
813769666
849686073
813960996
849686073
606841940
647977402
204425029
972170190
67558849
879919666
849686073
849686073
399355090
849686073
993810359
835669444
835669444
694737591
569314187
506338226
831501925
518654783
849686073
787054219
972170190
164261123
477281534
26662411
849686073
496234756
821896064
283607230
552080999
849686073
352697227
416049453
849686073
849686073
980309378
668511817
149247504
817566718
849686073
133188365
292132887
440015699
982866604
208965717
507141533
849686073
825059932
849686073
278786162
391726019
849686073
849686073
718294969
125131066
849686073
136104322
843954779
553263210
607703033
849686073
986098378
663840885
631665460
800973276
422634401
849686073
828898573
217595757
859798229
849686073
35421696
849686073
143670922
849686073
466168094
849686073
849686073
438503951
69763358
849686073
608676088
123199058
849686073
345557453
849686073
849686073
849686073
849686073
924680955
189079831
849686073
299505672
758956235
477281534
849686073
574166501
742670811
9326619
849686073
917936295
858523282
280618628
58697125
849686073
718294969
628734821
400598883
849686073
849686073
552080999
785402800
199907871
407829463
849144182
849686073
825059932
849686073
390884619
849686073
792212441
477281534
849686073
849686073
849686073
417118745
849686073
459437122
849686073
849686073
681544220
541138237
351579654
849686073
677637631
849686073
577950651
720244840
119148325
849686073
459448347
382332884
48562827
823451083
97008330
600727321
199414023
849686073
137809379
234652859
518654783
643413647
849686073
543424706
849686073
842201566
133188365
202413496
572226852
849686073
546515164
607514431
46179029
133188365
849686073
913112768
829561018
189464472
82570929
508417494
882113972
170749874
240210738
370251089
328351325
849686073
422145728
325666383
771298288
718294969
517114811
849686073
205180739
451801560
970904768
849686073
849686073
432595640
528289720
605620196
282385592
202721620
653331960
875197979
849686073
849686073
633200749
376760553
968870519
397083558
448094204
667003124
400598883
780207107
310204600
192702149
762513197
930908520
924583314
559024708
968870519
400598883
937861058
61489032
115127003
572226852
133188365
857404210
634882021
133188365
919026621
849686073
849686073
581080143
147002866
519196620
480271571
811723914
915359773
780307267
323520374
718313208
849686073
632802959
849686073
856556212
26662411
503506005
26662411
238599559
954440966
619661795
805423493
397083558
391970291
849686073
411727296
217732767
982257362
817566718
134807218
849686073
967299744
791235750
552080999
849686073
265633965
419607485
133188365
572226852
407559108
210888246
407829463
849686073
24583356
849686073
200416941
919996766
212367157
541138237
494188258
329568492
849686073
133932409
849686073
600727321
849686073
635181041
866566803
550734197
663840885
849686073
764718629
849686073
990249416
849686073
518654783
329101209
212367157
258943004
764021284
565046079
849686073
48562827
585192069
202721620
155761581
180298145
518654783
631665460
916265549
205180739
141897107
28816560
339082782
849686073
960809307
849686073
299103556
849686073
180298145
26662411
878307328
366170928
44633496
517460288
827254174
864509689
849686073
202721620
42633340
668511817
718102416
729627579
226657192
864942158
378282527
476943024
849686073
73182367
868982061
8725483
849686073
552080999
333105947
849686073
68750928
990249416
478637130
94193298
918817392
674464914
484491513
681924489
911143794
279191436
849686073
212367157
258529796
663840885
688278259
212367157
556924968
106085508
385899207
212367157
91708975
763856700
83316061
385899207
76951067
849686073
26662411
561313863
479456921
617041259
375470505
555245369
243507561
718962927
839892098
370105235
663840885
849686073
849686073
212367157
849686073
212367157
115127003
385899207
478637130
600123275
971715423
481529669
114012141
715124515
273248700
109700646
216452660
385899207
485079466
61980810
581389077
917936295
197519230
849686073
212367157
265192311
954416833
385899207
566386969
24629547
980944805
839892098
221400531
288763724
535848735
337295433
858173092
489652743
849686073
623084629
603945953
849686073
554752340
653088352
663840885
849686073
535848735
212367157
849686073
849686073
849686073
485531423
849686073
162671276
663840885
681111095
91708975
322277332
840177254
336254891
835669444
628108252
618614287
849686073
657996883
508700287
715266568
849686073
715124515
26662411
787479973
403787843
650380851
449201011
545366677
296097426
552080999
26662411
597629740
144349071
477281534
541138237
366803328
346446701
455688738
465573076
397083558
952478356
32687710
306700995
521956625
312163772
849686073
849686073
600993752
26662411
303578391
