149520970
324809735
922553781
629075667
849686073
112298202
670006553
395446537
951861605
710825455
894507012
849686073
861759027
849686073
598080872
894507012
849686073
849686073
936391382
849686073
849686073
678676946
806978929
179277012
894507012
110569510
879513196
849686073
604576127
849686073
916035760
894507012
849686073
621738949
281202495
604576127
419417292
302341516
120417501
357458674
606860525
849686073
894507012
902950614
894507012
849686073
327660515
514463983
385454119
894507012
849686073
378909307
907956606
849686073
732506866
477281534
955858158
518268030
837238981
846617433
3568791
549240493
632000775
849686073
849686073
849686073
43438740
639120062
328910483
355655086
980593538
107026458
849686073
837238981
849686073
849686073
204162717
849686073
849686073
849686073
472480000
849686073
469380968
849686073
593778379
28807636
395446537
905031091
849686073
849686073
849686073
722036073
734543788
366899557
74968703
849686073
155309962
178107225
924843040
849686073
912894189
118984244
960764578
847596676
366899557
355655086
849686073
702704400
849686073
894507012
849686073
225358148
225002323
999662189
296668085
238640767
849686073
390315781
871971225
640097615
849686073
923126795
849686073
940614467
639087469
678726117
827268038
862633219
622278823
886187532
849686073
296506635
894507012
849686073
960077239
849686073
87149563
111154574
894507012
132684923
849686073
849686073
849686073
849686073
674113236
383316718
539063779
71302915
477281534
673788720
849686073
849686073
310585760
849686073
254921362
894507012
849686073
797717014
849686073
924843040
355655086
477281534
549597734
894507012
380876269
877263783
894507012
683370689
894507012
631560287
894507012
238640767
614225300
312456839
894507012
849686073
894507012
350191696
366899557
751535955
849686073
477281534
954461577
856164901
768893464
37265865
849686073
764086723
894507012
849686073
98243680
365122138
426574083
175568709
849686073
894507012
849686073
849686073
176373792
630654964
230253200
796741275
97142321
184968608
734543788
849686073
274063679
445164526
561321316
231101917
849686073
894507012
849686073
706793100
849686073
857463862
664501008
849686073
849686073
849686073
169135328
849686073
943717508
225348771
849686073
808322877
678605653
849686073
894507012
105759854
465361499
849686073
497209039
164241155
682350255
79879956
894507012
264026543
792662997
960490265
849686073
324809735
894507012
991188207
894507012
797581140
111154574
238640767
852225868
64308964
849686073
894507012
593258696
918619494
849686073
699781701
107026458
262845620
45334568
903002851
124556923
902618737
626855898
659739888
924843040
523297230
740515807
849686073
849686073
646453795
849686073
609431806
849686073
191657200
894507012
924843040
366899557
894507012
849686073
55390809
241052318
432628252
412516381
672774853
672774853
894507012
894507012
894507012
894507012
366899557
408775001
369802578
894507012
553896004
31398495
45471021
915132386
741142770
894507012
157629556
140091464
849686073
849686073
816928830
111154574
491861316
894507012
849686073
849686073
716863339
830275569
849686073
894507012
230253200
869873227
849686073
763365130
558460613
945997324
315341009
849686073
678605653
894507012
47840314
849686073
388976857
849686073
849686073
16878870
311878504
491861316
672774853
230253200
849686073
366899557
930466575
75122402
409282319
659193121
924843040
894507012
591806301
894507012
89979341
254060962
262845620
849686073
894507012
13281376
894507012
237670014
849686073
993756188
753597650
235969273
849686073
902382683
94970805
646453795
479502651
837238981
16715893
366899557
865210554
849686073
518268030
849686073
849686073
849686073
894507012
834650907
894507012
813838516
175066576
388976857
849686073
849686073
849686073
510228123
894507012
849686073
849686073
849686073
458374892
649128189
448146750
224636188
181796730
894507012
935670660
894507012
793899505
894507012
849686073
894507012
849686073
680091559
849686073
619387339
225002323
750218207
230253200
334399829
318053134
849686073
37713810
138306198
894507012
287952579
521877153
900217350
894507012
849686073
474276306
258514877
845076406
849686073
882991546
412061589
419870016
849686073
649443054
304731998
849686073
849686073
387461087
794546189
849686073
536216083
849686073
986103554
986293843
894507012
849686073
826192905
117996844
460783204
323046172
849686073
849686073
849686073
186368124
849686073
885884238
894507012
788709196
849686073
894507012
238640767
849686073
894507012
746580006
458919312
303916121
781359781
141157019
518268030
849686073
849686073
687677339
655458481
206665941
464567405
849686073
467977020
849686073
849686073
894507012
52062681
849686073
593778379
791301245
806987839
849686073
849686073
945709627
730737622
849686073
670006553
15544265
678605653
849686073
849686073
849686073
626578883
467629007
849686073
849686073
682777960
904521579
408908329
849686073
849686073
840918535
285326846
837238981
347097702
849686073
279828760
477281534
55390809
849686073
894507012
254520644
803699162
784401167
285326846
320836332
849686073
487280275
659433495
585390378
849686073
894507012
849686073
388976857
849686073
849686073
849686073
626855898
707288853
744334858
580373668
924843040
491861316
270831892
231101917
983855859
659002705
419876836
849686073
849686073
55390809
894507012
849686073
476229844
540265168
915164327
194995321
849686073
87473151
626946757
894507012
465163284
849686073
895999625
366899557
594354861
849686073
477281534
894507012
553138028
849686073
909224633
894507012
254060962
849686073
894507012
183021698
849686073
596991933
672774853
127132488
452218235
715510562
77879024
849686073
640927188
849686073
238640767
191260011
222257597
849686073
849686073
660216031
849686073
849686073
849686073
397255249
682032807
849686073
346033451
894507012
692283418
849686073
849686073
567403908
849686073
240967621
477122679
53040807
849686073
31863442
849686073
894507012
238640767
988027765
842878819
902320909
849686073
849686073
195513047
894507012
285326846
266468870
342028355
849686073
849686073
849686073
117926553
238640767
894507012
860402581
83781941
257691571
792410666
924843040
599635257
672774853
825733676
65841378
506082649
787451987
672774853
985212369
242651579
445598707
824531737
927630818
824531737
502416677
794365406
849686073
849686073
849686073
966791343
711173272
824531737
20698192
924843040
849686073
856768296
849686073
282593380
670006553
849686073
894507012
676126912
61518675
849686073
792662997
709983481
473116387
758496663
894507012
849686073
824531737
28694557
993756188
60261416
238640767
849686073
167970080
389342673
558255043
894507012
849686073
849686073
11633875
435839371
593778379
218513317
124172076
849686073
849686073
17705069
55577287
924843040
316068965
849686073
813410900
105085674
908804964
815823954
849686073
703314407
732283706
830275569
74509928
849686073
894507012
849686073
894507012
623317032
849686073
849686073
856305699
849686073
927630818
849686073
894507012
813410900
849686073
345314438
475864141
366899557
612175423
633258832
924843040
849686073
894507012
161029983
849686073
849686073
519240452
849686073
974020480
415369761
849686073
894507012
319560031
257453671
61518675
849686073
743975288
894507012
849686073
924843040
824531737
849686073
849686073
480600877
849686073
52610890
240409207
12770497
595316882
894507012
824531737
973478799
644949917
866347205
849686073
669172992
746685265
289047476
825733676
863110844
849686073
294565059
824531737
61518675
849686073
995806614
623317032
849686073
967051804
824531737
62129249
824531737
660216031
615559147
824531737
849686073
825733676
815466066
693580638
251547979
898370641
479752616
59290029
61518675
917047509
61518675
849686073
718755680
356457879
849686073
61518675
285314818
924843040
849686073
849686073
847728159
61518675
824531737
895999625
849686073
849686073
202008337
703314407
894507012
276418947
795292211
593258696
825733676
608413402
413142117
894507012
924843040
22059594
849686073
314008384
849686073
593778379
708969579
466487181
195672532
849686073
849686073
414449431
795266393
712495002
191651795
298865654
880324241
629110587
792662997
849686073
734746262
329062647
825733676
894318191
849686073
849686073
849686073
412175213
383085146
527695408
606355502
433325345
61518675
757972652
197867130
849686073
849686073
839302830
894507012
878649390
894507012
849686073
824531737
683552743
894507012
849686073
849686073
849686073
229501663
472161964
849686073
894507012
849686073
849686073
849686073
792662997
530213462
849686073
70591983
921528426
849686073
849686073
879716094
849686073
849686073
554055749
617055395
240217052
849686073
894507012
894507012
469760416
824531737
690164940
849686073
788159078
664021302
679001002
751912016
259098311
849686073
899098972
61518675
849686073
31179800
824531737
469760416
894507012
894507012
924843040
849686073
622526774
356457879
825984172
824531737
924843040
849686073
256469211
703314407
558460613
894507012
849686073
849686073
824531737
844228316
824531737
651242383
170368620
270831892
718755680
401957812
11502057
849686073
829149988
854443566
849686073
184540279
849686073
894507012
206305575
849686073
189136740
912813325
690041488
561769598
81931274
849686073
425093908
894507012
849686073
480518749
849686073
820685733
366899557
372145519
849686073
601966002
681115973
252472626
256469211
356457879
824531737
824531737
974027522
849686073
849686073
553995867
451638852
849686073
824531737
956670988
849686073
849686073
963921504
81931274
449496961
306905275
568125683
849686073
466487181
849686073
894507012
445203997
824531737
184968608
162011323
446875835
155614587
783769167
849686073
238731940
54263838
849686073
924843040
849686073
849686073
61518675
199445035
410554754
690164940
824531737
849686073
785872040
849686073
849686073
187162262
849686073
824531737
624055243
924843040
466168591
894507012
824531737
969054959
491861316
849686073
849686073
849686073
144407452
22082738
136019253
824531737
352377479
849686073
159685066
849686073
191107157
703314407
184968608
924843040
849686073
88118102
849686073
372145519
853134951
827354142
938513581
673797046
283414917
815339513
993329331
894507012
637890761
311619874
356457879
894507012
616283858
376613055
28688572
849686073
849686073
482088798
849686073
849686073
432466466
849686073
849686073
602356054
445402949
282593380
967051804
61518675
142355313
849686073
894507012
162630045
923821066
158678128
767059772
931791890
6293416
849686073
849686073
282593380
849686073
558460613
852952647
615210152
355489678
61518675
493075229
780538120
621738949
849686073
849686073
849686073
963921504
849686073
762662938
890768561
849686073
483223549
248036782
282593380
849686073
184968608
849686073
729739579
849686073
631795979
849686073
623317032
61518675
656756248
291111487
496952759
999764132
521629665
508678829
849686073
61518675
174924434
849686073
66465998
849686073
849686073
753849678
482088798
558355813
849686073
133780688
890407994
849686073
46573018
422097900
734047315
849686073
824531737
249637794
849686073
849686073
552898087
731437565
61518675
300658163
309930972
849686073
849686073
849686073
824531737
499412764
885235704
858430322
97641218
849686073
538164241
812406823
726769148
159037957
894507012
849686073
126788348
824531737
915116236
849686073
129557350
849686073
894507012
291111487
848799741
445203997
142355313
830275569
849686073
849686073
849686073
894507012
498588974
894507012
137023702
282487186
849686073
313354806
989157479
894507012
544592838
300652805
242651579
256469211
849686073
675522812
690164940
611201712
894507012
847721179
894507012
454375244
824531737
849686073
561017693
429061184
385605000
216487686
718755680
857300759
610812119
662195243
849686073
708969579
849686073
801822121
849686073
151937317
849686073
132752517
559517954
849686073
849686073
849686073
282510566
112318094
126259689
849686073
535153268
849686073
144350539
759106060
849686073
849686073
849686073
610107692
849686073
849686073
849686073
356457879
610352235
389108603
849686073
792662997
753849678
626857318
366899557
703314407
593778379
824531737
849686073
849686073
849686073
824531737
708969579
311547067
124289333
792662997
535254706
792662997
902690579
982500970
376118648
849686073
690164940
894507012
849686073
293484807
849686073
849686073
849686073
890407994
291111487
849686073
849686073
79064805
736784059
708969579
924843040
222095594
549637582
576374798
849686073
61518675
849686073
269773652
849686073
849686073
703314407
634917499
132628293
234076533
849686073
849686073
309867126
566594186
120075486
808169471
427107778
186582541
894507012
750877558
849686073
929400384
708969579
849686073
703314407
849686073
3224731
306862107
642434948
849686073
94867571
849686073
712495002
849686073
849686073
200930915
667673071
470216413
356457879
990952741
482088798
994935993
849686073
375672658
824531737
433769950
849686073
998222082
849686073
181047734
757972652
849686073
849686073
849686073
792662997
894507012
574548751
151585302
398891279
880331872
345357632
46398819
849686073
482088798
849686073
894507012
849686073
623317032
849686073
61518675
824531737
933368912
698269371
433749065
894507012
754651964
827502699
824531737
849686073
222781126
248453545
61518675
611320645
894507012
849686073
849686073
387865195
894507012
345357632
513462348
849686073
61518675
944268311
169861272
849686073
482613075
849686073
44288234
976227000
12111447
849686073
849686073
849686073
896331502
845940459
669724505
612542933
849686073
252472626
849686073
457764503
586061664
849686073
827502699
849686073
706202247
199275404
924843040
618607247
708969579
849686073
782005941
924843040
538024263
499931979
6852682
103829134
366899557
964177596
928998263
894507012
597981043
6518400
211796016
841079382
849686073
849686073
767059772
849686073
255768009
849686073
925280781
849686073
402883802
849686073
849686073
849686073
469438211
849686073
849686073
375672658
353806197
894507012
849686073
483047345
930050893
708969579
459624383
964177596
753109294
532221992
345016723
849686073
743592787
849686073
994935993
849686073
824531737
849686073
924843040
834246953
849686073
849686073
731406617
985984663
849686073
723258262
849686073
617035325
667328898
381522647
849686073
589132175
849686073
849686073
916769045
849686073
849686073
849686073
849686073
862757780
124959008
849686073
911810173
955394039
227886547
382039381
476341156
973414880
849686073
849686073
849686073
849686073
70048549
974195946
61518675
445383340
708969579
808320939
979242774
849686073
292037939
849686073
26036097
619105302
470377138
849686073
849686073
400660818
849686073
924843040
84423971
849686073
511691691
849686073
498588974
849686073
507199544
291111487
61518675
824531737
792662997
23015871
849686073
757163129
849686073
258305749
849686073
792662997
482088798
886893040
925053826
849686073
894507012
824531737
307006881
703989389
894507012
849686073
224636188
849686073
824531737
846296950
849686073
257593061
406941098
168961317
110166959
849686073
102629458
924843040
466487181
824531737
849686073
812268070
849686073
470377138
964177596
849686073
327537553
849686073
382039381
824531737
691258961
290570425
61518675
957845145
792662997
445320403
911857320
638277905
849686073
849686073
151585302
849686073
826449772
694989687
13326950
691258961
849686073
708969579
849686073
614423180
356457879
301080134
690164940
849686073
849686073
922699114
849686073
53132615
252472626
245496098
824531737
849686073
950153916
849686073
552800064
924843040
824531737
269812236
924843040
849686073
903637331
896738686
894507012
86734807
708969579
703314407
772478680
470905480
849686073
926962503
250158861
43438740
924843040
928945944
610822479
629110587
849686073
849686073
849686073
867176266
894507012
61518675
865517438
849686073
894507012
63322171
849686073
849686073
784915658
245496098
849686073
664722393
61518675
708969579
894507012
824531737
103394501
691820829
710088486
363024765
231695907
708969579
39236211
339372966
124959008
824531737
462131347
367204256
94867571
61518675
690164940
824531737
849686073
849686073
880619683
127998373
849686073
894507012
55955216
574560
849686073
849686073
849686073
849686073
983395675
256469211
937599549
689230013
849686073
849686073
896331502
849686073
849686073
894507012
849686073
924843040
849686073
894507012
41860228
849686073
849686073
604620417
849686073
672442881
389279802
816083962
163863431
849686073
849686073
291111487
231695907
358715077
824531737
849686073
924843040
107818879
169631649
849686073
849686073
849686073
74569119
894507012
924843040
872474435
231695907
721269329
743381084
924843040
739971045
894507012
770637462
708824670
523905922
824531737
991902670
928099285
27411795
994935993
849686073
655275662
466487181
849686073
894507012
849686073
849686073
168710621
723258262
795717830
896532101
168710621
751400612
961398486
824531737
924843040
585035097
849686073
482088798
311967051
849686073
635345008
182997846
85515419
431586794
849686073
849686073
318625419
849686073
849686073
849686073
826449772
81202139
849686073
472210560
894507012
723258262
235378830
824531737
849686073
408250127
152847593
849686073
849686073
878626226
849686073
252472626
849686073
61518675
824531737
849686073
924843040
849686073
849686073
760715045
849686073
849686073
609510951
849686073
708969579
849686073
467792585
959498322
826449772
366588118
824531737
924843040
545070596
948921419
850685842
14379699
849686073
867673954
224636188
793458504
507168748
849686073
849686073
849686073
89393115
849686073
284391446
445203997
849686073
849686073
112318094
6518400
445203997
48405407
849686073
143035456
748444085
723258262
849686073
369299720
84396603
849686073
655630200
849686073
894507012
555629530
439802936
928344810
558099363
723258262
849686073
849686073
849686073
566594186
139596851
91419600
399864678
849686073
415637757
404951780
370533655
823011960
254060962
849686073
163863431
872319847
849686073
242651579
495843202
849686073
894507012
703314407
849686073
367402954
361643758
412144546
894507012
504946282
994935993
871529975
837751292
488936351
849686073
362701286
824531737
894507012
904863804
488479324
849686073
849686073
849686073
849686073
849686073
924843040
849686073
510224366
849686073
849686073
778817401
849686073
447807966
634242733
503215317
20133875
570695668
849686073
849686073
245496098
37379808
593855219
168710621
51489867
185771546
849686073
849686073
61518675
849686073
849686073
112318094
61518675
849686073
849686073
779585343
849686073
683008760
852552952
924843040
593855219
408642231
384661739
424546182
849686073
849686073
280658869
418385610
711782402
849686073
879844919
481199027
899524490
91348198
849686073
849686073
849686073
20133875
192857736
849686073
849686073
849686073
89967490
849686073
924843040
135928547
830335451
75133728
849686073
849686073
663016055
61518675
61518675
849686073
107384918
107535156
849686073
443857710
269307100
798620958
959498322
445080503
445203997
504644436
48953048
849686073
849686073
441333511
9992362
924843040
72677043
432473833
849686073
849686073
950786928
849686073
849686073
937599549
558099363
849686073
415637757
170372904
849686073
146849945
353928263
849686073
994935993
717714803
663016055
336479962
849686073
924843040
519726993
924843040
61518675
849686073
807150972
834040814
165919226
163863431
849686073
544956047
872948944
849686073
163863431
57018423
642497107
616127065
61518675
61518675
496920057
514162171
916493388
905139955
147124449
476772805
849686073
741684992
562623144
849686073
554314960
849686073
142972050
397616106
252472626
109868326
849686073
31831842
849686073
61518675
61518675
84562738
684024316
849686073
849686073
849686073
496555072
852552952
26617034
924843040
853979842
891492088
61518675
998942197
849686073
61518675
899524490
694301826
849686073
784915658
849686073
863140780
32473843
23993816
49673387
914111937
809905851
849686073
849686073
245496098
849686073
61518675
849686073
849686073
388623599
698586147
849686073
234080866
849686073
849686073
849686073
924843040
849686073
413115078
590941522
924843040
819726674
849686073
849686073
793546315
395463870
703540661
891129771
927830313
849686073
61518675
44185124
849686073
936016564
849686073
849686073
61518675
61518675
849686073
61518675
934155370
849686073
61518675
20133875
495064700
408238623
849686073
61518675
849686073
742264809
518492376
849686073
926088617
230253200
849686073
849686073
849686073
849686073
61518675
774504190
37558425
702728958
849686073
536040544
849686073
849686073
924843040
599199478
849686073
218322786
89956443
275242619
803563155
295825253
315254363
723724271
594971851
61518675
960049265
751461055
992892855
916489058
849686073
849686073
849686073
188642675
849686073
327530530
416500366
849686073
849686073
240445181
849686073
849686073
60922669
566649348
200473375
212877692
849686073
593071024
26617034
472594950
908650800
914714073
849686073
849686073
664593759
61518675
849686073
849686073
794722515
358389211
674761792
982500970
61518675
849686073
924843040
924843040
61518675
128833168
488064296
647642265
849686073
535769495
65924900
61518675
26617034
849686073
849686073
201145905
958962509
14419448
924843040
849686073
61518675
849686073
268061560
136969531
744978188
924843040
61518675
996115857
937332742
849686073
210838899
849686073
849686073
805599320
104637260
744206324
723724271
317769596
144287614
335503831
748446788
849686073
744206324
61518675
924843040
849686073
849686073
849686073
849686073
956175426
849686073
26617034
535900639
256469211
843869323
706997020
415637757
372831876
230209298
924843040
849686073
849686073
579969591
915084739
61518675
618266915
256469211
689539678
849686073
849686073
953336282
283291261
275242619
997039726
816545013
719852620
849686073
849686073
849686073
394611861
849686073
849686073
849686073
849686073
61518675
26617034
644259720
849686073
339843055
311202550
849686073
426588869
470764471
982500970
590941522
849686073
929491555
849686073
548918321
849686073
265180461
917828302
849686073
849686073
61518675
849686073
545643460
849686073
972324380
849686073
761413119
924843040
76184472
849686073
125356248
645024335
900131950
55197279
849686073
849686073
171013904
924843040
849686073
924843040
613596037
285266199
61518675
849686073
624700099
65790308
268061560
849686073
849686073
849686073
809905851
849686073
595849863
849686073
613002338
323884204
962341486
773424421
924843040
760320111
982500970
849686073
849686073
924843040
924843040
451845264
658830461
410681555
924843040
26617034
611808170
61518675
61518675
849686073
849686073
849686073
849686073
185270337
61518675
908679401
849686073
458046133
849686073
327779373
201145905
924843040
849686073
139706545
647285020
849686073
940065513
87941054
896204041
849686073
392902268
52262329
129915918
849686073
849686073
61518675
289236329
849686073
196589788
764255708
849686073
445340717
924843040
713720706
849686073
813967112
623838434
275242619
849686073
61518675
256469211
924843040
849686073
61518675
267873700
849686073
849686073
849686073
67588908
355987340
61518675
849686073
849686073
297335790
848957850
849686073
849686073
61518675
535900639
930023849
624622978
849686073
43438740
893978339
849686073
849686073
924843040
535900639
849686073
849686073
508864621
107245903
849686073
217423818
849686073
962734522
233095713
826743516
756754798
849686073
849686073
849686073
237006255
849686073
219707451
586356691
849686073
849686073
900142430
889728335
595663933
849686073
738384364
40765769
26617034
397809949
849686073
899524490
924843040
849686073
61518675
26617034
849686073
607097152
854319153
849686073
563331991
849686073
535900639
849686073
882428629
849686073
406650848
849686073
406650848
761293530
141428338
48336997
854996838
296002239
643624101
849686073
10405932
406650848
849686073
849686073
725421295
915735506
805649245
849686073
849686073
849686073
849686073
339843055
61518675
610501377
818246401
849686073
997039726
849686073
849686073
950630918
611419020
849686073
849686073
849686073
849686073
997039726
849686073
849686073
915735506
61518675
513791728
986347265
909707342
749496225
61518675
61518675
380328536
849686073
347489365
327779373
365273580
106996095
125027208
849686073
715586767
270610449
886602118
849686073
419522970
840604379
693460256
61518675
61518675
535900639
74957719
849686073
790868028
264482085
358473205
849686073
997039726
849686073
957617381
849686073
924843040
327779373
563331991
57303735
351687107
61518675
111631322
849686073
849686073
849686073
723724271
861244155
65095565
807825098
135648394
535900639
503791336
848884203
849686073
438657091
849686073
462754789
924843040
535900639
849686073
111216630
812307465
849686073
61518675
571183140
413472688
997039726
608245028
431504048
828135916
494455143
849686073
92420841
749496225
849686073
849686073
849686073
107238898
849686073
563331991
841513023
849686073
967952742
327779373
699625006
849686073
40339888
763260432
191686405
444904947
997039726
849686073
663730957
703631603
134183626
550160906
924843040
509658251
959681248
849686073
712566937
129836042
849686073
849686073
941991783
928596045
144883514
849686073
849686073
594092836
909707342
102579093
849686073
92420841
37125577
849686073
579322655
610501377
379593216
849686073
849686073
849686073
849686073
26662411
849686073
61518675
849686073
157144185
849686073
682137968
514275148
932912705
849686073
61518675
61518675
756253798
784592493
622384143
924843040
924843040
309845229
849686073
849686073
464243482
849686073
849686073
507565771
320387376
92420841
849686073
924843040
710616001
927213261
933319771
849686073
109596254
902251743
679826577
849686073
849686073
237055933
849686073
92420841
912036887
849686073
192352730
849686073
849686073
490670862
849686073
916605983
849686073
23838070
712816966
615598838
912036887
507565771
849686073
585042665
849686073
924843040
997039726
989875618
61518675
559236491
361035745
849686073
849686073
849686073
61518675
258557054
333449504
849686073
849686073
849686073
320387376
815806152
92420841
807246586
535900639
974487288
924843040
61518675
648376390
61518675
751722855
315570555
826036795
849686073
357281214
61518675
954542582
317835564
947667611
338127185
910995393
874605481
886304390
159069355
187432581
987437887
849686073
914056682
661592842
924843040
849686073
630264944
269252724
849686073
779255907
573888530
253431130
159384379
685281932
849686073
136067893
507565771
104698663
92420841
849686073
849686073
93579022
849686073
10274415
61518675
61518675
512307198
849686073
956178711
849686073
924843040
519547813
448184583
442312228
849686073
41736483
61518675
849686073
849686073
78020982
908083296
849686073
952007412
997039726
61518675
26662411
282236521
185732347
606723506
729679134
849686073
849686073
858052865
792508729
309845229
240445181
254177294
906920701
849686073
924843040
26662411
441525257
508186017
411914278
849686073
779193653
61518675
831725294
446185431
519547813
397676823
849686073
468908912
918478115
849686073
998455604
300618656
915735506
827244438
654798577
418949772
849686073
924843040
5378147
849686073
652425474
313676540
507565771
849686073
344489967
849686073
147393001
867562408
953800583
480374830
849686073
792662997
617544271
716441165
849686073
624830979
849686073
151158938
838347803
507565771
181531240
849686073
61518675
932912705
61518675
303133288
189799017
849686073
323041875
849686073
415529834
859843272
287130551
900612062
334282037
838347803
849686073
747852097
849686073
849686073
582631661
465814728
849686073
849686073
514490878
2137685
849686073
102104213
849686073
795246386
692537565
849686073
28991837
849686073
606631531
849686073
19213319
849686073
849686073
281005275
849686073
608772597
499181670
762411301
849686073
986509618
81586104
638360696
217646310
964446610
725263523
867562408
608772597
969943015
874906797
924843040
675004937
849686073
240445181
26662411
849686073
475909692
685269950
864813991
257904455
849686073
959681248
737170344
849686073
611543772
849686073
371111160
455572286
849686073
91584857
679826577
849686073
849686073
924843040
172400107
401160331
475551476
537041950
849686073
849686073
849686073
446543435
343382191
507565771
288755886
939403535
275001092
175079818
849686073
849686073
849686073
849686073
849686073
885417715
849686073
849686073
849686073
849686073
924843040
446420425
259953470
509212827
323041875
849686073
92420841
848402853
302473757
565032969
757741430
849686073
95990935
92420841
809905851
277708466
197655979
106496152
849686073
849686073
140747950
737170344
342892578
809905851
854042241
743442022
661490172
578868365
688766773
61845333
849686073
803995663
565032969
341389861
351041723
849686073
849686073
507565771
849686073
507565771
173327511
849686073
849686073
849686073
994079445
885417715
435161617
36297417
849686073
176615072
245496098
994079445
686274439
849686073
849686073
15417269
621341609
849686073
378833819
641485188
849686073
849686073
213297751
374616495
714723720
36297417
849686073
849686073
537041950
185242083
619260906
516555773
293255600
849686073
773750609
849686073
26662411
969621242
849686073
766467358
849686073
849686073
849686073
994079445
599921762
849686073
26662411
446780150
566879938
627529200
849686073
282262094
805872922
849686073
809905851
519547813
849686073
474598123
516229338
139290320
152832499
538323596
849686073
490825063
849686073
849686073
924843040
516229338
849686073
294268948
948851018
849686073
737170344
92420841
293255600
849686073
96787010
306800195
43066766
240445181
754216558
849686073
245496098
203458402
669759279
831471005
608354220
849686073
68502286
996125883
849686073
328589730
82123995
748038562
849686073
628600530
849686073
107999778
226218757
166630965
849686073
507565771
27665883
928596045
70010026
849686073
967555068
475392193
849686073
322980337
849686073
849686073
412297043
355877519
707902256
873644984
849686073
992723341
922624564
53995215
849686073
849686073
849686073
116854283
801191077
410953812
585843845
849686073
489797770
952744779
69129392
849686073
980358150
849686073
849686073
849686073
849686073
849686073
328589730
809905851
809905851
365699239
849686073
809905851
239109429
849686073
195684829
849686073
240097002
849686073
148365884
507565771
260135117
849686073
749152036
615975593
257132136
697295485
924843040
849686073
849686073
354138751
26662411
507565771
613109382
496964719
849686073
59008169
659946402
723769337
849686073
507565771
469402368
849686073
187735242
849686073
95139345
418071369
849686073
42399131
994079445
669624261
113720434
967632281
675772575
809905851
755033190
849686073
545298399
26662411
849686073
849686073
92420841
989474565
31961263
499022539
872009460
467279296
251141797
43118801
849686073
849686073
149558503
849686073
874906797
849686073
617332365
967555068
862492343
849686073
849686073
904423745
618573251
372431473
874906797
849686073
849686073
543827634
190116672
507565771
849686073
706078463
924843040
441646190
849686073
924843040
116854283
849686073
849686073
849686073
896742303
684698557
957499363
823516113
360983288
849686073
824976306
849686073
853993962
903774200
849686073
849686073
416296948
849686073
849686073
566669541
474661061
46045804
994999642
672571631
391436121
849686073
17480937
188055534
849686073
317940456
849686073
717645363
849686073
809905851
849686073
213855538
458846532
849686073
924843040
718972233
4480514
849686073
849686073
486482172
849686073
130349817
706078463
751873950
849686073
621851218
85990305
849686073
466621365
70271178
486482172
353861394
466621365
849686073
849686073
598643693
849686073
293123378
849686073
621851218
849686073
849686073
652052872
849686073
849686073
643370794
849686073
849686073
92420841
849686073
994079445
849686073
481342296
730447554
849686073
722184256
729253192
849686073
507565771
863355360
734335585
263979780
973917589
4480514
158218531
849686073
872009460
849686073
8105445
849686073
209137810
849686073
552991625
849686073
849686073
849686073
849686073
72681371
849686073
849686073
774736248
849686073
849686073
980644554
821732948
486482172
130577667
301995415
849686073
849686073
849686073
367028570
26662411
849686073
849686073
58894509
849686073
231769294
737019418
975907116
633471131
933997300
849686073
116854283
756808721
492527350
849686073
849686073
374316150
849686073
178195825
849686073
849686073
52927728
849686073
849686073
849686073
849686073
849686073
26662411
943324404
849686073
800455225
849686073
997470195
66992355
849686073
849686073
156060984
849686073
92420841
569121164
849686073
994079445
296928364
915847212
849686073
711828585
610063370
4480514
849686073
133188365
102336845
849686073
610180431
849686073
798315841
849686073
849686073
277784822
308401453
849686073
849686073
182139934
171222613
800479522
849686073
849686073
971504451
849686073
849686073
849686073
460494411
849686073
22148386
26662411
849686073
565309495
507565771
849686073
849686073
853097950
849686073
994079445
507565771
202772479
983492340
849686073
941894138
849686073
262682955
621851218
849686073
849686073
872009460
849686073
181225657
849686073
849686073
849686073
849686073
507565771
849686073
502674120
486482172
275907705
818600950
849686073
507565771
849686073
849686073
849686073
849686073
466621365
355931638
849686073
486482172
941580760
849686073
98713730
889667644
176447081
758010783
849686073
849686073
275907705
416296948
980358150
849686073
994079445
840464344
849686073
981794884
639161039
163143412
994079445
621851218
849686073
490885367
849686073
968015618
249270506
92420841
137776667
849686073
984169118
849686073
107999778
483810617
849686073
10223919
849686073
601015197
507565771
421083689
92420841
653098247
470338733
849686073
202614966
849686073
867042273
849686073
275677303
92420841
849686073
582052444
26662411
310736012
849686073
849686073
37228906
507565771
467465905
289874007
980358150
318927615
930785627
849686073
849686073
636963012
171569423
803222971
272171181
293255600
849686073
999731937
751083337
849686073
283475985
854397897
849686073
849686073
849686073
543602214
877310805
971801634
849686073
405826885
849686073
849686073
465425241
931111777
965148287
677134774
849686073
474545151
507565771
934889662
798276285
895900517
16482690
849686073
849686073
971801634
26662411
849686073
849686073
181687871
146374359
932912705
268071501
414750097
550403947
4380740
755415365
625354979
26662411
849686073
133188365
60215990
233535002
849686073
849686073
849686073
585887901
849686073
980358150
849686073
849686073
849686073
78115811
849686073
849686073
798634032
453463718
849686073
503170758
994079445
278679890
849686073
92420841
849686073
849686073
849686073
849686073
340146598
638972975
756033817
869569434
849686073
849686073
849686073
849686073
724908236
849686073
12995199
35287216
308306141
849686073
598584727
388677340
993057337
778128775
209137810
849686073
849686073
694548800
183319951
26662411
259101931
26662411
245496098
849686073
849686073
868131876
646010241
666752979
318907700
670217757
833611898
110151816
123721600
415528499
130399226
507565771
849686073
91200227
507565771
164629002
849686073
849686073
849686073
849686073
44469617
629683722
849686073
849686073
994079445
849686073
213703033
849686073
164173065
849686073
195746992
994079445
849686073
463532212
220856540
849686073
615639738
629683722
838911817
481131559
975907116
735152171
849686073
849686073
849686073
245496098
849686073
568666877
778219069
346318753
694548800
740379186
849686073
849686073
133188365
849686073
29227683
803314017
401457044
849686073
510097619
92420841
973681886
772832777
552827730
983492340
982018879
849686073
849686073
849686073
470682210
849686073
875425652
849686073
1552686
994079445
914411625
849686073
744756375
597778806
918752441
771402739
849686073
598584727
809905851
485153969
849686073
993057337
921134456
849686073
38263077
880755340
849686073
849686073
472129521
594291143
86538955
206144158
268395879
849686073
936005287
849686073
849686073
882279978
74513427
92420841
849686073
657767942
326561167
849686073
994079445
867787803
849686073
436959740
874906797
631620321
849686073
26662411
849686073
565032969
344198980
583741719
849686073
202794248
849686073
118940507
849686073
849686073
971801634
849686073
849686073
849686073
202794248
92420841
849686073
849686073
849686073
849686073
160568973
503170758
910767088
593520780
849686073
849686073
257126971
92420841
849686073
61294828
849686073
611067992
158162360
849686073
116010764
665023576
993057337
178246379
533222651
971801634
593520780
849686073
92420841
858075942
849686073
849686073
496823889
425021630
197370675
849686073
439233140
150004488
573556170
971801634
582457015
849686073
849686073
849686073
245496098
849686073
26662411
507565771
849686073
849686073
617569536
849686073
849686073
204735517
849686073
849686073
849686073
527034280
849686073
849686073
337290775
928820076
725710901
849686073
849686073
527686966
849686073
849686073
92420841
657972826
294452187
758788685
849686073
147532519
849686073
701304084
849686073
318907700
849686073
849686073
324299058
849686073
328589730
849686073
388677340
849686073
849686073
92420841
301385161
836490745
849686073
555167940
873391175
872009460
346750132
972034622
853993962
194790343
507565771
190116672
849686073
848991296
704230483
122079186
527686966
92420841
912088952
309712263
849686073
849686073
365823921
450865209
26662411
640029263
928430645
849686073
849686073
849686073
754654800
234824414
870187128
650266454
466621365
849686073
419879622
4480514
849686073
849686073
849686073
725710901
849686073
411616896
849686073
849686073
592735476
118113723
886980179
527682653
756108165
849686073
849686073
420345780
849686073
975907116
140602560
849686073
646673191
296691688
888867829
802049177
849686073
275907705
91421724
186475864
849686073
867234552
245496098
849686073
411369382
63152867
849686073
849686073
849686073
849686073
849686073
849686073
872009460
192263112
675260516
994079445
190116672
849686073
849686073
923758009
849686073
849686073
4480514
26662411
849686073
671538751
624202490
967555068
849686073
758788685
849686073
245496098
749995950
849686073
921134456
160716917
6625329
609825356
849686073
565032969
849686073
245496098
632342770
849686073
849686073
927482937
849686073
195146175
582642468
507565771
800030345
849686073
443876082
849686073
595529423
507565771
849686073
190116672
353622223
849686073
350589933
524774840
26662411
974876301
335124442
980358150
849686073
849686073
849686073
326190437
385983133
198180459
770895238
849686073
849686073
849686073
849686073
994079445
410376047
849686073
347304743
849686073
501219264
849686073
631690958
872522493
121642859
994079445
122466965
849686073
961285149
170330483
202088819
849899541
849686073
849686073
849686073
849686073
565032969
849686073
980358150
849686073
849686073
723589919
507565771
527259321
318907700
540552667
519744205
849686073
65699311
382711831
625718308
578737141
849686073
190116672
415029416
745220490
175172826
26662411
849686073
587287710
75899358
580449517
849686073
849686073
604305230
617157950
853694369
983746295
980358150
849686073
849686073
849686073
507565771
842964069
318907700
734044335
849686073
849686073
168227581
849686073
142022803
849686073
9336401
374538981
849686073
538236422
849686073
26447826
849686073
470682210
94170929
694033287
849686073
849686073
849686073
124782163
483580188
942303475
275907705
849686073
849686073
433853322
107868824
849686073
867234552
956622259
655189500
872794483
92420841
407689729
899876492
849686073
849686073
849686073
457567403
994079445
994079445
250317922
963097013
994079445
190116672
460661331
380986328
849686073
551369168
503299990
318907700
849686073
124782163
849686073
741551220
849686073
212898287
849686073
849686073
231750167
194376272
254607971
849686073
84267031
527259321
118570429
849686073
849686073
153460747
849686073
713641153
190116672
692199290
849686073
78607818
70823278
594069205
655544407
882279978
190116672
78607818
522449074
555167940
849686073
849686073
849686073
373220783
486215932
190116672
934118467
558797062
566449458
849686073
593814325
505372471
772639713
957633605
849686073
380892151
980358150
849686073
849686073
849686073
849686073
849686073
994079445
42676886
245496098
507565771
943603261
124782163
849686073
948013951
491704744
890856781
29227683
104932321
849686073
849686073
524331190
279633033
264170999
849686073
849686073
673067272
849686073
849686073
514369009
849686073
410325972
507565771
748171542
844233174
857398205
524757562
551957116
48822195
849686073
405497795
507565771
929595265
849686073
849686073
849686073
849686073
480590874
503796436
849686073
257869662
849686073
849686073
389666531
201701585
714180249
25206873
498895069
759951796
849686073
768531365
249090806
849686073
849686073
849686073
121526659
197408682
849686073
881101449
549206123
849686073
849686073
508470418
559405113
847915816
849686073
961119287
997467443
980358150
849686073
916335616
189837049
882279978
849686073
507565771
849686073
62383456
548271966
987479496
114576897
849686073
849686073
7483992
911660136
626563654
38140516
526324614
849686073
763049482
855027452
995214691
623860714
92420841
980358150
507565771
849686073
994079445
154544054
50716775
532022878
740810321
325197032
88589100
226598166
457264478
576801643
849686073
818871650
512440605
51355495
652817699
849686073
848796586
937149407
35287216
517096184
849686073
849686073
693003072
849686073
849686073
849686073
849686073
507565771
180830012
849686073
943603261
532022878
308580283
127855447
180830012
507565771
849686073
970341252
351676087
688928455
224445971
645535920
360912382
783128376
461659040
844233174
679357180
381670335
375228648
426784022
849686073
92420841
756233349
350366136
848796586
500237053
652862517
188566768
508470418
80436679
849686073
592839007
849686073
245496098
971801634
834912263
194872913
849686073
532022878
325162214
971801634
786501027
411369382
741551220
849686073
60191041
849686073
881605936
690951872
849686073
849686073
850308202
177424117
849686073
849686073
532022878
849686073
886619987
980358150
849686073
532022878
971801634
197492146
849686073
610300540
849686073
849686073
827852872
424345733
849686073
943603261
849686073
611115860
788907070
855259849
21525414
323122961
849686073
849017986
943603261
937149407
849686073
514058319
331903148
849686073
60538235
849686073
806281768
265914457
849686073
849686073
849686073
994079445
652965394
849686073
496081546
849686073
508843629
685992795
849686073
508843629
849686073
568607819
103734845
849686073
849686073
78987001
793314062
818713223
849686073
849686073
849686073
849686073
849686073
994079445
532022878
450999711
302737456
612361883
849686073
526891500
849686073
849686073
849686073
449154107
572820723
849686073
849686073
92420841
524774840
816833474
575403303
849686073
388201273
840106824
971801634
507565771
543274348
60191041
849686073
350785446
816833474
849686073
35287216
849686073
573949351
849686073
60191041
318907700
849686073
592735476
849686073
971801634
849686073
849686073
849686073
849686073
337589166
212745950
849686073
849686073
266508062
764008569
849686073
891711071
971801634
849686073
849686073
816833474
849686073
849686073
849686073
980358150
849686073
849686073
849686073
131973108
627557251
92420841
264549205
849686073
427165558
380233122
847344929
142189665
849686073
375228648
849686073
245496098
201386719
682158948
118774374
849686073
507565771
582457015
839709023
81706863
904335895
849686073
60629977
849686073
994079445
849686073
652531414
849686073
700361005
211606320
246860282
583891327
383711964
888578931
816833474
982165428
849686073
849686073
816833474
383613824
193672232
914252406
657366009
994079445
891473236
35287216
524168121
849686073
807500475
849686073
844203719
556003915
849686073
273937317
849686073
743944219
127920075
849686073
746833217
64620138
390374065
849686073
685618874
849686073
2833741
849686073
849686073
851488062
972695146
849686073
273312712
943603261
158903178
849686073
969745129
575403303
849686073
190724676
994079445
849686073
532022878
92420841
983263474
783899111
849686073
577933630
980613077
849686073
971801634
565560293
980358150
247434634
2833741
334211015
849686073
422501435
573908066
849686073
146585082
471907420
350276372
689920710
507565771
737703478
668032295
35503398
849686073
507565771
960633100
680834117
354973227
532022878
856800533
242255438
800859044
346452455
849686073
325162214
855669905
93092241
66976766
439121100
507565771
635856587
532022878
849686073
391958655
971801634
849686073
849686073
110135102
245496098
890157334
718210719
245496098
997633680
592735476
849686073
245496098
525548898
849686073
621554661
622175351
371864601
245496098
458072649
971801634
849686073
464967570
714224552
124782163
849686073
245496098
763049482
849686073
849686073
849686073
401001306
849686073
507565771
849686073
850007394
849686073
849686073
849686073
849686073
501933391
849686073
849686073
519179092
334448065
806705250
849686073
245496098
770697165
630375491
92420841
849686073
18384356
413699109
849686073
245496098
245496098
958820716
293255600
138830370
849686073
692072664
849686073
849686073
586563614
195020062
849686073
577549228
374307476
978071044
293255600
849686073
476816452
224360528
382595763
706800923
849686073
980358150
352651858
532022878
849686073
210594190
689031142
849686073
849686073
849686073
427591748
849686073
92420841
849686073
927936361
492387587
452770914
152430364
516751782
540552423
783899111
849686073
987479496
189863957
35287216
661724897
242756649
432609546
849686073
775135782
190116672
849686073
849686073
849686073
943603261
127855447
672571631
115025597
159521803
765570439
923036045
849686073
215017501
849686073
209081672
809905851
916441531
898892544
849686073
849686073
92420841
869432656
292613158
899676896
98911452
849686073
849686073
971801634
532022878
211555376
416296948
849686073
566218964
301363619
189863957
390768192
89323292
849686073
383709141
907003369
849686073
849686073
100158035
849686073
572820723
155305889
849686073
438025737
108743290
849686073
188659644
994079445
964040060
849686073
353760027
849686073
507565771
849686073
849686073
239584894
615723638
898892544
991079979
849686073
849686073
790121760
849686073
849686073
289001762
153349883
849686073
849686073
898892544
849686073
849686073
956566513
218157967
849686073
849686073
910829496
330548252
338118197
849686073
849686073
849686073
161690730
882692790
851123316
849686073
564636113
703597232
849686073
849686073
142189665
849686073
849686073
849686073
849686073
898892544
943603261
888738271
174990180
849686073
849686073
849686073
797075327
849686073
388877640
810042158
849686073
671290273
787870476
453313341
197685736
994079445
898892544
653227703
273312712
437272684
849686073
849686073
115521039
514978141
898892544
514978141
928596045
744397092
849686073
849686073
424208203
943603261
970624408
898892544
188659644
961781405
898892544
937149407
429050326
997039726
849686073
849686073
511416435
275250868
849686073
430082840
703597232
940908995
809905851
718954697
169741806
849686073
849686073
450153348
997039726
718169857
849686073
849686073
924843040
809905851
410388620
613802682
512440605
849686073
124638380
485016288
849686073
689796267
719034506
849686073
943603261
195357935
532022878
849686073
379591254
478942370
849686073
293255600
753782889
512440605
909743588
679276917
849686073
849686073
898892544
472397558
42044755
507565771
474425509
264990080
849686073
849686073
859826472
941344189
237252323
653227703
947997084
816547465
994079445
653227703
849686073
849686073
92420841
849686073
849686073
223509061
849686073
849686073
92420841
507565771
293255600
849686073
865825403
849686073
570436533
849686073
264338424
475694633
943603261
18353224
174899898
119170078
943603261
627144896
943603261
849686073
849686073
300651445
126232998
849686073
849686073
657046829
729577804
81854921
616400538
92420841
943603261
970804140
92420841
644222537
849686073
849686073
849686073
943603261
849686073
248415153
849686073
849686073
849686073
849686073
569705724
397977907
849686073
989491340
888738271
943603261
5328100
435924515
349649119
849686073
124782163
483193323
994079445
849686073
517918705
399815030
906724229
474834548
849686073
943603261
849686073
849686073
489494214
849686073
943603261
963605895
627206444
809905851
849686073
849686073
256080474
828978848
223509061
17676572
929590821
943603261
888575637
943603261
847127156
800281779
653227703
849686073
943603261
943603261
849686073
849686073
849686073
95362786
849686073
386041984
849686073
61396283
35287216
367878267
849686073
507565771
849686073
223509061
223613303
849686073
440326611
996520506
978562000
954286749
783638223
849686073
849686073
544522231
943603261
849686073
943603261
22086383
824985317
849686073
849686073
849686073
849686073
174899898
849686073
419913435
267095130
943603261
809905851
943603261
849686073
124782163
849686073
849686073
849686073
849686073
469033206
83161544
948692986
280701941
849686073
669715359
413048170
794895517
849686073
653227703
158218102
849686073
849686073
223509061
189863957
653227703
293255600
849686073
548800280
174899898
849686073
618064581
849686073
849686073
849686073
770861110
630226349
849686073
828978848
967423570
849686073
849686073
849686073
943603261
183485387
500356552
849686073
763049482
849686073
849686073
849686073
78689817
741957184
503796436
223509061
512096405
849686073
849686073
849686073
994079445
849686073
510004202
943603261
796087967
43842841
849686073
991079979
849686073
614202826
849686073
602050491
124782163
24881203
849686073
411747631
190000033
92420841
849686073
361624608
38974043
849686073
849686073
187063364
653227703
849686073
92420841
112397830
282125919
849686073
20450957
960149385
512096405
838190102
885863756
215405508
