571731740
227199268
598112203
283566129
805166076
151877233
902456136
841454568
832081007
805090834
158933334
459305319
288472184
760005837
35722208
423978577
237068604
770137798
712751626
534919664
61570516
308081514
716527911
809876912
942926109
109839382
457768746
390712235
404324218
600184295
376369400
278106031
89264630
276014872
609065657
836939975
970703104
112436596
884761275
569516096
71829982
854494628
480613527
947159941
593783064
144988350
510521068
295149223
674025846
601390565
521310368
691909004
671997032
253704231
575156792
399171875
18894133
666589289
511635564
834217751
546752549
847163177
402104711
297114639
682398563
400676414
651436276
120138389
637093913
330702017
21238552
448002527
979667662
181683258
761548857
696557443
498858757
65162336
759736824
412500012
174164551
753867234
633217900
901185618
201137614
545683440
882154671
264096902
76315992
191494005
406987870
99913358
364489424
693241036
474514451
94736023
641493547
387939936
868210470
91907592
597812337
318897771
426259988
273685563
905696317
721845839
151941103
735649111
418545213
76336017
926524116
825513345
279693686
906426892
603820034
594840777
609881858
845280016
872365038
560216029
722696174
84055518
899933492
827241295
128655351
984356814
99969815
538284869
703976840
440014812
567688188
899342272
984044532
975512117
65316304
725664321
44824988
820554171
303511405
968927264
520908549
772136647
138426056
87217995
865034045
498045667
981319527
729719602
648552580
228207711
748403598
249899302
664272981
112415835
288394509
173442501
973470226
30249629
311252526
124254093
643342667
463260014
269691304
415510937
629672745
910006158
561919680
372430016
957775600
972052593
117155290
16559827
913157106
595932905
769129710
266798801
470510039
979862033
405784212
297299640
783350447
307994833
78111133
502477148
483625147
752454653
61412257
884770644
984987571
520266306
604688951
692260763
270783708
877781566
80411963
102994630
535715254
418586583
852415969
815951002
549413406
561048852
492869445
204029070
179241595
413281395
691114386
428509932
804977809
27413604
395303453
684524423
703006297
291338525
165501259
245662315
513877658
646752135
308256601
816162841
124283848
11145672
481461140
894580736
76068335
63706634
291659926
239375102
176665486
662094164
450832398
392961943
414987270
670643291
46645797
998387804
953216784
596891456
328945894
324993786
207205985
900909820
204046276
39545530
204046276
543498747
748030137
438417704
156319847
369437639
994467439
942225156
696430465
394934544
131386831
778145405
280388607
902181917
907220279
61113475
612775811
39020363
42669370
79800322
297930782
47652082
488581051
742967029
212168098
319151653
767694519
350667185
952455138
828196310
457568549
903768228
670322324
308576989
317569919
277725956
410726259
444773375
320715830
376665276
265165937
643900498
768550801
798524598
931701487
148767304
320697200
833283207
644107229
157356373
783435419
515978409
295377038
968240811
412236973
861286714
443830947
703237244
588777644
32875481
11573303
662916263
50722538
454635175
581521548
577253050
942377723
436106453
226157719
148851721
115193735
736099420
69501636
704818424
990783652
398926833
541879464
324285830
484610480
173640625
230060895
624443582
756054041
296779229
658688467
316812197
551020867
687921217
965855499
731852586
651101091
290430642
302566121
945460097
842896918
29796359
65932094
421421464
149078406
18698179
939403612
612445056
847513426
744592897
536742900
192927768
637734491
314821315
245901075
55562483
887422528
34848222
36264136
597483487
399256866
101010052
195837462
881544342
393983627
822069941
14204829
572104285
112257218
