1152
363
1291
347
63
13
124
675
80
914
502
654
536
345
28
359
123
1352
29
239
89
24
853
268
1703
472
2
619
140
422
155
311
920
327
302
700
330
1751
5
737
780
897
538
245
1478
687
17
1276
60
21
655
1980
1090
3897
3798
2326
244
1201
85
3401
1548
859
590
762
1704
2807
1037
754
575
523
2549
591
597
286
1141
3355
820
198
937
323
19
2136
2326
3543
2599
1069
695
2481
884
1254
252
147
411
3268
612
235
666
23
619
1608
4675
947
24
1245
439
1396
4497
3158
3668
158
5537
25
2754
154
1499
19
437
1527
265
2546
1174
151
147
467
856
900
3261
1128
395
65
3984
1125
1924
25
1434
991
2074
1199
2210
594
1584
1755
845
3635
1922
116
395
575
3298
1730
30
3845
2081
1569
3071
261
414
249
1837
999
461
444
941
513
669
1020
112
627
1992
1075
3340
51
1098
405
662
1097
289
486
1119
202
1970
2538
1300
3559
3059
1614
421
3363
1399
76
715
1990
1107
3761
81
695
1158
180
129
809
139
40
74
1977
267
354
518
737
2772
2774
538
56
1859
1918
163
30
1191
1293
1201
815
839
589
276
395
307
372
2632
1682
1080
15
2920
863
253
915
924
1966
1494
133
2603
53
2367
364
2677
501
341
1819
2107
687
187
852
802
1142
2921
1353
719
1619
155
1127
531
1085
682
3466
363
869
578
385
508
2541
259
2
430
2079
550
1692
1494
488
915
445
442
68
607
1175
185
246
675
1886
529
114
12
235
490
46
193
260
1387
77
1596
1
499
3879
2702
234
1819
1579
2343
1348
415
784
1374
1581
124
934
579
490
217
234
6
683
66
720
831
445
923
973
3982
2988
313
3024
98
1122
1452
1634
204
1826
222
389
2336
422
3446
988
1479
323
1087
1072
2095
6
149
2857
1350
571
1906
1664
37
1706
1366
329
885
645
2654
1941
301
94
731
828
2605
311
851
2878
2684
1729
1062
2772
235
558
145
2921
1826
69
330
325
587
1167
0
751
1330
1806
544
2722
2727
910
1327
2324
320
868
1266
2677
421
166
150
964
3187
699
517
378
1837
1720
2925
3041
31
3887
957
2858
250
819
340
2673
155
1105
239
3019
2078
1490
249
1213
4039
2011
113
831
3646
4147
1397
1105
1521
1298
26
2878
10
508
60
711
2736
10
2246
2904
1135
782
117
901
1972
936
504
91
1716
1257
1150
302
863
14
1064
509
3348
2938
2629
86
2393
830
528
122
23
647
287
1226
1722
683
507
898
53
594
2357
363
1403
3147
3264
2385
952
671
522
1225
1159
25
85
426
440
883
56
2557
980
17
478
1257
130
1733
2963
554
254
645
944
768
433
164
445
38
69
3543