126
1 523
1 517
1 92
1 632
1 35
1 906
1 975
1 457
1 129
1 263
1 594
1 677
1 418
1 762
1 429
1 134
1 417
1 622
1 661
1 323
1 876
1 800
1 49
1 733
1 883
1 140
1 63
1 166
1 246
1 156
1 145
1 346
1 208
1 205
1 720
1 612
1 781
1 412
1 448
1 897
1 356
1 181
1 37
1 489
1 546
1 560
1 484
1 919
1 322
1 831
1 753
1 833
1 905
1 722
1 445
1 647
1 570
1 263
1 805
1 785
1 117
1 411
1 538
1 359
1 724
1 878
1 780
1 862
1 792
1 733
1 325
1 924
1 375
1 450
1 699
1 621
1 43
1 533
1 27
1 129
1 433
1 648
1 719
1 954
1 381
1 702
1 927
1 50
1 846
1 273
1 114
1 421
1 946
1 464
1 545
1 183
1 260
1 684
1 743
1 283
1 345
1 4
1 655
1 996
1 277
1 691
1 473
1 789
1 183
1 222
1 665
1 639
1 991
1 332
1 650
1 469
1 902
1 952
1 915
1 108
1 999
1 970
1 443
1 897
1 267
1 849