10787837163
3670216503
10509549660
5991841133
7622867175
438858994
8967352975
7740005976
14370095184
10253349741
4001671673
5743252600
8452956877
3099228177
13900412933
2362567136
815002338
1103508443
10054009877
12533770534
6590151583
1625894276
13822817534
10315402428
13528613275
3909715468
4296159135
5348504782
4465167829
5712310168
9321200727
2430010163
11433447894
12789276016
7637294631
12190406797
1943610093
10581798181
5807579984
13434720412
1044240288
14456150079
7766785471
1335051261
11065370260
4679508796
12628510332
1417643083
1801513611
9899631944
6268332395
10126738767
1111032293
2392856168
10478559188
2826848203
10350018865
7010251962
6097791358
2503218194
7792106600
4760459878
4778613039
8730580487
5394148681
1496409144
817900167
13569742047
4849031781
5097554053
5530098720
5877876112
3856774865
10597122309
8388963447
693502244
9508036869
4446127339
8949422244
1218476389
4874004298
9209687563
8115489054
12768420824
4294975263
11108531294
8831886864
9980215191
4452650305
1235303186
824576940
7185543881
11927518069
3247105420
11147096268
952550977
12142756679
3536144980
3035388395
13602663629
8729445792
14625833720
10628321272
9637603250
5903830589
12159768144
9973377410
8667535029
2674630957
8382976267
14429139204
444321613
14520224424
14661317565
6291021832
126811784
8929685079
5719097180
6120357593
5991961634
6902276680
6768539447
2462040253
13417216478