890
2
4
26
41
42
44
46
66
85
91
109
110
128
145
158
173
184
192
213
221
230
246
260
265
283
294
316
324
341
356
358
366
378
396
396
403
423
442
447
464
467
484
496
517
523
525
538
555
559
570
590
603
624
635
653
664
680
698
711
721
725
740
759
769
779
792
810
811
821
838
850
863
874
876
881
898
919
931
937
940
958
978
988
1004
1012
1018
1039
1057
1075
1086
1091
1107
1127
1145
1149
1150
1153
1169
1172
1179
1189
1204
1218
1239
1250
1269
1279
1289
1297
1307
1314
1317
1324
1341
1355
1364
1381
1393
1397
1403
1421
1424
1424
1439
1461
1465
1482
1501
1515
1529
1532
1533
1533
1550
1566
1578
1591
1594
1610
1625
1632
1649
1668
1682
1687
1691
1691
1708
1724
1728
1728
1739
1747
1747
1768
1769
1790
1805
1825
1837
1843
1860
1867
1867
1878
1879
1891
1909
1930
1952
1962
1968
1984
1984
2004
2026
2030
2045
2061
2082
2095
2105
2108
2123
2134
2152
2168
2171
2181
2188
2198
2208
2209
2220
2225
2231
2243
2260
2261
2266
2277
2283
2294
2298
2304
2306
2326
2331
2342
2349
2369
2371
2383
2383
2400
2417
2430
2435
2455
2455
2461
2462
2467
2475
2488
2498
2506
2525
2546
2550
2551
2560
2570
2576
2584
2594
2597
2619
2634
2648
2649
2661
2677
2690
2697
2702
2709
2729
2733
2754
2768
2778
2778
2791
2809
2816
2833
2854
2857
2867
2869
2874
2887
2899
2910
2931
2947
2961
2976
2985
2985
3001
3016
3026
3026
3048
3063
3064
3077
3096
3118
3140
3147
3163
3175
3194
3194
3201
3218
3222
3233
3252
3261
3262
3264
3278
3278
3297
3297
3306
3328
3328
3347
3361
3371
3390
3398
3418
3438
3453
3469
3482
3496
3513
3520
3524
3538
3545
3550
3552
3557
3573
3589
3603
3620
3638
3638
3649
3657
3657
3671
3678
3695
3705
3721
3725
3731
3732
3750
3770
3780
3792
3803
3805
3805
3817
3823
3831
3850
3855
3866
3868
3883
3904
3914
3923
3939
3943
3958
3960
3981
3987
3990
4005
4022
4041
4055
4072
4086
4095
4104
4106
4121
4141
4145
4155
4158
4162
4180
4202
4205
4205
4223
4241
4262
4262
4283
4292
4296
4309
4320
4340
4354
4362
4374
4376
4398
4418
4437
4444
4445
4467
4470
4486
4499
4506
4526
4542
4547
4563
4573
4581
4597
4619
4639
4648
4670
4689
4707
4728
4731
4731
4749
4766
4774
4775
4788
4789
4805
4809
4818
4835
4838
4850
4854
4871
4885
4887
4897
4910
4928
4948
4964
4969
4983
4996
5010
5023
5032
5041
5046
5053
5056
5073
5091
5103
5116
5125
5138
5144
5157
5173
5173
5189
5195
5199
5203
5223
5229
5244
5254
5272
5278
5281
5299
5319
5336
5345
5350
5370
5383
5387
5408
5424
5446
5463
5485
5497
5500
5507
5525
5535
5535
5547
5567
5573
5583
5585
5605
5616
5627
5629
5635
5646
5651
5652
5661
5677
5682
5690
5698
5710
5722
5728
5750
5755
5772
5788
5799
5813
5813
5813
5814
5814
5826
5848
5849
5849
5867
5882
5893
5899
5916
5927
5944
5961
5968
5988
5998
6004
6026
6038
6050
6062
6075
6086
6097
6104
6108
6108
6130
6134
6134
6151
6173
6180
6190
6207
6214
6219
6222
6234
6239
6260
6277
6294
6309
6310
6324
6343
6344
6358
6361
6374
6394
6410
6412
6414
6431
6431
6433
6443
6465
6485
6490
6505
6509
6518
6521
6526
6535
6541
6558
6566
6570
6575
6577
6590
6591
6608
6612
6614
6616
6623
6639
6655
6672
6684
6702
6713
6719
6734
6756
6761
6773
6794
6814
6830
6837
6837
6858
6868
6875
6884
6903
6908
6922
6943
6956
6971
6980
6997
7015
7020
7038
7043
7064
7076
7093
7104
7104
7104
7107
7129
7129
7144
7158
7172
7180
7196
7211
7211
7214
7230
7239
7261
7276
7276
7291
7296
7312
7313
7329
7334
7341
7352
7362
7384
7384
7405
7409
7410
7425
7432
7449
7464
7486
7495
7502
7503
7522
7538
7539
7561
7564
7574
7596
7614
7625
7639
7657
7678
7687
7698
7701
7711
7728
7735
7745
7762
7767
7781
7793
7813
7829
7836
7843
7852
7862
7870
7881
7887
7905
7911
7933
7954
7971
7986
7996
8018
8024
8029
8043
8053
8064
8081
8101
8106
8107
8108
8130
8130
8140
8146
8160
8163
8176
8191
8203
8220
8220
8220
8237
8255
8256
8266
8276
8294
8297
8318
8329
8332
8352
8354
8367
8375
8388
8399
8406
8420
8426
8433
8441
8457
8470
8492
8511
8531
8546
8549
8557
8566
8586
8605
8627
8648
8654
8663
8673
8682
8683
8704
8717
8739
8756
8776
8777
8784
8786
8795
8810
8819
8829
8829
8831
8848
8848
8864
8872
8881
8900
8916
8934
8950
8956
8973
8982
8988
8992
9011
9027
9049
9067
9067
9088
9100
9120
9120
9134
9134
9137
9143
9146
9159
9166
9188
9195
9196
9211
9226
9236
9241
9243
9248
9264
9272
9289
9291
9299
9314
9335
9336
9350
9360
9378
9391
9408
9418
9425
9433
9437
9447
9461
9468
9485
9506
9512
9513
9529
9545
9555
9558
9579
9591
9594
9608
9622
9636
9646
9668
9674
9683
9701
9721
9740
9747
9751
9758
9775
9780
9795
9810
9819
9826
9842
9845
9867
9884
9905
9921