880
36
50
59
70
84
91
99
114
127
138
154
167
174
184
197
209
225
242
252
264
284
298
305
318
335
345
350
363
384
399
412
426
440
459
471
475
486
502
518
538
551
558
567
574
587
606
623
638
649
663
678
686
700
719
738
756
771
780
786
798
809
815
827
839
851
871
883
892
903
917
933
943
949
959
973
990
1006
1013
1021
1034
1051
1070
1086
1102
1115
1126
1136
1150
1167
1178
1189
1203
1217
1226
1237
1249
1255
1265
1282
1295
1304
1312
1322
1335
1351
1362
1368
1375
1379
1390
1406
1423
1439
1448
1457
1472
1489
1504
1520
1540
1562
1575
1585
1598
1607
1614
1624
1635
1649
1664
1676
1686
1695
1703
1713
1724
1729
1741
1755
1760
1768
1785
1805
1816
1827
1841
1853
1866
1880
1894
1904
1917
1931
1938
1940
1949
1960
1969
1986
1998
2008
2023
2032
2039
2049
2063
2076
2087
2099
2112
2125
2132
2137
2145
2160
2174
2183
2196
2210
2220
2224
2236
2256
2270
2285
2304
2315
2328
2341
2353
2373
2393
2408
2424
2436
2445
2461
2474
2482
2486
2497
2514
2532
2545
2556
2575
2589
2596
2605
2620
2633
2642
2655
2674
2694
2709
2722
2737
2750
2763
2778
2789
2799
2815
2828
2837
2849
2865
2884
2900
2916
2932
2941
2951
2968
2987
3004
3022
3044
3065
3083
3094
3100
3107
3113
3125
3143
3159
3173
3180
3185
3200
3215
3228
3246
3260
3268
3274
3279
3291
3310
3329
3345
3361
3378
3388
3399
3418
3430
3438
3455
3473
3489
3498
3509
3528
3546
3561
3571
3577
3584
3595
3603
3613
3624
3635
3653
3668
3683
3704
3718
3727
3743
3760
3771
3779
3791
3809
3823
3835
3847
3853
3859
3874
3886
3889
3898
3914
3929
3944
3962
3981
3994
4007
4022
4031
4041
4050
4060
4071
4078
4090
4107
4116
4121
4135
4149
4164
4183
4198
4213
4231
4248
4266
4285
4299
4316
4330
4336
4344
4359
4380
4394
4408
4427
4442
4453
4459
4470
4488
4501
4515
4531
4548
4569
4588
4606
4617
4627
4639
4650
4660
4665
4668
4671
4681
4696
4714
4734
4751
4764
4776
4790
4803
4815
4825
4839
4857
4869
4879
4891
4904
4916
4930
4945
4953
4961
4970
4976
4981
4988
5001
5013
5022
5035
5047
5052
5055
5061
5074
5091
5105
5114
5120
5134
5154
5168
5182
5195
5207
5219
5230
5240
5250
5262
5274
5289
5306
5322
5337
5354
5374
5388
5402
5418
5433
5446
5454
5469
5484
5500
5516
5531
5544
5555
5571
5589
5609
5624
5631
5639
5652
5667
5682
5691
5704
5717
5726
5741
5756
5767
5776
5788
5801
5812
5826
5839
5850
5858
5860
5871
5892
5908
5920
5930
5944
5958
5971
5991
6008
6026
6040
6054
6072
6088
6099
6106
6120
6136
6144
6150
6165
6181
6197
6211
6223
6238
6250
6257
6266
6278
6293
6310
6327
6343
6357
6374
6390
6403
6415
6423
6430
6443
6462
6483
6498
6514
6529
6536
6545
6555
6565
6575
6587
6599
6609
6619
6633
6653
6668
6677
6684
6690
6703
6724
6742
6754
6766
6776
6789
6801
6805
6810
6821
6831
6834
6846
6868
6882
6886
6892
6903
6914
6927
6946
6964
6982
6996
7003
7015
7030
7044
7061
7079
7092
7106
7119
7131
7143
7151
7162
7173
7182
7195
7213
7228
7241
7258
7271
7284
7302
7318
7328
7333
7337
7341
7351
7361
7366
7380
7399
7415
7429
7441
7451
7464
7476
7485
7497
7509
7523
7542
7562
7582
7599
7611
7622
7629
7634
7644
7660
7680
7693
7705
7716
7720
7734
7753
7763
7767
7775
7790
7808
7827
7841
7855
7873
7887
7898
7904
7916
7938
7959
7976
7993
8007
8013
8018
8026
8035
8047
8056
8060
8071
8090
8104
8117
8136
8153
8172
8193
8205
8215
8229
8246
8268
8284
8295
8306
8318
8331
8341
8351
8360
8372
8385
8395
8409
8423
8437
8456
8468
8478
8488
8497
8513
8523
8531
8542
8556
8569
8576
8588
8608
8626
8641
8659
8679
8691
8696
8705
8717
8728
8743
8761
8780
8792
8804
8823
8837
8851
8866
8878
8887
8898
8907
8919
8936
8948
8955
8961
8973
8985
8990
8997
9012
9028
9040
9052
9067
9081
9098
9111
9121
9137
9153
9169
9185
9201
9213
9218
9223
9237
9252
9263
9274
9285
9295
9309
9328
9342
9348
9354
9366
9375
9387
9400
9411
9422
9434
9446
9455
9468
9478
9484
9490
9503
9521
9539
9555
9562
9574
9593
9610
9623
9630
9634
9643
9657
9673
9688
9702
9721
9739
9750
9763
9778
9788
9798
9809
9817
9825
9842
9861
9877
9896
9917
9933
9946
9961
9980
9997
10009
10022
10032
10043
10059
10069
10075
10080
10092
10110
10125
10142
10153
10165
10181
10192
10200
10212
10231
10244
10250
10261
10278
10297
10314
10328
10339
10345
10350
10355
10364
10379
10395
10412
10426
10435
10449
10466
10476
10488
10499
10511
10526
10533
10543
10561
10577
10592
10607
10617
10632
10650
10668
10687
10701
10712
10721
10732
10745
10757
10771
10790
10803
10809
10821
10834
10846
10860
10878
10898
10910
10924
10941
10954
10962
10964
10970
10981
10996
11015
11032
11046
11059
11070
11077
11088
11106
11119
11127
11133
11144
11164
11177
11188
11199
11209
11219
11229