500
5 12
23 24
7 11
10 29
15 19
3 18
9 18
6 10
9 13
4 11
4 22
3 27
2 6
5 9
9 11
2 3
2 4
7 12
11 24
21 25
12 17
8 9
12 29
6 15
10 12
8 17
3 7
16 25
1 4
1 19
2 8
2 5
12 20
18 22
1 2
10 27
18 29
11 24
8 29
6 7
13 20
3 22
15 29
9 26
2 7
9 14
1 24
4 26
2 21
21 28
15 23
13 16
1 8
8 16
5 15
17 20
13 21
2 10
13 20
5 6
2 7
4 12
7 10
21 24
1 6
4 11
17 19
6 19
5 16
17 21
4 7
7 29
2 7
15 30
4 7
14 25
5 7
14 20
16 28
4 30
14 18
1 5
19 21
3 18
20 28
12 19
9 17
20 28
5 13
3 9
11 12
2 18
12 14
11 24
8 21
2 16
5 6
25 30
6 9
14 18
10 20
1 2
10 16
8 30
1 2
10 18
1 2
11 21
2 6
2 26
3 23
8 14
3 5
3 10
5 26
24 30
3 5
12 17
10 16
13 16
10 30
8 23
4 10
8 10
12 23
2 9
15 22
21 23
14 30
21 29
2 3
1 11
11 16
3 9
1 4
7 13
1 2
12 14
9 19
2 5
7 8
2 18
6 20
5 24
6 19
1 5
15 28
13 22
11 12
5 10
1 5
1 3
8 9
5 16
6 17
4 27
16 29
4 9
4 14
3 7
1 4
2 11
10 26
2 8
23 28
2 26
10 20
10 19
2 8
1 14
1 18
3 11
6 16
20 21
27 28
27 30
7 8
14 23
11 20
3 6
8 29
1 5
2 21
1 5
3 7
16 30
2 20
1 3
2 16
12 15
20 30
2 16
2 19
16 24
12 23
7 23
14 26
8 25
9 19
1 6
14 30
1 2
5 18
1 10
15 25
5 25
4 18
2 8
4 10
11 17
7 9
6 18
1 5
6 19
12 23
1 8
22 23
14 25
10 15
11 12
2 18
5 6
1 2
21 28
22 24
15 17
8 19
6 26
17 29
15 22
11 29
1 6
3 29
14 26
1 16
4 7
18 28
2 7
3 18
1 2
23 24
7 8
3 9
4 6
12 14
9 12
5 16
1 4
2 8
8 14
7 26
7 14
1 6
3 5
10 12
5 22
5 8
1 2
14 21
3 5
13 27
9 10
2 11
3 18
10 28
6 17
5 15
9 14
15 21
8 13
1 24
1 6
1 16
17 26
5 8
16 17
8 19
2 5
3 12
10 12
2 6
2 14
8 13
23 25
23 26
3 8
21 22
10 25
3 22
23 30
3 12
5 16
25 28
10 12
1 18
6 18
22 23
27 28
1 17
15 25
4 7
1 2
1 19
12 26
11 23
14 21
5 20
6 25
5 25
4 12
1 3
4 5
4 9
4 29
20 28
1 17
4 9
3 25
14 22
3 5
10 26
29 30
6 16
6 10
25 30
6 10
11 18
18 19
1 3
9 13
4 29
18 26
9 12
15 28
17 23
1 25
8 18
6 26
5 11
4 10
6 8
7 13
28 29
4 23
7 17
20 24
17 18
14 24
7 30
2 3
3 4
2 13
1 2
2 4
13 16
1 10
1 4
6 19
6 21
8 26
18 19
1 12
8 28
3 21
3 16
21 22
8 29
6 11
21 30
2 3
1 6
23 28
1 12
1 26
23 30
3 5
8 11
10 15
1 2
1 14
9 14
1 2
4 5
1 3
3 5
4 12
10 15
26 29
4 16
2 6
20 26
20 26
22 30
14 29
3 18
9 20
4 6
4 13
19 29
11 14
13 18
2 5
3 7
2 15
3 6
4 8
22 25
5 6
19 22
2 7
1 4
10 15
4 5
10 16
2 9
13 17
9 22
12 15
3 7
3 10
12 23
4 15
7 14
18 25
3 11
24 26
13 23
5 7
4 15
10 14
3 15
11 23
23 26
2 5
3 15
4 8
9 16
13 21
1 2
4 9
7 22
2 5
2 5
3 7
3 28
17 25
7 24
2 4
1 4
5 16
3 4
7 14
17 19
2 13
1 22
2 23
13 22
1 2
5 27
6 11
17 24
4 11
1 27
9 17
2 4
8 11
2 14
2 3
11 20
7 21
16 28
15 25
3 7
10 12
2 12
4 5
1 7
5 21
1 23
20 24
12 22
10 20
1 5
2 26
20 21
5 10
23 29
3 9
1 30
20 25
15 18
2 4
8 18
28 30
8 10
1 2
6 12
6 10
24 30
6 14
