6007236784122
45774174601
182
48441600
13962849060
36432502129
417589225
48088981264
144
628849
36
1
25
4648336
0
2819041
20
25568192
43264
583729760
0
0
4092656449992
4412100
2352
9913052
3423223388220
4
4
613974062
8447540010
812702
15750
57600
342
331258200
253494162
1156
484
23731094401
52670
36
4
428593463570
12882
89724211600
226999422
2555202
261064806
28529405742
446920740
0
113569
36481
3415104
78322500
886422
1653796
198091550
120297024
8306408460
342
4131056
53794890
0
219217636
13110
33052149006
16512
1
9
2439706545936
3515625
420
0
48458537689
448041889
2
1321860677284
11556
4
2984256
2603396771520
0
1
4147332
131691692342
11449
508277025
156
3018979225441
72
467337924
1980
4347225
2318408207424
2918972
2248944123904
6
1
55331282
30321542
3910591282962
0
0
1722
4
431683729
4
2425710252
441
38416
10000
3080
5615104356
15252
4132304089
72
156
484
152152225
193160
1
1369
342
203262049
6
863970
4215369487632
8814580996
6081156
2760293982
342
1
31152
3335358905912
4
17822
4743684
2634129
39800
56
48180
82475511410
3048516
23254725025
9159702
1
631484515600
17653639689
287421162
1136054342022
45156
27283936862
1
861138528600
196
578306304
885481
177704824050
49745949444
23409
2354690
4
2460192
3356758965316
12716356
0
0
169
1659123036830
3660
1297321
35721
251001
7904532
206570
45192006
22549527225
38143261809
3389446692025
1884341281
31862
44521
240
2980802
283198412
5476521998809
1892000
2
45249798400
37442
4171215988380
2805625
2941875020910
0
1531196030
2490101358030
254992992
308851949280
471282
7832
478953225
0
264030001
27138890
64
458666472
3838155092641
7056
24306524930
0
1128691635201
576
10319816982
182
54020915776
2589842990
3474009513030
49921290
0
207043321
217164432
68103756
162103824
10378062
1959242673170
27722
100
420
3693053670
37379775582
26363090
209306
11809532
36290
1458325534932
493328521
441
155837772
401862162
119049921
2689600
4866052163569
351018960
5898486542400
1336012152
264710
542750209
28224
2999772040225
26896
2984256
4732800
4384741770506
1
0
600
1482306
5214372
55225
2
51302
23256
3600
2955127745352
390912212
3175524
789974328025
46656
256
0
1
2591185600656
1304684803984
2
0
1980
3132900
0
2
40804
1666681
13853760804
584231686850
89823006
5313025
25281
64
10302
29756
53878765924
2528178961
2
1261279710
2652
60137752900
1164241
35344
275294464
5491992
28579716
2571103213156
1345569124
6165289
324
25
18160392360
534187656
342
194922
20
17556
156816
110
121
37830
887346102090
6972
4096
98089216
1317904
32942
22350
1744829646400
1665061188756
230827249
900
16771286016
567762
87544092
12
115863696
1002133992
49
4370190
81
169
24492
225
17030
812
22952
600
51529
349316100
59893507092
0
15376
1819801
5028806
3511115197209
2093390837880
6332772
2
348100
107584
40896025
268763236
0
12656
128833850
1322500
225
4966866576
35416040672
172488822
1832465786596
272
400
177888906
6972
374519256
553543256
289
75820556
611597630
506
154056
7921
377983958416
602398732592
55083620601
5841889
16
315826212
4
321449041
35156
34666157532
25176486241
2016400
4
153801230625
4029606582544
816312
59552089
2862
2
50915360
1
6806
412164
998001
160744362
210
43056
361
1250987444100
8576112
7817212225
1
97136942224
316662025
1530123231342
6507601
274052
801025
16900
285559302
72
552
0
2934984800
529
345513744
2154767107656
1387414251110
46656
75625
13634556
2
559724622
0
1
201270969
276357376
766415328852
211600
91910569
146192281
100
397364356
1280101062
20
100
132
5320006832196
8010
1232122200100
45542252
5467922812881
462
100
5013904680625
326796006
518472900
1816848000
6
64
337879542
30968080506
35908165530
4368179420361
43472
4599858193984
4225
0
58806
23679516042
624100
8865506
462
2
25440
33822152464
6
48180
53109507025
2138183840
2
322543640
434392378140
29346259556
100
4136805124
14066250
36481
144
12321
30
150156
28484156756
354248862
1
4556
182
23636295081
552
52900
17979994010
1
1850326311289
2
57360
256
4290
32576459610
13075456
5594591209
36260918929
37830
1847935734544
5782537849
58564
4157563819110
8100
10712
224985000
142551660
133783922
53824
2989441
1323650
1169642
29702799025
47050381921
422610806
31760051582
646303506
380
471282
3617604
60976400356
743968351296
0
4692
1398306
560671362
7569
1571262
5767202
5041520280889
3600
0
64262
64
7635526542
4
650
299878489
233289
1507314814256
102877355025
1489620
4
268324
2304
188279562
4271352225625
4301476
3491456679936
4378556
623201296
4
0
0
1092203352
3792756
599735610
380
14370974641
1
36290
8930
43264
6938973300
225915930
1
484
352947680836
25
576
25942095290
4
0
169898190
4
1
6
0
15531141376
4
1
0
57994272400
567946118884
453370556
400
132
840889
4612881608644
510760000
507926323410
1523854458025
192721
2033882430306
29412
1719034343280
5784080315132
0
462
40226920922
1806
249339890
4133089
90
12890536832
172155701972
1
1031519531406
1
21462
72
2903338254642
3782
1
3990006
154056
340771600
38634457692
29929
4159560
1558752
3306
57840
12
2
145161
447443932656
13689
0
42025
306
29757802520
424421802
0
2104928520
6130276407660
37442
61256
1156
2772225
48400
0
3245182122
1773539418049
533620753542
0
5959537999872
362600278569
4
64
165624030
18722929
292598130
62337106276
1398306
4928400
306
2272556
43890
11645156
3437653436281
272
3705109117956
311523050306
3305138544016
400
1985180962260
4
6192963224922
33860600156
641601
73487756
187662601
1
11165831892
30
30
272
4489
0
58384881
989030
33124
6889
1
27431406
0
4395358506
182979729
26896
6248617576452
107329600
0
6
0
2300339455969
81
0
1047552
1664092260009
16
489891822
4499186113512
400
0
1
6157842
1
541306756
4465366999022
2679769
519292944
489869689
1183744
5781620
35105625
169833024
530565156
552
1936436450481
16900
15376
4018721855625
100806
4290
5490217216
4320038529
4248054888561
400
64
875576597006
148230625
48776256
110
9949763252
0
110
361
81
90
2
19881
465806
31864570542
614656
20
146276930
9194220882
559038736
5757600
81
49144904282
531441
27094970630
4830
42328536121
2
373532929
0
441
11236
1
39520082
209306
391250
0
111313050
182
173633329
4
11130
3443488880896
461041
141752
16512
0
11664
54056
6832996
23256
430272049
471282
2247630624100
1595228361552
48400
243516025
56882
46587553122
616851732
1
4
5625
446413512
0
2920681
2
64
1
50497055940
38220
299151616
5724056
54289
20358144
2
4438949655042
156
298132022
13269427249
72863296
3701046839910
60258466576
0
1600
4356
284107880
41047165201
196490306
137229510
0
8649
1390041
0
240
1
3480705006
1282556
20
35532
7724212656
4356
3099360
6561
2740680
55294096
4355569
115917522
229257579672
3136
54552996
329476
45753210000
4
132
15833818056
59503308489
183399306
1733306689
19660356
4264225
0
113571649
1980
2
4513500
984578884
0
2756
64
12
3896676
0
404556422256
533055744
56
2858868890761
1678886431242
3958110
1710153316
10003200256
28031632902
130321
4
602555209
2601
2369985806
2
59165940840
812624722849
400
27889
4284900
110
14480391890
30
0
93035670
24492
0
19785798244
17058188449
14660487480
1
36
809468187320
13806
518746176
20592
1694965742372
1764
5332796676
11128896
90
4711070
4474489859401
4
893970
5342391983682
356567689
4323983049
3025
462
29584
136900
20652132972
441560
871422
1233210
552
7056
23073761900
4
1
2
2119936
13176900
5597956
2
1337876235556
923217348964
1806
307486885225
30
18225
1007078490
461691169
72564842
38025
210
61933788225
90
64
5904846649
2
0
543239556
19460
44140959506
4
1
3448896551520
15007876
433180969
58564
115863696
369773448100
2181091829904
16995293956
27285919040
5550
234166506
14680392
90
8649
27305850
298477452
2327150
156
2406544100416
263169
395870712
47961
36
2725801
41975814400
309478464
16885573080
327410930
4
24679624506
0
33489
1764912
38157520260
15625
1254400
1960716865536
