91089879721
4074013584
196
433347489
25476150156
7552305216
53904964
3420495225
225
3936256
441
2
400
385641
2
2555202
529
408868620
4830
13079072
4
2
254768019770
424452
52441
21423012
810147606724
0
0
8991002
34546541689
723350
16002
1369
81
91240704
140552880
59292
400
15308617984
2304
441
4
4507581210342
26732
6141648715225
104254310
1390041
134966306
11852785770
44049769
4
5956040
7482
863970
357210000
3369060
2223081
187758506
282542481
34833743044
81
5037780
417895806
2
168246841
26569
9211104650
22201
2
600
1478221919862
769129
42
2
3040915880
43692100
1
2650564711080
28730
0
1097256
1354948380506
2
1
548340
5831664733456
29070
7452900
210
2363924700036
342
37939440
54289
476100
2257941996025
1142761
1633613740641
506
2
413654582
49287420
636015820036
0
2
55696
0
482900625
0
52098519001
36
6561
23104
49284
41145282649
23716
45579688036
361
210
30
238455364
5463906
1
57840
72
176106170
506
3415104
525104578881
7037783772
97032
49612662121
361
1
5776
3711327116880
0
20736
358801
1331716
6006
306
3306
6203046019872
1062961
10056479524
611350350
1
3932745103225
20998908100
117148152
2930664950642
3906
12121789801
2
722120099952
182
13905441
3372732
126879508602
41918262860
15376
1543806
0
1460472
894218933792
586196732
4
2
210
2219229925264
47089
2683044
7744
4006002
623301156
5396329
443291970
10022012100
6801960676
877463092900
54928593792
9702
4356
132
1051650
119869652
189294606400
1894752
1
3913128025
6972
4997109282662
1159929
1123786567744
4
56952151962
1438851828962
139440672
4937430653089
4370190
35721
34715664
4
132894784
402724624
90
40455960
670197646336
37442
14852784384
4
2942523398262
12
22858718481
182
2056939962
40758158882
3663043832464
428966232
4
179251932
170054640
371429256
157377025
602972580
1899016290304
12210
289
49
46983380292
7129860282
405740449
5370806
592484281
7569
2457575119890
30980356
42
233891142
27358130
284478822
1292769
327029006360
362597764
121868715409
58177681200
4052169
20070400
11990
1093680907264
12882
1101450
4311852
467581756200
2
0
6
2425806
243542
1600
1
676
15006
46225
1120906036712
60155536
990025
3568215216784
44732
256
2
2
1364367667782
2675020531401
0
0
54289
570025
2
1
2500
2209682
24822002500
3109584850202
334871700
220900
14042
361
22801
10920
2084744281
41004832512
0
58570292169
40401
902702025
2884902
8010
125104225
187922
503149761
1379006324721
58127040120
86730
81
484
20382416289
21757560
342
5456896
6
20306
5671542
289
272
6806
3370113909369
37636
45582
61984129
2655270
9120
16384
2122432318449
2212366197006
101687056
61009
21910808529
3145302
339314820
12
280998169
60575300520
400
471282
342
210
14641
100
21462
2352
10100
9
625
82573569
1092038116
4
23562
2039184
285690
817180744380
1771353370084
506722610
1
4774225
5997601
457104400
268419072
4
26406
269025604
2560000
144
42963340176
35942661810
214446736
2028036600372
121
25
208499160
37442
70972200
18041256
110
363569556
9284209
506
146306
35532
4678454361702
3907079993322
1855757162
129960
552
95169780
0
96983104
7656
8388453332
14186358342
1836025
0
5690977622929
270805231710
3510002
308353600
5402
0
426071522
2
37830
4558225
3161284
158734801
156
4556
64
1343922003452
617447952
35857967044
1
6081693599881
99640324
2374050772820
515358102
4016016
3541924
21025
118341762
361
16
2
49986674929
20
84446910
1715739768906
2559652811772
3721
6135529
579966806
0
16966161
0
2
184701690
124389409
3524257167300
5368489
330894290
114190596
289
61520492
58563516001
529
225
240
221853717182
35156
2772281610289
442218841
193088178724
420
225
290063030625
94041506
22629049
54127185756
506
90
88275420
5897856006
7793799806
469236645072
47961
4549900169450
44100
4
1056
15350094920
3948169
614916006
36
1
13806
8811483030
600
3364
2239371684
53609150832
0
392753124
4488857909556
11335754430
225
45564744681
564157504
7482
240
27556
462
5700156
11827541270
80200980
1
43056
196
15384929296
16
2209
20646241344
1
2008625907600
1
1444
132
44732
9464954944
17313921
41201083380
7630721316
6889
2011828773710
31234906756
1260
545406620772
34969
15252
163277284
117462244
262780310
2070
1099352
2564802
1430416
11115484900
3704730822
52121180
9912990096
748268670
64
4370190
723350
951321492
833097045822
4
43472
2542430
16801801
36100
1623076
122850
283497145580
46225
4
5168802
380
36250636816
0
51302
109422060
5264730
2394903264756
6036996420900
2424249
0
259590
52441
197557080
505559394729
494209
826704648289
4763306
7912969
0
4
4
59892038712
3339756
10810944
56
24931778404
1
34969
33489
47961
37811580304
104990762
2
30
4768471444489
484
529
13621574232
0
2
217341306
0
1
600
4
10640541409
0
2
0
56147672025
3147625964025
42048740
49
240
3461460
396603955225
7022500
4254267195156
2381867488900
5468582
1759953790056
24336
2151084222306
136911470240
2
30
2725936310
54056
143676182
553536
306
26975106081
5583109742460
1
2286565867460
1
17161
72
1153173151881
4290
1
607620
5685840
86806489
6596769620
10816
544644
2336312
47306
56169
576
0
5740816
4447309479360
25600
2
5184
56
10510863006
51129650
4
53776682404
76639278244
33856
870
59049
1232100
3249
4
48757276910
2091014329156
4191371776656
2
113273306721
4625140576996
0
361
222233556
548730625
113880912
789806712
2542430
310249
90
1035306
4624
593628860
853195826596
240
727458026832
4926777313590
3839730387529
49
1873647660156
0
83643002521
8744587656
3808352
368812820
198190084
1
29621335772
462
484
121
44100
2
311046132
3177306
9120
37830
1
401501406
2
44722733006
202364850
12882
5189527748862
303351889
2
506
4
1022302988100
324
4
2262016
2213490816180
552
31854736
431187909201
25
4
2
87320
1
18156121
441741012496
1299600
24895110
31860380
2854410
138756
476330625
217429770
22496049
12
1921601729742
21025
10712
273607455625
6039306
44944
41485949761
3847100625
513653156416
25
380
3393157412756
242580625
432369642
272
31694146812
2
272
64
342
306
1
18632
4386930
9805158441
3972049
529
245956489
33084153990
17085822
142884
324
3146200281
4194304
12807901584
43264
5189545482
0
70980625
4
36
29241
2
461841590
5370806
4524129
4
295908804
196
212445200
0
29584
3694518384769
358202
5645376
22052
4
28561
1980
513611569
15500
49477156
4372281
1634728459225
1598970366016
3025
294877584
1482
3836006160
8646540
2
0
30625
44202552
2
1140624
1
380
1
2815575844
6642
109851361
147840
1980
529713240
1
450100771920
156
105277860
25626887056
85405322
729259637089
1041740176
4
55225
44732
119290084
5278167801
182506590
258003906
4
34040
2555202
4
132
1
47863594506
2704380
506
7921
36058022210
44521
588289
38612
1258884
413756281
476100
138309360
89382163992
49062
415792881
4855412
4076822500
0
256
16114906080
1145416336
202564056
55764224880
544895649
504100
2
146894400
54056
0
425756
60712713600
2
50400
361
552
644809
2
4586996684256
21991410
380
1181478780722
2196497397422
620944
55895834929
22503300121
12171826276
5839472
4
10436130
40401
52483373556
1
55007604369
3427385742400
25
12210
497025
272
24788140806
484
2
328769424
14641
4
18800660340
21659156070
24553949809
2
441
3527158193329
25440
24760576
17956
2105020855161
55460
41912939802
597386922
324
368449
438877762962
0
3354392
217543885056
79112130
44846744670
49284
30
11130
5793649
17974362692
4464769
3400336
2777222
12
37442
10171125904
0
1
1
1746362
583077609
168921
1
2628000874321
3301252794225
54990
4941782352144
484
19600
60537157849
453285390
361323072
6400
156
835903744
306
380
30952948290
0
4
19958556
19044
4248367220
0
1
847609311649
571353409
48497296
1260
281014932
4707541677969
1627920810000
21730002921
12120468649
41006
155613150
573386970
324
33856
401060702
109746576
1505529
210
1443538571202
4056196
62110161
3364
36
1212201
5313681025
59059225
21854448056
93760489
0
14563059006
4
8836
2098152
6796023844
16129
2745649
1828636857441
4435562436006
5062500
12769
9229829184
2596624462620
2544025
400540182
3300157809
1119364
1
2857832512656
111059982
7310
4547850539761
1
1
14400
4641870
1
20592
900
291600
144408289
0
202050
2710962
43170866176
84098070
1959554825281
24806
27556
32942
653228458850
20
132
34596
15335974082
9
51294549289
154056
28900
2455489
15876
282156006
3463386135306
2
8219598244
35112201306
46656
13185354756
1
2
130336472
1296
2
38612
27556
54990
432306
182
4
0
3222719361
0
346299883256
270816392
19835201406
62766006
55460
2
1
2
2278431755256
2105775374641
0
3129159337249
2862
5932783068630
56
56
569251881
6020182403236
90
64
24649
1168561
484
3218436
30
38675942244
55932
229920
95531076
3000825179521
2025
4
324
39800
3077321138670
1
73736569
12210
2534546784676
352836
720516613056
820158451876
51155130625
100
34782
0
5255696093430
2503208115409
2
12882
446730496
16
2
3024121
3857781123252
57261139849
559890244
21560957732
34596
26269764320
4556
345532332
28900
18524416
391307742
3819804442624
8904256
9
4
520592672
42230
58766971561
19298449
31204515904
1079521
124567921
3364
2053489
226442304
144552529
1121311566400
51615068910
19881
270816392
19488020400
4
64
72361
2757794956921
225
2
5917484377744
20736
4
72
121
1
33489
342
118254750
6262110822
240575610
6192632
197185287080
3690241
2
81
28056
121793296
20449
25132553556
2
380
6480
45946779904
42849
53875600
36
39601
773520
1
322112756
1898475612
576
0
1038361
32942
484
4408166890532
93330
12
0
5843999231532
306
1
342
3152673682929
2400143028360
1722
420
1556302500
768477527012
886270674980
2
4
2
181252369
47734281
9120
62228432
31061947536
3192
2239828022630
49209436224
44310
1109244984849
55225
64
3109932
703470529092
119869652
2756
50365009662
342
6
116964
5280420222
61636503289
3771364
484
36
12544
9506
912583681
4652649
97752769
285156
31033050244
12
454968900
0
210
3688861696
1055600100
42849
780699481
4184589823129
2241009
4
42
170485249
400
2238756540
1
4340972
408747306
5112
43890
506
196
3608100
462
1
10609
543906
6162
181413961
843642
14884
132
4351396
1
49
2657410214492
484
1401856
2310400
1047360864242
2012617475556
4
45198729
433909730
3687116194782
22500
576
5695382
4507129
1083681
131721529
354493584
5886572603076
0
44983849
0
23063130090
27440585104
4635409
32041
9506
344455040
106683564000
2
5466244
5313025
49
64056012
7477490
580644
90
67182612
36672
30691185721
615983243716
665442352262
391921209
582932
3108558635210
5538962
264338822
0
2
19094126942
2
2
51608253450
1629452
86912051672
529
145161
61149129372
56
156
39204
697225
20761928100
275625
1
64
15500
361
5355852575712
20592
7225
0
3323329
17424
110
0
399013305625
25
21170
2683044
680474858281
39552061129
2304
22650
1367730
897633079225
50625
3585554520
113635600
928332
16748556
2
8190
210496572
4618931688900
287607681
4
2060660
5256
1197930
4
0
1392400
838218304
53592
1699654549264
589324176
0
1836025
1527051006
3310580
64
1
554280
12210
4007527538161
481269637696
8010
4
512637522
160566912
6017932656756
12210
4
1435204
4
5662020
0
251502
1473796
57500682849
16127984016
383924836
12
289164307600
121
324
506
3581556
10957169652
16
196
25
2
100630992
25
64521056
5403352556
2217121
2
4720151653281
1786190818740
1
107713262
3136
47341280
25
42935256
6128697796
1
53165972
2
2
10222322130
57193200801
550564
11873807089
3363411115560
1186113600
828112740049
8766764161
3622414782
55460
22801
2271713906
0
306
4238828322122
30535815025
5058273132660
8593846209
55460
3413577722569
53846738401
0
2385480
1743967192242
4039655802210
441
510510
3281532
12
2
141752
64
585010969
375700689
0
2
24649
5870929
10100
1410156
5597071150969
336208896
174940302
0
71157660
3665042224900
1063992
30450
741288282361
12321
3306
24853837801
0
1052676
173093492
13157810556
943779219289
283754025
76329257006
4
5466244
10100
2
40464339806
55696
3271941940201
1174723235562
60264169
212982
3556515086256
56882
5745544281182
0
4
14986656400
650
7393420225
3549456
47913269881
46225
10255410361
623226260
59643896841
669942
3196771600
552
462
976156292
4
4424712
14307306
0
38612
2278590
19448254849
289
4
2593871302500
3444140249760
57653532432
991534990322
272
426898237250
39002892572
2004055012962
121
1171806
631287455296
79619929
4266290
169332
28914621849
1
56
1411344
30
28933641
1
3516823227080
12
12656
6006
7310
484462110
1345857532321
10464983102
582305161
1221025
1
3227412
0
9972964
32400
4
4316006
218418841
5595786588222
9523396
240590
3377758785424
52212
5099245281
32113177602
0
721217880
571544649
0
1066603545225
42436
400
1858449199250
2162
3816162
1266743497009
1
74481505569
4900
14333796
4803708885432
912733747641
521391556
370755025
199682519022
639200
393843870
12843008929
38612
14042
1138489
50555274025
3617604
493106436
28392
114030362
6844501092
81
2006472
791210
576
1310342668804
2555326934521
0
272
790321
1
72295110006
4
19460
5749001255556
115175824
1302672974409
3025
50367409
600
4577460
13924
650
1
29068272
49
256
361
4
2372761521
20306
0
5557806
210
619860609
162753806
235049947580
2
346332100
506
16
3018906
306
64
2072317158470
48400
4
1
4999696
729
987042
97259044
31577467700
42642
2792388049936
561784804
125540820
701493352704
319790
9573056964
6541008252
401902256
4598209045992
380
5308250113296
16491721
1005006
49297320900
182223001
2805625
484
5067001
7083747225
741154836312
160801
2
2
516062089
2
62411031684
0
2770560
1655910859684
229416462
19881
36864
297890340
210
3139984
16469230556
55696
0
31292194816
0
68644
9
237006025
428692324516
0
5117485498596
9490656400
2599093721070
0
1681
1
6084
1454183956920
4
141788556
88441109490
38220
462
723414038906
1638400
115229490
1
0
622103364
1434006
506
61256
35100959256
43831020
4
16342426406
1873230195600
552
64616877402
2
40489488400
39640810000
196
564205009
210583632
506
57360
420
1790244
37179506
45156
143641
389001690000
45582
60147072001
506
76317696
484
441
209511150
324085980510
2975625
319112010000
1
4842200
70073641
3318465193890
1
1386506
2
5402
1225
30695390401
22650
20
3193590591844
616876569
32338289412
1602444579129
1560
457178146350
15943102756
61175591569
306
256
301664792
3906
0
2791007938161
3422
12
99225
0
103052952
142525125625
0
3025
256
556016400
1
7222656
15926061402
31373619876
0
400
3306
30450
1272420241
56
27254212832
1190
225
484
15752961
240
4464769
3660
72
3711402
150258564
0
1745041
488553469156
4932841
234256
3210244432940
32400
361
272
1126105806
127362510
196
2170997438330
4375867800306
222352832
62473216
100
15646507396
646158745600
154833593121
240
2
36
2
4082379342
18142069556
14280
7140
3500072239104
3818116
19182
56
390000
54289
599123529
4712086098756
4
2
2457725618082
2937011040441
110
4899582
384983641
20804167932
4441798615806
324
2
58847967396
1628722173796
182
400
600
2325264841
144
329926169664
20
3786916
244468860
2
2486848573650
7310
2
411663810
455630370
297631504
36
2
22442586672
224985000
210
0
32220
346921000000
2202681928592
4090423327920
317034874422
174618262002
380
49
0
575925415506
109945710
32400
4
664479506
8649
3017169
266979260
359400
4147332
2
49
10526041812
3136
34410
456570056
129743490
3935241092
72343530
30453216572
1
244642019769
1900218872
1600
264013752
287048306
438420782
3396457330704
0
436260
23870
225
2
4
5669782458030
300051684
979110
110
6137390622
2
5096306
147072
22650
310922689
1840109712
3824181669152
4990756
81796
37323535249
284074170
150700176
3005451684
2
2652
220240440
4295256
901550
1035081394710
22108804
5354596
4825475513112
462
608485556
911618215369
5827441866090
2401
639955200784
5304002453764
2
688262707456
6037756209
2068750039225
444598310
17822
31242510
44732
15750
16569224562
1
56
2
15945249350
145094070
30
6115729
64762615225
289
16
466149690
48664576
34782
44595725329
2
36
59292
506944
1443602
477007440
37830
78998096356
48180
2
23580980721
7359752521
4
81796
380
2964507428850
1
333153756
299393809
4
121
41248506
2630884
1
1
276157924
34410
12
12544
0
2
165148201
239121
306
176400
339443776
1818851904
4
6084
16770
1746395287656
48620
6
36864
5819410811370
72071610
50731030460
57600
55932
35344
2
1083681
3782857731849
61742807361
22801
26463643652
64
59899860
441
151905625
5585843382
64
5489843470722
4
48664576
2162
56942116
16601550
285677604
5260142
287191489506
10876804
5598507291572
15968016
68748972
23373211689
586154078449
3624401133796
72
20443962
1798281
30
1
205850756
3202346040100
156
3896676
382542
110817729
1638400
51302
147586052
406103104
2
0
90
749090
16901560036
4635409
1
42935256
1754195616060
156
15129
11066829601
9
124355952
26569
5798464
2
35277660
2916
1015056
400
4
1385329
0
126011850
4
3496900
289
2952685482244
2
1517647829112
15292010
1134106652
0
47089
2
19590621122
33672
10663970022
6889
540960
591243540
3192
600
729
12100
157413339762
16
5126502015684
539939857636
4865833780632
148996
1
327193832
64
9
372710
4581091701452
3688320
4322241
60513048036
280679762
1948604449
64
29070
7567956036
11573604
26901904324
3944196
4106702
1063992
403788930
4
8464
14042
1717774588321
39702601
35569296
60291855936
2
137152826622
6
2
545829769
1349082
0
55845724489
13225
11154422610
53436100
8317804804
177192588306
11437924
15940056
14520
1413647202
4857177413900
246772681
1936924110
77264100
39936824964
132
30102
16584417180
5397232684830
754292
1
272
119617969
30800
324
7566651182
11556
14400
1914072
17033904196
342
0
15447258369
182
272
592557306
4102274401
4682896
692224
29756
1123825052
27556
1264500
2126316544
5285401
4471046815225
100811640
131892812070
50400
4
420
354230041
301977506
1
56
4
0
32962944249
13000446380
1
4376464
58834868481
3471919929
8168164
417487056
17785823132
121
5945687270884
43385348972
256
60645156
3354679801662
743230203664
1418955057601
604148652900
380
1598253472620
448465329
429919490
3162094056
0
2
4468249789152
413735940
577600
24180
4
219492
0
216690
54317196660
15401926920
2658530
39899263504
904401
416160000
3053756
180781470
3938064516
29268708561
90
13325123790
3144222281220
2141832
326612
110
24492
3228518988864
35259826176
493239681
191767104
2
1
2
124478649
2480625
24806
2
12321
2357248152
6642
1058841
22052
4489
1
604151820
2577630
5116644
53553124
3080
4624
1359227207881
28728046542
81
0
4
209598006
25493071890
787198366564
57840
11662704036
452929
2256
19293348900
289982
253491103441
1
1
272
49
61294866084
56527842
45657049
4600366276
38220
26896
3198732
56
1615507092676
4356
100751406
462
20
1721344
36
45842449772
592119222
4214809
247432900
0
423042624
579316761
4
106977649
1172617292
5380889785950
523517280
287692482
49576807622
134606404
21609
4039350304782
109568556
2
3727177748100
1482
4
1478268121440
121
1
2641388805225
380
1923662202482
49708486116
16
12731285889
576
0
117343056
13264359241
4662431524
342
81
1420389623601
2256
37165863440
156
28392
25
2112662
347300496
443965970
64
38686169344
531751599369
0
3650010
6081156
251793424
6
0
21609588004
6
21238272
110
15252
173056
5971674577401
4
49
4374372
4743684
16
9329970
40804
2
5609792
321233929
747360
11364519420
15788702
49956624
19519862082
4096
56122572
441063002
45300652760
1225
47711664900
5112
2102500
5402
650
45969504025
684839002500
3794704
272
42
441776238906
1976682748970
1412532
642269207889
28793956
53824
275045640
324
240
0
840889
5238330787600
356340348306
4224564335250
1260
113028792
36542025
2194169700529
61752
11990
12882
12165648804
5390129306
282811489
264111252
4
4
0
0
16
17822
2561600
3337357173492
16537059812
2662555846756
2196158019136
359462640
1451550268809
8742
24880144
169
1557288906
2181529
4445772
2
4
5221225
240
1291632
72
219492
57923011584
4489
4299524587370
7046763025
4919107024836
306
546858225
57121
53824
17487549840
240
16
3219325885504
430336
333580751660
1596432
43404513906
56
5796157556
158382225
160313582
19874937462
173472
1
306
8699945802
200958992940
52900
182
2
46410300330
5506113873121
3895584454452
21941756256
121
0
24819324222
552
45796
5379474877530
256
0
181683441
877969
36187262670
182
10712
32403240081
2770257319281
1583204310
58806
26732
1296129879529
210
197332256
11751184
365918641
46743737209
5536046647280
1035306
243859456
3880860600100
2
174715524
13322238084
1912689
7569
106636602
1
20807282
1
2691240
4
335241
28700086921
1
0
43048157880
1444570821409
27889
2184484
28561
852640781610
1984142691216
20738916
58564
266256
419266576
47013947929
28561
2
1479046361760
11373756
3818116
537729721
418611600
42
882660
17956
16
33489
39204
114582
3422500
2963659160
107422860
58369600
39218906
7341390
46225
2513810
342
144
25
1
2294984836
0
49952
20480150
38570310
272
57019947732
484
1056
17573214096
4147332
6948496
529
182
1936
7056
5388489401344
0
1090401673729
39601
21522210320
0
5394461809
268697664
4864488296922
182168910156
169
81
13924
59049
132
41035415184
156
102793336996
210
1349338953710
1
13225
57600
41412
334734566406
1538875212
2290148880
2
2755600
12
16980435481
84012442801
17088894900
576
1700416
74054630
20270071129
4
110
0
576
1
8930
877048225
1726596
42804306
2
3962090
3481
1358390
579100160
3966072
128164
5354558976064
810900
1910697998400
47524
38464804
1
570339123264
2
1577695516032
132
16752649
0
540283536
4391120
40883020220
222845184
4
14884
1081600
1
6972
76857859056
9
481912256
9
1602502810000
119716
2098098025
120604324
48582551810
1155917418496
999000
56430002500
19321
600
5192585346900
1
2653399913476
2450
9
1261129
15566970
32761
210
0
511121664
324
277239150
17781822452
2656274116864
64516
64
37686262770
4
4
16002
25933556
1448634906056
4
358685721
3024121
64088030
156
10690422630
223397862
0
10482892996
4956943789980
89102
53361
153016900
3138240400
4365922491441
2810794754306
27255203372
6591410156
47742
515903082
1623786969841
1928729331369
42
1
576
5008644
4
1713736264506
2
20512684506
5776
18548533249
2275572
1336547556372
2825454025
380
177725902200
5402
714649591530
6076225
56055771121
132
1999396
852543828889
13110
4
1927932
361
52272900
6162806
57510514782
2
280861841296
1
1
1
5652506
48890295432
6083622
33856
14400
30
2039636701122
394365160225
112826884
624175272
4
17956
41412
6233817987882
196
400
2227514460196
1
495663432
3951456181929
2
10948273956
45156
17871946596
132
38575316836
100
15129
36
997017227556
3457740
4830
14311456530
756
2724150
210
14961937761
4
1
380
1686102
496041984
342
44100
72
0
549480481
3843560
1699625867809
1704657656
445906572
504788556
4
2571212
272
4016016
110
1521
3619999014270
67860
1214989232490
600
17689
55607770969
10494773136
741321
35064162
1465384091430
369696756
121
410184009
23562
270586050
254737560
502681
0
4
404496
0
1194120046564
30731667720
2009306
7198489
61672507260
1577495808256
28900
45618979396
39891856
2
165568016900
0
36481
405398090
1995156
4753370149506
47961
55778492
64296342
552
999000
406828900
37873441321
3786002430
196
11584001641
5904900
30800
2916
420
278723025
37056
4943921121049
390983207082
42
1
992
4
36432120384
1
11664
4
0
47089
7482
9632931756
2
12882
2058240707649
144
14496039600
1590121
2232036
1710864
3098381489284
5538962
1
441
2732409
295891602
42025
429276961
306362
76256556
427248900
18090
1303746061489
467965056
14042
44629731306
95052750
89576760
216163506
59780
2
25719018012
1071225
503778025
15006
4798290
2439844
539161978452
3725687481616
1264527238144
1688045365504
1640
380
10920
48183103542
535829904
3150625
7439752516
49729
55138050
25
59111467512
25
749956
4
128312256
9
4
15820608400
2
1
28563680
374383801
380
0
59536
4
3701899137024
891880027236
46742007601
342
12231807006
0
2
2
4
4523775924889
4955930820864
2
787043106870
441
30466829756
479566201
38435798550
529
0
1145970
4241540
132
1722
4692
1972232627044
231176820
2
23870
33977364570
361
7396
12769
19123129
361
3073009
14161
156
4
506
2987644838880
2499561
9506
6642
31628488336
51717127396
23104
38378025
21325924
14641
5890329
393805196521
22052
28297631961
448825410
0
57636485776
1
0
111556
64
5271616
603867313921
4
2161180632
400
46411808356
13819413136
4995225
6561
72
4659564121
40804
1665311530430
12
0
44310
2556801
3249
36100
33489
4
8464
72
170602782
2716859252
4646842012062
42
90
868624
243049
279312
507656
47669517222
47089
145980923550
100
2
58564
0
122742319716
229007689
43264
625
25
38328481
4
5234944
52900
2
4915086783000
1332
17766225
506
6575993556
0
208849
2427110052642
28530419190
124178007321
90
2
10314839844
240
506
9
0
15498009081
5103081
22952
6147367333932
3364
289
16382256
5084781462916
2161831520
68488983616
506
0
29929
4
361
42849
210
1364357155249
47952459380
2302806
4848406530
1
431995440
53361
3962090
1
1211514073344
42230
60054750
5788171963044
1
30625
4564632
1664100
2632890796542
16549536025
57214248025
4
4
1
1
2744686367390
622577352
4
600
37636
104458620
218418841
8443128882
1459264
617796
1431206665230
184824025
3300157809
400
30276
13340
110
2
53361
17325403876
1089
2809
366129090
1030225
5161201122
465806
51302
380
507938906
22586633232
2
500244998400
1047552
400
21861101025
4
0
1
3773306
38097769782
289
33124
549316406
0
529
14844498244
1
1
2321052
66235182
16370562756
1
3481
240
848649052062
56
500305056
2550
144
4347174960144
58472801532
5747502786025
11202846492
51984
0
2604996
600
1
16802899876
57070470
17161
97209740
61009
16002
37710338672
377000472
400
1260
48180
196
58479330625
16723662400
4461407849820
196
3721
552
54522
11449
57926381041
8350669924
3771495156
1286882644872
2956638982144
731880
252587449
2
4820524900
4
36802010082
151733124
256
49282002020
306
240
1444608064
470031591332
14288400
0
2630884
55932
30
12769
45369
5060250
3860865413372
4
284622
4
89036890490
21734244
1239961309760
432764809
87025
13225
32220
36
2498233136400
16291459044
5477940
306
27730076052
1487029035844
462
17384730
285981921
0
8272630116
145841852
26406
77006
282794672
784080143289
2
838140
18262802
14762
0
1
2867120570
6
16641
32118553872
858621844542
58081
32407380420
5375442
2387527151406
0
56
4494400
59015713692
2
529
33167694400
55086084
5764801
0
1772892
8836
1751052755802
361
702
9216
1
3383399889
3602404
110
15860306
28224
8649
5852
1734276969480
47089
4977871912110
8324828840
365192100
4
2
240
0
5302772700625
400
132
5214372
19138232281
15213900
0
1
5849142
95384522
133414050
34040
60270
403728649
19044
33826382480
4153631498116
106028209
30079740
2856100
225
4
552
621405184
0
217622
324
966289
1269288397129
72
37292244544
49
4
4749315800556
1770300767202
2710962
5760000
15373644090
60270
1523990
14884
2
15998708196
1927473409
128266950
3992004
0
400
0
118680
2844282
4449990
19321
400
45930919225
2752281
81
149108521
12536385156
1
169
552
385062129
9
95775582
55790912401
484
128221652
6062487932944
29519191532
73650724
484
630010000
39789477729
4
942993453162
4923961
91204
25542112761
5184
121
350464
7310
320123664
43119560756
30525625
0
16
2337841
3844
459630721
462
250401160801
34559181801
36
274448922
30625
4356
0
560789761
78464164
99178070550
4061653760670
3721
615684969
1
872404568676
120395756
2246665201
336337260
0
5024322
5985604455950
5256
121
46124219990
90
4135122
60349592
272
1
361
39402
56958595600
4407900
65780210
12432
144
94321465924
29756
9714172160
2070
24297015625
8978604780
1498812510
202950
2788900
1585081
536150521729
110
930
4
616777225
302446881
2
2
0
6
0
2835856
2862
1960284210302
272464542
5982916
506
2817362
45326835801
25921
20685918276
196
673220
1980
190219264
11636584129
1552063734942
324
432931249
980100
775280
26258906116
0
876096
4068736786321
4
5709710
2
18769
28943026002
12
2865835622
1024144
390000
1628176
1
248141256
2
329388757776
0
2471184
51151104
956616034556
20022
306
5776
55703832
3304120540176
595970156
25760
293865306
13806
462
169
9887880
2
22350
30529699256
25
342
4
182
272
2425806
20736
19044
548669822006
30
1198942876406
57360
9
3182108335562
897399078032
25281
1823076506
28424892
56616395364
2
160424681430
342
156050064
0
709657977744
30
40401
51718491889
3124056
36481
2748964
0
342
1
786769
175920432
272
529
59780
72488196
56169
3341584
36672
304991296
2
20
39464603649
4235364
12
3552344759522
0
8930
39715906232
441
179265321
7870830
155588202
229143906
95150270
8930
45586520100
567487684
50288286750
950625
600
60762
33489
4121113152756
16
1075369
420
5586590792
2699449
1936
21650915306
54990
79512889
3179089
187046652
236344502
4511376
354620
515323697460
6889
3917257744
3629025
1109211282481
1
112455420
35156
91345806
2704
529
6
168896016
1
20059623424
2162575512
42
204418506
5550
423598142
2
9702
1170187389504
57372704676
0
10880102
34782
529
679800
110
600
433555684
420
0
140687631972
42
9752550025
7177041
5396885832
0
4
1
453029940
289510225
5064750
6
151672470852
508649247612
110439081
158006
4
13225
12
1
4830
260096256
15320621952
380
529
51756
2
0
0
382437136
3717184
6110784
10956100
4
40553098884
109694202
31191975156
4
132
256
576
420
2399401
45807342702
1734010961942
1466521
900
529984
2477057333689
9
7005941102
4458751092200
256
45796
37442
521574244
90
3025
332929
11115063184
4
2085136
125910841
37056
2
2
399840016
1149564591506
8170171321
53592
1130270780
34429544704
5791666609
2590478983512
501264
272
137641
31862
3143529
2
268451840
1637120
58574406462
31661931844
60840000
240
121033002
2013525525156
53860921
1
5058001
1256641
2138414878224
594018756
228006
5255556
2
67340
5181808020522
462
2139617536
2289169
7491169
48291381009
341602843024
1
2
4212756
4139764281
2
592484281
31684
240
110
14884
238146624
361
80343335601
3728761
16
4
5805690
46335249
1
4
25145872050
32220
702
62001
2
182
778143633500
31110962689
3192
400
8836
201668401
53130
175469762
49952
450571863762
3806203951550
317356410
2
2128681
20344610
401361156
26562154441
600
40602
66865167889
72
4
4
64
426463801
3213907743906
13806
4
7921
54590920609
2857790
4
9625179664
4680849079729
6131801681256
21025
4056196
121692834025
57810191406
2
484
436095140625
624980370249
5849142
400
345774025
8281
0
1
2699449
454158721
4
2
72
19460
506
3873024
0
48201104756
0
484
36807765462
2050624
2040612
1
4244047031772
44235133362
95295072601
5372230320
30553256
589202802
576
46097310
196
81
210
57840
48874155625
53743561
261727684
9
421850
1547536
216266436
12882
119423117352
6
359456605209
600
2422692
22129091322
326290032
3243601
17956
121
380851905424
0
2
1567882812
2
0
42028075056
2076911881350
306
53592
6
24703037584
557762689
110
655232006
381772521
992
4
16
29929
48281492630
24576989670
164911930742
61009
669124
589227076
9801
42
4021398810
18362418064
598756430
51534448144
43401744
10020390
8065207442
2263974631801
236437117504
32220
1806
64
4691556
0
5476
2253001
29073319081
121
16384
182
9976813456
1
1315609
102869657289
2
182
17424
506632572
3383760
38809
0
240
2254502
2830806
101243844
240
0
506
39348673225
1
45369
1159791148096
25731528510
14631321600
3259830
46656
41006
2
725904
4906225
198470
519976809
289
949869525156
5476
100
1176644596556
1
13142444240
18933622400
0
1
4
44604806402
361
1190
331200
1553713636880
157452304
590198436
462
7969489984
4260096
19321
6972
87993780
591432519162
1694732708761
51408900
450267180
600
1555009
600
44732
600
1
41304261990
24819009140
398840841
101761
77695410
6144977435742
4
16182892944
6200100
5474594090
47306
6060388952
600
344039729401
272
400
4800467854009
169
4260502617702
2
3934980391362
2296740
397763136
1481089
1
4
2
24750625
12
2862
324
30563256152
1092025
31622797584
213568996
42230
527076
2689308087921
23761451756
4375620964602
361
2692881
100761444
5987809
1
409030400
4
208169993792
6031936
2
2
11342
812
25381587856
1155796009
8649
1466413222980
1460881960230
16066956780
55283765625
1
1611630
23420760
5180176
598047025
1
361
65561409
6328043401
5897668105632
5319942
34845409
253908290
2
342
64
48620
4340972
600
434868462
1365392
475392612
239398256
34351321
5801161273600
5776
499849
3149860021440
272
46956723025
7482
3974042
207864306
7744
27225
0
1475010
3483801718530
1758276
4
436527793506
11297351521
44310
3364922468756
16384
256
3481
2673872390
303021056
7294953510
168415506
2001264960
2181529
0
1
188526630
56191517256
552
4
600
8190
2477285549660
420
235710
51768025
90
655290
901293903225
513090452
4
126079212
16512
2
90
17705895032
58322
41611104144
0
806404
1438897411140
226502500
42342939076
256
30752357132
17544194570
144072009
28730
800691912
667489
4
1
5909842500
2063532
22803416064
109265209
47524
812
1
6197849244304
1814409
1233821100625
16341806
32303771556
625
0
3297302143256
742734574220
351693762
18220545272
20
132803029662
239610
3081780
2
123076836
279708900
228989046784
50618250225
4809249
7489604306
13806
1
361
258550320
57121
0
54059256
0
114345422500
2
196
452929
12
2831030026922
67264602
30
28392
41006
102080
4110756
4
0
9900
350719256
284040462
64
9702
6381533340
7342519032
0
225
0
4
48620
1662810
36290
16129
57919710
3761714556196
4
55460
59433564100
306565081
253510084
576
396348372
4961756
392198416
6211961856
1086423686172
5852
38025
2
412806
11304686652
5132490
1228321131912
571536
0
36838852290
886516402500
58081
159390625
0
1312170
20018005225
1
90706576
37249
306915361
5793264882
54028818481
490356736
7656
56
25600
2640314634120
210
2929232
789413312
3248496162522
0
4769856
0
397702395132
428298912470
420
1
0
5102373957492
2869842671721
4846868635160
62115094441
7056
12996
12780076401
25892510832
1122
91747662
64
1
361
625
190532
133795489
49284
92505924
441
10816
592119222
127046712
293395013940
3646045129444
57398097241
4411138273441
9025
2540238285156
68848506
132
210627169
3298903915232
103684
35344
882660
0
5055752
34580280
306
5592579373632
4
5457441750
1806165001
4914714334140
566256
1
12089112450
2621308331070
90240500
4426651889521
549480481
54523456
2509056
48129997610
4236438344121
36
2
97565333670
275460409
9474084
5237232
2
1
4692
217046556
1004719555449
3391122
3619506
240
204876282
4
82310462404
62250
29070
157212
100
2
240
7310
33074001
6078690
1089
11972079889
42
4
42
1
5073990512704
2
3212434282602
132
12
5211500002641
3269670417729
22052
3376709444306
60025
611919169
2259009
0
57840
400
61752
121
462
210
159731682
873684653521
5586999688172
2
441
1316756
9339289600
3339756
1002001
338081769
324
507726789950
240590
0
16
380
72071610
1357221505002
252444432
43681
697300987070
0
5256
6352329102
419256
230037889
23754978002
0
255824030
78907689
1375929
341056
52441
6
289
5216656
4556
90
56406
0
25760
4
12321
2534720318480
20
1
4881477082242
312481
249529412
1071225
0
2
517621972140
25122
269912041
2984256
381602707600
0
9295466569
98883136
32323365369
299359204
6120836811056
168100
222784
0
25122
4
182
0
2
6172772548542
0
380
50544990
47296897962
6397600225
3021330549006
4
462
2
59536
28355192100
4
625
409839780
456478599424
1
4
1882384
12432
6086089
2
631230
3919022041104
15317280169
41006
134339690
14974049792
32715403876
60516
2432409865542
26904969
10640541409
420
1
5033783588490
12017202129
229198690009
182
1482
0
51084136324
19044
8491396
2
2
49
484
169
90
1
3659569
58806
361
27399990
36290
5824982
20330054472
3195637105590
1449523293482
504631296
50850
506
4
30
144
442555566752
1467705597121
14042
12
383728921
0
895009656450
57012306756
3080025
361
55711296
400
4163640
29171956804
1248281080225
2118480
4489
2524153571322
1936
164412813962
3281483339682
95667961
8684809
8798721402
1253280
5035536
4
1726455404862
37517946720
9464852
12363104910
21170
90
104397306
577849482
44459198462
393943104
617796
925444
30976
4
60016670289
270387000156
2265025
1
20219275830
1
4
43145521225
1
13340
4376464
46076944
72
28056
2
652152346040
9
14520
42436
0
441
22650
9900462
121
106276
1122
982258281
3054091779216
1332
97930816
278322489
7921
123298816
5041
40023003306
678976
2591675372
2572816
8452687782
72905982
114843372
6014756
2
477585346700
3283365744036
0
2871330
5625
825372
2444719873600
481157952680
59780
55790440000
51424406130
64
433638976
19137955600
15186609
2
369562176
16
544895649
17030
82369
0
292410000
600201001
415201752
4
4556
44521
90
213437490
27914389776
36
4
96216481
4
332916516
0
1
1
240
2884902
337561
10920
489405006
469480556
241317720081
19182
53130
2248134810
43890
11012442
38794212
0
4
4042110
22702352929
955127994942
590441401
22201
4
5184
1837380
0
83810
26406
7565433420
3429109538010
30293228450
0
2743035876
40161763216
256
5700
6
0
6
345617591556
3088913458430
4010408762600
9120
39310992900
182
42
336814256
210
107288164
4673524081722
1941900489
756
0
40348756900
1918076807862
49729
903711656406
36120142809
44834251081
1427288974864
42
121
4
1133459394240
289
72
1290267674100
901410552
0
129960
220806949801
3080428663225
521163241
490999122
180200
46656
5173350
442225
81
56834560000
413449
11176929841
1839325907306
21308408676
573966851236
18279900
45951495769
504069852
2284632250000
4
4483295947020
64
1781768521
20592
484
1535121
12616704
324
1
5700
11772
2781978809402
151683856
16
1
1
12068999881
272
17845486569
1722
289
152473104
72
34169152801
101183481
17956
40602
0
576
100
447470562
60367752902
157869936912
234256
240
21832256
18360
78566968804
1655082
0
342
1872050596441
4
3498770
13689
2
2
2592127370072
40712141756
4
331458436
54613119330
17822
1332
4863639193956
31116607201
61256
6205081
43681
81
1855044
24336
54056
552
30393169
20164
169
182
369985225
702
60025
56980793142
1834980443610
69169
4
557337664
20736
28493946402
256
5550
233157630
380
9209185260
200194201
2859481
2172676
18172927249
955088120
250051502652
18632
7310
39155900762
2
3920817791130
129015522
2397277444
194040
240
156
290480892
20
119924401
76842756
0
231831076
240064036
4
0
0
178929
484
215894511380
882660
53724286225
56
19182
372798864
320016321
23212350736
59292
420
604864836
1298460
4
48857576406
1492062
1
56
6462391321
534187656
2
64
0
72080100
276989449
4145296
4
6162
872198089
56
49
441147012
32484300
374770881
1
441212120644
1541322
354719556
5700
462
75900
329525939892
0
4835950681
1538840
2916
12
212905186472
1
222766064361
0
58050397032
0
3829849
289
156749874972
5185944182
4513954904449
132
106905260
1
1
121
1
37830
870489
33773532
3321991052689
27728743880
56169
3136
2671590
5373124
67190809
256
8742
10816
21025
4
15231509056
0
72
2760582
1140624
2253001
0
10404
1467435447506
3265249
280931121
6085583275506
2
1
41351222500
2145727684
17002073664
110
992016
680625
938555032890
1
14042
0
1
16129
497446112
219854756
13225
3038049
22952
495383707225
1562528750132
6
400
630436
2534705989776
2809
275062225
547600
56
3290596
8334959616
6241
143268930
225
1642242
2871330
39006
34167858870
169
355284801
1249783135969
22350
64
72
5479774650
89200483560
3651924822001
0
650442
895355944056
484
5710441460409
4268356
4837800
4830
2614593597870
3870430610281
270618950
53592
1
52670
30450
566035472
515131112
0
121
240
3952699770
4
6133082596
13456
156
484352064
369754441
5476
3818116
210681
28238596
1673142
2033187958201
169
2250922594556
3845872027010
5764942659870
97268906
2
19044
3625216
260160770
2
450241
25
3138385859401
4395312
2492206084
529460100
217179169
559464409
226893969
1534543680289
0
704254961601
5694588906
40804
1061930
11686142
4
13689
45796
41616
10999499762
30743940260
225
1225
1686102
36
1148112
12
998001
2
966344048784
2
1907161
27889
142718862
100751406
520364532
57840
1895616790596
55696
3942329380900
1
2168256
10858265209
5473260
1
3924099512356
420
5443332279025
40755456
0
196
279474806
2
27683801840
600
300796992
3186335670961
1301718983041
5980470
24164702500
1681078206096
0
21565656756
5575459561
0
36
0
86666790
9
121
105842944
30
0
1244541048100
5046706087656
475567056
177355806
1279201716324
1
4
342
1764
197880489
1
256
16
1633816820
4
1089
893025
108035236
552
289
552
5510756
17476046809
636804
1425636
56
5953600
1053304005636
2
22443335721
5647752
783225
342
786852380209
2708777784732
44342281
380
2217121
166693921
46872
55368913636
99365539729
151253102
2747306
19321
72
24692036769
1464100
4
40804
423906921
187799616
8836
4
790321
186747572449
4
16641
26663787390
11236
0
6
54465524262
8417603756
38612
72
211140
12882
448230
29696594929
49
262808997201
2
1394785801110
46225
57370069920
4
4
54289
506
6180196
208239330
1573545702510
865830
1214404
19460
2
510104810
4
2651759838506
51983544001
36100
75524790
89102
511225
0
812
4486608140082
273505444
29115108792
1395508092
26406
3372732
4290
1281330045722
380
51076
600
4782969
388622082
2988426163142
2314513429256
381635760
12723489
655290
2
2873631842041
1016527732900
0
54737515560
4541161
240
153499710
5014410156
2450
3173742
5724435600
100
266598734224
5108045229702
5906598692150
9
1
44732
4509449737662
12882
2652
25101966096
51782416
59884697082
509675776
809100
551404324
529
6674399809
4650287384756
0
42
2
125944506
0
18800896
121
81822314116
4
235225
49008218884
306
84290761
0
3336102
18992009532
644203680129
28649256
86815806
1408969
16164420
4049423733124
38416
219931922961
2259009
4928400
546121
455625
12
816312
14884
44732
2471184
4272391851552
12840969124
5673731059640
14856440769
113703840000
20
8836
81
2
1843175508496
44944
4
5652506
15500
12798506
3926342
197136
79242
1774498402609
0
13689
2135466371652
525876624
42
83521
30976
4746171602041
2876833231129
3310580
156025
406406
572046806
42
514427761
17043302500
48248099370
4178741374809
89102
4
420
44332986916
0
2
865004163136
324
3193369
6
5075146137672
169
8570256
4
324
72
715589250
55460
1386506
656100
19891600
42
576
21101339169
506
1
30370555712
92419382
55743918302
742182
1
2023506
4
119682094401
109305947610
455625
999183166872
11025
272
149915536
5448053153342
34602510306
484
28860403572
9702
569270
0
46440
12
1980
2916
33178440350
5965298220816
24344356
37791756
1400672
110176512
3235920684822
293745321
1
2
3822243963136
4
6
9
4
0
0
3080
16
38809
3526884
2830806
1
272
5033292
493906176
165837087361
47306
441
12
259274404
2
4
2898506
2
28863756
272
13456
2
11025
815409
225
333506
19936734006
3982020
2143296
594872100
42642
3144211642056
59658795252
5250972
1122
41505505441
26082
5782769658121
2166822272169
45193019982
5483643191524
2
4
4380649
4901820169
4708900
2916
50210950084
589955521
20
1
3721
93083904
4617382267290
1
2552006
2067152379840
15006
2510640
34538178180
256
432057796
475654290
5625
256393360609
140700385100
10201
296044810000
54056
39800
400
4325364222001
5979000976
51529
49758916
445948806
12
26732
304537401
552
1
2400950
52212
3094081
4
1453971727056
5541316
30
2119936
277202
159201
289
14382245476
3497421321
2
997985016064
2173741832682
974420701256
306
1188178481296
2
306
41209
6113128782
4718659556
35610709264
4
165855762
2
600
5248296119056
1
466489
714968331364
285156
14641
666978472656
4777183948329
1442255682660
29923291272
37769395992
0
21170
374654736
44548950
1591040401860
11130
164309027850
245741788452
6352249401
632025
164467800
0
2759348370
420
4
9
3763600
237946050
36757517006
86322681
25930982961
27510866496
4
1
246097656
16512
2689600
30
2
22568151529
18800896
3600
56947140496
1
51058825444
169
4145296
890192
4
14330124972
378224704
0
54289
1074252440982
6220036
1115125842
19738142556
0
59536
3971898529
2545620
372895410
1
156
155775361
2756
25
47135090
901029999076
8742
77284
3153703601689
1
72
2776604942
6449455172
1426830
5852
0
3575881
133656721
256
58775222
38612
209192832
4
1517375162
342
159600
2053668128906
34993140
29412
18225
1749006
5389362
3309446798532
763361641
1764
30
5546025
6056521
182
2
330074953962
576
107868996
1
529
1413721
1475030896572
289
79893566370
1123322256
289
2
12
4
2689600
4
261632
249513616
2
6683716516
556009581260
363609
49406841
53235640712
24591681
256
2638915776676
181117910820
4892944
3261379553041
20022
1492062
49
24180
496106809452
3364
128391561
341932562500
6474455296
1804992
2773970892
4970670
42
210
151609969
4
72
144
361
0
21316
102020100
15327225
506
229355880
81
0
332861780
15252
30
57321696980
4
5112
2550805530
362864401
3037330926436
3936974240761
15252
4
29756
6400
3804323468556
485112
304677025
50400
0
8100
54841430
484
0
679800
529
462
674322632412
1
14042
461068256
36102072
169
428510700
1915243932
3000179070506
13907131112
3721041
472062529
4
58944006
933669136
2600156
53438644224
389193984
2237274045504
6
3258025
4859972082
101666889
21904
344569
44521
492804
27556
441
3485689
4162495608180
1445026182
272
23829788161
14161
484176016
217156
210
265119806
641601
0
324
42642
9
3715256
33703830
4366010
1958600
674329201800
2
1709556
2585387431396
82029249
18838111504
272266500
2970
4796324280
242098040
4
36529936
4
23870
2
61256
7921
169
23415273420
14762
4
506
210
4
256
53713392882
42436
1889250
0
6480
1166614929900
2197687520
420
1
53560076330
227529
39800
4
1395022500
361
32942
52212
529
42025
7584516
414712860
7461092
1825201
2646279364
5709982656249
3306
25
1331703306030
20
18524416
210206502
64
118504996
67243491282
61256
6349460172
195314600
1811716
3168636744422
454276
3418166822412
0
2
49952
3721
47742
1555616348292
529
2111209
3038049
3004117431121
259032930
2116
58170445410
484
4539030
1
324
0
483720
12
303601
57840
361
225
23469167612
1600
1122283500
4016837682025
4447636359364
633847657170
96410
2
27225
16512
4216862
4260096
1
5700
1
588289
2
34088082
58967865889
1
36727039449
576912361
2
72
44944
55351972900
3821637919801
1975430
0
0
453711300
1256563652190
19740
56
2377764
828100
1980
32444416
22952
0
1531005326244
61256
538263598560
36950066176
239413022102
0
2416470
2730795910144
274592768256
0
31152
18904462542
3048516
967552567806
230341329
400
1
32400
100
14641
4
5534105691024
4540935116809
306
275111982
361912576
64240225
462
2461761
50399127506
360791030
9451533961
19321
0
123787876
144
7879249
3312580182450
2354125587856
30976
64
1
2251006612560
220611609
15994534430
32205891600
110
129413376
420
22052
403326889
4477456
397763136
45071502300
49
32000022110
689844033192
441
0
64
4
357474649
615440
1448412
0
1482
5583601452
0
2334784
58564
225
4255533718130
593945641
324
576
47465593956
7235373721
1555009
382498956225
0
1530169
72
441
5424599671929
231577500625
152707806
3433651619132
1232148840484
8649
18996522
484
4
261840942
1585081
536802561
2
584616983006
16236870
2
2
5836883600
1332
1
2704
30
39601
30
167935681
26732
8994001
500931542
0
1
144
50400
27060
34426019306
2106852
11628387225
168693793452
1671849
11186235225
299151616
420
50313630249
158608836
96373489
89182564590
33672
1
112169281
163878402
33585876960
7702431932
7581762
103052952
8076964
9313601049
1758875403076
132
4730894742
5535437268001
12210
554084521
499187306
26368888225
84594006
47089
592800756
130321
324
1565791731856
400
100
205277256
0
14795924682
4340972
519841
64
0
380
656449966656
250000
441
472034954304
67081
529
12100
4088484
1586340
5249643264100
324
4
269599980
16002
45369
4
64
4422050502
335820
386240409
1538840
329930896
9506
49284
3630930
5812921
4
1560
460381392
54756
511225
0
1936
778806
306
2
730595853001
2
16112196
46371530940
306
400
2
4
484
2
256
462
1
23104
201275606406
28561
508369
342
172462556
0
5478104086225
113232
29333070361
42642
2307361
512365860
2
2
2809
24649
3835655661289
361
0
5496405946922
1089012255806
4987255020
185422689
58125352464
12882
498316329
590174142
19216197506
1325952
2
1
155837772
4408870272361
256
225
484
4
144
0
1
25
26406
49
29929
22226784482
25760
346332
25
2652012
1002323940
14042
3784806829764
10890279092
3309968926224
236728996
447555180
277938912
30675771025
9506
13572
15252
204118369
127757809
37932820932
400
94838382
8313883580
290521
386142150
1278176088660
2613072
256
35532
5737656110940
2760582
8304859161
0
9702
131136852
222666084
47404611076
1016224278320
2676496
7865220
1
2934369
6
48514467600
456287415590
32207506760
0
196
0
361095006
4403702
3560769
1441569024
234610489
1643047130596
57191406
4231249
5293245797730
196
5276209
2413362
8059011984
97032
94002946801
0
1892330384400
85264
256
20
2224572
66137556
51405812712
16
1317000390
402142862
141752
25122
3206452491649
4096
27390
40454483689
39987800930
57006098840
225
38602229150
20263502
0
161378912
5378828940
3782
2209
5726449
144
182
54117880056
14884
711492
15821237306
1682230225
9404732484
3720942621650
169
256
8825944862
90
2
19460
4124961
2566404
110
565821369
31152
1511670
61533267481
6113256
342
2003147686276
100
1451580389040
272
2
1879641
1003002
9253670416
2573735824
4822260806
413227837584
5695041690
17161
314160
578474652
0
30800
2
1135656300
38044112401
3827892
272
1636017506761
14073076900
36
306
96864964
12533810070
4
886967524
2208196
1666000712432
169
243658729924
436260
968863223172
306
20
281537421201
2
22650
3822025
164430
40804
1452025
5541316
4032
13660416
3808352
0
27396870400
316396125081
1
6006
56608543550
0
12755612
5016639086010
2
47089
5628450529
16124240
0
328461252
0
96884649
4
1
54289
1369222009
2146868183180
5839472
843642
27060
33621623044
95172
276676
2150872506
5468528550
541609256
1
60516
921216040000
49758916
0
18090
90
57454651809
2363906
2882618219756
4557266435400
3621270082332
29008732080
4
272
7365796
36
10056780372
2587272
552
4979348660
9
217695270
441
4
47961
9060374596
1149184
137135810
0
939391850
362369296
3210695569
8972446729
1098012675321
2
145914320
7646190806
36
11772
3204100
506
0
4318084
2
0
156
2564972011809
31152
552
19300711329
15006
5628756
4
184041
5389473682576
4287922732900
3310580
4052579662404
527666841
1233210
66306
360449210
1149184
516789289
2102153464280
169
6241
90107556
3690241
37869938404
2842225092100
191587122
30976
196
407454410
0
1670556
11237696064
11799225
705441248930
8161767306
151277700
4997460
110
210
529
42127357250
4507071679182
0
49729
5620493494564
36
132
2819041
2596932
6039306
478187556
5184
303264810
1
22297358329
3763600
451584
0
5202961
0
59536
2353156
53824
12204542
132
15382084
1
4519876
1990685369972
342
2500
961
2937855990306
1182928140625
30
27225
62465254830
35055260130
4
7056
1520565204544
2
506
221250750
2095256
8281
48180
1
49
1404225
80940
4
4
28334329
324
4
337577268196
2
1020994209
12100
90
63252
2116
1638137610506
241081
698060
1058841
26569
4
96864964
4024774241856
459211555452
1681
12
7469289
47089
1028196
4023927676729
0
276676
1
324
0
292681
600
3824958062500
4653734034252
23104
53592
56
4167154362
400
2443967859080
281870521
3692162
3605238271262
36
5148851780
159441129
14042
65792
66528492
3463056743041
58806
7068689700
1
2932656
5310720
400
2015854756864
2
6065917456
14143988112
507060324
779689
72
109561
419491842
0
25
3255431731242
2
4356
182
57327922056
41364192
4812677269742
4
600
27390
4251163567225
462
900
1
8376459529
380
1437601
2626020
3446592
72
420
4404023326352
1957201
2421136
2
65815850116
823556
9312
5776
32294426142
2698231080
28392
46656
25
210
1292618209
588232262
171396
3369374127810
0
466252711929
3364
1
1444456036
0
41388850806
2
291623929
2
3139984
25
3869820758596
47742
0
841
3731526704656
1025540023410
5034292900729
12210
3510174614116
348690
3083536
2982965947002
2626020
3664788906
100010000
22198765056
20
453540912
32220
2292196
1332
13824468506
256
87347716
1604029849009
1
4
3481
22972849
225
286384452201
523311376
3481
82944
11909401
3751969
678403440756
462
13173530176
3746160
303601
2
1446939540544
0
413787930432
478946351540
9913052
60762
604452603690
10949111044
59128244569
2523332
1
27060
18425076121
2414087789022
38105577642
1524238722
5402
576
37112464
0
4
196
333811170
4
681692968609
272
612552762306
185300156
0
11770948036
30976
4900
2699043194252
4
1957231778121
131560900
58081
58361960
22087309924
53331205160
3260785429460
310605376
358738706704
575856009
182020572
3525336697744
169
1981063287506
135559449
4393216
2551309787524
5700
6125625
4
1660232
1192128779562
43659056
36185550625
5965806
20022
206066025
1068799299756
461433361
28622210761
23716
756
491220732
56406
127114353961
0
49
306
6120676
53883872641
144
4621008484
0
2
361
1369
56882
4864230
107588756
3205890
2
306
86666790
13942756
36862656012
5105290541121
12
2
3802500
274618445640
388838961
3912484
44443175040
26247240100
3229926042800
51143952
36
6
2
132
378613764
202346579070
992
59292
2
4
1
441
17410538601
2050624
0
13340
1806
5763163140
56
470347656
1190
26406
527597930
2805531200784
316217306
2
22052
4
9985505256
289
1
0
19767797604
0
14984641
187210806
16641
170982
27556
0
52212
1521
385984962
28224
5053463536081
638401
4
5138649725881
9909904
5424241
3387440
13849170806
4
4
9857014806
323316361
206841220804
468722500
0
59292
8190
3806890000
4
1019686951820
2500
169989444
50492561730
400100006
59780
1142845636
1340964
1436402
16
16900
509720929
121
0
2590490
1
4
110
104806406
1491002382
2
1919610
0
950299377889
576
4
0
240
146074164612
452929
4147332
97952411702
25
4
2
36339225012
11772
20624119321
4
2
5854439964025
1485961
144
501625609
1856406
172225
0
182
144
1131032
156
3249
9
5031049
3192
5934096
2748964
54423757521
2465275244280
324360100
31862
835094404
81
1
238996321256
112743843302
3619506
33131536
16
15129
4892944
7152254041
81
0
31152
2
20187436806
14631805444
49
6
2582424895056
1073296
361
58322
676
306
1056784
100
568348624321
3481
1952606585449
22893505636
156
23104
11772
90
1690530441616
3797579000
284110320400
32761
4
2907025
72
50850
36
51984
1
9702
1892
69960
232562500
240
5442805012324
2
2669956
1892
1791582
2911108202809
408363264
21146202
81
1
529
472656250000
159049932
504429140
22160556
4077397170
240011318190
42486485006
0
23104
0
30
29479470
4710720805980
32400
48400
514110276
5652242350580
1183744
1266750
23875966842
240
54522
1
6024570
27060
688900
0
3411409
51172562
48395160121
5818547223722
1074332
84972
0
88237842
36
15750
21904
0
7656
2
72
54353327044
380
3747648797340
17848960000
1700416
3600
156
5058001
110
2671590
0
143641
48811169556
1771545028036
135652609
330050
596653902
518372640361
360449210
19331982560
6208920224670
1674436
3422
2
240
482614992
63872064
6071296
44830016361
16384
67379472
1384365204690
150156
1482
2195055591184
167037324804
7832
48391420380
4
37211953216
1
471215556
73676472
2871566569
423268902
16
3241800
0
0
2089470
1495057648350
2
26877963025
589056
462
432013712006
2
182
2735760720
0
5352282
1345600
272
4499307018649
21904
851982534841
831216947521
36044541316
4
4874332268521
60575089
132
425557913104
4
29877156
71656225
1
1260143502
225
21170
311487201
2
289
9900
335483644890
3849444
573554601
1140624
1
1
3897567330
0
61818906
64024002
34969
45171841
36290
13924
64
182
26406
4
0
50625
40583270
602176
0
4674442906116
695508756
5940877324272
496821810
5323432556792
24492
9506
3387440
121
380
10302
306
196
1
1190
225
483720
41925429049
324504196
5586808231449
0
6
4443664
2942940
125804641410
127170729
1
90
72
5998335722500
9863171282
600
156
2
0
4062240
785882
419061841
3611900
3141756
657865365921
0
14762
77686596
4
353440000
169
27556
400
68906
15547249
4096098349924
4
5151179483641
37442
22600516
528379182
46851684756
155236
57153600
2
15876
9120
40804
5476
370142650842
45369
1225449
320947225
345457982
0
190096
64
5485116231056
361
13689
490700
2144000241840
309003662
31862
66125865350
789432
404955252
41107332
14630625
6400
420
26406
385920500625
6806
27059098512
4437342
563112900
49
762129
671223814806
28730
6056521
31152
364829100
23107249
0
809100
42
324
8742
72
13165382340
169
4
38809
4558207710
1306533316
5189160988729
49
2280100
13874012944
256
53067572496
3616152919542
461376487009
227346084
5509904140442
15876
327809130
99261369
17943942025
1272049006052
4623895455300
1
1600
558400530
3001958203456
420
2
29584
5010882
256
511415610
24505084681
0
5904379991449
4016016
34111440
81
12
1
146748996
1962801
9506
5155170
799236
41820
650
232324
156
3474496
43056
394161462
60762
450241
506
4
8281
2
4888521
23629321
2
5929
4
40200
324
45327900312
275593201
7893290
329694806
405539044
6537854449
2743992
2
186786889
3005022
39204
423801
2695790241
400
1553762
4437312759049
361
3534400
350400961
156
674041
0
4
100
400
3922141129
34368906
3077949184872
206554384
1925156
6135529
44740498880
762129
60698916012
2
30800
59536
484
21316
23396569
5740816
250699722
1196736448070
47742
803228212900
289
196
0
0
198570372
8747112676
182
240714362502
7744
16129
38416
196
331549472
235100889
53791524900
14494956025
2304
1260401400976
419655710
17556
1621175748516
3562656
0
3087049
19127502
18496
4
3839795052060
38025
3602912681956
6110784
30
4572927772040
4115315333376
35117476
110
2
21852526276
1314465689502
8874393616
2809
655290
16
65100692
20449
660156
5002665848896
13110
15773099281
1411344
2751002500
589955521
625
144
12656
145161
42436
36
41205549072
35846038230
133647274084
5546025
53295877881
576
2
0
0
182
30946969
190233056
132
3306
110
7045671782
29756
0
5852
2244004
1
2
2271049
10006300992
576936380
5394401082225
16
7310
4231249
441
41011515169
4
36481573002
654481
2
158243820
703082
4
34706013320
324
0
4
2
56169
181535202
38675548921
1454436
232394780
56033991225
410528382
256
817479989316
5685840
0
5823025065930
0
4
2683044
612306
91506
237946050
278355856
20164
2648705797740
255267457600
4284900
623094735132
121
20
0
49060256520
4293184
30424952756
883991824
4
749090
20
0
48841
2
4
627264
4
1410156
31088037124
1
24336
4729235277080
60730849
7513509080
3169408506
931023325920
4479572
5369079076
38015640576
36672
441
10100
4223025
36
576
1683419870
1
169
778806
4
570025
361776385962
248004
2224074116889
10108090521
2590490
4
24321494162
16256
420
168011861556
3572100
2782504231056
426835600
254243025
2508314742756
144
1
65536
10110704704
61071507002
0
19694333232
107103689289
1120575625
529
58917367441
26319708522
687638977600
21248018289
28318362
354851406
56644
890045070084
2560511802
110
1122
1
180633600
2264760510
62250
0
9662005320
152905633992
89700
727650797600
37249
0
127407656
335036416
8556
2
647070621649
2
42
2
77562
5419584
2
64009
121
3485795419812
6476788962
289
9
64264272
2873025
2
1293906
46440
76404975810
49392840025
3365390
196
289
1
30
400
833569
1
78145600
552
6320
9623610000
6195121
8911171201
50850
58863008689
42025
2396304
40392380
12210
1
1191372
27722
6006
256080006
216140378281
24025
33418399249
72
100
3974356806
0
41820
676506
42436
1
484
175439511025
10673059410
4
1
83521
663397292
3306942
462
1535121
5359225
7656
1
6
3573990
16900
4070306
5293754265856
306
600
4906225
15021688969
35874110
30450
420
240
542352710916
1024
5980470
1991962454161
2689542600306
917764
54859945284
2528425960506
4557339018056
4556090
506
824092669820
2998092
1135757401
210
2
110
2720850
9506
196
1
766500
123587689
1036324
16384
381167052
4
48434326084
2450
6421938769
6241
44293832521
5529552
52212707001
10302
384462002500
2061892093041
49118527129
4
653672
37636
38220
72
4
90
1666974069882
31152
4378462088006
225
36822731556
196
57320041
4696635024
4
4692
71022
61009
2070
771477642244
2502900841
5119974916
9445604532
102323340
2
45369
25
3285156
4735826854220
1646648435524
2
2457056
55868150
42642
80372
3581923404409
196798812
546121
2867942
14880306
3078270
2775556
121
27889
41914372900
901550
2
1518777812
5499918481290
100
96721
510488836
24964
4270695032356
23239020692
3249
2912142
56
89804052
54289
478172
28392
574377547129
1187010
624100
27211872
4
1258786387892
11556
529
420
0
196
225
361
0
5179823226006
210
7482
2
2966778884356
1608371822656
52049010
572238162
4192256
1
1632006
1418124913350
100
50850
4500762
144020
552
23736024225
4968122258112
26444126072
1025277753600
25
27060
4764417207270
688900
110
484
0
33615389025
35066120340
217356049
350464
30
44367313860
8281
29584
370272
27722
4500762
3254416
66049
5557106094552
841
1119805832
5300786442
5391226575702
1750329
2611456
0
2564312214409
100520676
1436402
8372
768397755889
351649
5087280
196
240
3600
61277584
1093188394692
9
88548100
3774077461902
4962954717361
2898201510510
44310
57965382
3099360
420
2011387952
1190
2
114582
1
1485573383281
5827733964900
3418801
4583881
600880002060
1947216512329
131836324
535667880
0
35476664256
246144721
6272560800
60516
16
440244324
240
60618871681
49
54522
484
23558105682
56882
6411024
6162
4120912180009
4
44732
25740402
4
37353292900
413674921
324
20306
158802
0
1980
25690960656
16566392810
570087252
24806
1
12
4
1691192310222
6019515040900
342
1077513450
973182
51584175762
115842169
15103795506
16885443136
1349496960
3970056
148376761
2
1511032384
5216656
25281
420
5881330696170
27583230724
16
422981787270
208461187200
210
683929
5421912
2563548792
5567782948225
2159430
454798276
3370036806756
33489
49471990929
2
1128906
0
30
27139102860
552
14161
78382640961
132
517903806
1406
4
4452078900025
30
371490
4435236
2
562098821556
2725466436
2712816525969
29756
2
367699800
1
420
195806
4715040930810
6017209
306
306
442997256
1970481776382
53378095369
642521104
36672
11524022500
0
4556529967609
1849
4729887703730
24492
5238502506
277222500
121
30
5256
18090
0
84972
3216642
46747196521
141931482
380
24964
0
0
60270
131939682
36672
210
380
3339279582
5171076
240
9947716
441
25760
31097206336
52355160156
4536612454556
1693075609
383591810
4
911070
3721
500556
28730
20687788056
6132893755024
9
5657383554150
4014030281520
121
5008955086830
0
5403300
19326143342
3951629124770
3318199236056
56821444
5885708898304
2384036361056
1
10320156
300318796182
4
380
393724806
0
238100330
6904363556
4
3655744
969730740
36554116
1129094404
2
1114046474256
0
600
2
633616
23833924
3010277956
0
767650142
270400
338412816
1141692
4
1865956
7744
20
1767349559889
9565915830
1845605119430
9944178120
130131056
31684
6114379830
5628696937656
1806
4
1162642471081
20
1015149949662
0
23190568940
11061044412
1
506
14884
32795580120
910116
324
272
4601456155100
2000810
1000000
1
2116066263570
27509373740
240792806
72
2743992
240
2575562500
0
182
340181136
170569
354474756
2
516961
36152268906
76782193216
1
15352696836
93971676304
38025
65792
1
386515600
0
2105662656
2
49670814030
2
254258970
5484964
185340996
1681
121
74089056
2482200
20736
4
4327598162944
38025
1308736
0
18090
2144035383756
2416667675532
19247261490
110
42
1825201
3768789347569
100
1
22201
13459596240
211979040
119902500
224202
2557698117680
2220135760144
32225096682
56
169
169
380
169
0
6617756
3107560770
5075630503056
659758185025
7415965456
45796
132
64
53361
178997641
29756
201152
1561707600489
228176130
327284281
58474736040
35106017956
306
1436179337649
4862025
1374587415184
169
100
24336
1331789857024
302551236
70728100
62173225
90
49
199459129
5240203144201
649748038830
46780066369
320786010
1713850157881
11516294596
52387885456
12321
529
54167674860
21576025
1806
3966408820640
289
932190
0
0
166397100
625
182
3428052
0
41006
53824
57049561350
20
1452638882
1406
4034072
2
1
2186067224760
465674820
33512061969
3169058634225
131985632
0
124512122
4
60025
1571712288720
4
48400
59780
13142444240
97344
812
444471806
5752802
364657216
36
3375180748722
42
1666231580
132
100
2018308931584
2
2884902
449652025
15346806
2674860
36677037656
1070930045306
82500889
13827242
807014464
57840
230508306
425756
82919236
0
0
438860538690
1531406
1
17822
144
41922562500
748225
0
13572
210
56
246929796
49284
0
129231424
3969
361
484
0
112307006
2
484
6381293689
42
35532
56
12
28027112569
5959271910244
4
5625
744769
127836942
1
429025
4763306
22655969361
3731746923529
5256
529
65792
160000
11677287782
6006
44944
4526256
35721
6809797962
4532641
116068302
1
333518906
0
1903020
44521
6972
651908556
2246656243225
14161
1394275600
9600702
1
2409140889
5335864209
532900
16025028100
17897355961
2827702888506
722264569182
40791678930
306
289
0
8010
942517684722
2896915329
970225
100
2
543006506
81
5863662
3958110
412922720
9312
524900
0
289
42
207345600
0
3632836
28392
4000794039402
110
600
9796644484
835502941422
3624334501592
25584642304
7726673702
35439380262
4
862380607380
97871681180
2191841757169
1
1
1514200389312
5535618431310
384367140702
1
975156
2184484
204266937681
1521
1
16
1851760310436
21316
39601
18502902
2674854961
0
1
1
415059129
0
6889
1
5826744238225
0
15006
5761872649
289
3491292
34142170176
1
549822
1
45582
0
72
252222042
7921
416670
990311580736
21170
2
66170090
0
0
23336381406
1223236
1215506
222099409
5529855769
40401
8092801600
3527528449
2735716
1190
390625
1
62001
3099553908025
25760
164891281
339996721
110
73393489
139502
10506
42230
62927980170
476199684
210
54289
6269709942
59494771140
18837013504
6909516252
0
20389126890
653927184
242783142
1
4
2504798431680
1075840000
338141668500
16129
1454436
792407079756
393756
4286957827009
0
42
99856
0
0
506
529
31506
129948600
132
2016400
39060976682
32400900006
529
354607149121
2
380
1622788088769
421008842
2756
132
5290650920022
49062
0
1721344
293162884
3822025
2600001452304
18117025400
38332157796
35721
20449
15006
143316812
229537650
1365288255480
142506
56
160617602
106929
278572790
22936193809
238115761
144
86099841
194937444
34467593370
2809
29097877561
1378038862201
182
810916459081
361722856356
75900
1
32050487702
2
27060
463153441
413634244
5178931102802
23636756306
20449
72
10100
4
432993672
4336722950400
2626955361732
3751293017450
177475684
1556256
121
128352018906
5550
5402
2711077506225
1
1243091306
2896804
0
130736356
144
4131444466620
4
61326312522
632525153910
3379192474564
1068122
3821897862
475495062282
6094612624
3850289668440
322723260
42
4621238036142
581585451306
3609937300272
255040900
4312439919522
1
173462070
56
9
197908624
8836
4237684506
5312043115369
12823637322
49837213806
1879032325284
98704225
23207780281
1262842832
1
336428964
81
0
30
420
28224
937992
54228496
820027141362
61504
13832464932
437582
3960100
7249841316
1178329789081
1078090771032
22500
2209
18496
462
1
4510594401856
1296182
0
2984256
1840520928964
1612900
717623732
1
41665586762
272484
17213440000
132
4267812912
47953116324
27254212832
0
5111734376310
600
33913800649
0
0
443628906
22052
289
552
4615787988282
18632
25600
53452284006
3351396585124
1
1890625
8047704681
3225939288100
2052056
2929232
9047148572
533194281
2990558596
25600
2797498767756
140981851100
90601
5354596
51984
552
182
380
1315929032460
2069000313604
43890
92342490
1
509495184
6262506
5363856
795030806025
9
76134350
201995156
53592
3122723697129
646100142
385020
5405625
5992704
90
59780
4
0
5428900
49
1531901290000
342
45514595622
4
0
2085059468702
16204144320
29829089521
354757225
12
246699962721
52667725530
54522
4
8625969
75900
2876416
483426098232
642402
0
411379806
15252
107609502
51302
930
332041284
2304
387506
210
42
13689
50041018902
2879288281
31329
21040807970
1830460173025
14161
26406
4764552539010
2661792
667808964
1074332
1066866916556
5299148752144
165817129
4
49
259770134652
4
922070460025
24492
5980470
45796
2
14859853801
31786432656
529
87243732270
4346958124096
225
41209
9216
93025
5510174085376
36864
654319210000
1
69031172
514541172
16
842308197302
1192033790809
12769
500036682
4
14280
477182180
36
34305892742
475033168302
256
2
1
256
0
3866135130001
15376
1078910154436
2945776654602
38003942916
18769
61676977452
0
19786079569
4904010
3517500
6042801320521
21946200306
2585664
34969
39800
484
5875448764556
2
40253600689
13572
0
1
3625216
134142724
2116
5605780728409
3781391376400
11342
306
13900527900
37024686724
13340
79959364
11060834070
994613906
29230242
2
1369
50176
7569
269501472
54552996
1358390
4
1903020
1640
3083123353806
5977047040000
4524129
36481
0
132
2284428202056
4427836498806
394384
2030625
32708711880
219970380100
1582215553182
72
4
324
69989956
3350730
1
441
47735258256
93942
5040440333556
1612102801
16
35162062740
1024
17556
12454783201
3693107688516
4543299216
282917610000
14161
3474496
5660681406
57840
0
2
2839225
22801
5068344936102
169585506
56
36481
1688700
1407782
2055216890
196
3511446867110
9535424850
5288233747456
3354784320
420
1263376
38612
602884696392
2553604
62359079524
29929
36
850640979204
25
576
72
484
635303846540
10875882656
49729
2204561254952
4422
196
42642
6189770805625
16
432531144241
38025
2953730324164
64
188702925600
53607067024
108908580169
0
53406978900
59119734170
0
12422551392
569490496
285965010
0
25122
1008016
11342
28056
578402500
56882
100
25
3782
56882
685654225
3192
1
1637120
3790809
2
16072534506
47899699600
389489960
256
252921312
4501154736056
420
304397809
18769
1376821797780
1
624890
2550
576
2980341056
44382480912
39461822500
9458700
5528219904
5392366689609
1828545882
0
18632
30625
1580049
75881521
38420312121
264761712
156
3256907800790
132132
373932
6195121
272
249008400
17556
6724
34596
36
20473603396
33243681912
182
9702
2800602
0
333062500
24113275940
1482
1
1403428792896
4973423006
7569
40000
16767271632
13225
19760206041
356133512
225
4970
619487210
4
1
636804
420
1
2140369
20736
20
2267189706961
307470
306
3537929880
3378931446969
2029592601
4196895120056
399580110
1208900
3892729
45958998780
319051044
500282689
2498786370025
2
4160
462
53034806
14400
324933060841
234656442
3763515756
21904
5667982466256
5965806
0
5776
510320925056
4382742
5624137940202
12809241
58330944324
28085234982
420475530
576
1
169
37442
143641
361
21158320681
29584
22553281506
1
210
26519796801
2
3508926943369
1
73025570
702
45582
4
12656
32729841
27889
177358899600
4651014137641
342
12432
2341605383130
2
10506
4
16512
513543582
90
1907724489616
3131130
6093492
51076
242556
171439742
1020877848225
11130
17296458256
3068426614556
15452761
6128984035362
4696840622
529
65280
324
3083342843025
49
26768722932
1
2242506
2401
126405049
30340936782
72
81
419246100
2
2692881
4
1156
101761
40040010000
34680309302
0
1
4553752842
146660276406
0
5155096401
30625
21540845824
625226257656
182
4
90
323226462
9
48317095532
4890732
161202
1
18496
4564632
2
4
3176238622200
26244000000
30
25
2689600
187375032
731025
20736
44800802244
58530850692
26896
45369
342
5503716
34920957512
237668472
234962912
3433609
21025
0
62304403272
179661114360
25
6320
0
6025718250
27390
42
416506872
6084
4424712
0
4308609600
5818197464836
218714521
22834062
75160230
22350
10712
2512049068080
324
92447922756
1482
420
2
10302
3755844
440601090
60127208472
2500
123858948096
3816918291942
1086658260
244781670
2474635744506
4
6084
25355944460
30580566129
4
45156
0
180721062769
6170256
42
50625
6
361285056
4
600
264315775572
47692836
21396960729
40804
3411409
11772
2062096
3671056
484
419471361
772378201350
225
56
441
13688064016
240
506
1
4921092650
2
3710059600952
319790
0
541469630
3986012
0
197880489
37015056
30800
41396356
305288256
273356622
1672449005824
226607862
216943441
21316
61591078800
682023267409
6806
584624041
3675722942306
49619121762
260467321
12
994009
1
133056225
25
13402461361
48236019129
31329
178506
1484329207230
734762342
22952
4
2944581696
1587534480676
16384
126194747121
2
484
17164449
133088160156
7396
3132900
33124
596751612
7148871601
30625
7887672
35850156
0
1
363531422
671651548392
557575077390
6039306
5407975830530
4
3228966409556
321845174596
3036306
4030599169
241056676
55808392644
3802572225
4
156600196
3495030
357071380470
59811794660
18627856
244530
81
51984
0
218522306
121
3994002
1342718943806
6
1
4330255098402
4891533660
0
1
2043857662860
2712164328225
8190
2
1
45778756
45138242
60863402
44843568169
2300445625284
1167859536300
4763306
285626900
72
930
6547479972
241118784
12306796096
3063620102400
729
9266276382
6054060
4717584
90
34410
2289250702729
34099760
10052070
2
4
90
342
5129015561289
3861131044
2479050
184375662
4360092961
0
37001984881
12100
22052
68831912
5574321
16693027602
1722
3457740
6889
8643978729
335054720
37897966276
5144440914496
5563444461720
2373140
4
2862
1
142336830
410953984
1025156
324
0
121104
4
11772
2
272088989262
5911637880996
21462
4403635098256
36205146452
2416470
43472
169
55313865721
17057143609
340531662
24806
324
156633101361
16
10153782
1797652125990
295358596
380
14762
363626761
28955161
38025
25200400
6320
4
4346501184
361
66904220
1
343323841
144
26571771072
0
8583837201
29008996
5336100
574273296
382664104202
240
156
4
0
2994630
4
5996050883172
5005133193440
2
256
32400
44386273080
465124
57113352256
8649
6411204900
3083536
552
1360722
420
11265381182
5873352
4
230144070
1411344
0
7238436241
16135731702
3339180612306
2
400
2178576
0
2
322705296
4076361
7731245256
227421480
2
13689
5033292
64
1387684
225
132
3080
3942210
576168012
0
434639104
1647372
1348860412620
25
718256
2438282
14884
4609609
29637516180
1936
2
961
49
737874987012
30334666392
8638401249
2553604
1358286522480
17131321
773450771060
3854485140
4771854569306
503329234849
1824120360000
5942254530276
957057193849
52951762656
1074332
3882870
6930895504
35555627844
159173869156
4
3751969
3319684
3874564516
36
210681
255530
600
30277044009
48841
8742
2715904
79548561
292837656
49245306
6642
484
22678854025
1760741897970
41412
6
434451492
30625
81
2528100
1113025
34377980569
1
1679616
160244893636
4
1071264330361
1349082
0
1398306
4
505196835984
273488906
2383202656406
4435236
404653456
2
28900
49
400
37442
40085045156
360271251076
210
995006
5250972
10201
2
702
0
954395155692
3759721
361
28392
1377253635660
9025
30450
12
316252872
576
156
30911441672
169
2237067636489
121801
342
5212089
1
100
110113542
0
2218610
529
465545352
395512656
5062909508281
2639949043264
21756
462
5499836399929
62166446224
576
4133654193321
394384
1328902881180
25440
49292880400
6468019776
12769
4
4692
6889
441
2765569
2
977132
0
2
4194357248169
395353572
36864
10302
3796652
26732
22306617316
484
121
3540
0
1560
1
8520213025
64
6958229056
0
403949702
553096324
4763007252192
30
0
301786384
4
650
4057005668401
35532
5742136271900
5719272
2250000
40621999401
81
412171704036
180022852681
1605622238292
51984
49
576
1487180
268075129
117440569
5875776
441
1418481
23019868729
54326985642
4
290958306
462
48400
61256
2
21025
361304064
905352
0
1647372
1
4
23571025
18769
289
4
306
486886290
30663906
6642
683665609
1
182
2
2210435969762
5041
1
32400
73796690
3659569
72522256
22952
268042384
36
5700
49
1161006
2382392
18090
169
272
4
5549336624209
32680504506
156
5662370041902
1
420
36859008169
279324369
54756
596360820
18640031312
252222042
4
266946582
1
267289
342416520
54756
36517849
29692286910
255632132
3364920634384
53130
10491597612
3721041
8721318544
309460872
196
112975641
14400
1
3157990416
837957756
28224
793406168022
5329
342
4
0
42
88934330
1
40602
1246443025
45909490225
48620
77314861080
127814330
23892544
650
6724
225
248550990
0
2756
67749361
2
138045687025
68898300
8930
3249
90
46300280625
59292
2352
1290029146230
1282290126306
232516752
4
81
100
0
62878571536
12100
506
16731163801
41820
506
484
151321
977954855056
12125203110
36
9921853272
3333465305284
20734362
4053997010116
217156
4988522
552
156
1945812965776
4
39765636
623226260
293813881
54015150
11881
289
436260
0
19044
6007401
6
422898660
426112806
110659880
11803736025
24800400
48400
35532
3844
4648648761
236882881
182
5028391396056
6
16
502681
0
1354896
72
813604
361
4441755962
280177382
39006
497562355161
1738961777809
169744
1600
272
388582656
156
1545049
1
3422
6661561
2
36
6222530
56
522945424
2704
289
66438801
58011072
0
16
4815830
1
499321717129
38416
2
545729400225
4
2635752
490091044
2
36
9
4370296866150
4400005469161
7699887001
37249
0
5086269836176
2
1559611336336
293676769
19352704996
0
132
45479827600
15596138340
1
1491088873302
144
56
26406
5030355625
512184792
7198489
57537137161
361
0
77818862
3566179806
34040
600
900
261307225
1
21904
38863588182
5837345923600
604987812
5936079069649
4846602
56400100
0
0
849999178116
268508439684
5784025
56
0
225
3197686063056
260100
1
2750708492676
1373584
32580
341233256
382542
37174924864
156
131044
9702
1482
2
2212510477401
36
4
363378906
123520996
1
576
246364416
111756612
153264400
235361622
15560067600
31152
45582
2199289
149866564
5189284
4
36290
1115136
1358024307649
72403081
0
1746696605502
453602
4831896394806
38025
6241
2
205391892
1360045764100
1
6165289
5557806
1
56
191255070
101294160
39402
279841
9
240
1
0
1764
61470524556
0
2427364
58011072
289
241540795024
3073009
0
1
54756
3481
690935831850
1265625
554908692
2
2
35532
888968008201
9
2624400
2
100
279841
0
1699112
2059269485240
10227276900
262245636
2469612
7174005300
4
4674101309089
542098089
272
13924
1920060942
2
3499192995769
0
1084351970
981090
139502
174636225
2219979311640
371806038081
576
24786723844
527781702
9
197829248400
576
2129190221450
0
1
5625
4482235550
90
64
0
583198350
205908150
26035506
462
25
1798207245756
302829604
1809538826481
3630459606752
24547070
8227034209
4519876
2
100470552
6068916009289
81
2614021256
4886310
24964
54029850
0
59348511840
164711556
21766428690
83670190564
529368064
1651225
1
380
3380030772196
14280
3543806
4
2978921820
1
15750
3207681
48620
230435521369
429680
3213056
2
3091972318400
3381921
1080962884
0
100
407272761
2221500820900
72
2452356
1
255376380
1378276
32480870400
1347694614506
1
1
225
3417468000960
240
1954404
21462
702
191844
1521522
2925793145025
0
1482
2
2
1225
0
0
5189630261776
4692
506
369056
156
3775249
5403188674576
280657842212
5564881
454329225
2
12
4369763798404
41959425600
23104
242798724
39006
2476356169
4598880
6239254622500
9653449
100185543441
70048530
5603571925782
6246657946892
1
441
4490161
20
302289386672
3541924
800130
4033060029504
144
1
19303628906
5076736745082
1158852
257795136
15314557504
10254904022
35170830
279123849
289
0
4
56761871256
689520149502
338278916306
0
886014756
838623681
52497270
144
0
182
0
314743081
9
0
81
41820
18225
15129
20
90
900000000
0
608400
36
6972
210
5242188024306
1347823477764
600
380
225
219492
1
313254601
6040864729
42
0
9702
22650
222312
53559613470
1
225
2940710522500
22404850806
0
