33172914
969001528
763558838
264421526
408857237
138817814
945568635
679200755
136796419
431775807
403600246
592139643
998347316
775182218
806076022
275325338
186504349
459109290
586196054
465998479
743346655
956463920
966983531
863722125
55560866
375873458
439742780
315389316
117263467
440998506
531892981
911973175
368768052
808296506
182228648
359621874
233396409
249709483
628904483
739769030
558447399
150083872
539262880
576043888
404562125
723117300
294016284