1196
-1
-1
-1
4
1884
2706
5122
6901
754
-1
-1
644
-1
3776
5228
-1
-1
6183
8452
3084
446
9869
-1
5933
-1
-1
9745
9134
1896
-1
-1
2
5228
4265
8241
-1
758
-1
91
5755
1080
8191
36
296
2285
9848
2
-1
-1
9834
5348
2825
2075
-1
1
44
8683
44
-1
6216
4714
-1
-1
884
-1
6473
9292
8154
2702
756
6
6183
816
-1
4061
5121
3313
-1
368
-1
69
6124
4534
5
6833
-1
5382
-1
5740
7804
-1
4009
-1
5582
-1
3410
7401
7
-1
6961
-1
2427
620
-1
9144
-1
85
4712
-1
-1
46
-1
4077
8781
56
1556
3757
7231
6075
9659
7394
-1
966
260
-1
3596
3359
8004
-1
3011
9620
-1
9005
4123
797
6426
5572
61
9003
-1
3858
8330
922
-1
-1
7841
51
3561
8214
8580
2986
120
-1
-1
3436
208
9627
3795
344
7455
-1
711
9912
6247
1628
9905
8720
7028
8987
3556
-1
315
-1
-1
7755
2309
195
-1
9604
8861
8599
80
-1
-1
1502
-1
6019
9509
342
7823
8825
62
4585
1
-1
-1
-1
-1
-1
-1
173
-1
-1
2484
-1
3
9859
-1
6537
87
5857
1023
-1
25
4
2860
-1
-1
746
7512
-1
-1
8887
2339
4019
3957
-1
7500
5659
5643
9233
9526
4
-1
8434
5552
268
-1
9234
-1
1468
9724
-1
-1
-1
2380
5129
8807
-1
-1
5800
7
-1
-1
-1
2023
-1
9259
1572
435
83
-1
-1
8182
7504
6942
1
-1
-1
2061
3806
8450
5594
-1
2395
86
6176
8991
-1
675
6655
66
9522
7744
8721
979
6454
2438
-1
93
-1
-1
-1
3608
3144
845
111
5596
185
-1
-1
6258
1064
-1
8015
-1
345
9208
729
509
1066
3322
97
55
698
1201
2
895
-1
5116
2310
-1
-1
6909
-1
9471
8143
7
4914
7686
-1
2401
-1
47
27
-1
1113
2851
7120
-1
704
5
9981
-1
4582
-1
702
5440
6
-1
9528
771
-1
2670
4926
754
-1
5610
2
6560
4151
9249
4886
-1
-1
6771
-1
-1
319
-1
-1
1607
-1
-1
3057
3286
1091
2495
-1
5461
872
27
2070
-1
673
681
-1
74
-1
-1
5659
3473
3853
2004
5
-1
-1
1220
8136
276
675
-1
83
9152
2345
-1
1665
2
-1
16
6526
8251
-1
-1
3240
5215
-1
1162
-1
-1
4288
-1
4140
6294
7022
19
221
-1
3845
-1
6082
-1
-1
89
8467
10
-1
-1
-1
6880
3488
-1
7308
9537
7270
418
1010
96
-1
8701
2757
7235
3641
-1
8480
529
-1
1980
8568
-1
2172
-1
7123
9712
6426
-1
5
1867
6419
33
-1
7
7688
7985
2300
-1
85
4870
-1
1113
2168
5
8
-1
-1
-1
75
-1
31
7999
1363
-1
6091
-1
6777
7482
604
-1
3025
6100
1859
7903
4180
4184
2297
1661
826
-1
-1
4907
8013
-1
4955
-1
8426
1912
-1
-1
329
213
87
-1
3341
2
50
7143
3521
9134
3109
546
8
-1
26
1056
-1
4246
8
2805
256
433
23
26
-1
-1
-1
-1
-1
-1
2902
40
5601
-1
-1
7584
2449
8001
9001
3766
7
1834
6569
4
-1
7090
2192
-1
5746
4
4760
7865
8560
-1
-1
9190
816
6429
-1
-1
9442
9407
425
9137
573
-1
7478
-1
7237
9563
9622
91
2
23
4963
3111
-1
-1
8522
7404
-1
5084
4597
765
503
355
-1
86
4492
4449
-1
224
4
29
5085
9065
4675
166
65
-1
-1
4914
809
-1
9009
-1
9404
-1
-1
4742
-1
-1
2833
-1
1812
948
6960
5875
-1
4780
5012
9792
6988
-1
-1
-1
758
533
536
5
9284
-1
-1
-1
3636
-1
6547
-1
-1
8679
4774
2
5844
2288
126
1988
4468
-1
4
199
8462
6964
1266
6413
117
4
-1
2382
340
-1
9303
1411
1574
744
9607
95
5058
-1
7041
4188
592
36
-1
1913
5073
202
3
2938
-1
1378
6603
-1
-1
5
7613
2062
9293
9948
-1
6868
-1
750
-1
2000
6314
4799
-1
-1
2372
0
4529
-1
6386
58
23
104
-1
8672
-1
-1
4206
-1
3
7
1804
4353
7559
2
282
58
1348
5537
7556
5309
2744
4
0
-1
2364
9743
51
9264
6470
-1
6241
9369
701
491
-1
847
-1
-1
9237
498
15
-1
41
1624
-1
601
5309
17
-1
7838
9157
-1
6747
-1
9822
-1
8181
-1
7052
7
-1
5
5665
1
3678
-1
7314
8939
4485
-1
-1
2906
9565
8918
129
7518
2911
9268
2292
8398
3495
5346
7957
-1
3897
9817
2129
87
5820
-1
-1
2587
1945
-1
6582
-1
47
6442
35
54
-1
317
8423
1631
2707
-1
6064
5186
9919
4203
-1
405
4116
-1
9784
6800
6664
4
50
-1
35
-1
-1
9198
-1
-1
4634
47
5
-1
923
-1
5417
677
7630
6324
563
8290
638
7145
-1
15
5
9539
4425
4494
-1
-1
9041
9237
0
333
1805
-1
27
8787
8717
2
9541
74
6937
-1
3309
4083
5
3085
2223
-1
4331
-1
-1
-1
-1
-1
233
-1
-1
6329
8545
4313
556
-1
5159
71
9059
7839
1094
1635
1352
9163
295
9319
1041
9175
151
3077
645
4707
7946
6359
1164
472
4303
-1
-1
262
10
585
4165
84
4
5262
-1
6540
-1
6657
5628
762
1860
771
-1
5060
524
6881
1996
9599
-1
8646
1292
8089
6577
-1
-1
7
1
16
372
-1
-1
-1
6055
7270
9
9
4743
1
8
7
-1
1793
-1
6728
-1
6584
-1
-1
1842
-1
8694
6593
2534
1951
-1
690
4443
209
-1
4057
4444
3608
6761
-1
-1
-1
4996
9217
511
29
6242
3093
-1
-1
7799
2268
-1
-1
5264
6721
-1
468
-1
5133
-1
5440
-1
7838
-1
-1
2693
9223
7976
1418
8970
-1
7336
-1
-1
14
9105
-1
-1
97
-1
2095
-1
8836
-1
-1
-1
2333
9815
76
9041
-1
-1
-1
-1
11
-1
9335
249
3
9143
674
9085
31
3546
744
-1
9461
7540
-1
-1
594
6237
3229
1790
-1
8390
-1
-1
-1
5928
64
6729
2089
-1
3817
6447
8
9859
5288
1454
690
9975
5454
-1
4690
-1
-1
42
-1
-1
791
7
63
7749
-1
-1
7091
655
8392
2932
2847
-1
-1
-1
5633
-1
5
813
6562
4
7230
-1
127
2789
-1
8658
-1
-1
-1
0
-1
9580
-1
3733
5631
8373
6
-1
8780
682
-1
9193
118
6632
-1
5
8164
8715
7138
1634
-1
-1
3313
-1
2796
-1
1366
-1
556
-1
3618
3
8921
8441
2
4
29
6383
3232
5448
-1
-1
-1
7564
6
3152
134
27
-1
78
5690
6759
4149
5441
381
7404
-1
2244
4312
904
3189
-1
-1
8461
65
6623
18
7078
-1
6850
2633
840
8006
8103
4123
8545
9416
-1
-1
5197
-1
7526
1
-1
7189
7936
8879
14
760
6107
-1
8
-1
7258
496
-1
4458
-1
6835
-1
5
-1
-1
3532
4588
-1
5751
1248
462
-1
6419
-1
68
3170
6733
-1
9304
-1
244
-1
333
70
-1
3343
-1
93
-1
7559
54
5120
4306
7622
7395
1313
3563
12
5623
1594
622
1803
7896
-1
3765
978
7562
8705
710
24
-1
2404
3001
1635
-1
-1
-1
-1
9658
2445
-1
6543
84
8985
6192
3231
1153
7972
-1
7241
5351
6208
6
2
5538
9433
-1
6991
-1
6
2120
4202
2334
219
12
-1
6945
126
2152
2099
7645
855
-1
-1
-1
8735
8782
-1
-1
9581
1275
-1
-1
3650
-1
694
2670
-1
-1
-1
-1
-1
9100
3829
7
288
-1
5537
-1
4108
6797
5241
322
603
-1
6280
-1
-1
671
2711
-1
-1
9461
594
9088
-1
9169
-1
-1
3776
-1
-1
2097
6518
-1
-1
-1
4995
-1
-1
2690
4351
5
9449
106
-1
531
-1
5253
6932
-1
-1
-1
751
30
-1
-1
4688
7285
1034
1055
9754
4767
6
67
-1
-1
9184
-1
6679
822
-1
3839
3288
6990
-1
8004
-1
65
9942
-1
-1
8393
1386
6832
-1
-1
-1
1
7696
-1
-1
-1
7000
-1
-1
-1
8258
9417
67
3666
-1
1949
-1
-1
74
-1
185
-1
0
7876
2559
0
3191
6339
758
1667
71
0
267
-1
5865
577
2305
904
-1
4785
2548
-1
1960
8048
-1
4440
5537
4979
2
-1
3299
36
7194
7467
43
5948
-1
-1
7690
-1
-1
206
-1
971
6350
3291
-1
-1
2946
49
-1
1842
-1
1057
9637
-1
914
3729
-1
3003
2323
-1
361
3208
6
604
-1
-1
-1
-1
1747
4
5913
-1
1
2433
6
-1
554
3513
485
8815
-1
0
-1
6376
5781
2176
-1
6036
4391
795
4251
-1
-1
402
5918
-1
71
5977
91
2573
6886
40
8231
7188
9883
2
1876
-1
3837
-1
749
-1
7
9785
3880
4452
62
-1
5670
-1
1178
9731
-1
-1
1743
-1
2
-1
9650
1926
8
6410
5
6843
928
-1
9388
-1
27
3577
9981
-1
6589
9935
9991
-1
3295
459
8
-1
8307
837
20
7175
3
6663
4906
-1
0
9517
-1
-1
29
4974
193
93
1339
7212
6215
2746
71
-1
1424
5634
613
9222
1491
138
-1
-1
1547
750
1036
-1
106
8077
223
677
5251
149
8994
1545
-1
-1
-1
-1
5638
2625
5230
3745
4877
8189
233
-1
-1
7534
3354
3272
65
-1
-1
4597
-1
53
6513
-1
7813
4396
-1
39
6536
8
6402
9019
-1
-1
9165
-1
9676
359
1398
2
3779
-1
-1
-1
-1
-1
95
192
-1
-1
-1
2417
-1
-1
6840
9890
-1
-1
-1
707
6125
4400
8088
4811
-1
-1
6490
-1
5580
7374
3254
5833
5295
5879
-1
15
4340
0
6528
-1
3782
1804
2825
-1
-1
-1
1615
-1
4678
2932
2
7773
0
-1
8958
9152
270
-1
9723
7619
1650
-1
8279
2386
812
1
1
-1
213
4811
-1
9522
-1
7184
6013
-1
5066
347
4181
524
14
4706
-1
5330
7067
25
-1
2
3286
5
8243
9941
-1
3119
-1
7016
-1
1656
3445
9546
-1
-1
-1
7
1527
800
688
4948
860
3638
426
981
163
2476
1834
6256
-1
-1
84
6734
-1
4021
-1
297
-1
3183
32
-1
4695
-1
-1
5497
1433
-1
-1
-1
2361
-1
-1
1570
499
-1
-1
3012
4754
7177
-1
-1
6673
-1
-1
-1
97
8905
5274
-1
191
7738
6989
7826
-1
-1
8248
9954
1269
440
6836
3654
6135
546
13
4423
400
-1
56
-1
8541
7898
-1
-1
3
62
-1
5402
-1
-1
-1
-1
2017
1759
3942
-1
0
1150
-1
-1
1389
3405
-1
6899
6174
846
-1
5555
9637
1592
335
8526
2037
-1
-1
-1
-1
-1
198
5745
2146
288
388
5702
9882
-1
-1
-1
2798
154
805
9059
6912
-1
-1
473
-1
8128
337
17
4398
8584
1072
6025
5398
-1
-1
335
3814
-1
9158
180
3760
2209
4
-1
7906
5891
-1
8467
1424
-1
7708
808
9527
2055
7553
4846
-1
7869
5126
6616
-1
5028
-1
-1
9494
5215
-1
353
9877
2
7
-1
5495
3077
-1
5655
2980
1148
765
5237
-1
8920
1
9542
4703
-1
-1
44
958
5833
-1
-1
9692
8
709
-1
-1
22
-1
96
672
4949
282
8512
2971
-1
-1
8515
728
8059
8193
-1
6973
1407
5209
-1
-1
-1
-1
-1
-1
2280
20
4333
653
7469
3897
7
-1
46
4978
3747
1075
5474
-1
-1
-1
8316
58
98
7506
1387
8861
3701
5794
3
-1
4
935
4455
8417
-1
59
316
-1
8770
93
8390
4
-1
-1
-1
-1
5117
5217
4495
2272
-1
1414
823
9203
-1
2712
-1
6906
9396
-1
-1
4735
3
9482
9504
-1
99
7029
2303
-1
1866
-1
-1
6763
7644
-1
8018
74
-1
4403
7792
100
2942
715
8899
-1
333
5
414
4242
-1
6
-1
83
69
7200
279
-1
6468
3133
3
-1
5901
-1
2234
3767
9057
9115
15
-1
4901
-1
-1
-1
1594
1624
1505
-1
9106
-1
1248
52
-1
820
5277
-1
-1
-1
81
1
50
9096
-1
-1
-1
-1
490
-1
6157
814
1
6611
-1
61
620
177
9680
-1
3531
2640
7961
3953
8
-1
-1
-1
-1
9424
7863
-1
5497
8083
-1
7795
32
-1
233
5
2558
-1
-1
-1
813
-1
38
-1
-1
-1
2399
-1
6656
-1
7434
-1
42
4
8380
1639
574
6129
5073
2884
5253
-1
6466
3838
-1
-1
248
-1
5364
6592
-1
655
-1
550
9904
0
5946
4407
-1
114
-1
2936
-1
2605
7656
1465
-1
185
9460
53
-1
-1
5113
9
-1
3081
2535
5613
23
74
-1
111
8827
-1
-1
-1
-1
-1
1
-1
569
266
-1
-1
-1
9178
1876
2033
-1
8364
6823
23
-1
-1
4434
1046
1011
1
-1
-1
1400
-1
6922
-1
-1
693
51
-1
-1
1919
-1
5058
6788
3182
883
79
7611
-1
7035
2136
9957
5253
-1
5147
6
-1
6727
6318
-1
843
-1
-1
8286
3667
8688
9247
15
567
6292
3620
243
-1
8428
-1
-1
3
39
3045
-1
-1
9788
4544
-1
-1
-1
382
-1
-1
6693
-1
8648
-1
5950
1
12
2231
-1
8
510
6918
-1
978
9032
9060
479
-1
6662
4676
-1
7164
-1
8843
1961
6421
404
-1
-1
2507
1798
73
494
-1
3
852
68
4476
3774
-1
58
4645
5600
5324
8170
6699
5713
968
8801
-1
6234
7766
3786
-1
-1
305
-1
2459
84
4037
5133
-1
6175
1806
-1
-1
2682
3737
2
-1
671
-1
4082
436
15
-1
-1
7264
3731
4798
8581
3392
9250
6882
-1
64
9861
7705
2423
-1
95
3060
1122
-1
8875
7388
3984
101
-1
9720
3049
8439
3254
7116
2115
-1
-1
-1
4851
-1
0
5165
-1
-1
3863
5878
192
822
-1
9630
-1
1398
37
3945
-1
16
-1
22
231
-1
4805
3
636
-1
7
433
1053
9833
5020
1
2465
7122
-1
-1
-1
42
-1
801
-1
8575
5715
-1
-1
5686
1040
7
9050
1907
449
8444
284
7675
-1
7401
4589
-1
-1
7227
-1
559
5756
6996
-1
4913
357
-1
9057
9857
7
9563
6221
8951
7743
9820
9835
1488
9795
7817
5
-1
-1
3975
-1
568
-1
77
-1
-1
3391
1815
-1
4132
-1
3057
9453
4281
21
5155
1115
-1
2088
4562
2479
-1
7229
9629
-1
3792
7793
7133
5140
4736
5041
75
4640
534
5740
7062
-1
7198
-1
7047
2953
-1
-1
-1
112
-1
5002
-1
1262
-1
1081
22
-1
-1
-1
-1
6705
5900
5774
189
7
557
950
5724
-1
33
4
5671
7325
42
9064
294
-1
402
6451
7995
764
16
42
-1
417
-1
2472
5589
-1
-1
718
9883
-1
-1
80
2128
6086
6360
288
3209
-1
-1
873
-1
-1
3287
-1
611
4971
2615
18
-1
4494
3360
985
2
1918
4668
-1
6315
-1
2594
1727
5220
16
-1
-1
8314
-1
597
4999
-1
-1
3682
-1
-1
2928
6119
2301
-1
615
-1
-1
1356
-1
5581
4793
-1
3537
-1
2365
-1
5605
-1
5485
-1
-1
-1
-1
7
8962
-1
3525
8
6
9195
-1
8177
-1
806
9636
3996
6976
1664
1128
3279
5315
-1
2554
-1
1298
7794
1
1197
1477
-1
9459
-1
7153
1621
3
5500
-1
9904
233
1093
-1
196
4044
-1
8490
2754
-1
207
-1
-1
4357
-1
8417
847
475
-1
5230
-1
4742
-1
-1
9040
3426
305
5748
30
8707
-1
820
6863
7776
8038
9717
3528
707
99
88
48
198
3616
600
805
-1
-1
2344
-1
-1
578
7136
-1
7606
9824
1703
8127
7056
3122
-1
-1
5227
2096
-1
-1
-1
452
7064
-1
-1
91
-1
-1
6196
-1
4701
-1
5469
6750
9438
6354
-1
6690
5505
5365
-1
-1
-1
-1
2429
-1
8195
-1
966
5733
5531
400
413
5558
60
3648
-1
6484
-1
6160
-1
8538
2748
-1
5732
871
3
3588
5633
7795
98
-1
8
476
-1
7101
3816
-1
6110
5071
146
9540
399
-1
4305
5897
69
1521
1
7314
7218
-1
1226
-1
797
-1
-1
4634
3043
6613
-1
7891
3074
1654
-1
-1
927
-1
-1
8826
-1
5145
1281
1656
-1
639
6963
1564
-1
-1
-1
2709
9135
3675
2566
4581
25
-1
-1
4157
-1
5942
140
-1
8
-1
5452
-1
-1
-1
4586
-1
6878
5715
-1
1450
49
55
729
2519
-1
280
5311
-1
35
-1
91
4229
-1
-1
2459
4
9115
3196
1364
-1
-1
-1
-1
3707
6726
6688
6888
4766
9395
-1
6
3761
-1
-1
4409
5404
8455
1785
6463
-1
-1
6829
-1
3
7707
-1
9475
-1
-1
45
49
3940
7065
5007
9096
-1
196
-1
12
344
9796
-1
-1
5926
-1
4594
-1
9903
-1
6622
9228
-1
605
-1
6695
-1
-1
7664
-1
4153
1921
-1
3864
3244
-1
-1
-1
8537
1769
6499
2012
947
1
2550
75
-1
3703
112
3665
8772
566
395
-1
2931
4
7615
-1
7394
7685
-1
-1
2226
-1
797
9589
-1
-1
175
-1
-1
1325
2700
4736
6486
12
468
390
1613
-1
-1
-1
-1
-1
-1
3770
4350
-1
458
13
16
-1
489
4956
39
-1
5760
8741
-1
438
8916
-1
3181
885
2876
775
390
9349
922
6149
1638
-1
-1
-1
6333
-1
30
-1
93
8217
-1
42
9307
1420
2052
1478
-1
-1
5467
83
4
-1
4322
6950
18
1295
3590
503
2582
4130
8080
0
1325
9541
549
-1
-1
57
587
1316
2419
6220
40
8
1734
6508
-1
1138
2763
5
-1
9793
47
4178
6968
398
8341
4
35
-1
2380
9
5
-1
-1
7688
1598
9581
1007
2362
7783
4056
7570
2799
553
1700
9799
-1
789
1578
4454
0
3336
-1
5116
457
1782
-1
-1
-1
63
8680
9554
-1
326
9296
5650
-1
7882
12
7413
82
9735
8743
2893
6
-1
5913
2303
9237
-1
265
-1
-1
5302
-1
2161
-1
7594
-1
-1
-1
1
-1
7316
4552
5797
4842
5011
3051
3598
-1
7640
2268
5106
-1
-1
-1
-1
8488
-1
97
8299
12
-1
-1
7786
2315
9230
-1
-1
-1
5
4696
-1
41
1879
4614
2413
6764
2017
-1
7631
42
5728
3702
-1
-1
6993
0
1
1477
-1
1437
3469
-1
653
848
5118
9644
1648
9453
9972
7166
9913
7149
2265
36
7
4514
90
21
4945
5158
-1
6042
-1
2889
3868
4508
9619
3089
-1
9077
7371
1
9647
-1
-1
130
2846
3432
91
5408
7
-1
8241
332
4477
-1
-1
-1
4443
-1
24
5434
2527
6429
5
7125
-1
-1
-1
-1
9309
4
2567
-1
-1
-1
977
1563
-1
112
32
3319
3430
15
-1
7209
6323
-1
199
596
-1
8330
9588
-1
-1
6795
7234
8956
1937
-1
-1
916
6804
2150
991
7
5643
-1
286
-1
1413
-1
7891
-1
-1
-1
2975
7268
5561
648
-1
4076
2
4273
2737
8220
-1
-1
3712
1660
8625
9800
-1
589
-1
72
1951
8390
-1
4
908
6611
-1
-1
-1
-1
-1
-1
8685
4956
3002
-1
-1
-1
-1
-1
3
-1
-1
-1
5869
-1
5236
2809
8541
101
9452
3111
702
-1
-1
2392
283
-1
7566
-1
3087
1035
-1
6005
-1
7812
-1
-1
-1
-1
-1
-1
-1
-1
35
-1
-1
4
720
2619
7643
-1
-1
-1
226
-1
1
-1
7941
-1
557
6234
-1
5326
-1
-1
-1
-1
336
-1
-1
2095
-1
6229
1364
1566
4
1423
398
-1
3
-1
-1
-1
5301
-1
8668
-1
6172
6115
-1
-1
444
3677
-1
3585
5804
1358
-1
-1
680
6277
4382
233
-1
9450
7211
1186
6497
1105
-1
-1
6973
1917
0
-1
750
5785
-1
80
118
-1
1408
-1
-1
-1
214
2209
4633
1
6679
2
-1
1275
-1
3704
-1
3902
1449
-1
-1
2187
-1
7081
4496
-1
7652
2174
4354
-1
1
9097
3836
2932
5496
7
8833
929
1482
8459
4535
6078
-1
8512
4397
7
356
62
2923
7248
-1
794
-1
5793
53
6461
-1
-1
385
2687
-1
5614
39
41
8671
407
-1
7067
36
-1
6821
672
4
4484
4953
804
-1
28
9720
2235
5102
599
-1
297
3
-1
26
3774
4962
4104
-1
80
2491
9382
1537
7
2066
-1
909
8259
1204
3501
-1
-1
-1
3519
-1
8972
7393
311
5069
-1
8728
-1
7
0
9240
6682
38
179
-1
6205
43
1598
0
-1
1544
5919
7
597
-1
4168
802
-1
5373
895
2477
-1
5984
6502
9290
6500
5939
-1
8475
-1
7295
1573
8208
7218
-1
-1
9335
-1
721
5989
2
6470
728
-1
4635
3494
-1
-1
9660
-1
5287
-1
5
169
-1
6027
1070
3684
3529
7842
-1
1240
-1
-1
11
-1
5
573
-1
-1
1576
2219
-1
-1
1688
-1
-1
8650
105
343
-1
2880
6346
630
1020
0
9642
4152
8368
5387
5389
-1
74
169
9604
9805
3
624
-1
-1
6617
4527
714
-1
2149
-1
-1
909
5010
1957
1420
6039
1911
3028
371
-1
-1
8538
6111
3619
-1
-1
2583
745
45
9130
3
7545
-1
3077
90
-1
2601
474
-1
3771
-1
1312
4324
8597
-1
1
2167
1555
3168
7943
6436
7073
-1
5939
37
5046
835
-1
406
400
8278
4388
35
8834
-1
-1
-1
434
45
4300
-1
803
6450
5540
-1
8856
2629
-1
0
7964
-1
1996
-1
6131
7194
3
-1
6904
2643
5793
-1
1516
5857
8001
6202
-1
3
3929
-1
8
6352
6487
9869
6
-1
407
49
3942
-1
6692
5094
3180
6
-1
-1
1
4046
8929
8
7
-1
-1
3570
6450
-1
-1
-1
9447
-1
4342
3585
6563
-1
6199
-1
9319
6870
-1
-1
4532
7726
-1
-1
-1
5985
-1
447
-1
2321
8685
-1
4236
56
4
9328
-1
-1
1266
5139
963
-1
5
-1
4339
-1
1432
4554
-1
6999
464
7458
227
-1
34
3054
3807
1945
62
1797
756
1040
1734
-1
5513
-1
-1
4758
5216
35
7010
2783
-1
8031
4286
-1
4
9653
9475
585
5007
-1
277
8380
-1
-1
9450
9309
7150
5605
-1
5524
-1
5978
9018
-1
9815
2137
6799
5
0
6001
-1
-1
250
1106
6657
5517
-1
-1
4237
2351
3642
3336
730
8293
496
8882
-1
1104
-1
8110
6668
9011
74
7190
4555
-1
5852
-1
3732
8385
7085
52
660
2079
235
1128
-1
-1
2518
1754
-1
1231
-1
-1
3445
5537
80
-1
8038
4
-1
1507
8580
94
7742
2425
5490
31
4101
-1
6650
-1
4
2921
-1
9109
-1
91
9345
2361
2268
4650
8995
-1
8549
237
-1
7674
-1
2763
51
-1
-1
-1
6030
641
9378
-1
-1
1
281
957
-1
-1
-1
991
3749
8115
13
2428
-1
85
-1
359
7700
1257
4098
9964
-1
4820
-1
-1
7411
-1
-1
895
2424
-1
2485
6929
-1
492
36
4509
-1
462
2281
7506
9910
5500
6821
2266
9573
-1
295
1465
6881
-1
505
6235
3555
8077
1563
397
-1
10
6479
53
-1
8645
44
-1
1883
-1
1638
-1
-1
448
5751
-1
6410
-1
-1
6817
-1
8939
9791
8282
-1
3510
-1
9657
-1
-1
9810
5292
-1
-1
2100
1400
-1
3405
7107
6065
2391
5495
8980
-1
34
3755
7031
-1
4073
7970
-1
-1
4849
40
1171
848
6772
-1
3
1
6404
8
51
3019
8686
2413
8593
1056
2919
6
-1
3
7894
16
8308
1734
7304
-1
4711
18
9
2343
735
-1
5704
-1
4248
2385
312
7451
-1
23
-1
853
1957
3550
8193
355
1436
-1
4678
9455
-1
5926
4
2547
-1
7805
3967
15
4404
231
722
6403
-1
-1
7182
1
-1
-1
3867
3804
2940
47
-1
93
-1
-1
58
675
-1
1594
2571
-1
-1
-1
-1
1960
-1
-1
538
-1
480
-1
2113
-1
-1
4806
435
-1
164
8565
3526
-1
-1
-1
401
2887
699
-1
-1
1210
-1
9252
-1
1379
1498
-1
1008
-1
-1
1679
619
-1
5296
-1
4083
-1
-1
-1
3075
-1
-1
4
-1
1252
-1
5896
9404
2556
377
83
-1
4596
2947
418
7616
9773
2891
-1
9569
9680
494
42
3548
-1
-1
-1
7486
1638
-1
7645
-1
-1
8175
1
90
4845
-1
5937
-1
-1
7100
4872
4678
-1
7854
-1
-1
8640
-1
1638
-1
8773
7820
-1
5756
-1
-1
5607
46
1530
64
200
-1
8817
-1
-1
6237
-1
67
3805
5956
9598
4740
-1
314
2936
-1
-1
9257
281
1468
-1
-1
-1
-1
25
-1
633
8
6752
-1
-1
-1
54
2746
451
5548
2197
9499
-1
8571
-1
-1
-1
2389
84
-1
2961
8
-1
1
-1
-1
7
4198
-1
-1
4240
806
3006
27
336
4759
12
9048
1435
63
7804
-1
688
-1
-1
6860
1783
8835
9971
-1
6706
2732
-1
3797
-1
4
-1
-1
-1
4236
-1
88
-1
-1
1610
488
781
140
-1
8224
395
-1
-1
5969
-1
1507
3315
-1
93
3413
3568
-1
-1
4147
-1
9716
2733
3872
1140
465
5842
44
13
-1
5
3133
-1
-1
-1
5271
0
8792
5431
6117
8266
2047
-1
2657
4973
5078
500
5009
-1
-1
9432
-1
8991
589
-1
697
269
5399
-1
81
2534
9152
8640
7476
-1
-1
-1
5142
-1
-1
359
70
20
69
7856
-1
-1
7157
7852
683
-1
7624
6332
-1
2498
-1
3854
8362
9336
4532
-1
8197
6830
2528
-1
1557
1121
9614
4151
2807
3152
-1
-1
7247
3408
-1
-1
735
8517
-1
5
9778
84
9606
-1
-1
4309
2058
-1
-1
-1
31
4828
9606
5973
-1
3323
10
6
5
5256
-1
-1
-1
-1
5227
4396
-1
3668
6756
-1
-1
6494
-1
-1
0
-1
3136
-1
2031
774
9635
8288
6964
3665
-1
-1
7982
-1
-1
3167
57
311
9525
8705
715
4
6
-1
5708
-1
56
326
9364
2902
-1
8820
5420
-1
4633
-1
8282
2029
2155
1280
348
8
3298
-1
9921
9379
-1
-1
-1
-1
9501
-1
720
97
2859
7739
9294
-1
-1
22
7113
-1
-1
1856
8
-1
6018
59
9058
924
723
1273
-1
-1
4042
-1
1096
3136
1911
-1
-1
6454
161
-1
-1
2145
-1
5582
-1
-1
8910
7286
-1
5219
-1
2560
30
5873
5976
8279
5294
856
417
2
1649
8980
-1
-1
-1
6
594
3513
1919
7522
9953
237
7988
681
6315
365
-1
286
6519
7860
3369
-1
3458
-1
-1
8119
4964
1813
-1
1525
-1
2926
-1
2424
-1
-1
-1
9972
186
8901
-1
-1
7601
-1
6247
-1
-1
-1
-1
7142
217
1802
-1
6058
8193
-1
8051
9161
5281
-1
82
-1
7306
1
5219
-1
1250
2477
-1
-1
5936
-1
25
-1
4717
511
99
-1
4093
-1
72
-1
517
-1
-1
7758
7868
-1
3262
86
-1
4536
-1
5269
3429
-1
5236
6240
-1
4767
5558
4802
9241
4256
-1
-1
7446
-1
4026
2577
-1
-1
-1
416
-1
4
2497
7336
2569
-1
-1
2195
-1
9116
77
-1
119
4798
8207
7439
5085
-1
7172
1060
7943
6503
8464
-1
4824
-1
6149
-1
-1
5178
2242
-1
8177
-1
4707
617
3309
-1
9762
4201
-1
-1
-1
9207
78
0
3588
1799
-1
92
7508
-1
9056
6651
-1
1044
791
2902
3173
48
2081
9374
4939
2346
-1
-1
360
-1
3597
6100
5393
3
3498
6664
6334
5900
9106
4289
2472
2469
7687
44
6
-1
4952
-1
772
1
-1
-1
-1
249
-1
-1
4600
-1
8734
5658
7069
8300
4413
-1
1589
4425
9369
374
53
9266
257
-1
122
-1
1409
4288
-1
7259
2782
-1
-1
-1
7448
8
5646
-1
-1
-1
1485
16
-1
691
-1
6
8469
5744
-1
1805
6792
5126
3035
89
-1
1164
0
2530
6
5607
1282
-1
333
-1
-1
-1
2476
1920
3696
-1
8553
9413
3484
-1
-1
9610
-1
-1
5722
7
-1
5666
-1
8045
354
8562
1396
-1
-1
-1
-1
1649
9102
8706
1
8097
7561
6250
2177
181
-1
-1
1046
-1
4
7676
29
6
-1
7745
-1
4309
6290
4138
9627
85
-1
6397
-1
8126
1607
39
98
2268
-1
2466
574
4231
349
-1
-1
-1
8755
40
6
-1
1040
47
-1
-1
-1
6377
249
5459
7
828
-1
-1
3720
258
1544
-1
-1
8256
9598
-1
1671
3802
0
22
361
6105
1847
-1
4683
4560
-1
1535
443
5
5995
8535
9000
2
3
7411
32
-1
-1
-1
2
4127
7
7
-1
9076
7856
9028
7
52
5367
-1
-1
-1
1930
1746
7836
9127
-1
4
-1
622
8221
1607
79
-1
7872
1171
-1
8615
-1
6965
-1
5183
-1
-1
-1
2244
-1
-1
4120
-1
7044
7456
3
4828
8413
-1
174
9528
-1
-1
-1
9334
6971
6032
601
9702
-1
-1
4545
-1
7303
-1
-1
297
791
-1
7124
2871
8
8383
6466
-1
3384
189
-1
-1
3
8988
-1
-1
97
6213
-1
5685
5574
240
2166
2847
7670
-1
1598
-1
5529
735
-1
5611
55
151
8051
3
-1
9107
7256
4532
6602
9111
-1
9727
63
2706
4428
-1
-1
-1
1055
-1
8
2
9911
-1
7611
2
6546
959
5452
3
1
49
-1
-1
-1
3687
3631
2427
-1
3
-1
2758
-1
6976
-1
536
6823
1520
-1
1895
-1
7561
-1
-1
-1
4
5560
2519
5936
9684
-1
-1
6514
2112
333
-1
182
27
-1
2427
14
-1
398
-1
-1
3955
90
9770
-1
2935
-1
3789
4642
2588
8094
4841
225
-1
-1
9560
216
5982
1219
3000
5460
-1
6311
6085
-1
-1
-1
95
2308
13
-1
-1
11
-1
1256
4577
9420
70
9572
44
-1
5868
-1
-1
4159
-1
-1
-1
179
1828
7987
-1
8725
8446
368
-1
0
-1
1214
-1
5971
-1
2326
2527
6943
2087
2638
96
4054
-1
3528
69
1277
2948
-1
-1
-1
1506
-1
-1
4614
9304
610
7356
9945
-1
-1
549
229
-1
6046
9880
8371
5800
1992
3914
-1
7191
2
-1
642
59
-1
33
8119
-1
-1
-1
6644
-1
2871
-1
-1
6044
-1
3728
-1
-1
691
429
-1
7573
1623
3363
8635
-1
2217
-1
4428
-1
3688
8288
1528
7011
5889
2178
137
-1
1739
1308
2
7278
-1
6712
-1
3
366
5284
-1
2338
-1
-1
6650
6528
56
-1
485
9091
-1
604
4
4526
1
2
9294
-1
-1
8245
-1
2335
1
-1
8946
-1
-1
2876
4129
155
4136
-1
7
6303
5594
7948
-1
7308
9354
-1
8669
-1
4798
-1
3216
4948
2407
-1
309
45
3945
553
6
1
-1
6298
997
-1
-1
0
9952
1368
6
-1
8
667
9804
8
9770
-1
575
352
-1
135
6
637
18
2148
2122
87
1038
-1
1242
-1
6186
121
561
8966
-1
-1
4810
-1
19
3127
8632
5631
8094
-1
1
5828
3869
1594
13
859
4996
-1
4558
8084
82
-1
1774
7726
-1
-1
3048
4
295
-1
-1
-1
-1
5749
8
4305
5521
6597
3966
-1
1957
-1
0
7359
-1
424
540
-1
1448
7286
-1
3464
9251
5037
4172
-1
4631
-1
9370
2896
7164
1331
-1
9003
9539
-1
8416
319
1
-1
5155
1711
8294
-1
9167
0
9192
9101
40
631
340
3895
8
8143
5
677
3
-1
544
2156
8379
8
7264
5874
9429
31
-1
59
3
4453
49
-1
9201
2602
8843
-1
-1
-1
8281
61
9
-1
-1
7693
1
3012
3756
3
27
-1
80
23
8401
-1
-1
4
4766
8515
-1
-1
7191
9910
4180
-1
1
95
70
-1
6245
5368
7982
-1
5179
6
693
98
-1
127
5327
-1
5604
2361
3392
604
-1
1
7872
-1
39
5115
-1
1714
7427
4358
2445
8431
-1
82
8322
6757
3803
-1
5845
528
353
-1
9412
-1
4117
-1
8858
1
283
7940
-1
247
4140
-1
4801
-1
951
-1
-1
5
-1
2920
4393
1786
9492
2789
-1
-1
6091
3524
2466
564
802
3460
394
6468
-1
-1
1895
7327
-1
8734
1570
7
-1
17
741
-1
-1
-1
8533
8976
5462
3699
935
2344
-1
9831
9547
-1
618
732
5252
8365
9240
4339
-1
2870
2639
6373
6105
200
7663
-1
9606
4
-1
-1
5228
2339
5085
-1
-1
1853
4173
-1
-1
-1
-1
1389
-1
7225
5410
2728
1479
5674
3669
0
-1
8412
-1
9116
7547
18
-1
-1
-1
5419
4770
4247
1241
153
8797
5123
-1
-1
2940
4806
8239
343
3590
-1
137
144
-1
1135
-1
-1
-1
4601
1386
-1
6141
8
-1
-1
-1
6494
-1
8776
-1
90
2414
2388
8793
3904
-1
6
3835
6197
-1
-1
2836
-1
-1
4
3473
1096
3016
-1
-1
4768
9008
2086
5828
1132
-1
-1
84
8342
5514
-1
6155
-1
7600
4562
6
7767
-1
2
6705
7363
-1
1416
-1
8267
-1
29
-1
3795
304
6633
-1
2683
8703
5015
3211
3103
6345
8228
6706
3747
4520
21
8791
3363
-1
1490
-1
-1
2789
-1
294
-1
-1
523
66
-1
6091
-1
-1
-1
-1
-1
6207
-1
-1
-1
7243
568
-1
691
9341
4596
1190
4409
7
-1
-1
2836
1797
7071
-1
0
-1
8
3
-1
-1
7
6107
9426
-1
-1
-1
-1
2315
7593
6873
4014
32
9209
254
6103
1191
-1
7818
7197
0
3693
-1
1538
-1
-1
1832
243
3448
-1
8361
876
5604
3713
276
-1
2204
3433
-1
3294
6
7604
2296
66
-1
-1
654
0
5
8156
1890
-1
-1
654
-1
-1
835
-1
-1
71
2684
-1
126
75
-1
7212
-1
-1
-1
7556
-1
-1
8187
7456
-1
-1
-1
-1
-1
5605
8129
2197
-1
6970
7848
1020
-1
-1
6821
9554
-1
2264
-1
8986
-1
-1
7319
7523
449
785
5
-1
3087
-1
-1
5966
8171
238
-1
2744
654
-1
3870
7344
-1
-1
2562
380
41
5977
1
30
3369
-1
-1
1385
61
5182
-1
9643
7590
-1
4888
6955
6124
-1
-1
3226
323
1377
2967
-1
-1
3654
552
-1
8881
6307
8565
-1
2327
32
4787
5373
-1
2010
1123
-1
-1
1916
7968
426
3388
-1
-1
3646
30
786
-1
-1
1221
6021
9637
-1
8474
8
57
305
-1
9499
-1
324
7456
-1
3307
520
4
5764
22
75
860
-1
8949
-1
1515
9968
-1
766
2331
-1
90
3306
-1
22
9031
698
-1
4530
3431
-1
416
-1
5471
2494
6450
6885
-1
1717
4302
-1
8396
6871
1720
-1
8353
3722
-1
3460
4690
-1
0
-1
3327
3408
6274
1669
1180
-1
-1
3238
6941
8527
9534
7342
9249
6
-1
-1
496
-1
1218
4934
-1
934
5115
8803
-1
-1
-1
85
682
-1
5872
5735
5299
8536
-1
-1
5260
6549
-1
2623
6885
2986
8
-1
1
-1
1935
-1
4486
6867
6276
-1
9497
4534
-1
8344
5
5898
2346
7193
1069
7933
-1
4207
8857
-1
9836
-1
-1
-1
-1
-1
168
28
8724
-1
1840
5256
8034
9156
6457
10
54
2249
6352
4159
8005
9714
2703
5578
482
-1
-1
2421
-1
705
2
6395
6200
-1
-1
1457
6
-1
-1
6506
-1
2245
11
10
7291
7868
-1
1978
0
-1
5940
3703
-1
-1
1412
-1
-1
3933
378
4932
6349
717
19
617
8643
77
-1
761
9450
-1
2209
1678
3227
92
553
-1
5871
-1
-1
-1
3962
3873
7714
-1
-1
294
467
-1
-1
6
5006
7251
8199
-1
245
7044
6
301
1
-1
2073
-1
-1
51
752
-1
4171
3750
-1
0
-1
4
7
3206
617
-1
1184
5703
6
6662
1273
3
-1
5493
-1
-1
511
-1
8370
-1
-1
1517
7357
41
-1
-1
3481
9112
-1
-1
7114
-1
4299
-1
9080
3231
-1
596
7510
1176
6076
-1
6297
3781
-1
2230
-1
-1
-1
-1
-1
56
-1
4149
-1
2685
-1
-1
-1
5457
-1
-1
627
-1
1807
3912
5131
80
4739
2084
82
-1
7000
8838
-1
836
2983
5333
-1
-1
872
9890
14
2
2162
8804
9065
229
1768
1135
-1
7
5734
-1
103
8656
7696
1393
5363
1267
-1
-1
715
-1
8280
-1
6182
2127
6008
5105
-1
6648
6557
13
155
-1
6517
2357
-1
6997
5487
4596
-1
7689
7024
-1
-1
3299
-1
7088
-1
55
-1
-1
468
8824
8
1768
9160
4273
1343
6316
-1
8152
558
3251
6
4
-1
1111
501
7256
-1
9099
4070
14
-1
21
2174
-1
5833
893
1412
1530
3
5104
9019
-1
3002
7
1648
-1
-1
-1
6017
1904
-1
3159
5
-1
5566
4
3361
1440
82
3620
-1
1009
-1
-1
202
-1
8870
-1
5022
-1
1700
6
9
-1
-1
8801
0
798
5589
4007
4865
9018
-1
-1
583
92
-1
-1
58
-1
69
5121
4887
9924
2160
6607
345
-1
1506
4783
6281
-1
7
147
-1
-1
8
3473
-1
6484
-1
3648
5286
-1
4895
6105
2
5195
4646
85
-1
9203
7193
7564
-1
-1
1461
8697
-1
1
3624
1064
-1
421
-1
-1
-1
5497
-1
-1
3640
1782
9399
7578
8651
-1
-1
-1
632
628
-1
4862
-1
8
-1
6019
5291
3549
955
-1
3446
1
-1
7391
0
3979
-1
5600
-1
-1
132
9800
99
-1
-1
-1
405
89
9144
2027
3849
6092
3
-1
-1
-1
4362
19
7073
3760
8111
-1
72
7021
-1
6933
4489
-1
645
2355
4822
-1
1183
4885
9957
-1
-1
3
-1
-1
-1
1909
65
6135
6
1836
697
8553
3009
8821
1230
5804
-1
5390
3158
3721
-1
8168
-1
5096
-1
8606
8205
728
9460
4337
5185
6
-1
7036
6463
-1
442
5243
799
9311
4654
-1
-1
6059
8305
6420
4624
1046
4062
-1
5378
-1
6216
769
-1
-1
1629
5090
4964
2348
9429
169
-1
7994
57
405
3238
5720
3469
4229
-1
-1
-1
-1
-1
-1
-1
2059
-1
1161
2755
378
586
1987
2320
2301
3322
5
-1
572
0
9330
-1
9848
-1
-1
4613
7
4837
5228
-1
41
6558
9862
88
-1
75
494
6982
8166
-1
-1
-1
-1
3472
-1
8032
6921
498
3449
6499
8
34
-1
77
614
-1
-1
600
5204
322
4563
-1
5018
6
-1
565
-1
1388
236
-1
7933
6691
9382
-1
-1
-1
3116
5
222
1897
-1
6632
1105
59
-1
-1
5793
-1
-1
6526
39
8954
34
1655
-1
7142
9472
1651
2933
8939
51
8256
-1
-1
8666
5893
7
621
-1
-1
-1
9536
-1
7271
-1
1674
1723
542
2695
9040
3262
2126
5298
-1
3338
-1
9144
0
-1
-1
-1
9200
-1
6237
-1
15
41
-1
7
-1
4127
1724
6263
3
1053
-1
-1
-1
-1
-1
9638
607
8212
-1
74
7915
-1
3450
-1
8829
-1
3314
753
-1
6
508
6373
6809
-1
8266
-1
25
-1
-1
-1
4296
9731
9163
6632
9535
6341
19
8
4899
5420
11
7813
-1
-1
7857
1
659
235
9789
135
5513
-1
-1
-1
1
7277
706
4440
2195
2092
-1
57
6339
8537
-1
2749
2357
3
1103
-1
-1
275
91
6678
5
-1
2251
4965
864
-1
-1
-1
5877
7240
-1
1656
969
6874
-1
682
1256
7168
1637
2373
9465
-1
-1
-1
-1
-1
-1
1337
2
-1
-1
218
-1
5938
-1
1767
86
9992
8163
2118
4706
-1
-1
2052
9408
-1
8207
2333
6
1838
-1
-1
2576
3327
72
264
1343
4392
-1
2730
8229
584
-1
-1
5858
0
-1
6637
-1
6343
6831
-1
1916
426
4163
-1
5907
6569
-1
6304
280
-1
26
148
7
596
-1
2527
1578
6956
3003
407
5
-1
4994
-1
505
275
-1
-1
5155
2865
5731
3966
-1
-1
364
4227
-1
1309
12
9509
-1
-1
-1
-1
648
62
414
4935
0
76
9656
0
-1
4630
6936
3890
-1
95
-1
-1
6040
7782
83
6300
4742
4836
88
-1
-1
433
6125
-1
1302
339
2550
6976
6153
588
9522
-1
6015
1396
6015
9360
7350
-1
-1
5193
6828
318
-1
7
-1
1582
9000
1387
-1
3087
322
0
59
-1
9604
-1
2628
1501
-1
3
6811
-1
4656
-1
8697
47
3200
1
1755
126
3064
-1
9488
1669
4042
-1
-1
1896
6223
-1
3
602
9647
14
-1
79
9
6898
-1
7529
5562
1088
-1
390
6441
5
2857
78
-1
-1
-1
7230
77
4214
6771
-1
93
9595
7882
2774
8365
80
9966
3674
913
8400
5373
0
8161
-1
-1
-1
1435
6753
-1
1667
1130
-1
-1
1888
-1
6024
3333
9509
-1
5251
638
455
-1
3
6467
5823
-1
1060
9318
4617
6138
4561
1966
8337
-1
670
3000
-1
6923
4089
8307
-1
4014
280
-1
-1
4716
-1
33
662
9358
6817
-1
15
8345
5264
6687
-1
-1
7275
-1
7852
36
-1
9017
3943
370
40
-1
3967
105
-1
-1
7
6696
-1
-1
64
-1
262
601
795
2189
2698
3413
7744
8295
1673
0
-1
4781
-1
3535
2
5438
1927
-1
6581
-1
6336
-1
-1
-1
4711
1454
55
2192
4701
2441
7386
188
-1
5929
-1
-1
926
3
4995
3599
7266
375
9652
4347
9087
9427
1644
5142
-1
139
-1
8264
-1
5065
20
5002
-1
80
7235
-1
4984
-1
1355
-1
542
-1
8905
32
-1
-1
403
-1
8339
2909
-1
7262
4741
-1
2958
-1
-1
8942
4
-1
19
8448
5153
-1
-1
-1
3118
-1
1003
489
-1
3
4206
-1
5169
8562
26
2
2522
7117
9955
9187
8763
6817
9684
1642
564
9538
-1
-1
0
1
5097
-1
-1
6376
8
-1
89
2720
6320
5239
598
-1
6735
2
-1
1799
-1
-1
-1
4526
3
4923
8424
351
8142
3352
2084
775
7770
5730
1846
-1
5
5175
8669
-1
9390
-1
-1
-1
-1
2955
6639
344
-1
-1
5032
3930
1120
9537
4365
347
2606
421
-1
1430
6752
-1
2793
6985
-1
3870
3902
-1
1811
-1
832
629
4798
9981
-1
5592
1764
2367
-1
-1
1
3513
-1
5836
1548
-1
704
6159
-1
73
-1
5
2161
5699
860
-1
6907
2
7226
-1
1884
994
7339
5793
8
4144
8
9730
6428
2
3243
9410
6149
-1
-1
1990
266
-1
-1
-1
1231
-1
1561
-1
8576
-1
-1
1866
-1
-1
-1
-1
704
49
8576
-1
73
4624
-1
166
-1
7126
5832
-1
-1
3109
6854
-1
-1
1613
9282
-1
-1
-1
4293
7
3488
-1
-1
1
-1
-1
-1
-1
5401
338
-1
36
38
-1
-1
1800
8
577
646
5
-1
-1
2032
5983
5416
-1
-1
2298
-1
5516
6530
-1
-1
5670
2
713
2588
2977
-1
3585
-1
-1
-1
-1
-1
-1
-1
3930
-1
458
9612
-1
3850
-1
-1
-1
380
-1
779
87
252
-1
-1
8
-1
2962
-1
-1
2412
1230
9145
-1
8885
9750
9161
4285
-1
9012
3882
61
6852
5379
2058
-1
453
2892
-1
57
-1
2311
-1
544
2951
2249
9360
449
2
166
-1
2124
-1
-1
6673
1190
4220
-1
9
-1
-1
9863
24
-1
-1
928
1374
33
2928
-1
2028
6
9939
72
4911
4
5
6
211
-1
-1
8547
3174
9851
8462
3248
-1
6722
2474
-1
-1
-1
-1
-1
-1
1439
-1
3648
-1
9573
3329
7577
5104
6317
-1
-1
6219
2224
-1
-1
2566
-1
7639
6597
7582
1433
9231
6212
759
-1
-1
8760
-1
9841
549
6585
184
-1
5064
5498
-1
-1
-1
68
8692
82
9632
7
-1
4001
1
3
-1
70
-1
-1
6
-1
-1
8280
2617
-1
2193
8
584
7120
6467
3728
-1
-1
3429
329
68
7229
7243
7138
-1
-1
-1
7985
-1
-1
-1
57
7
-1
-1
196
5
-1
-1
7225
2
1423
76
2563
5667
-1
-1
5
-1
5705
4769
1925
-1
-1
2629
-1
805
11
6613
-1
8360
-1
-1
-1
9290
9087
14
7862
675
-1
681
81
4319
4592
838
-1
1672
9195
-1
-1
-1
70
601
9665
18
1584
2533
5293
-1
-1
2
4004
4026
-1
8948
536
-1
8
2574
-1
71
5326
90
4583
-1
4637
4618
6088
7201
72
8709
-1
340
1376
3984
26
8
-1
5540
77
8122
-1
2185
478
-1
6398
9807
8582
388
6035
-1
2267
-1
3235
2
5
-1
9222
-1
3643
-1
19
2596
-1
1733
7529
3336
6153
2653
-1
-1
-1
2919
-1
26
866
9261
8295
953
4898
7492
-1
36
-1
8038
-1
7608
3865
-1
1471
6807
1261
61
-1
5155
2248
5
7143
-1
453
6984
550
-1
2744
9442
7270
5734
7635
-1
7857
6652
-1
940
-1
9533
1954
5658
9456
4947
9417
9333
3060
-1
498
-1
3005
1269
0
2205
-1
-1
-1
6586
21
2198
224
295
-1
-1
-1
-1
4760
-1
-1
-1
2905
-1
8452
36
1845
510
-1
7097
1690
6
102
-1
4
1303
9522
-1
-1
5698
5573
7134
7708
0
6510
7107
705
-1
4877
-1
6693
3790
-1
1369
4950
1888
9730
2286
-1
142
6929
1830
4390
1911
43
1041
2894
3619
528
1921
4799
3770
5
-1
-1
-1
-1
-1
-1
4
2509
7723
-1
34
-1
8549
-1
-1
10
7533
-1
3454
67
2929
6
8291
-1
6874
-1
7740
-1
-1
8582
7516
-1
3
-1
33
4511
9273
-1
6031
8313
153
5
-1
34
1335
5
1490
-1
4
2428
47
-1
6233
6168
4531
814
9478
-1
7814
-1
0
9114
9635
-1
-1
427
-1
-1
114
8
7285
-1
-1
84
9782
-1
8105
-1
-1
5250
562
-1
8061
-1
45
0
-1
-1
-1
-1
312
-1
9446
-1
-1
-1
8
6052
-1
7455
7073
1
7645
-1
8249
1782
4467
8841
-1
-1
-1
9613
-1
5
-1
21
6972
-1
1077
3253
-1
5
5146
-1
-1
-1
-1
5953
5
-1
-1
954
0
-1
7717
-1
1702
4
6554
-1
-1
-1
3099
470
279
4525
9563
-1
980
-1
1779
606
-1
9
-1
3352
1102
-1
78
-1
2239
-1
-1
3504
-1
59
7702
6372
1
3932
1966
-1
690
247
-1
9440
-1
226
-1
6
-1
9444
-1
9849
-1
6880
-1
-1
4336
7058
87
5
151
-1
5693
-1
6515
-1
-1
32
4618
0
-1
-1
7540
-1
-1
3110
-1
5463
7583
-1
-1
396
-1
-1
2860
9135
829
9851
3593
9436
4440
23
8976
5433
-1
2435
-1
3035
497
-1
677
8262
477
1214
2
5486
-1
6950
-1
8965
9571
-1
7709
1922
-1
-1
-1
-1
-1
-1
-1
2536
4993
6308
3880
1603
-1
-1
4244
2146
68
2121
-1
1043
2137
619
3426
2811
6417
7967
9952
16
6041
-1
-1
6264
-1
44
6676
8885
9
-1
9195
-1
400
90
4922
0
2
-1
923
-1
3592
9480
1679
4037
6542
-1
4
4300
609
-1
2574
5407
-1
-1
261
9766
-1
-1
258
4562
7524
2957
4795
-1
3151
-1
8213
5501
-1
4438
2846
6117
-1
-1
7767
-1
538
616
444
8003
-1
6571
-1
467
6857
1823
1454
3464
-1
15
131
3343
5812
41
-1
1040
-1
-1
8465
7429
4570
7661
-1
2623
-1
387
2966
-1
699
6036
45
-1
9798
-1
7
-1
16
7636
-1
-1
240
0
4274
63
-1
-1
-1
892
-1
-1
5878
75
421
-1
6511
1704
2551
2109
-1
6659
5053
35
7183
-1
5518
7756
-1
3549
3754
4241
98
-1
-1
-1
4654
-1
1534
-1
-1
799
1666
5891
8438
3369
-1
1434
9808
9430
-1
7647
6847
-1
5
500
3100
-1
3166
-1
-1
4034
2308
2042
-1
-1
-1
942
5296
7416
-1
5364
4922
2540
6221
94
0
3623
5640
-1
-1
-1
2719
7670
-1
481
-1
-1
8
2
853
4600
5575
-1
5971
1465
-1
2942
1749
1578
117
8617
9577
-1
341
-1
2986
15
6348
5194
-1
6864
512
-1
4
3
-1
619
-1
-1
3638
8
3025
8546
-1
-1
-1
-1
59
93
5315
7778
-1
738
8
2727
4537
135
2544
492
543
904
-1
211
8376
-1
5893
2616
9260
6395
-1
4141
-1
-1
3314
-1
5712
0
600
-1
3057
6555
-1
-1
9332
7
98
8982
3035
2017
77
8
7766
4628
-1
158
8525
8065
-1
3
-1
6650
133
1641
5220
3322
-1
87
-1
6177
-1
881
-1
4232
444
-1
-1
7040
3415
1479
67
8507
-1
4089
-1
655
6061
2895
7079
2864
-1
1650
9410
-1
4587
4531
-1
631
-1
5
-1
7
-1
9145
-1
9259
-1
997
7937
9773
87
-1
-1
-1
-1
-1
7607
2
-1
18
7633
-1
2913
71
5476
-1
-1
-1
-1
4
-1
550
5
-1
-1
14
521
4555
5226
-1
9820
1589
4623
-1
-1
376
-1
5896
7993
1004
-1
277
8
-1
7629
-1
62
-1
7447
-1
72
2132
4
-1
-1
6148
-1
7470
3689
5737
-1
-1
4660
-1
1822
7698
3788
493
-1
54
-1
5038
4661
620
-1
39
0
4333
3937
-1
5824
-1
4
6383
149
2485
-1
-1
575
308
139
3577
4339
5639
-1
2758
7300
6495
-1
-1
3743
-1
4
9145
7150
235
315
-1
-1
57
-1
919
3018
2107
44
1615
-1
8734
6585
-1
17
3142
9734
8398
8216
6
9400
2203
4382
-1
5505
-1
4852
-1
-1
103
3610
9996
3421
8409
7787
13
-1
9239
7194
-1
1928
10
2214
2132
3038
18
-1
8575
5207
3392
46
4987
-1
279
-1
-1
-1
652
-1
-1
3782
7651
-1
737
-1
308
3
-1
0
4842
-1
-1
-1
7
-1
8331
277
-1
365
8054
635
6274
8020
8758
-1
-1
4
-1
7979
5
-1
-1
4791
7772
4372
843
-1
1011
-1
6
177
-1
-1
-1
96
8158
694
6348
2
-1
-1
-1
1766
-1
-1
-1
-1
5857
-1
3371
8700
5
726
-1
-1
4539
-1
-1
-1
3179
-1
-1
2288
14
-1
97
360
739
-1
-1
9395
-1
-1
-1
-1
1002
4994
23
-1
39
-1
75
9939
-1
-1
3601
6634
183
721
20
1711
5
5493
4845
-1
8962
9232
6358
-1
4449
1092
96
6866
6990
-1
2322
8495
9298
4032
2674
4219
9200
8176
-1
8039
-1
9476
1234
8613
375
4933
7
-1
7069
1205
2211
9849
-1
692
-1
-1
-1
-1
4956
7621
-1
23
8568
-1
5933
9584
7
7919
-1
13
2516
5951
-1
2915
161
-1
3921
1678
156
7599
2809
6578
-1
2383
-1
-1
-1
-1
9900
1064
3056
-1
7811
7254
-1
97
6842
5493
-1
3
349
9341
6959
-1
7493
782
1880
3
67
3783
1738
16
4507
-1
-1
-1
86
-1
-1
6520
1348
-1
-1
7783
-1
758
-1
50
-1
2343
509
9510
4880
5546
64
7226
31
-1
1140
55
9913
9806
-1
5382
9717
-1
4947
4420
1218
5614
98
8584
4770
-1
-1
-1
2732
6896
2580
1271
333
4
5426
2314
-1
891
187
-1
6
2470
1637
7582
-1
1531
-1
9162
861
-1
3255
789
-1
-1
1
-1
2316
-1
8736
8280
8
-1
870
6076
14
8
8264
-1
4216
-1
2780
6048
-1
-1
-1
73
11
3156
-1
-1
4571
-1
756
18
-1
-1
8639
-1
166
-1
60
-1
8
-1
59
2251
7581
5204
-1
433
9873
8919
-1
7134
2638
4164
90
8192
-1
584
454
8847
-1
-1
5
316
8365
6746
-1
-1
8424
7982
-1
830
-1
39
5752
354
3
-1
-1
4932
4118
-1
5326
322
62
2616
2914
-1
5189
24
-1
8265
0
-1
-1
-1
-1
-1
856
-1
-1
6010
4164
277
9156
2446
7241
-1
7810
5789
8
8820
-1
2128
-1
5470
3030
-1
9386
3567
5
-1
43
-1
4592
6982
-1
65
8
-1
7423
9751
62
-1
2006
-1
6418
4644
4258
1966
20
2455
1965
1057
4224
1
5020
2832
2143
-1
5462
8956
627
1749
1320
-1
-1
1275
9671
3236
-1
-1
3554
8
2299
-1
-1
8942
6655
2543
1367
6701
536
-1
-1
2043
6217
-1
4255
9526
1981
-1
9620
173
7687
3165
-1
6394
1545
2452
354
81
4366
37
-1
828
1096
-1
3272
-1
-1
-1
-1
-1
1807
7770
-1
-1
471
-1
-1
318
-1
2113
8265
-1
3819
-1
866
2872
-1
5154
-1
-1
9074
9418
-1
-1
1638
2231
1797
59
-1
-1
-1
-1
-1
2459
5
4379
-1
7
55
1535
7794
3537
8088
9220
0
35
-1
0
57
2061
-1
-1
1098
-1
655
-1
5485
4036
-1
862
7071
2775
9047
1
361
-1
7
-1
29
9421
3214
5582
-1
495
-1
-1
1824
5705
4484
6087
7770
4298
2198
2414
593
-1
2293
-1
-1
5870
440
-1
6
2645
1854
2
-1
6728
3134
6624
150
8263
7731
6118
-1
6390
6528
516
8556
-1
-1
3578
1612
7700
1436
8695
-1
-1
1745
745
1187
8278
9274
-1
6709
-1
6166
2
-1
2008
4376
4110
9795
580
4505
1877
7339
4241
6545
-1
8744
-1
-1
3760
174
7
1369
-1
-1
8069
8020
8589
839
4896
-1
9282
967
8725
-1
-1
8
7641
-1
5974
-1
4629
6091
-1
13
5579
704
316
1350
1433
346
5016
2530
7445
2378
9093
675
-1
1620
4470
7981
-1
-1
5
425
4
6646
-1
1044
-1
372
92
-1
95
-1
-1
-1
-1
-1
405
419
58
-1
-1
6284
7051
-1
8871
7276
-1
8738
7928
78
-1
-1
-1
-1
5411
7643
9489
-1
3857
-1
3013
3048
1512
5871
5010
-1
8599
1064
-1
4
-1
325
-1
-1
2120
-1
8993
-1
3242
-1
2350
-1
-1
8504
0
6
5430
7950
9833
43
7519
7245
9982
3064
847
-1
6624
1648
849
-1
-1
8822
8882
7111
5461
79
0
48
5415
-1
4287
6
27
3756
8951
1776
8
80
-1
7998
2915
-1
7294
4591
-1
-1
6910
9005
-1
4628
7543
-1
33
9736
236
811
1663
-1
1865
305
-1
-1
448
5878
47
1408
-1
5320
3599
-1
87
4330
-1
-1
-1
8105
9406
5712
-1
6907
4571
5367
8002
87
-1
5082
101
-1
734
-1
4480
-1
5379
-1
68
5168
-1
9945
1086
-1
-1
1378
-1
6919
382
-1
3
-1
3933
4
4329
1064
0
183
5479
1144
3986
-1
-1
346
21
5708
9337
-1
6351
-1
6880
9465
85
-1
699
423
11
-1
3960
4281
1505
-1
-1
-1
-1
-1
7828
-1
16
9691
7
-1
8528
-1
7175
6
3287
-1
755
-1
-1
-1
3304
-1
8337
3060
-1
4
-1
-1
-1
343
1412
6009
11
2271
3385
2082
3
3779
-1
-1
4091
1360
858
3472
-1
-1
2
4011
-1
3434
6912
4555
3
25
-1
910
-1
7137
369
-1
5189
3343
98
7785
-1
-1
-1
-1
3609
159
6
-1
6378
-1
0
-1
-1
-1
4742
2608
-1
8887
-1
-1
21
5119
1613
98
7991
-1
3207
5899
-1
344
8151
6488
181
7520
7140
575
2007
1054
-1
-1
4144
-1
7993
6924
-1
5108
-1
1453
5447
773
9023
64
-1
-1
4667
7869
0
4459
-1
7152
469
7735
8934
2183
606
-1
5231
403
82
1102
6
-1
2231
718
1190
86
3670
-1
1
5010
3691
-1
3774
-1
3
1
-1
4188
-1
5921
3677
238
-1
-1
-1
-1
-1
-1
854
-1
-1
-1
408
198
9039
2427
4837
-1
-1
5214
7681
-1
-1
-1
468
1103
-1
-1
1469
48
1812
-1
2450
667
4
3
7212
-1
3887
8792
65
-1
46
0
1864
-1
88
7391
8405
5489
8243
7703
-1
1258
-1
-1
-1
-1
3993
9863
6591
4306
-1
52
92
3830
4766
7346
2852
1814
-1
-1
-1
-1
40
9067
1808
25
-1
5
-1
-1
-1
3968
-1
8024
1803
-1
-1
8367
-1
9925
8476
593
1184
4162
-1
6
6675
2774
-1
4934
5436
-1
-1
6383
1708
2651
7476
-1
-1
3632
-1
574
9270
8
2223
-1
8539
7
1994
-1
8293
3
8778
-1
-1
1503
5572
3284
8598
-1
-1
9830
-1
5205
1784
8285
24
8470
43
3073
38
5412
4467
-1
-1
1669
-1
-1
3811
-1
9356
7126
8576
861
265
9819
8340
888
2588
79
-1
-1
-1
1402
1775
9251
3239
9794
1
1717
342
580
3000
5533
7
-1
4
-1
5837
6922
-1
4231
-1
54
-1
6798
6288
7433
445
-1
-1
-1
30
-1
9374
3860
4997
-1
6282
2478
-1
3652
-1
91
1
106
-1
-1
-1
2070
3676
-1
7868
7501
1506
4976
6
972
-1
6196
-1
47
95
8607
-1
-1
8243
-1
-1
-1
5006
369
-1
9449
9519
-1
9575
7491
-1
5779
47
-1
939
-1
5326
80
8386
-1
-1
-1
50
-1
-1
5
-1
5
6102
-1
-1
3727
7693
9016
2257
-1
3694
3016
-1
232
3144
3054
-1
-1
6119
-1
-1
6492
402
40
90
2233
9332
9497
2784
4
8338
224
1215
-1
-1
-1
9308
546
1153