122984
159511
28814
34278
68955
128887
266242
138356
30279
59864
214338
-3957
154252
223166
87388
35403
239652
118484
228230
180049
233148
31318
268039
91265
134249
153243
36317
-15634
27963
97939
61839
86535
-10907
26915
100339
94139
186598
305389
72505
21261
85643
183574
11562
199097
30345
29639
36992
220798
200169
82481
47297
20381
87227
135124
-10450
14916
97877
-21541
85990
93106
197243
770
172005
92458
113681
190557
67233
160584
20049
73493
116636
60286
18585
254985
17676
52864
191365
206240
70929
61433
84736
-25795
261520
163592
204159
58688
48411
47466
175314
227033
-9028
80873
76643
4937
134949
170113
72020
217964
113808
-12362
37471
96130
-661
32847
172764
205334
45546
29328
241764
151506
43821
154041
13571
214153
-8959
-11053
53482
50168
226122
237094
96935
86615
222526
27132
87138
215164
-1641
65492
11360
14576
84285
64144
23606
167382
-28366
290958
91202
95255
226533
92337
120476
200074
80884
81837
98575
-18596
29388
-15477
155244
146183
266448
62508
198391
152423
14232
53695
73572
98672
216221
94108
-18037
189147
-3157
-8024
127315
160344
5681
164909
21299
-11184
94866
120921
152347
1321
31893
106436
48105
88613
224287
-23704
74371
22129
209450
130513
66394
67440
-30380
207865
4252
58502
195287
201839
25188
-15527
241544
177821
22724
131921
139474
53547
50605
51001
249638
196520
191181
170139
21936
28519
-22310
189123
18039
124908
27880
207320
29309
48112
124927
-9370
26302
220060
-4071
270568
36633
202211
118451
-2781
5623
22934
20515
91429
114663
57759
19938
162891
155147
204941
162705
30857
29537
111551
94805
190114
107134
115234
31939
167892
152903
181793
151317
85213
159658
179460
157863
159664
2132
43535
-4084
27774
31348
30236
252159
24669
256795
183856
141885
172469
97500
155709
52091
97957
119956
57105
27338
26894
103672
12868
177078
24314
224745
58208
172115
-17153
148888
117456
17362
6216
15238
195654
-6097
111432
133451
-11915
117536
163106
1690
165176
34512
131862
7083
215002
167912
9280
43682
294828
53928
55027
-10898
172877
20678
187312
33286
185450
-32746
-6564
169509
126691
155316
175295
27660
239239
184243
75467
134210
30113
504
260727
41916
138189
32475
31551
177035
67669
177527
55648
194558
63932
156971
107473
-12136
69022
119398
9440
234397
92862
4940
32168
42046
148391
249771
185428
155553
93433
185332
30024
72829
3562
110218
-19082
13047
217695
234269
106570
133525
208663
85666
99098
5131
175129
165763
147863
49847
198924
72548
57542
18844
21209
72466
-28263
162322
20669
164468
274445
144606
-5174
108233
25809
225357
11673
89435
226415
22812
130960
18401
195472
239983
116949
193609
61062
35922
56260
39379
28655
204422
23597
121744
-7825
662
65486
-23596
-9984
206987
144282
86862
12602
236018
11944
47392
18550
166917
246110
222075
-12759
-26145
167555
81616
2128
47709
60368
129799
84116
31930
210344
44189
142230
44549
259562
30760
78516
192174
44899
26553
-7433
113919
27106
24125
61879
170293
76909
69954
159942
13231
325090
41333
86254
55439
227391
-8801
100968
4738
255774
3363
120304
-26270
234800
110970
37475
-16084
136638
84335
186084
172675
32932
8136
142742
26293
276100
8906
126540
13323
-30667
28829
-29430
115060
121164
17676
85252
169804
132684
32373
110171
259976
210327
151505
186506
11739
75649
88056
22001
260581
22576
