71075
116187
22378
-12355
68911
43061
192955
20007
168167
57874
33500
75159
91738
97697
8733
25533
108019
88862
222126
81090
5338
40528
13386
43730
3486
4641
217455
148512
105454
22844
156384
95736
63018
188819
28300
-20985
178317
11258
230036
165928
167383
150290
127401
27500
97634
101360
231725
6868
27122
22267
140728
1329
127
78410
3541
182828
-20835
57952
218916
174765
241369
24477
2891
71537
18069
159788
19190
124977
131853
169474
58392
128203
6877
105369
135599
193190
11710
21934
180419
41612
214511
25863
82747
235348
4956
34440
159049
105807
56195
2014
64687
108345
17783
224892
50842
129551
57800
15332
22547
201442
81927
25958
180967
167311
15945
217398
186114
5489
136929
130159
142281
48844
1938
69783
17831
7316
-11539
31066
64940
228857
165680
57163
30861
154724
133934
114713
104114
91585
158264
26794
23837
120875
4103
-525
222712
23772
156449
20556
17219
117248
46961
253022
128971
103672
-26522
100856
60266
183654
269281
102267
77541
182537
162035
-21888
34029
167474
114609
-9850
115071
277976
95238
100257
-26359
7025
70174
118524
195482
137731
148805
197901
234376
11271
64467
277849
212465
170285
46576
87289
-10012
155930
65917
179383
11135
258592
190979
-29870
35109
216269
244102
141924
188415
51042
-28728
17319
88414
-21271
143050
67381
92038
157485
244034
41783
35542
249665
16718
83868
30497
141571
40812
75666
97950
38034
92571
205268
30026
31235
38310
-9056
206249
32637
211309
54926
68987
131176
-20887
148525
29682
34743
220304
95510
243914
27552
-9812
66149
-30326
188186
265585
100628
69921
-10312
202133
85996
267735
164911
138952
45061
68368
147700
50172
60166
276216
142240
224822
99842
181729
214764
17807
88768
252460
197860
57341
66298
12160
1991
61452
20123
-11298
185755
205689
63171
113424
52870
217836
92622
281564
-27608
54223
45442
115396
-10860
37370
-6666
-15871
105583
196834
-3352
161549
241244
131925
73569
188494
104855
18529
206568
219847
149504
-8862
15946
171394
182802
37214
10993
4091
139811
28598
151663
45114
7993
87146
190417
162894
209629
103509
63415
121868
413511
79674
112449
29463
18774
-801
139940
99065
58408
92165
-12358
114562
39175
130449
215349
224596
163482
73580
104830
161372
74089
19421
190861
101687
97203
217643
128094
164445
153378
23734
14296
-24915
93754
158098
33198
118996
216110
269865
263254
226110
128035
17223
31134
117088
169854
71819
34054
41726
-6963
28820
24117
-23372
68604
244139
8133
14462
47557
200143
94773
119966
63797
60485
147399
4008
105584
26887
189007
131512
262295
1647
124461
99082
-30622
125894
139981
108800
59242
147943
25678
87208
27460
104940
196296
64532
-3082
70338
69970
163776
175596
97991
59779
147958
76922
20080
160803
-19971
76369
194771
185480
-19549
239379
31561
78727
125091
11618
87
152480
234391
254465
190696
150863
246522
176482
64930
210535
278720
7192
245756
18796
339402
244600
132044
120697
126506
141405
99597
84411
26496
181745
203588
116284
205092
210663
94212
16885
85489
-15848
86058
77493
157179
139838
3984
110179
114043
297526
70944
30813
113657
148010
-4753
206736
178899
177531
210796
144273
196927
101540
211126
18040
12770
4336
45658
3885
21659
-17516
124202
59831
-19169
159728
238055
83327
-25540
221129
105127
92575
76838
240291
157861
23783
277540
85874
12829
185017
53792
102208
