95107
57427
68351
31601
6337
90997
69457
99577
70451
88681
76733
92413
46727
251
53231
25523
19531
23789
41017
50177
84143
17189
12689
63067
80669
16183
94421
23099
98981
3221
43427
9209
55579
33547
83203
35081
96199
62819
12071
24793
40693
11923
25301
79861
25307
84263
29531
16619
15803
36599
19181
96323
34673
45971
89329
28297
13997
88379
27179
41077
75503
92033
46021
98887
7451
91823
90787
68437
29017
13901
38327
43499
27449
41131
33889
61211
70769
44789
92951
59879
63781
51473
29537
15761
48079
33107
1709
54059
18413
71011
68371
367
6113
80207
53267
2909
48157
52529
96697
89809