61 34
550
26177
8305
3627
12876
30572
26423
8001
21011
5435
13209
28916
16302
3721
17039
4012
19449
20113
30976
6404
31026
32104
4661
112
15626
2507
4750
1827
10491
27
21107
27440
27867
21158
13710
4591
26546
30504
25143
12706
15049
32146
3376
15960
4867
1033
11667
7698
7280
11314
11528
26661
21536
30125
26683
13279
11317
8671
5006
14957
13884
1269
22539
20476
18366
26661
15516
30751
19729
24887
12158
6513
15988
17221
17395
5243
27484
3263
30775
16856
4104
30385
6070
7062
26971
2377
3452
5600
15083
22932
15085
27354
31574
21640
9910
24013
6869
15175
6147
14724
6163
13474
29171
3574
22335
6108
25416
28965
28511
21681
15972
18245
25064
7319
3441
22049
28812
12612
14047
10171
1364
31856
17939
50
24814
21724
11357
27369
840
5267
3627
8934
606
25712
28797
23160
17232
24800
23193
9757
18871
31721
16384
3746
4409
16492
18080
3724
9563
23207
15691
32439
27543
2557
22120
13885
21423
24570
31465
24985
25152
28818
18813
21773
18842
22441
5638
24129
1231
14297
32077
22828
10506
5743
24820
3127
24866
14518
24493
4000
18287
26233
7594
17437
4573
13763
29013
7363
17470
17385
18496
16421
23781
32714
22623
17600
12144
26966
29045
3223
25061
27213
716
1050
16385
11337
10537
18508
22732
4095
22783
30757
6769
10690
30947
13621
24653
26441
64
6027
10054
17073
28236
6357
23646
9925
11578
15049
31111
26750
13746
27843
25786
31174
1662
29871
17731
14721
17542
24361
17247
1230
5886
15075
26120
28042
5086
9031
784
14871
20626
24158
30061
4699
27379
4593
3540
32267
7799
21486
29065
6185
14756
6668
23413
7115
1995
19634
29561
11807
754
278
12290
2476
25106
7842
30173
28378
22403
29595
27213
32181
5044
32004
11099
23790
24607
26048
25198
21026
26236
248
25883
12127
30773
17340
22590
14821
27163
493
2378
28201
22615
29274
29149
17696
26275
15913
6552
24249
20666
8057
18989
13740
24332
21317
18873
16498
5047
25227
3925
9108
9139
1710
9703
22825
4172
11546
12607
29082
29910
24102
18783
20905
23708
2878
8217
4530
13593
2113
9440
25136
12395
13352
6872
6530
11268
5353
21807
20208
28579
27290
3504
9961
22658
32218
2453
13454
17617
11629
157
5237
21348
32550
31327
9382
19369
14346
5598
32234
16860
16306
28509
4678
19326
21233
6261
5314
22531
18871
22116
3694
459
29749
6824
17575
27475
21314
27085
21655
31917
12286
9347
10235
5421
22197
26355
10025
1382
30982
29267
19537
25940
31556
21688
31747
6875
12572
17196
18161
9328
19832
23041
30967
31767
2468
14181
6488
9869
18351
9270
16459
17094
13333
16151
26038
11674
10906
24003
3385
3515
25209
6305
29550
23530
9662
13465
8303
15210
6129
24359
921
14005
20468
28845
31888
13423
18734
10510
30083
14488
28650
6776
29362
17925
19705
13953
15149
29713
5279
12662
32478
3216
7341
12271
7625
17924
32234
29351
29843
28180
25783
29835
21057
6201
21747
12049
31555
9403
25885
30923
23985
13276
13496
12860
23252
22866
8692
13546
18920
9211
650
14516
6176
19917
25576
9062
10731
10252
5774
30347
24950
6079
2232
20355
28274
13924
13373
11733
19223
27363
9143
29638
2665
3777
21220
21802
23482
29590
28236
10362
26480
23745
13860
20007
26888
16730
2163
8750
10843
27240
22131
11245
17440
16724
2362
52
18355
25246
6553
2464
13845
18639
24389
11044
26675
9135
23348
28905
19563
12215