100
1 2 1
1 2 2
1234 12345 123
1 9 5
5 8 6
5 8 2
9 10 5
1 8 6
2 3 6
1 6 4
3 8 10
9 10 8
5 7 6
2 8 3
7 10 2
2 3 5
6 8 7
2 8 10
1 3 3
1 4 8
15 32 90
3 89 98
10 12 13
37 78 53
39 55 54
44 51 42
52 78 37
81 89 89
48 91 35
38 89 69
20 91 52
1 49 12
62 88 61
52 99 67
41 65 67
59 83 77
40 48 87
50 83 17
23 89 82
28 89 67
8 294 547
78 219 522
96 578 708
162 223 944
860 925 72
164 999 223
99 955 938
341 990 741
460 843 467
202 974 832
179 651 787
474 480 558
305 841 40
141 621 602
141 783 340
105 409 359
340 954 850
581 755 86
65 917 799
241 337 666
4064 8608 5614
1483 5724 7726
5754 9381 2412
22 8538 9090
3580 8421 8890
1904 6156 2176
6371 8826 7491
2405 8394 8256
490 4822 9505
816 8155 8523
5811 8986 6869
3696 9040 1420
4533 8329 4652
1353 8513 9955
3081 7963 6305
3458 5573 606
5343 8488 8430
227 563 7570
8681 9898 9691
1461 7917 6557
1183 75312 10157
85213 91568 7916
20321 87037 21724
32249 88649 98274
22763 95369 94637
8694 47165 35389
21068 43830 65111
11737 35300 57595
7893 88005 6202
1530 96858 95925
84569 90013 40462
16789 74087 18428
79160 91044 95217
27988 69707 13244
39418 57788 8880
14439 89524 19581
43990 92489 48143
76947 97190 26807
29882 69799 28203
13955 46684 95587