1000
9959 9533
9666 9500
9831 9276
9522 9642
9038 9536
9295 9855
9719 9173
9039 9509
9005 9058
9173 9564
9609 9396
9098 9847
9708 9618
9579 9284
9282 9105
9553 9274
9229 9462
9131 9088
9333 9701
9965 9106
9297 9189
9678 9667
9327 9336
9859 9289
9747 9132
9453 9356
9338 9243
9963 9141
9277 9259
9471 9222
9684 9965
9810 9158
9712 9894
9960 9058
9736 9352
9554 9195
9110 9271
9630 9650
9994 9899
9607 9452
9371 9377
9916 9046
9244 9160
9034 9624
9069 9692
9056 9561
9374 9677
9463 9462
9882 9918
9071 9459
9167 9885
9361 9342
9296 9070
9023 9694
9327 9614
9979 9255
9076 9928
9730 9171
9223 9427
9903 9488
9014 9710
9839 9364
9645 9233
9345 9426
9969 9948
9650 9850
9059 9276
9034 9570
9893 9809
9993 9663
9543 9713
9247 9617
9055 9091
9791 9242
9779 9412
9578 9054
9494 9970
9587 9832
9100 9409
9238 9345
9590 9641
9376 9463
9452 9517
9405 9959
9398 9650
9709 9164
9626 9980
9404 9979
9652 9801
9332 9516
9719 9266
9947 9001
9582 9062
9100 9212
9873 9533
9272 9107
9352 9517
9193 9579
9690 9383
9187 9486
9691 9384
9065 9549
9400 9751
9481 9444
9202 9697
9776 9992
9156 9391
9011 9298
9805 9515
9907 9657
9477 9413
9686 9497
9552 9800
9542 9382
9420 9204
9202 9719
9411 9202
9991 9843
9528 9378
9462 9708
9962 9821
9810 9343
9042 9809
9185 9112
9844 9489
9798 9366
9728 9945
9672 9354
9638 9114
9125 9567
9131 9858
9156 9584
9119 9002
9678 9349
9979 9301
9443 9524
9108 9611
9925 9288
9400 9490
9997 9131
9139 9312
9599 9211
9745 9577
9998 9415
9818 9715
9912 9574
9383 9243
9168 9068
9831 9846
9279 9811
9024 9671
9632 9308
9575 9445
9566 9451
9559 9488
9855 9940
9282 9247
9861 9577
9721 9004
9313 9471
9451 9563
9134 9051
9807 9805
9703 9584
9714 9895
9512 9718
9545 9266
9886 9299
9684 9329
9214 9737
9687 9645
9815 9947
9088 9192
9168 9055
9687 9244
9679 9442
9354 9018
9519 9856
9804 9778
9871 9839
9465 9550
9827 9534
9956 9341
9708 9561
9747 9976
9846 9490
9255 9351
9814 9687
9526 9978
9832 9982
9213 9095
9042 9609
9798 9375
9523 9586
9686 9176
9666 9126
9628 9841
9167 9930
9513 9703
9482 9823
9227 9730
9237 9332
9808 9015
9898 9520
9787 9373
9198 9901
9473 9375
9457 9076
9977 9028
9939 9819
9997 9568
9495 9407
9275 9969
9508 9858
9778 9714
9936 9100
9813 9640
9587 9026
9730 9830
9765 9167
9289 9240
9104 9333
9715 9450
9860 9306
9305 9376
9981 9875
9424 9306
9342 9698
9629 9534
9322 9407
9149 9516
9982 9536
9881 9848
9200 9913
9940 9074
9990 9243
9830 9685
9424 9773
9957 9242
9836 9891
9118 9914
9435 9513
9423 9526
9375 9373
9371 9072
9577 9480
9098 9038
9877 9404
9263 9739
9805 9475
9736 9740
9798 9884
9970 9674
9989 9229
9589 9453
9847 9480
9210 9076
9812 9237
9060 9149
9338 9171
9100 9287
9042 9422
9635 9993
9523 9800
9942 9561
9697 9240
9643 9676
9523 9892
9887 9113
9199 9150
9540 9572
9007 9616
9595 9460
9889 9296
9165 9644
9928 9650
9177 9515
9444 9784
9374 9643
9474 9643
9663 9729
9131 9639
9104 9978
9383 9888
9283 9304
9415 9959
9577 9871
9771 9435
9441 9068
9704 9145
9947 9038
9416 9266
9346 9028
9543 9631
9468 9037
9393 9517
9089 9365
9933 9152
9325 9062
9777 9858
9246 9489
9259 9825
9541 9175
9779 9130
9374 9066
9795 9217
9150 9602
9721 9299
9807 9266
9363 9466
9444 9007
9824 9295
9038 9452
9119 9700
9587 9359
9145 9145
9858 9538
9389 9123
9576 9322
9248 9557
9704 9327
9960 9687
9125 9928
9182 9390
9983 9068
9888 9305
9831 9169
9960 9512
9315 9910
9503 9411
9010 9855
9647 9686
9349 9260
9956 9742
9665 9241
9808 9395
9736 9819
9497 9171
9225 9392
9708 9003
9451 9444
9439 9373
9533 9459
9871 9760
9187 9826
9399 9923
9785 9317
9787 9008
9176 9399
9608 9241
9330 9572
9973 9916
9925 9214
9502 9030
9713 9153
9396 9497
9779 9337
9294 9637
9990 9829
9511 9760
9836 9458
9381 9087
9409 9296
9182 9768
9250 9795
9025 9461
9697 9578
9902 9753
9416 9352
9029 9136
9087 9925
9455 9288
9454 9322
9231 9738
9481 9015
9711 9056
9135 9460
9755 9492
9682 9130
9399 9677
9868 9528
9848 9913
9430 9237
9099 9897
9577 9473
9400 9031
9985 9435
9972 9457
9653 9912
9057 9363
9591 9537
9951 9319
9412 9658
9392 9940
9779 9242
9046 9112
9854 9310
9051 9157
9570 9380
9252 9933
9464 9217
9965 9774
9815 9962
9147 9371
9776 9252
9077 9641
9743 9234
9056 9045
9682 9274
9589 9975
9645 9999
9451 9504
9416 9485
9036 9658
9925 9087
9858 9804
9052 9928
9574 9394
9827 9571
9596 9295
9374 9188
9625 9907
9435 9964
9264 9859
9186 9006
9744 9348
9064 9162
9518 9645
9985 9869
9770 9159
9375 9989
9363 9814
9310 9350
9338 9366
9107 9647
9584 9548
9992 9738
9767 9546
9697 9366
9697 9744
9852 9876
9683 9787
9891 9972
9800 9920
9682 9142
9950 9845
9639 9736
9097 9324
9357 9091
9098 9439
9511 9052
9718 9347
9326 9780
9598 9077
9169 9631
9122 9741
9992 9381
9029 9997
9055 9219
9496 9608
9315 9687
9302 9411
9278 9062
9963 9590
9539 9766
9492 9039
9041 9507
9485 9731
9063 9131
9942 9300
9029 9736
9883 9785
9445 9185
9670 9961
9788 9712
9918 9046
9915 9290
9516 9226
9620 9185
9049 9459
9885 9321
9890 9102
9927 9212
9023 9868
9044 9311
9887 9992
9059 9210
9277 9637
9972 9816
9222 9800
9929 9115
9026 9929
9667 9133
9847 9705
9832 9175
9324 9371
9350 9402
9691 9307
9314 9920
9884 9751
9333 9472
9321 9136
9579 9595
9174 9184
9484 9274
9334 9913
9319 9036
9660 9314
9979 9338
9279 9936
9691 9585
9098 9127
9876 9059
9255 9238
9577 9469
9194 9732
9682 9398
9093 9693
9519 9988
9864 9370
9886 9191
9916 9444
9710 9707
9004 9848
9946 9655
9292 9752
9509 9288
9869 9886
9561 9042
9278 9296
9005 9948
9731 9521
9762 9577
9082 9134
9341 9502
9514 9804
9538 9367
9842 9978
9854 9608
9963 9075
9353 9542
9398 9193
9902 9170
9708 9400
9722 9201
9648 9552
9118 9460
9685 9425
9238 9433
9664 9603
9582 9103
9172 9149
9184 9770
9551 9075
9342 9771
9480 9060
9440 9853
9838 9345
9325 9208
9639 9246
9602 9854
9286 9054
9812 9431
9362 9337
9925 9485
9479 9525
9385 9472
9766 9430
9095 9536
9443 9038
9839 9476
9451 9531
9670 9077
9650 9667
9075 9090
9263 9664
9663 9722
9607 9364
9286 9836
9409 9051
9865 9495
9663 9996
9663 9377
9336 9030
9392 9432
9719 9915
9848 9627
9348 9806
9124 9174
9604 9428
9751 9360
9826 9181
9057 9389
9059 9711
9581 9435
9195 9415
9784 9550
9385 9391
9936 9834
9107 9926
9491 9700
9305 9427
9411 9839
9828 9032
9642 9969
9732 9574
9490 9578
9226 9221
9090 9448
9818 9609
9505 9236
9126 9636
9098 9745
9540 9526
9028 9179
9878 9453
9423 9211
9395 9805
9406 9050
9657 9246
9519 9988
9328 9561
9572 9088
9238 9033
9592 9585
9092 9777
9241 9566
9796 9514
9681 9042
9055 9194
9834 9300
9633 9308
9213 9468
9444 9026
9553 9979
9717 9778
9669 9624
9417 9052
9277 9018
9982 9224
9780 9889
9818 9144
9510 9075
9676 9514
9323 9031
9357 9466
9323 9332
9932 9009
9804 9217
9172 9273
9574 9129
9303 9388
9297 9973
9592 9455
9492 9815
9762 9763
9557 9687
9499 9150
9872 9889
9350 9851
9808 9546
9131 9319
9535 9733
9287 9207
9366 9528
9028 9170
9099 9558
9823 9123
9230 9298
9636 9619
9410 9177
9763 9977
9821 9405
9831 9673
9958 9690
9818 9942
9074 9513
9330 9472
9349 9742
9787 9140
9217 9714
9258 9390
9528 9872
9566 9159
9282 9497
9133 9135
9062 9119
9743 9250
9386 9402
9542 9339
9937 9244
9193 9722
9511 9565
9635 9925
9414 9614
9167 9640
9670 9952
9072 9508
9567 9160
9234 9265
9190 9401
9163 9108
9018 9672
9648 9631
9756 9206
9392 9748
9353 9568
9465 9792
9736 9503
9757 9351
9985 9159
9811 9900
9188 9352
9477 9149
9526 9367
9109 9800
9146 9010
9303 9081
9220 9422
9069 9456
9660 9513
9101 9475
9517 9462
9508 9807
9748 9989
9440 9166
9160 9503
9215 9471
9460 9195
9209 9608
9790 9451
9422 9021
9029 9723
9927 9807
9380 9503
9174 9724
9210 9418
9422 9841
9582 9511
9841 9551
9076 9928
9620 9992
9033 9792
9523 9497
9630 9393
9804 9926
9278 9389
9981 9239
9944 9110
9837 9317
9284 9068
9548 9259
9046 9187
9138 9604
9540 9385
9096 9401
9864 9320
9802 9968
9613 9416
9760 9483
9994 9330
9759 9118
9751 9477
9242 9895
9379 9905
9704 9084
9322 9822
9421 9942
9423 9250
9993 9271
9919 9005
9322 9324
9247 9101
9216 9435
9907 9392
9828 9757
9071 9486
9832 9945
9809 9027
9078 9252
9349 9014
9856 9554
9423 9483
9371 9084
9126 9209
9531 9088
9854 9307
9909 9185
9051 9143
9360 9948
9764 9449
9513 9774
9838 9045
9817 9606
9820 9903
9935 9935
9487 9739
9422 9922
9122 9860
9389 9053
9555 9830
9025 9511
9250 9851
9667 9135
9786 9718
9993 9568
9104 9633
9478 9118
9190 9359
9769 9813
9295 9521
9679 9462
9649 9553
9792 9354
9724 9241
9811 9578
9334 9514
9545 9972
9386 9140
9747 9223
9652 9497
9139 9569
9918 9545
9803 9894
9248 9179
9704 9719
9979 9545
9053 9876
9682 9865
9624 9226
9141 9002
9926 9747
9078 9365
9357 9112
9847 9768
9253 9320
9074 9322
9550 9199
9039 9801
9145 9637
9284 9427
9439 9755
9527 9726
9450 9647
9819 9713
9301 9890
9357 9535
9828 9471
9019 9888
9524 9619
9753 9110
9329 9195
9628 9968
9011 9680
9835 9569
9342 9707
9794 9422
9052 9794
9829 9834
9604 9303
9980 9306
9471 9212
9891 9016
9031 9022
9383 9985
9374 9316
9832 9094
9072 9903
9882 9610
9801 9215
9514 9801
9580 9290
9729 9187
9585 9915
9682 9420
9669 9733
9613 9556
9814 9493
9640 9173
9926 9569
9848 9729
9732 9307
9115 9663
9689 9396
9323 9594
9232 9978
9587 10000
9458 9463
9962 9612
9645 9711
9353 9819
9907 9416
9013 9239
9507 9783
9499 9518
9553 9335
9247 9896
9916 9905
9475 9779
9036 9219
9128 9894
9344 9657
9407 9920
9920 9132
9589 9287
9032 9749
9784 9921
9232 9960
9469 9067
9221 9337
9741 9347
9064 9905
9635 9126
9280 9165
9320 9024
9545 9275
9929 9192
9441 9844
9398 9168
9095 9560
9625 9438
9115 9038
9920 9164
9203 9798
9492 9920
9660 9924
9942 9507
9260 9454
9526 9227
9903 9120
9665 9928
9600 9293
9045 9334
9859 9412
9519 9832
9685 9604
9775 9991
9988 9864
9545 9238
9957 9258
9979 9078
9488 9752
9982 9632
9283 9286
9350 9710
9665 9241
9831 9105
9697 9360
9021 9801
9895 9209
9339 9319
9348 9247
9967 9971
9013 9958
9747 9917
9580 9186
9282 9756
9937 9771
9348 9136
9231 9530
9995 9953
9406 9513
9674 9724
9677 9460
9321 9010
9412 9290
9729 9055
9779 9530
9817 9411
9045 9022
9221 9994
9738 9865
9513 9804
9967 9912
9065 9221
9007 9210
9038 9035
9999 9895
9193 9433
9331 9866
9329 9543
9002 9455
9403 9782
9162 9156
9628 9437
9972 9736
9199 9277
9510 9396
9399 9773
9803 9308
9229 9637
9699 9637
9279 9435
9579 9555
9390 9505
9259 9978
9188 9849
9985 9945
9607 9262
9721 9118
