25
898964346263816119 0 1 0 1
695551661876680275 1 0 0 1
541339278184626994 0 1 0 1
776878154941220511 1 1 1 0
176899655923455865 1 0 0 0
74722413194608429 1 1 1 1
107082594376984429 0 0 0 1
164418795961218721 0 1 1 1
350506768532310164 1 0 0 1
75471625695323098 1 1 1 1
521476121401653749 1 0 1 1
475127442798588809 0 0 0 0
161011657564618206 1 1 0 1
151496035751147364 1 1 0 1
498851755902282534 0 1 1 0
249907533029346169 1 1 0 1
130228633875487314 1 0 1 0
203058703574432246 0 1 0 1
838527558603967241 1 0 1 1
238762044656244018 0 1 1 1
608888971291545019 1 1 0 1
137186852041225215 1 0 0 1
942486613083372940 1 0 1 1
190424388349344820 1 0 0 0
281665583696205447 1 1 1 1
