879
1388 102 82
5536 5024 25
6887 3053 14
6828 5650 57
7740 3406 51
6885 5214 72
6123 2729 51
9133 5925 75
29 24 5
4291 1133 76
4581 3815 22
8641 3993 28
2536 711 7
758 183 25
6864 2315 37
8802 2898 21
1969 1626 60
6553 4552 46
2222 849 51
2387 1584 84
5014 4496 32
3316 1296 60
2336 1678 74
6463 4810 53
7661 3802 22
8648 8608 78
9174 5334 65
440 74 1
787 442 95
2098 1557 60
4382 374 79
864 694 7
3638 2229 70
6929 4117 57
2897 485 58
8719 3406 96
8349 6349 87
237 14 57
3713 2638 16
5354 4938 86
3974 901 22
3981 3844 64
5830 1995 81
8581 5211 46
4054 3319 60
667 167 61
6367 4836 83
7325 1942 16
2646 986 45
7296 3064 35
7774 1245 14
637 204 12
3968 824 42
575 142 46
1187 872 8
6274 237 95
7730 4035 26
6312 5854 90
9923 8545 28
3381 487 55
5587 27 64
7634 5365 92
5881 2364 48
3949 3114 32
7529 5809 23
1853 1429 98
2210 753 50
3350 1221 28
8803 1774 58
2187 1031 23
5646 2801 96
8363 2151 34
4827 167 44
2673 119 95
2969 1697 59
8563 739 15
8428 4039 52
614 239 57
417 138 98
1731 162 65
3193 585 22
5344 2651 15
10 1 9
6638 2767 70
5581 5392 22
1662 829 94
3460 3299 38
106 89 93
3365 492 38
7688 2726 86
9161 4326 75
9754 8982 6
5905 1778 68
5531 5203 20
7733 4424 63
1645 376 61
1806 1016 9
5988 2688 34
8784 2269 1
9183 5348 44
9612 8999 51
9125 8121 63
7630 1826 34
8980 6471 54
9563 6822 99
3385 874 47
9816 4123 79
8342 8059 69
339 198 17
3649 1499 15
2958 2340 9
5655 4158 98
9684 3265 50
6301 6246 53
7104 366 82
4100 373 17
207 174 17
3679 2489 16
4360 563 47
7661 7306 94
1179 50 96
1773 512 29
8917 7073 49
5707 4657 82
6490 306 19
1077 468 41
939 207 70
6520 623 83
7541 1235 91
3972 952 99
5375 2000 42
5346 4709 89
170 107 12
2334 1420 11
3173 2239 58
3478 3060 89
3302 2120 95
2145 1922 6
8415 129 69
2802 756 65
9740 6339 52
828 329 22
4988 653 35
4123 2609 18
1866 1474 4
9941 5413 17
9123 7792 92
1958 1287 94
603 111 27
4544 1707 5
2803 2776 65
7611 1949 77
7478 5727 86
2803 885 99
1905 1194 34
7564 3739 87
7849 4242 41
8333 7325 18
3860 2101 84
1019 607 97
8394 3735 79
7806 82 28
4536 2703 45
1490 1462 85
5491 4296 23
7258 1929 3
2294 345 43
597 450 96
4768 589 91
7855 5118 58
4885 836 79
6954 6154 10
8447 8270 19
2173 870 38
7400 5535 96
3617 3028 53
6988 4790 1
493 212 1
2427 2330 23
6775 5499 47
3776 196 75
1714 1561 79
8291 5835 97
8701 8018 88
4253 2732 35
179 150 95
6872 330 23
8703 4407 72
2159 1186 32
8274 6141 54
266 241 34
5751 147 41
1369 620 69
8430 2378 82
8246 5738 89
8040 1493 52
7650 4810 27
9213 2529 26
8987 279 52
4046 771 36
6148 871 43
1389 283 46
8662 7477 27
3035 1707 90
2280 1787 22
8145 550 1
8590 4321 71
5222 2643 84
8520 1396 10
7729 7165 48
229 52 57
404 229 62
3225 844 38
849 518 74
6548 4589 62
6977 3815 76
4652 4279 90
7179 5205 70
3177 2618 34
4433 2519 49
233 180 49
1728 1443 37
151 5 13
9575 4370 86
160 77 88
2177 1190 21
6227 1881 35
3791 2845 78
2532 1912 95
9711 1835 31
200 64 75
1529 1353 54
8619 1660 8
3042 1727 30
8914 877 38
6508 1718 49
2248 2052 62
7925 4155 17
6212 1841 4
2235 1414 73
6350 5462 30
4342 1420 28
1540 297 28
7746 4995 5
6740 4050 15
9953 1684 98
8184 1315 30
7424 207 16
6271 2446 26
267 236 36
4069 1575 36
3702 3110 67
9067 2288 12
3621 1211 95
7036 1936 90
1545 1167 18
5487 1987 6
9877 7847 48
1658 555 58
4411 2789 23
7589 5599 25
9756 5274 74
7604 6168 53
842 556 12
6092 3002 89
715 46 99
1733 396 11
435 187 33
914 790 97
4455 2698 76
8524 4862 46
7417 5353 49
905 217 40
6084 1401 40
9326 6230 47
2679 1202 53
396 48 54
6150 385 13
556 237 21
7021 2026 6
438 433 61
7226 450 5
3225 258 39
2272 278 74
8936 8653 55
3868 543 80
1412 1324 40
3073 2306 68
860 739 51
7835 5958 90
3445 550 62
519 307 45
1475 1442 76
9967 9634 77
7823 6992 17
5631 1735 86
368 119 66
6195 1993 97
7642 6543 2
8537 3312 49
3656 1252 15
9126 7663 99
7490 3569 52
3494 921 92
8687 7133 10
5860 4792 52
7193 47 22
3686 509 58
9063 1254 20
715 204 70
3405 2108 12
1158 512 35
6895 1098 35
9424 1079 23
9870 4129 76
8397 5732 40
4382 2526 28
983 510 6
6472 577 97
2975 1511 55
1539 1230 92
586 392 64
2544 857 48
1778 1478 52
2466 304 40
4969 1920 11
1141 665 6
6325 956 23
7509 7201 47
9320 7283 97
1310 791 86
5577 669 99
8837 3282 54
6240 2908 40
8627 1192 79
1263 1149 90
2844 208 62
4228 960 5
5842 2425 34
1929 825 28
7889 2305 77
2989 2652 94
5144 3262 78
9348 2819 9
2454 2336 95
9719 6652 72
8608 8541 5
1994 1206 57
8697 449 72
4770 1951 18
9796 843 9
2654 2502 34
9934 5960 3
5486 2928 35
8502 2001 56
9748 826 90
2977 232 6
4663 4629 7
1565 261 78
3157 2143 98
7353 310 25
1434 1391 56
2859 833 75
9175 6593 58
5305 1204 72
3169 1497 27
5943 758 54
698 216 88
8887 7002 82
9131 2687 3
4925 3981 69
7053 2775 53
2149 1711 57
9379 5813 12
2388 730 77
773 465 86
745 120 70
7368 1515 92
2897 1775 20
4210 1144 64
45 14 10
8134 275 96
4024 3043 91
4550 4532 59
2712 1915 55
233 112 72
8934 7167 50
8814 3386 90
7459 6669 87
6005 2728 18
7781 3279 5
2418 185 91
5267 4362 30
9752 5963 46
8453 835 48
2415 2150 1
8439 5209 87
3144 1475 29
1499 893 55
4701 1175 24
2326 1666 94
5665 4674 23
6465 998 25
2691 2267 73
8560 3574 45
8590 7601 4
5314 5138 44
2494 797 92
3062 1514 46
752 299 71
2325 1203 85
4129 2688 67
6823 398 36
8214 306 37
401 48 11
1076 937 22
8038 7990 74
1207 285 50
3973 3481 9
826 543 30
3992 1077 7
2597 1177 31
3875 2359 51
5484 4989 38
7818 779 81
8523 3281 56
5388 5099 13
9955 9497 29
3631 1178 3
4651 751 48
5224 1385 67
2886 1760 89
4440 1087 95
6889 755 37
1432 925 33
8317 4341 50
5863 3236 43
1992 1441 32
5360 482 66
8361 2486 6
8916 739 40
2779 1922 23
1178 316 88
2998 1194 4
6425 3571 74
6115 4048 36
8989 4933 57
3879 2560 21
6210 3047 33
3434 550 1
1620 977 93
228 221 74
1701 947 50
6001 628 87
4515 1336 36
6906 5339 13
9208 7899 82
5587 3691 9
9788 3766 36
4519 378 80
4296 1300 76
5774 2492 98
8903 5865 59
2872 1760 64
1453 1440 10
7713 5874 17
8631 6601 95
841 400 82
9908 4257 62
4272 2591 13
9281 8079 39
7025 2221 55
7901 2566 15
4265 3229 25
447 262 47
6656 6464 71
8171 490 46
409 133 43
7371 6992 64
8702 4148 10
5635 3199 3
4152 1012 34
1215 107 90
1672 466 29
8641 7223 92
7039 741 40
1533 833 15
747 10 30
3496 2542 66
3308 674 6
8356 4317 46
2514 1262 86
201 92 66
5725 102 62
1339 1292 69
5340 1478 66
3635 1239 96
3337 3185 88
3646 3258 64
7288 522 97
1788 923 78
4715 1982 84
803 796 7
3112 403 24
8319 1403 32
2840 161 57
9269 6883 8
4966 772 73
6685 1703 8
9717 3604 42
4667 4664 15
9181 4555 58
1781 1182 62
5903 3308 84
1742 312 88
8970 8692 15
2633 405 83
2189 101 85
8584 6653 89
2008 1824 77
6439 6074 31
7769 3848 62
4854 3156 61
5571 5254 74
153 141 57
1493 1044 24
9476 5525 53
8284 2307 66
833 4 33
2400 778 93
7416 6781 30
8435 1405 56
9164 2387 97
4016 910 19
7781 1516 96
9178 8294 34
7162 3733 95
1170 13 58
3413 996 22
7341 6974 15
1328 1204 50
5060 1132 22
8987 5018 98
103 14 30
8531 6609 40
6349 3565 80
6460 5185 88
2392 318 89
4057 530 93
3227 1075 19
4368 645 23
4634 1998 16
8677 7805 11
3651 3278 96
4578 3901 68
1003 971 68
742 463 23
4046 2544 34
4985 3614 32
4712 3409 13
1167 1052 3
7039 3886 17
4592 1806 3
3677 2546 70
5844 3289 42
2770 1759 71
5129 1676 99
2843 838 62
3789 3588 70
5408 3704 52
4397 267 57
9463 5590 51
8715 7283 72
3658 726 13
8388 2797 44
4872 3399 76
3600 1106 44
6845 1570 60
7151 5985 17
4133 2584 52
9893 6747 8
4079 78 79
109 15 5
8577 2434 18
161 123 21
7182 4012 12
9346 4671 77
5096 1292 66
6797 6732 2
8782 1289 11
7146 1399 20
4112 2699 39
8348 4280 57
375 120 27
5411 680 77
9158 4941 49
911 499 81
7890 3794 28
8242 6897 55
1338 892 39
1550 211 10
3014 1537 51
3764 3262 81
257 242 91
1019 757 7
8395 4505 26
7726 964 34
5791 5790 25
1432 792 77
4898 3652 31
5735 802 42
9494 3788 13
2848 1996 45
9079 5525 55
5001 3810 65
566 453 53
2250 639 4
1324 274 70
3007 2771 46
2282 1130 36
2450 1129 20
683 77 66
7232 4673 92
5347 2584 38
3977 1501 44
9536 5299 98
1219 1160 24
6557 6242 73
324 242 70
4169 3776 98
7172 3109 94
8612 1180 84
6027 3907 8
772 703 53
3563 2295 41
7641 4961 82
5375 2227 15
4667 4266 99
7252 5699 11
5214 391 58
70 49 68
8166 1507 80
5681 2977 31
5875 3213 54
7819 6886 21
7764 2895 61
6724 3109 18
4371 4075 15
2165 1908 57
9712 8846 14
3666 115 37
775 185 13
9073 7819 1
2405 996 22
4010 2639 8
8334 4723 15
8180 5758 14
7253 799 61
6731 5958 25
911 24 90
4480 103 40
4580 2212 96
9290 4560 80
1506 1461 63
3498 205 40
6560 854 21
8516 2498 43
5507 5125 73
7470 4581 33
5180 3506 47
2954 2190 3
8570 1856 71
279 152 91
8852 4768 90
4792 2155 9
158 11 70
7748 1988 8
4515 2967 24
2940 881 89
1635 397 6
202 115 8
2356 1848 34
936 707 29
4902 17 12
4241 3559 23
308 67 38
797 61 77
862 586 18
3444 1044 83
2255 687 83
3961 3489 92
100 56 89
6241 4848 47
9071 4903 9
2341 862 19
1611 278 19
2002 340 56
1270 1001 70
8278 5086 68
787 457 36
8462 4568 42
8340 6792 47
8694 877 74
7649 357 23
2793 1775 3
6747 1093 93
5062 4239 16
7217 2665 96
1660 542 13
2744 392 75
1563 546 36
1316 111 72
8297 1099 94
9396 1803 71
6297 1731 55
4653 3407 86
9366 1363 94
6608 5177 97
4392 1281 98
6493 5679 30
7532 6537 76
9270 1346 24
4090 1419 48
2743 385 17
3844 3619 17
9940 883 45
7391 6003 20
5974 697 10
5783 3865 2
2907 2602 19
2958 1046 61
7060 5994 88
9335 3025 38
6621 1823 24
6503 6156 46
5148 3882 85
518 432 97
2638 1342 78
2577 1902 52
9703 9307 27
7834 3810 4
5129 4350 65
8581 1524 46
5773 2929 95
9459 6876 93
7754 667 14
7646 6342 68
5337 1371 83
2130 1456 21
3331 2343 30
5815 2128 56
1480 116 13
6334 5967 85
4687 1490 93
5799 4841 43
3315 2244 74
6253 1455 83
5787 5635 6
7058 3675 75
5184 875 5
1556 588 12
973 65 55
183 90 81
6432 634 56
6949 302 32
7317 3323 94
5722 728 7
41 18 17
732 152 53
7943 1980 30
7989 4723 60
2124 294 38
1612 669 8
3522 1247 24
4232 917 41
6074 3035 76
9315 2779 13
3794 357 22
2755 1065 1
3800 1699 95
7280 5762 9
6873 4883 67
4372 1182 48
1866 522 42
6374 5992 75
6372 6097 34
5673 2071 36
6932 6138 6
3256 1028 61
9170 1514 69
4076 3999 69
4963 997 39
6103 3761 89
4791 3103 22
7502 1380 31
8163 755 26
6403 462 85
2437 1281 68
137 49 34
7907 465 84
9109 7490 79
6580 5962 39
5838 983 38
4796 3579 85
7150 147 46
8048 137 54
3855 776 25
5751 1988 55
8887 3040 34
5080 3748 43
8483 1829 87
1332 318 69
8685 1428 58
399 337 38
3756 2718 28
8287 4713 3
7072 5781 89
1859 1824 31
1887 1419 53
757 490 51
2111 1015 38
4178 3415 58
2087 745 77
6317 4188 53
3531 3526 82
7540 6688 64
2574 555 51
5547 651 53
4014 3248 61
9372 1580 31
4370 2890 66
5143 3610 98
6526 3101 12
2735 764 28
7559 5372 92
8034 6689 52
1675 1282 62
7567 408 13
4551 2799 5
8625 4594 7
6522 4319 76
6568 1873 34
9723 9484 60
9258 2079 19
8900 4480 85
874 546 52
1354 937 56
6564 952 99
9318 557 66
7535 6160 83
9262 6064 81
4243 3026 6
1475 299 60
3668 2437 80
8843 3644 98
1526 793 81
9017 3632 78
1158 148 48
3272 2650 40
3101 2602 6
5475 1787 73
1607 496 49
4788 2347 80
50 33 20
5306 2542 40
1050 951 77
9512 4067 94
5720 2503 47
1491 1146 42
6511 3305 75
9885 7797 14
3117 2962 51
9160 3495 23
1290 454 31
1093 898 42
356 146 60
4474 1646 72
2377 796 15
8778 953 80