121
9811 1138 81
3247 2346 92
3842 725 10
2048 1736 10
886 421 17
982 122 81
3525 2533 45
2006 250 84
1522 1419 61
7785 2291 50
558 242 99
2886 2353 23
3075 439 88
7674 7642 63
3220 1013 20
1211 582 73
9193 7780 84
2498 650 22
904 774 16
3249 1743 36
7662 232 13
8529 4882 42
2116 1953 53
9280 1022 72
5435 2064 22
4697 4257 38
5544 2093 80
4782 4188 65
527 376 34
6818 2277 60
1258 977 92
9412 5696 38
870 220 66
8238 2766 93
6266 5849 86
9911 4558 18
3656 1334 89
8502 2720 61
7470 5547 47
5322 5097 85
7564 414 28
6188 492 62
2123 5 88
3159 1818 70
4298 1612 88
7064 6510 3
3097 2646 49
3962 1618 21
5726 4436 51
3091 2799 54
8453 4839 61
4359 1019 6
5144 2568 9
4985 1452 41
7946 5444 87
7909 372 33
4724 626 16
3106 3079 99
6196 5349 10
9944 8381 90
5312 3320 33
8721 2398 86
8805 1942 46
7494 7010 68
2960 1346 17
2996 1393 57
3329 1496 42
4465 860 5
7989 3087 25
6224 2589 87
6045 5546 70
2132 479 85
9988 9905 98
9537 6382 3
6170 4712 29
3621 1442 51
6122 5045 25
9811 6657 54
6696 295 48
8303 987 85
6565 3813 61
6312 4243 15
7630 6583 91
4466 1106 34
485 335 40
8831 3523 38
4063 2356 45
8961 1696 32
7528 2447 76
6853 127 70
5087 2510 96
911 134 76
5117 3650 43
4867 4670 88
8411 6627 95
3709 3409 38
7720 1770 22
8891 8246 72
7007 4312 6
523 88 50
2461 1583 78
2488 2479 6
2042 610 39
6642 5425 88
1007 384 35
6778 6355 81
3156 2617 47
1987 1185 65
2287 471 90
4339 852 22
5624 3123 38
9479 1471 83
8457 4063 33
3257 384 65
8533 3160 16
9835 3275 24
1969 465 98
8272 5247 79
6903 159 85
6959 4503 90
6262 1157 84