305 821
180 309
73 770
89 442
88 681
162 35
37 442
129 137
33 639
53 485
78 777
286 639
185 941
399 239
269 386
270 950
406 537
255 752
264 303
328 432
345 447
321 123
331 856
297 847
257 309
296 806
227 177
168 806
54 677
373 595
69 838
71 815
271 774
294 130
350 604
247 434
366 254
31 766
330 458
383 9
74 201
1 738
46 773
54 879
130 860
84 821
312 643
60 560
251 619
103 374
129 639
324 77
49 815
43 949
69 68
217 337
399 774
36 349
191 479
301 332
222 954
330 643
160 586
197 250
243 102
325 576
262 610
21 946
129 892
364 398
104 369
111 531
100 241
74 644
310 469
408 283
337 712
100 411
353 313
69 22
312 214
50 349
111 617
280 956
76 832
190 790
17 743
300 882
155 45
132 701
52 566
24 882
345 874
187 601
123 700
338 586
51 64
235 686
206 14
370 390
293 753
181 228
313 269
286 755
287 707
381 305
135 188
330 445
199 888
115 306
97 86
45 815
214 780
141 815
95 968
186 594
7 860
215 813
35 486
88 962
107 170
5 402
12 209
104 283
318 92
388 39
32 359
244 631
322 720
5 157
10 516
386 531
20 402
186 173
341 93
393 598
166 369
403 922
175 36
381 116
123 184
59 674
114 635
53 604
261 301
129 420
82 8
95 804
228 107
201 117
6 907
176 865
121 844
333 708
46 133
401 956
10 419
102 152
43 273
225 790
51 743
323 459
364 312
345 116
169 622
6 419
256 776
355 766
40 753
116 673
139 890
288 930
148 908
89 546
176 642
331 574
221 750
143 612
296 624
269 94
313 643
119 408
347 517
198 900
135 330
138 526
129 429
325 793
233 134
136 40
225 514
198 811
359 857
135 437
391 691
386 202
310 130
242 220
144 538
397 326
128 471
99 68
269 556
290 950
362 75
186 871
140 282
403 959
71 766
350 571
353 488
305 130
296 920
101 831
9 327
349 465
318 120
234 834
372 448
317 121
30 377
322 918
360 213
89 374
282 308
86 550
155 0
75 643
141 366
167 899
68 689
108 324
250 917
27 135
165 22
296 461
23 137
179 390
15 961
206 424
392 351
137 392
360 298
21 769
401 804
15 879
69 666
214 595
244 254
286 695
267 671
62 765
346 724
201 713
149 237
38 194
355 834
273 42
264 793
233 705
142 947
340 121
54 867
145 529
308 913
350 686
247 612
329 198
223 526
92 583
198 415
307 94
249 182
393 64
115 475
342 263
400 333
303 12
389 287
78 211
291 561
53 4
144 146
328 417
303 529
91 175
73 580
342 5
51 338
185 740
10 706
379 609
201 505
23 884
72 110
335 126
177 772
227 217
95 642
29 374
340 126
316 37
199 592
344 593
371 664
90 565
290 337
36 686
147 31
192 162
179 165
256 130
308 159
332 238
247 594
405 834
280 407
10 67
103 555
56 9
259 295
125 722
272 311
51 565
59 858
76 468
96 624
222 348
73 507
238 268
61 57
163 561
259 532
99 703
397 462
1 299
402 423
316 49
137 833
378 851
172 69
164 146
386 783
24 310
407 476
287 246
125 859
38 633
112 622
341 143
79 816
165 902
275 520
236 470
61 540
283 895
371 7
61 372
168 642
151 255
101 441
87 330
147 690
399 927
323 190
82 706
50 666
208 72
170 382
43 253
372 428
128 89
98 812
209 155
339 503
290 893
340 951
338 598
387 115
207 283
111 529
386 492
251 615
73 305
376 564
74 886
373 497
189 621
335 657
263 741
406 240
384 69
212 478
0 245
78 482
95 39
254 610
384 778
392 795
20 379
380 859
11 441
65 173
390 292
400 271
289 495
196 509
190 634
213 848
26 361
126 590
286 715
96 591
404 89
350 590
325 106
110 713
46 265
73 738
215 928
171 584
230 610
273 502
267 283
160 776
66 601
330 545
288 169
137 697
64 824
127 132
343 348
271 197
402 439
187 679
81 716
138 328
278 956
294 935
168 756
365 188
103 544
333 952
50 566
312 765
57 539
281 933
387 476
125 708
222 486
21 435
19 201
317 107
22 543
55 399
77 328
227 706
179 164
224 803
379 456
144 577
317 734
96 211
297 699
41 420
399 192
375 60
208 18
56 0
268 676
310 902
256 442
29 64
183 639
349 742
237 392
347 623
285 358
282 927
327 784
108 569
262 490
383 702
1 645
108 236
59 441
234 481
407 801
251 703
400 252
202 869
143 729
295 43
50 544
170 645
99 621
226 665
317 513
161 806
0 310
83 527
122 938
33 632
162 205
161 602
1 286
268 790
69 812
370 886
212 21
34 704
52 262
161 44
308 201
331 389
340 402
162 859
280 505
13 311
85 648
379 145
301 283
45 8
294 56
124 830
121 531
284 4
293 552
381 60
33 232
395 846
398 505
220 31
285 528
209 890
194 778
195 623
141 607
375 694
321 496
403 954
360 168
208 145
357 652
274 805
51 196
25 739
246 229
376 499
44 525
155 469
13 375
308 578
407 457
2 196
68 695
165 403
17 782
108 841
401 868
174 162
151 898
87 372
152 319
188 164
375 113
223 613
375 173
294 40
143 860
101 261
77 827
282 788
207 732
362 633
387 532
246 320
212 228
203 711
386 101
46 617
294 610
118 167
111 168
183 813
386 224
9 547
278 543
303 538
36 340
246 681
40 176
403 326
286 386
381 859
110 48
168 649
144 170
203 903
4 509
154 605
118 429
116 530
33 651
381 307
61 783
344 934
85 343
81 780
339 294
265 624
195 613
316 275
20 794
355 893
12 941
349 866
40 80
105 0
125 120
68 311
250 345
44 520
298 74
406 120
132 51
132 631
127 574
40 599
100 830
331 626
269 17
286 438
216 547
154 399
256 24
82 43
24 168
336 514
15 796
369 88
21 6
238 445
368 705
189 358
76 280
302 36
314 753
352 631
176 318
129 739
78 761
291 350
314 953
303 444
15 734
107 582
355 448
383 687
84 516
130 945
5 685
359 405
13 937
83 718
262 296
37 378
207 269
84 689
173 307
254 541
67 426
211 333
337 202
124 953
8 223
26 310
119 320
31 451
390 309
138 404
33 314
59 860
371 678
371 197
334 47
83 675
87 255
240 324
60 14
276 547
26 332
120 68
317 49
69 717
348 672
117 607
137 143
121 812
231 247
151 508
142 845
282 615
133 67
217 494
219 502
192 821
305 662
133 965
15 119
144 398
209 454
169 797
62 66
167 544
381 235
85 699
184 709
211 901
198 303
188 223
260 104
46 717
314 398
234 128
212 145
282 400
297 159
405 623
169 39
75 579
233 789
25 773
50 260
373 746
87 571
370 651
20 337
277 175
260 492
194 433
114 211
312 786
145 247
37 227
60 8
155 470
349 855
368 765
15 455
265 708
398 480
82 529
296 151
135 739
284 127
129 8
184 325
397 33
253 851
349 400
292 288
256 880
141 719
300 691
338 211
26 316
382 294
387 160
111 955
329 933
98 70
249 882
373 620
387 914
198 177
349 919
254 110
378 195
148 696
24 277
163 432
337 675
171 150
375 643
38 305
90 476
5 770
256 480
88 870
334 587
44 448
348 88
352 68
372 527
88 407
371 957
381 369
23 954
159 187
193 274
366 863
309 767
401 291
44 544
6 521
150 589
200 648
302 756
381 202
246 470
262 336
232 443
45 790
234 215
43 476
6 202
10 273
165 632
292 36
335 327
236 436
275 200
128 106
214 37
218 269
235 843
320 901
331 454
323 701
45 51
403 511
195 819
239 705
56 466
273 347
403 654
221 947
16 924
392 930
257 533
360 505
54 762
211 381
396 735
227 755
171 185
50 265
396 130
123 923
166 747
52 189
33 908
307 106
362 150
56 683
45 606
314 857
360 850
197 854
228 713
56 171
390 416
143 730
317 300
328 751
49 571
20 627
340 29
283 871
33 36
181 142
264 41
218 74
258 314
51 36
202 489
255 966
26 880
14 563
37 295
112 157
315 569
148 372
88 538
346 376
322 479
29 65
255 790
8 924
302 865
