637885
1723296
702705
1268028
1205128
1454365
1044735
846951
1581531
516636
1098903
1423828
781875
689725
1817371
1149886
1959210
1026028
1081185
685035
791911
1162050
1091503
984906
1577976
749700
1350546
1751256
1194285
1695561
1783216
1560261
1798356
1373653
564453
1456071
1288815
1322751
819840
1007490
1569106
909226
933661
696790
1097421
1098903
1481781
1168156
1492128
1871145
1345620
1535628
1902225
1626306
1796460
1091503
503506
1890540
1018878
1430586
1773786
841753
1921780
952890
1027461
1094460
1832655
790653
1020306
1124250
972315
1572651
1097421
1490401
1611910
969528
1432278
1939465
706266
1078246
1830741
881128
1053426
987715
1043290
650370
720600
768180
1995003
1777555
646953
1386945
627760
1130256
510555
508536
1149886
1675365
690900
1586871
702705
1340703
607753
1450956
830116
1562028
648091
641278
666435
554931
750925
1301691
527878
883785
540280
729028
616605
555985
1244253
1230096
711028
935028
1148370
1637145
1790778
592416
1378630
846951
1405326
856086
1423828
1504245
832695
1565565
1335795
1929630
1669878
681528
1140805
1599366
1198926
977901
1684530
1975078
1339066
991936
1917861
1365378
1509453
1098903
1339066
601156
1540890
1329265
1483503
1212903
803278
595686
1067991
882456
921403
592416
552826
1362075
771903
731445
1949325
1495585
660675
730236
619941
1691880
861328
1263255
1292028
1749385
1222266
1056331
1151403
1365378
1444150
1894431
1504245
1178880
1900275
1679028
1388611
1851850
1474903
648091
1749385
1512930
1540890
1274406
1041846
1651653
828828
1151403
1160526
1535628
741153
1011753
976503
507528
1925703
637885
731445
830116
735078
1861485
608856
1181953
1906128
962578
1091503
1420455
1586871
1194285
690900
1407003
850860
1034641
1282401
1567335
664128
907878
639015
1569106
1849926
1695561
598965
944625
1836486
1263255
758296
1556730
611065
1553203
1488675
907878
1809753
1490401
1714026
958420
538203
667590
1785105
791911
1139295
1547920
1109305
1385280
895791
1051975
1896378
1817371
575128
1026028
631126
1622701
1230096
776881
783126
697971
738720
1823095
759528
1396956
592416
1989015
1671706
580503
1454365
858705
871860
1157481
1237951
1159003
1248990
553878
1085601
1770021
804546
1103355
735078
955653
1314631
955653
1327635
1732591
1152921
1040403
955653
1188111
1638955
907878
1987021
679195
802011
937765
1145341
991936
1033203
1838403
1576200
983503
1644391
1732591
607753
1142316
572985
1581531
1865346
763230
1844160
875826
572985
1165101
586986
1412040
706266
977901
1121253
659526
622170
1319500
689725
1919820
961191
1476621
1594005
778128
1805950
1128753
1779441
1225395
517653
1337430
1777555
1804050
997578
970921
1334161
768180
1220703
1788886
614386
1576200
649230
1014600
544446
539241
525825
1474903
1979055
830116
1274406
1348903
870540
1730730
814726
914628
1981045
619941
1155960
529935
1276003
1069453
1528626
1225395
1140805
1468041
1762503
1155960
1610115
1951300
828828
903840
1809753
1166628
1492128
724206
1611910
1876953
1684530
780625
901153
866586
1819278
877150
1358776
645816
1069453
604450
682696
525825
963966
1104841
1512930
1075311
1459486
1983036
770661
844350
1311390
500500
1669878
1913946
1585090
1673535
644680
1139295
568711
764466
558096
1306536
763230
1127251
1101870
1563796
1471470
1961190
652653
1915903
1991010
575128
907878
831405
1290421
1065070
1499046
1721440
743590
1079715
955653
569778
1408681
518671
789396
1492128
1081185
898470
731445
1511191
1069453
660675
622170
1485226
780625
984906
1276003
1562028
604450
903840
533028
1533876
1695561
849556
1963171
1617301
1730730
1303305
1519896
1373653
699153
1330896
1109305
696790
693253
1702935
1155960
1006071
926841
1303305
1057785
1095940
653796
1363726
518671
675703
1662576
1929630
1295245
699153
1781328
970921
1076778
703891
553878
1241100
613278
1166628
1010331
1180416
714610
861328
1840321
933661
1178880
1200475