1501944984
1551299669
1540953442
1551299669
1590844738
1492125340
1545880574
1585696665
1589571330
1565467722
1532328321
1527337188
1590844738
1532104824
1596881265
1431949638
1506192160
1551299669
1551299669
1495434070
1532104824
1596881265
1352371313
1548968590
1347917771
1564747413
1596881265
1494399336
1380018647
1545765710
1596881265
1502837982
1527337188
1525752526
1585696665
1596881265
1596881265
1547183661
1590844738
1585696665
1491905805
1431949638
1565467722
1547183661
1550625284
1550625284
1596881265
1495247490
1596881265
1585696665
1589571330
1548968590
1495434070
1585696665
1527337188
1585696665
1540953442
1485494907
1585696665
1461855948
1561139172
1578726530
1429447149
1550625284
1550625284
1596881265
1596881265
1550625284
1596881265
1527337188
1275693430
1508794335
1547183661
1585696665
1437845596
1553875060
1362750855
1576801317
1548968590
1525752526
1589571330
1589571330
1596881265
1514541006
1547183661
1323876520
1565467722
1589571330
1532104824
1574552010
1585696665
1589571330
1229069781
852721668
1590844738
1564747413
1508794335
1530443268
1532104824
1564747413
1547183661
1585696665
1564747413
321498380
1585696665
1533292134
1530260180
1208187468
1508794335
1547183661
1550706014
1437537225
1596881265
1589571330
382759992
1445863780
1596881265
1596881265
1571356410
1502837982
1589571330
1585696665
1589571330
1431949638
1596881265
1590844738
1550625284
1199174927
1596881265
1585696665
1431949638
1380018647
1215121907
1504637204
1589571330
1504637204
1596881265
1495434070
1565467722
1585696665
1504637204
1538716860
1547183661
240185660
1589571330
1532104824
1378220256
1550625284
1590844738
1576801317
1532104824
476856508
1553875060
1596881265
1533292134
1596881265
1590844738
1596881265
1589571330
1514541006
1585696665
1467749374
1596881265
108989992
1596881265
1547183661
1547183661
1550128153
1504637204
103112945
1491905805
1596881265
1585696665
1514541006
-1453599840
1532104824
1547183661
1571356410
1532104824
1550128153
1571356410
1525752526
1495434070
1527337188
890668707
1428272397
1514541006
1596881265
1585696665
1553875060
1596881265
1349011686
1550706014
1485494907
1590844738
1596881265
1589571330
1585696665
1596881265
1585696665
1550625284
1550625284
1527337188
1533292134
1249218069
1596881265
1585696665
1548968590
1585696665
1530443268
1589571330
1495434070
1550625284
1585696665
1482643253
1380334737
1495434070
1590844738
1527337188
1596881265
1527337188
1532104824
1585696665
1445863780
1547183661
1532104824
1547183661
1561139172
1479775788
1386708088
1441673932
1561139172
1530443268
1550904570
1336847239
1530260180
1504637204
1514541006
1596881265
1428272397
1504637204
1530443268
1596881265
1589571330
1494399336
1596881265
1596881265
1596881265
1585696665
1504637204
1585696665
1530260180
1596881265
1585696665
1596881265
1585696665
1477229904
1596881265
1565467722
1540953442
1530443268
1504637204
1559812305
1596881265
1491905805
1514541006
1292832900
1479775788
1514541006
1501944984
1565467722
1547183661
1547183661
1574552010
1530443268
1445863780
1596881265
1514541006
1513995390
1504637204
1578726530
1461855948
1590844738
1553875060
1589571330
1538716860
1596881265
1530443268
1547183661
1596881265
1574552010
1559812305
1596881265
1530443268
1514541006
1075212944
1596881265
933439350
1596881265
1547183661
1547183661
1477229904
754074672
1589571330
1589571330
1530443268
1445863780
1477229904
1553875060
1576801317
1480035198
1596881265
1553875060
1596881265
1501944984
1589571330
1530443268
1559419770
1589571330
1553117150
374535963
1590844738
1590844738
1514541006
1578726530
1574179070
1293624162
1596881265
1596881265
1589571330
1578726530
1553117150
1514541006
1277262675
1501944984
1589571330
1502837982
1510006218
1202278707
1596881265
1574552010
1547183661
1596881265
1514541006
1559812305
1530443268
1589571330
1530260180
1466341005
1574552010
1504637204
1596881265
1532104824
1504637204
1596881265
1504637204
1530443268
568058
1514541006
1496310985
1553117150
1596881265
1561139172
1456566778
1596881265
1264122600
1547183661
1530260180
1596881265
1352371313
1504637204
1530443268
1589571330
1201918360
1530260180
1578726530
533304825
1590844738
1596881265
1530443268
1530260180
996033300
1590844738
1530443268
1251489690
1333788354
1530443268
1530443268
1501944984
1590844738
1416792720
1530260180
1547183661
1530443268
1574179070
1590844738
1590844738
1565467722
1558143290
1532104824
1530260180
1578726530
1501153291
1456566778
1530260180
1565467722
1132109014
1533292134
1553875060
1502837982
1574179070
1590844738
1553875060
1564747413
1502837982
1590844738
1590844738
1553875060
1565467722
1590844738
1590844738
996033300
1553875060
1553915906
1569057273
1532104824
1558143290
1175937899
1558143290
1590844738
1578726530
1590844738
1547183661
1590844738
1578726530
1547183661
1553875060
1590844738
1249218069
1387607243
1553117150
1570549080
1553875060
1553117150
1578726530
1532104824
1578726530
1431949638
1590844738
1501944984
1538716860
1590844738
1553117150
1540953442
1511850186
1477229904
1547183661
1504637204
1407311950
1530443268
1496310985
1237690548
1502837982
476856508
1590844738
1570549080
1530443268
1590844738
1590844738