1587498330
1599800004
1599800004
1565065152
1599800004
1596881265
1531241162
1593763875
1599040080
1599800004
1598520312
1596881265
1531241162
1599800004
1599800004
1599080022
1599800004
1583920596
1599760005
1599360039
1596881265
1599800004
1593047488
1576880256
1597880696
1586782560
1599800004
1599800004
1599800004
1599040080
1599800004
1599800004
1528936368
1599800004
1599760005
1599040080
1599280065
1597880696
1599800004
1599800004
1599800004
1593047488
1599800004
1590254715
1599040080
1599800004
1598240403
1599760005
1599800004
1596801375
1550860560
1599800004
1581889848
1591410150
1405357800
1598840120
1599800004
1587618696
1599800004
1599760005
1598520312
1596881265
1598840120
1162636790
1596881265
1580846575
1599800004
1596881265
1596881265
1599800004
1599800004
1599800004
1569456006
1599800004
1589297331
1405357800
1598240403
1598840120
1599800004
1596881265
1596881265
1596881265
1598240403
1598240403
1593047488
1592847630
1591809450
1599800004
1599800004
1599800004
1594682616
1599800004
1596801375
1580846575
1580846575
1576880256
1590254715
1599760005
1599800004
1599800004
1599080022
1599800004
1596881265
1597880696
1596881265
1594960125
1588492815
1599800004
1472214240
1599760005
1587104676
1590254715
1572130512
1528936368
1590929460
1588492815
1592847630
1576880256
1599800004
1554724819
1599800004
1599040080
1594162928
1596881265
1599800004
1596881265
1599800004
1598840120
1596881265
1599800004
1510876249
1599800004
1599800004
1596881265
1599800004
1590773298
1599800004
1596881265
1597880696
1557722960
1599800004
1596881265
1599760005
1599800004
1599800004
1596881265
1596801375
1599800004
1596881265
1596881265
1585625344
1599800004
1599800004
1599040080
1596881265
1576880256
1598240403
1590124950
1596881265
1599040080
1598240403
1598840120
1599800004
1596881265
1599800004
1596881265
1598840120
1599800004
1596881265
1598840120
1576880256
1587104676
1599800004
1592847630
1598840120
1598840120
1598840120
1585625344
1599800004
1599800004
1596881265
1596321675
1587618696
1599760005
1585625344
1561939643
1591410150
1589527945
1599800004
1599800004
1598840120
1596321675
1593964060
1599800004
1599800004
1599280065
1536820400
1596881265
1593047488
1592847630
1599800004
1599800004
1599800004
1596881265
1593047488
1599800004
1509317257
1598240403
1580846575
1599800004
1599800004
1599800004
1599800004
1548029000
1592728200
1599800004
1497714402
1599080022
1599280065
1594085412
1598840120
1599800004
1598240403
1334396888
1599040080
1598840120
1596881265
1599800004
1596881265
1599080022
1490645310
1599800004
1599800004
1599800004
1567460106
1596881265
1599800004
1587498330
1599800004
1599040080
1599800004
1599800004
1599800004
1599800004
1598840120
1476203652
1599800004
1584347600
1599800004
1599800004
1593763875
1599800004
1599760005
1565065152
1596881265
1574697146
1599800004
1599040080
1587618696
1596881265
1599800004
1582448144
1599800004
1598840120
1599800004
979864656
1599800004
1599800004
1599040080
1598840120
1596881265
1596881265
1599800004
1472597199
1599800004
1597880696
1196809845
1596881265
1599800004
1539619803
1576880256
1596881265
1596881265
1599800004
1599800004
1599760005
1596801375
1593047488
1598840120
1599800004
442359465
1598240403
1599800004
1599800004
1585625344
1599800004
1596881265
1550860560
1596881265
1587618696
1599800004
1599040080
1590773298
1599800004
1599800004
1599800004
1587104676
1595521840
1599040080
1569769258
1599800004
1599760005
1599800004
1590124950
1591960980
1598840120
1594085412
1599800004
1599800004
1599800004
1599040080
1599800004
1599800004
1599800004
1405357800
1597880696
1599800004
1594960125
1596321675
1576880256
1586945172
1596881265
1590773298
1599760005
1599760005
1599800004
1586945172
1599760005
1598840120
1596321675
1587618696
1599800004
1599800004
1596881265
1599800004
1596881265
1599800004
1599800004
1599800004
1596881265
1592728200
1598840120
1379042039
1599040080
1585625344
1565065152
1587618696
1599040080
1596801375
1599800004
1596881265
1599800004
1587618696
1599800004
1589297331
1570257340
1598840120
1599800004
1599800004
1596881265
1593047488
1599800004
1599800004
1405357800
1591809450
1596881265
1527862896
1576880256
1599800004
1599800004
1596122170
1599040080
1587618696
1533816177
1598840120
1599800004
1598840120
1587618696
1576880256
1586782560
1599040080
1599800004
1599800004
1599040080
1596881265
1599800004
1599800004
1599080022
1599800004
1599800004
1599800004
1599800004
1598520312
1599040080
1599760005
1529371116
1599800004
1596881265
1528599780
1599040080
1599040080
1599040080
1548029000
1589297331
1599040080
1598240403
1599800004
1599080022
1595521840
1587618696
1596881265
1598840120
1596881265
1510110000
1599800004
1596881265
1497296784
1115619500
1599800004
1581889848
1599760005
1597880696
1592847630
1599800004
1599800004
1599040080
1599800004
1587618696
1592847630
1599800004
-972569436
1599800004
1599800004
1599800004
1569456006
1592728200
1599800004
1596801375
1599800004
1596801375
1587498330
1598520312
1596321675
1599800004
1591809450
1587104676
1599800004
1598240403
1596881265
1599800004
1599800004
1596241680
1599800004
1576880256
1599040080
1596881265
1599800004
1599360039
1599800004
1599800004
1589497236
1599800004
1599760005
1599800004
1596881265
1598840120
1599800004
1576880256
1599040080
1596881265
1599800004
1599760005
1593047488
1599800004
1598240403
1596801375
1575723132
1598840120
1571421600
1599800004
1599800004
1599800004
1599040080
1591960980
1577290960
1585625344
1528936368
1582646964
1596881265
1599800004
1596881265
1599800004
1571421600
1596881265
1599800004
1599800004
1599800004
1599040080
1596881265
1599800004
1478853600
1598240403
1599800004
1599800004
1592847630
1599800004
1599040080
1596881265
1599800004
1594481625
1569456006
1596321675
1599040080
1597880696
1598240403
-188598359
1599800004
1599040080
1598240403
1596680910
1593763875
1598240403
1599800004
1576880256
1599760005
1599800004
1592847630
1599800004
1588492815
1596881265