1357403420
1318079399
1442400449
772003908
522510431
1357403420
1357403420
1348350588
1554605130
624730704
1442400449
-557598387
1348350588
1357403420
1442400449
1357403420
1357403420
1357403420
1357403420
1360506424
-4923432
1020808520
1357403420
1357403420
292033382
1357403420
930985948
1442400449
1305102710
1442400449
942735870
1254634482
1259848184
1447416529
1133590736
222225235
1305102710
930985948
456777302
1305102710
942735870
1133590736
1259848184
1259848184
1299857545
1299857545
352767272
1259848184
882264368
1305102710