1645
14 5639
28 1526
24 2394
17 4905
10 2153
3 615
21 5322
24 3551
1 4990
23 4575
12 269
28 3189
3 2957
3 4723
8 1409
30 6825
13 426
30 2397
14 2463
2 7214
10 7708
22 6827
15 1709
9 7879
6 848
24 4198
2 6609
27 7206
3 1112
17 921
16 5385
15 1676
27 1734
17 5394
14 4902
25 6997
13 6074
15 3386
15 1948
4 119
8 6121
7 5333
9 576
4 3277
15 5448
13 4207
27 816
20 2281
17 3484
25 275
16 2686
15 6633
18 2077
18 2180
28 3685
23 5005
2 3378
27 3517
16 622
5 5640
11 4520
22 2540
28 1367
22 1414
10 2789
28 3529
18 2489
7 3107
17 5817
30 2119
29 4348
3 290
4 3099
1 552
29 7364
11 6554
7 6332
9 2856
27 4207
2 6077
30 2723
15 1343
2 5405
14 3306
15 3264
25 6362
18 1420
4 975
18 7221
10 5003
23 1247
18 4214
6 3052
25 4150
9 3448
30 6362
16 5471
9 4910
4 1027
19 3079
27 2512
14 775
24 4964
27 1979
5 4696
19 4516
10 940
18 2394
15 4673
1 3358
21 2409
23 7819
5 3062
6 4392
15 6582
10 1909
13 5784
8 3319
16 5853
9 680
3 5808
30 5363
17 2798
11 7503
12 3174
16 4463
2 6218
29 6990
1 7413
5 6897
13 7725
9 834
13 5018
15 2004
13 6215
1 2400
3 4642
10 7643
9 4392
4 3783
22 6988
14 6676
11 6165
20 6702
30 6029
10 662
14 3386
21 5009
27 2413
15 255
11 3224
7 4866
7 7180
16 944
20 746
18 119
29 1845
10 5156
27 6098
13 2569
7 3202
14 3627
2 6147
30 628
22 1286
20 1403
21 300
6 2669
18 4415
25 4690
1 5103
23 1767
27 5132
1 3830
23 4417
3 4338
26 6394
3 4500
11 5473
9 2081
9 2774
25 1561
30 3280
10 4082
13 4606
15 6384
30 7109
4 873
1 710
11 7687
30 7865
14 6274
12 971
15 4545
2 4773
7 6730
5 6872
23 4149
15 1394
13 6720
19 5875
23 4581
19 2236
7 1549
14 3684
4 4836
14 6899
1 6789
8 7520
9 7842
21 6832
19 821
30 3844
14 182
4 2072
24 4766
7 986
3 1911
26 437
28 2931
17 6225
15 4542
1 4513
9 6630
21 412
17 5306
15 2134
20 5164
30 3203
19 4744
21 5775
18 2094
20 1258
6 3511
20 4229
16 2578
25 7736
20 1323
6 4089
24 5262
28 3406
29 3851
30 5567
18 5045
13 7889
24 2918
10 4935
13 2828
22 5780
27 4650
12 6309
1 6099
4 3221
22 4040
1 4247
27 3917
18 851
1 6720
5 2420
15 4061
16 2535
3 6376
11 862
7 7191
17 4414
19 5523
7 4706
18 2514
22 25
12 4108
8 1492
3 2217
25 6086
3 2290
13 1683
21 4452
10 6857
6 1980
21 1012
28 3233
29 6649
11 1786
27 1360
7 263
20 4381
16 3841
18 5924
6 6401
14 7102
24 1496
10 3913
8 6530
28 5648
22 7360
1 3318
9 5615
6 331
25 2302
8 5229
4 1259
11 3699
8 5776
30 3265
23 7269
14 1848
22 4788
13 3585
3 2167
18 2229
12 1531
5 1102
8 4385
22 183
18 1307
25 6015
9 659
2 7664
17 1738
22 7484
27 6932
9 6644
19 730
1 5439
23 5099
28 1296
27 2087
7 2647
18 5249
28 6687
10 1770
18 5885
27 4818
19 2392
4 2223
15 4435
6 4844
2 3276
6 2289
20 578
4 2019
16 2890
3 1035
18 7341
4 1895
17 1712
7 4476
24 2857
15 6782
30 67
13 3996
9 3796
21 4453
25 3286
27 1423
8 3001
14 7157
14 4311
16 300
21 3347
8 3425
24 7279
11 6183
1 1412
12 4257
4 2950
20 7399
25 2731
6 2689
19 7465
16 6644
16 7552
20 5229
8 2973
14 4495
7 1252
26 4907
27 4693
1 7539
22 5036
3 5767
20 5687
21 3604
23 5999
25 6541
4 7168
29 1677
24 75
1 7563
14 1307
20 2896
28 5614
13 4617
13 4529
5 2049
9 4934
21 3188
20 1964
13 4675
12 1956
14 7064
23 5382
25 1589
22 4519
16 2033
2 6846
10 5147
12 1603
14 3749
18 2901
19 4569
8 7142
25 857
25 3420
22 2706
19 964
13 137
10 4148
27 5330
17 7641
20 3364
1 1163
30 37
12 3911
19 1005
7 3112
18 284
8 2202
3 341
2 3436
1 4525
21 3109
1 4273
4 6386
15 4795
2 2603
21 1603
3 2306
28 3295
17 2189
5 1902
23 6636
28 4427
25 4746
17 96
8 5998
16 1454
13 6046
4 580
5 968
20 7439
13 7062
22 865
14 7446
13 4457
26 567
6 3808
1 2073
25 6334
17 6530
13 638
19 7815
6 5850
27 1348
9 7274
18 5333
13 7305
1 1501
29 2743
6 4438
28 7454
19 2431
4 2501
28 477
28 1616
30 4138
22 5171
21 1109
10 6794
19 3088
24 1535
1 6527
20 6452
2 1227
28 5847
28 5267
23 4197
12 887
19 5730
15 7641
7 6554
17 6363
15 4712
9 6961
29 6692
26 3320
25 4106
21 5939
18 3511
23 734
13 1702
24 6874
20 2571
22 1470
6 7308
15 1284
3 1870
2 1911
13 756
3 489
30 4558
25 4546
16 7183
22 4859
21 6523
2 4268
18 466
30 7653
22 4540
28 210
11 2449
1 6691
26 2669
30 4428
12 3112
2 4400
21 5489
19 1971
25 5069
23 4347
15 1295
10 5454
3 5395
30 1561
21 6445
5 7420
30 4684
6 6740
7 460
24 7541
20 1722
13 113
14 1869
30 2284
2 5678
15 4166
29 884
18 5497
24 3708
10 1850
6 5591
29 4684
11 1128
14 6501
22 4994
18 1922
16 3729
12 4219
14 4117
21 6063
16 5242
23 5640
20 831
30 1276
10 7066
2 329
14 5924
4 678
25 5310
2 2167
7 3623
18 2657
3 2887
13 6478
2 5486
15 2436
29 516
24 5725
8 4849
14 7305
23 3655
24 6973
7 1519
22 6924
27 467
1 2770
26 6708
26 314
10 1174
29 2235
3 4969
20 6260
12 6274
11 360
27 4623
20 5439
9 4171
9 3494
24 1045
1 6047
6 489
24 5600
19 3115
22 5663
10 1577
1 7712
16 6097
5 903
25 3704
30 5896
30 2456
24 5477
24 4729
8 5845
15 369
30 4048
30 1689
13 4818
17 4433
30 5855
7 781
22 1428
4 5286
3 4887
24 357
10 1532
5 3099
15 6203
10 1616
29 2473
13 4920
6 7497
4 5041
15 284
6 541
8 4356
20 2109
18 1729
8 4878
20 600
6 6270
15 4811
8 2669
14 2834
13 4043
3 6268
24 5357
22 1209
9 3825
1 853
3 1161
10 2451
20 3100
14 7427
9 7558
27 2085
8 3686
8 944
2 6782
1 7403
25 2613
24 5426
24 5181
28 2584
12 1656
30 2243
27 5409
20 7505
6 5637
12 5359
20 3939
12 4770
3 3212
11 2852
24 6254
2 3221
28 1671
19 5709
1 919
15 4729
14 5258
10 2155
15 539
26 157
23 5573
18 1773
29 1832
30 6009
24 1128
19 675
5 97
27 5122
29 1415
6 5383
2 105
17 4906
19 5957
17 245
16 5593
7 2964
12 2682
4 1658
6 3387
17 3086
5 5401
17 770
8 4419
24 794
20 5594
11 4930
3 1927
20 3168
14 2534
16 16
18 5235
28 273
7 7715
15 5958
4 3127
3 4490
27 6332
30 7553
16 23
24 5457
5 162
2 188
22 5861
20 3500
26 297
3 5394
10 3258
18 3741
15 1126
12 7713
2 4380
9 1652
25 6334
24 2445
14 7846
28 845
4 7161
9 3624
11 1152
29 2398
9 7402
4 509
6 6986
26 7270
23 2821
29 1237
13 275
14 6786
28 5623
8 1837
7 6004
13 2457
18 3713
4 3933
3 2076
26 7733
8 7650
30 2539
12 1363
25 3730
16 5773
19 4914
14 4619
26 4764
22 6567
6 35
21 6047
29 3482
30 2100
20 4918
17 7274
6 7181
6 1873
21 7307
13 511
20 948
13 4875
17 1204
16 3198
29 717
28 6098
27 3317
13 1428
10 4306
11 3086
28 7702
6 6090
5 3031
21 2350
19 4727
15 7011
15 2672
29 409
23 2361
27 3373
13 5479
8 2015
5 7252
17 4466
15 6969
5 1763
16 3550
7 4066
4 1453
28 2555
23 6039
21 726
30 2432
22 6115
25 4740
26 1400
13 7830
21 3230
14 3620
22 1151
26 4120
25 7663
11 4294
14 7778
20 2360
5 5454
14 4114
3 7402
6 7313
19 212
12 7221
12 3252
9 6445
24 4644
30 7706
26 6291
25 2236
27 5133
13 6663
11 5805
4 4225
28 3058
24 6312
22 522
15 4959
12 3424
7 3764
4 4977
8 2030
21 5911
5 1053
24 2542
28 3902
10 3348
14 1567
3 569
20 6049
26 7658
21 7615
4 3732
10 5677
16 5735
14 7359
23 5287
8 2735
28 105
21 4381
17 3841
26 615
19 7719
30 1978
18 1501
21 5443
2 1369
14 6212
8 6613
3 5784
2 2311
4 805
29 3513
29 7668
29 4092
9 4450
20 5968
24 758
5 4010
28 7612
4 7526
27 3542
13 3859
23 7524
26 7280
5 565
25 4198
12 2826
24 6329
19 4857
4 289
20 3990
15 9
22 2347
21 1012
24 3057
21 760
21 6305
23 1990
15 727
30 4884
6 7733
18 845
17 5664
11 2034
25 6467
8 2230
29 2109
11 842
24 3020
23 51
25 7155
29 6205
8 6848
19 5035
30 1681
2 7050
5 7872
6 953
22 7177
10 6460
21 6730
13 1847
30 7692
1 6822
8 5962
9 5661
28 4447
30 1088
20 1042
19 4507
29 4914
16 5664
1 433
15 833
28 3132
21 6891
2 4855
29 4337
11 4955
15 4239
6 6904
12 6436
23 7403
22 5047
21 5754
15 4695
23 6748
21 1199
5 5848
29 3663
21 6088
5 4479
6 272
23 1235
16 956
26 1782
23 1012
7 1612
1 4614
10 2497
23 1850
10 6672
9 6423
29 7885
28 196
7 2231
8 6317
10 2864
6 4398
13 689
24 6337
17 6741
28 4216
14 1400
5 648
11 178
1 7852
3 3202
5 5014
22 2870
12 3616
11 366
1 5339
16 5395
7 4093
2 3962
19 2082
7 1994
2 1457
5 4000
26 4054
17 4601
20 1321
5 2505
27 7762
17 5072
8 4003
11 2293
1 5432
27 59
29 2643
28 935
7 5016
24 7785
7 7741
28 685
27 1600
21 4681
26 1960
1 6018
13 6088
21 2082
6 5400
11 5070
2 4169
5 5993
26 2678
16 5064
12 3384
1 3039
21 2380
12 7136
5 2537
25 3663
19 7875
13 7748
26 1751
4 5036
18 6311
20 385
12 4107
11 2928
10 2178
30 117
19 6477
30 904
20 408
17 6364
27 838
15 970
20 5344
7 3658
22 2763
29 4540
15 4436
11 5190
26 3410
2 4201
1 1746
9 23
15 4236
19 2717
25 2494
20 1117
8 1510
28 5574
23 7568
3 7478
6 3562
6 1807
10 5814
8 5413
29 3987
23 450
24 2803
9 2828
15 6053
4 5211
1 4920
30 751
10 5178
26 5391
24 1193
29 5478
20 2632
3 6281
4 3154
18 6543
4 2289
14 1745
17 7463
27 5659
10 3647
10 7699
6 6070
10 7103
20 412
9 1739
25 3109
26 3123
25 3374
5 3060
22 2079
21 2540
9 811
14 2987
17 5622
26 7426
15 498
27 6707
27 4556
26 6688
25 4050
21 3337
3 1281
24 3194
6 4736
16 4711
27 4728
14 4710
1 5065
21 7340
12 5215
4 5592
12 2980
15 1153
12 3854
9 1377
28 1904
16 5357
7 45
10 1369
13 6911
30 1888
22 3624
5 6049
23 3167
22 356
3 1244
21 7623
30 3883
29 5288
29 2253
8 4514
5 4906
17 4105
16 2637
14 3260
12 1847
21 6823
10 618
8 3032
4 7241
20 5695
7 2864
5 1580
29 7730
9 3356
9 7061
14 3011
1 3377
8 5791
9 6118
19 1198
18 3071
14 6964
18 1873
6 1002
3 6911
19 6470
27 5651
7 2159
17 556
14 4344
22 6913
22 565
11 109
13 1941
11 1044
1 7720
2 4688
18 1332
19 5660
2 4547
9 2559
14 92
5 48
23 3993
18 5949
30 4984
25 1330
15 898
19 777
17 4428
21 7396
27 7354
15 7812
3 7517
20 4549
9 3789
15 4061
26 5611
26 4315
24 1476
7 6814
6 4107
13 4116
21 1689
10 4606
21 241
7 7137
13 411
15 1918
9 6167
10 5628
25 7103
22 7364
27 2670
21 3299
14 2923
4 2713
20 7128
1 906
8 2014
30 571
23 1730
8 3378
20 5058
20 361
18 635
28 6817
16 4549
15 6088
20 3605
2 238
24 5137
5 2430
13 73
7 6719
29 5611
2 1105
4 5290
27 7665
15 6541
26 2554
29 2886
28 550
26 1298
18 3527
9 1663
1 304
7 243
6 3281
24 7489
23 7057
10 7583
6 2843
17 6172
12 4203
1 4171
16 5526
30 5000
5 130
9 1586
1 74
2 949
10 2156
19 4530
19 2927
11 5730
5 2866
19 3782
16 7168
25 1854
19 3647
4 6999
8 1955
23 4121
11 3935
18 2504
1 2484
17 1149
20 6063
30 3604
17 3335
25 7845
21 3629
14 5438
9 2561
3 3148
17 2189
14 4253
14 3127
20 7647
20 2953
10 7833
11 7131
13 3604
1 298
21 6400
14 2179
30 3362
19 6853
11 5476
5 4963
29 4495
25 7643
28 4824
10 5994
24 3469
9 368
11 20
21 2686
10 4910
20 7594
29 144
29 6536
7 4453
25 1177
20 3785
14 4190
11 2165
22 5899
7 5005
1 5097
15 6476
17 2177
27 5072
2 6882
19 1374
20 6928
16 5231
15 1787
18 7835
23 5250
29 5868
17 5536
5 6910
22 658
23 1074
25 1369
1 93
24 2918
9 5172
9 4018
30 5257
13 4828
29 5391
20 5809
19 1686
7 7247
1 1480
9 4458
15 1964
30 4521
15 4400
6 2694
18 2965
26 6420
7 1049
14 6790
24 2364
4 2431
29 7105
1 3383
27 3514
10 1982
22 1159
24 2257
2 5084
4 6158
8 6196
23 2848
21 101
4 1514
22 686
25 984
27 5559
30 4334
14 3761
17 7091
28 3984
7 5797
6 1150
8 373
7 3704
23 4590
4 1021
1 3277
24 5578
14 6926
5 3387
15 6077
20 3431
9 7246
5 7000
5 4759
13 1156
5 4999
25 2826
17 5303
7 776
8 5302
15 2967
27 7572
26 3662
7 6916
23 3388
23 1632
18 4385
7 7538
11 961
8 114
14 3835
11 4421
15 4014
1 6719
19 5253
24 114
8 3001
24 5637
5 3165
25 7239
5 6527
9 6900
3 6621
28 3277
18 4481
5 6462
16 5267
1 3849
25 6244
14 2942
1 4990
7 5355
10 7505
24 290
15 7761
2 6094
28 5272
25 1524
10 522
4 5111
27 4954
28 2191
7 203
27 483
20 2244
6 3581
8 9
11 4096
26 4144
14 2399
15 786
13 3938
9 2468
3 6822
21 3790
7 4756
5 4488
22 4602
15 1858
26 4665
19 2039
8 4863
4 1398
18 1669
14 6872
1 3083
29 6089
1 5823
12 1354
17 5075
22 2324
19 2760
18 5649
21 5030
11 5975
20 1901
8 6814
30 6825
14 1359
25 7282
9 6089
17 4761
30 1602
29 6373
12 974
4 4863
30 6916
14 403
16 3856
3 5709
4 766
9 6717
18 11
6 4663
17 7672
12 6364
9 6526
17 3686
8 2689
10 4611
21 7143
28 5145
27 2733
21 7605
29 7745
23 5293
14 1904
18 4962
15 3298
15 48
7 2551
11 5712
9 3173
14 2841
3 1858
18 3052
28 2563
27 4041
18 5853
20 757
1 5940
23 3089
19 3697
6 3287
26 6547
26 2180
22 3274
9 3811
24 7583
7 1180
29 4397
3 2659
2 1302
11 1127
29 7218
19 6389
18 4697
12 6639
21 6400
1 4260
12 6789
2 7682
24 7861
25 2147
23 547
27 1210
10 4323
8 4010
3 4097
21 6307
25 3784
29 2218
12 6389
10 5747
10 4421
2 246
27 2085
8 6910
4 5058
29 6370
26 1257
1 2655
7 1742
7 76
10 673
9 2790
20 59
8 1811
8 7394
16 4873
18 3202
21 770
3 1919
26 4104
23 5610
8 6109
2 3692
14 1318
7 4300
30 145
8 4539
4 2958
6 4706
19 7808
11 2620
5 4895
27 3436
26 7872
7 2218
19 5859
28 196
8 3566
3 1712
20 6085
24 3040
2 1278
18 2692
12 5704
30 7189
11 479
19 703
14 4502
23 4568
6 6257
5 2096
20 3485
20 1830
14 2943
2 806
16 3082
13 4129
11 1717
5 5358
6 3091
6 6569
28 3336
14 7129
1 282
25 2614
27 4119
22 4292
30 3765
28 3526
18 6426
7 4607
8 6361
3 2739
2 1193
24 4370
3 6281
6 1383
23 7082
24 3093
8 5845
12 2775
16 7180
5 6439
29 5295
11 1868
22 4589
10 2210
19 4082
1 3243
18 1918
10 3087
23 4188