896
14 70283
28 71852
24 18494
17 16663
10 41504
3 60812
21 6404
24 59201
1 69841
23 4151
12 25245
28 74542
3 28161
3 40238
8 32192
30 12661
13 64405
30 14128
14 53525
2 23123
10 1660
22 68328
15 45494
9 60141
6 72091
24 51167
2 17775
27 47368
3 48195
17 12218
16 35326
15 24952
27 2832
17 10918
14 42264
25 31024
13 11416
15 24382
15 41367
4 65685
8 28453
7 25281
9 70849
4 78360
15 67496
13 41521
27 22699
20 17039
17 77947
25 54282
16 20591
15 57575
18 12946
18 61311
28 46117
23 47409
2 72135
27 28040
16 38778
5 25164
11 11464
22 23582
28 26598
22 32088
10 27170
28 25439
18 65116
7 65964
17 58410
30 25815
29 3604
3 7386
4 39354
1 47011
29 49068
11 12694
7 18498
9 67088
27 35488
2 43080
30 13835
15 17661
2 44973
14 50453
15 25385
25 22397
18 56733
4 77122
18 51404
10 2507
23 10794
18 54443
6 10068
25 60584
9 62798
30 29258
16 65624
9 49023
4 37786
19 42268
27 4031
14 78356
24 1689
27 50291
5 15143
19 47005
10 26590
18 41425
15 51268
1 3258
21 20160
23 5184
5 51829
6 10866
15 47123
10 46227
13 25041
8 70510
16 15593
9 52218
3 67039
30 42868
17 28959
11 37529
12 14591
16 22580
2 45697
29 13974
1 40563
5 1627
13 64170
9 32279
13 65877
15 9382
13 51879
1 19447
3 68064
10 40835
9 53850
4 5538
22 26393
14 75585
11 28276
20 11706
30 21641
10 63766
14 47383
21 68462
27 27123
15 23017
11 32883
7 40009
7 12020
16 12457
20 66451
18 41553
29 32309
10 7024
27 21183
13 36666
7 4456
14 22075
2 10964
30 58538
22 61821
20 38132
21 31260
6 75289
18 52425
25 2591
1 12983
23 40008
27 54722
1 13119
23 38155
3 25971
26 57460
3 53042
11 45825
9 13752
9 21423
25 3033
30 23464
10 68357
13 73310
15 9251
30 8532
4 52629
1 68684
11 60203
30 22775
14 42890
12 41462
15 42098
2 35799
7 9418
5 14975
23 3345
15 76970
13 21571
19 49892
23 64861
19 66277
7 42721
14 76677
4 70088
14 3585
1 7975
8 23395
9 25774
21 13165
19 23658
30 33839
14 66578
4 5946
24 75575
7 26212
3 21503
26 72411
28 55738
17 60589
15 76828
1 53289
9 2660
21 28317
17 43119
15 49822
20 69620
30 14823
19 8956
21 38832
18 62803
20 25650
6 50973
20 55773
16 75436
25 47022
20 73975
6 51554
24 5282
28 12311
29 42396
30 22420
18 39233
13 62700
24 44209
10 26159
13 46215
22 19606
27 57111
12 18385
1 6226
4 34146
22 59158
1 64078
27 7660
18 20083
1 31961
5 55512
15 65943
16 26625
3 20429
11 45451
7 76987
17 71073
19 47678
7 2177
18 48305
22 41347
12 29264
8 65342
3 61451
25 45572
3 21369
13 71848
21 33782
10 11949
6 30894
21 28096
28 29699
29 56465
11 3113
27 38524
7 2207
20 52320
16 64934
18 40789
6 3772
14 61887
24 15732
10 19694
8 46693
28 10967
22 75238
1 78908
9 31673
6 10603
25 22302
8 58598
4 8635
11 42176
8 29264
30 42044
23 62765
14 44372
22 52151
13 35253
3 68102
18 56068
12 57678
5 76566
8 19682
22 17576
18 15933
25 52689
9 1578
2 19181
17 57467
22 50074
27 58595
9 27017
19 51952
1 10273
23 1930
28 12728
27 29605
7 56200
18 69902
28 63665
10 43390
18 17645
27 11903
19 48204
4 70444
15 17890
6 7209
2 40468
6 14419
20 21305
4 10521
16 62153
3 30569
18 75609
4 6615
17 14594
7 70114
24 2215
15 41458
30 72432
13 55938
9 55426
21 42471
25 29550
27 40074
8 59434
14 57282
14 76917
16 68228
21 16609
8 27331
24 18288
11 35835
1 21553
12 57118
4 17482
20 77746
25 69644
6 76043
19 5394
16 57291
16 8802
20 14703
8 30711
14 66532
7 51214
26 50917
27 19596
1 76201
22 71287
3 14771
20 60862
21 68919
23 41022
25 71789
4 10413
29 4685
24 71940
1 12175
14 9561
20 43411
28 66009
13 23716
13 74519
5 20194
9 61525
21 49061
20 34725
13 67378
12 12275
14 15603
23 17581
25 14296
22 25872
16 6658
2 77571
10 3449
12 51638
14 57474
18 34324
19 21297
8 6073
25 18919
25 16625
22 9985
19 67554
13 23982
10 18270
27 68095
17 50945
20 65770
1 32063
30 21430
12 68777
19 51948
7 50012
18 13436
8 50844
3 4125
2 25894
1 68762
21 77243
1 72022
4 52066
15 46896
2 29356
21 59814
3 75324
28 52362
17 67390
5 75491
23 5842
28 1775
25 14722
17 17594
8 57555
16 41306
13 7388
4 72401
5 67932
20 69706
13 46449
22 52147
14 39053
13 15208
26 50909
6 52133
1 73066
25 72029
17 32201
13 21844
19 4268
6 66643
27 69919
9 57306
18 72827
13 49624
1 71018
29 69336
6 48371
28 44802
19 3531
4 35669
28 58084
28 44023
30 25610
22 73480
21 36259
10 27729
19 14699
24 72316
1 26533
20 21287
2 65802
28 35910
28 3455
23 27938
12 19736
19 55977
15 13396
7 47742
17 73109
15 55079
9 24480
29 43834
26 61283
25 20144
21 66378
18 78806
23 39296
13 74640
24 37517
20 35933
22 73428
6 14710
15 6396
3 33071
2 25763
13 3359
3 50595
30 61816
25 70584
16 14179
22 16831
21 18476
2 49791
18 6120
30 10181
22 38001
28 41205
11 12522
1 22405
26 20546
30 27182
12 70806
2 43491
21 17943
19 29068
25 65524
23 32349
15 9268
10 70556
3 62889
30 43637
21 6435
5 47041
30 25883
6 36943
7 11055
24 56530
20 35342
13 42770
14 42385
30 43998
2 24980
15 6394
29 51928
18 35832
24 64929
10 30192
6 71552
29 62715
11 40120
14 51107
22 43421
18 40277
16 22144
12 11685
14 75929
21 65877
16 53075
23 42399
20 56464
30 48107
10 64941
2 7243
14 48972
4 48414
25 76859
2 33706
7 7842
18 13529
3 64272
13 66909
2 1941
15 55596
29 19543
24 67260
8 69665
14 11886
23 8152
24 71782
7 75283
22 25854
27 34203
1 7954
26 26983
26 58227
10 32892
29 45941
3 72407
20 76045
12 14017
11 61397
27 73158
20 18971
9 78608
9 31874
24 39238
1 41565
6 24529
24 36530
19 57197
22 50008
10 48180
1 32164
16 11972
5 40825
25 66001
30 68263
30 68945
24 48757
24 6276
8 36976
15 45600
30 26196
30 35301
13 28883
17 64724
30 10874
7 54478
22 61779
4 44688
3 64834
24 33114
10 12983
5 48619
15 77900
10 35810
29 7650
13 21704
6 58781
4 3814
15 56744
6 59994
8 9730
20 69249
18 74363
8 2401
20 66715
6 21627
15 44816
8 34878
14 18581
13 65880
3 73142
24 32472
22 38029
9 34072
1 12066
3 55832
10 36826
20 14349
14 67305
9 78673
27 38461
8 28203
8 63987
2 34281
1 41011
25 2239
24 2232
24 60561
28 70995
12 28474
30 16986
27 12099
20 23872
6 72243
12 29394
20 53484
12 65703
3 58374
11 52010
24 40545
2 72454
28 21659
19 63691
1 8387
15 5140
14 32233
10 28409
15 62135
26 56976
23 50700
18 7024
29 61467
30 14159
24 30704
19 26982
5 66432
27 21276
29 2410
6 77553
2 47941
17 47655
19 12062
17 45549
16 35587
7 9258
12 17184
4 18758
6 10053
17 12978
5 6329
17 19249
8 46637
24 54292
20 32733
11 46039
3 29025
20 2937
14 63198
16 8723
18 44452
28 13359
7 34261
15 33726
4 37429
3 71268
27 59057
30 9958
16 38283
24 61983
5 10582
2 58932
22 16203
20 53087
26 3795
3 6474
10 65986
18 68474
15 24344
12 38002
2 42344
9 12772
25 28074
24 35384
14 45573
28 44614
4 33677
9 68155
11 72657
29 36523
9 11339
4 18139
6 35223
26 71012
23 17101
29 28582
13 46571
14 68089
28 36479
8 48243
7 29127
13 45448
18 38493
4 6124
3 63132
26 2088
8 58037
30 31433
12 14081
25 60070
16 39747
19 63022
14 37248
26 3053
22 49069
6 76822
21 51396
29 34440
30 50358
20 1723
17 55605
6 2446
6 10233
21 21389
13 43567
20 27890
13 77352
17 76874
16 36508
29 16615
28 24664
27 71015
13 16391
10 45586
11 53261
28 22329
6 51117
5 36995
21 31049
19 58058
15 33282
15 51369
29 5148
23 53522
27 22657
13 48277
8 43213
5 16820
17 53034
15 47397
5 16957
16 29648
7 53094
4 22864
28 18466
23 66000
21 74111
30 69623
22 60098
25 41959
26 7769
13 37317
21 51617
14 17827
22 75135
26 39234
25 14589
11 53605
14 28964
20 72869
5 50830
14 20221
3 56921
6 46290
19 41278
12 41864
12 6772
9 72422
24 12956
30 56480
26 48913
25 73622
27 58036
13 38426
11 18182
4 41672
28 64649
24 22242
22 45177
15 66878
12 50221
7 28941
4 2409
8 22624
21 6098
5 75850
24 3105
28 11953
10 12232
14 55383
3 68916
20 71820
26 52387
21 69621
4 56034
10 12307
16 73529
14 56687
23 36051
8 49895
28 65656
21 4402
17 24552
26 9540
19 52929
30 39591
18 55417
21 69896
2 33761
14 33657
8 25350
3 10535
2 73408
4 68256
29 53775
29 58850
29 72185
9 67831
20 52000
24 26960
5 49536
28 41260
4 6250
27 41045
13 65159
23 23246
26 14106
5 3873
25 73398
12 11459
24 4766
19 61090
4 27001