10
86
7613688 6
1133829 4
5812382 5
5716792 8
9524324 0
7690744 0
6097262 9
921867 3
1744707 2
6432731 3
74192 1
5297399 0
4578277 2
6734608 0
9947190 1
2185213 0
4525403 6
8715831 6
9626192 8
519517 2
6931446 8
2742450 7
299024 9
2908058 7
6632135 6
5289249 2
4569383 8
7993459 5
628511 2
7783909 2
3946245 0
4086763 5
5551504 6
8747296 0
4664412 3
3835073 3
7745898 0
6082994 5
5386397 8
8830199 2
3829053 6
4239164 2
9861880 2
5547854 0
9225180 2
2883488 5
5343967 4
8612167 5
7971799 8
4595582 1
644226 9
2074531 7
6493056 8
8605368 9
5195475 0
1331555 8
9125094 4
1320942 7
3961731 8
7807304 9
3464027 0
5858817 7
9840131 6
3592786 5
8464369 8
8221203 2
9942275 7
2894403 9
1903352 6
2646021 5
3434484 2
4990237 1
7388033 7
1597814 0
1369353 0
9882783 4
5822813 7
9116361 0
6535985 4
2542411 9
3725853 1
7339423 4
6316061 5
9195746 6
4012562 1
3 3
36
5723335 3
7470553 8
5025355 4
6555617 6
9770551 0
75926 9
558344 8
4859437 9
5318095 5
6363700 0
702644 9
5121546 6
8686 6
5289570 8
9956428 3
8209604 5
2828463 5
3277708 4
5780877 7
8702313 8
5455856 7
3994975 5
9550965 2
4626246 7
5088078 7
8465864 4
3990592 5
4759655 6
1266726 1
6087157 3
9409260 2
9576985 7
8924436 7
6559057 0
9499061 4
1 5
54
155574 6
8937561 8
9967093 8
973911 3
8652125 4
6533304 2
8466034 3
9296946 9
5451967 2
4109762 4
841935 4
2129573 0
9148085 0
4941408 8
3313285 0
1214266 6
4652120 3
772157 6
2541516 8
5316920 3
5747714 7
6394303 2
2133406 8
3869097 7
8857675 8
691986 4
5664308 6
6816215 4
9658764 9
1281820 9
7859335 0
7025609 7
7814239 0
4566280 9
4327760 3
8684873 2
9811355 7
4990911 3
4425479 0
3060961 5
9758299 4
5699178 1
1585254 8
2808536 2
3970936 1
1293296 2
5537894 4
1090489 9
5794057 7
4476797 8
9138367 8
3943371 1
5756649 4
3 3
93
896507 1
4251485 1
9165216 5
9011407 3
9158806 1
3370040 1
5497798 8
8463245 3
3800144 9
2993078 5
7362053 8
99088 1
146670 4
3946732 5
7572676 2
7980430 2
5226998 0
8518446 2
4792742 5
4350330 0
234284 4
1304978 2
6150545 6
4889227 0
6555414 5
5327469 7
7015595 5
4787765 1
8351736 1
489172 5
8523223 6
5270317 6
7809751 6
768923 2
363963 6
165865 4
4413817 3
6313048 6
9044156 2
3743005 2
8973923 0
4441312 5
9460991 5
7446333 7
7926873 1
8419911 6
6023657 0
1102080 2
724704 9
2697187 3
9099167 5
4639579 1
9677374 4
5148105 0
8383750 2
6083201 1
9552119 4
4946381 5
2600515 4
5668329 1
2256337 8
5911685 6
6364987 4
6401351 8
3871312 8
6533958 8
6716179 7
3799056 9
3343162 4
7409572 1
7786799 6
6486777 4
1090835 1
7744502 7
9043254 2
189687 0
2026656 1
666703 0
7593868 4
9718208 6
65255 0
9124228 8
7915221 4
8938568 5
9674285 3
7858732 1
3918200 2
5751492 0
620406 0
9246618 5
7796632 0
5899817 4
3 3
48
182011 3
9325838 0
8335292 7
2607661 7
5605854 9
2048200 0
9217856 5
8993312 7
7913767 9
9428765 3
8954298 5
2647880 9
6433287 8
7547984 2
1555324 5
2605190 4
1654638 5
917984 2
3263509 9
3032569 6
144782 9
5710735 2
1365336 3
4411268 9
4264408 6
5517023 1
3090261 3
177864 5
7769596 7
2838287 5
8197725 8
6244773 0
5764460 6
3924257 4
8378113 7
479548 0
6560088 6
8799061 1
3502354 0
3575663 9
7593650 4
1552942 1
1547937 7
6486238 4
3154475 9
2204780 6
3354624 0
1 1
82
84641 0
8482126 3
6258371 1
1330837 8
4779986 7
6759636 0
8810330 4
1701844 5
7329917 0
1210287 1
820210 6
7001813 3
819201 9
315530 5
4317576 8
6228198 1
4421369 0
2256980 4
1000281 3
1310227 1
411587 0
7147960 5
8493283 9
7804586 2
9487612 3
8968741 4
6370274 3
2878392 0
4806401 7
358982 4
3738708 0
9917961 2
513134 3
9875594 6
364149 2
3090859 8
9871138 6
2396317 9
3386690 1
6725354 0
7338040 8
5696492 8
5227512 2
6729940 2
2120590 7
2127524 1
3820693 2
876469 0
8459713 7
1259826 2
1036629 4
3728667 4
3548205 5
7855299 2
9902262 4
6762195 4
6706929 0
6674373 7
846964 7
2753129 4
7097832 6
7892067 7
8805004 8
3661483 6
9514928 3
9410572 5
1658427 4
9080741 3
232486 9
4663147 9
905215 8
6364581 3
2858215 5
4473839 4
9903380 1
428855 1
4232144 1
3678915 9
45944 2
7100458 1
227966 4
3 3
63
6695526 2
1065663 1
4709331 6
117103 0
4072717 5
6496141 3
1893445 0
8522811 0
2205744 5
1706465 9
540680 8
4302504 7
7847562 5
4201474 3
7831286 8
6860576 2
8823954 3
8240378 7
1854759 8
1015115 8
4601346 6
8753939 1
3952884 4
6276755 7
3360211 0
7570260 5
3670007 1
614048 8
9355454 2
6764552 0
7334792 7
9684828 8
24379 3
4225974 2
3231552 6
2150896 8
1625988 2
6067368 1
3427960 5
670531 3
5209874 8
8430440 9
2795210 4
6909185 1
3164958 5
6859453 8
1779982 1
4081681 1
5092000 4
9373618 3
2205405 9
8691740 8
5050322 9
6346254 0
1733264 4
8760716 5
9642157 5
5917404 7
5367873 8
1253129 2
7126122 7
822628 1
3 3
71
5977059 0
4727498 3
3414367 4
2814884 0
680459 5
9266473 7
3623848 8
6027650 9
7954412 0
9554703 1
3329149 2
1809634 8
9362297 2
4588098 9
6722545 0
157225 6
3743594 2
7383494 2
3492826 0
1272188 4
764593 2
7724385 0
1692749 4
5949760 3
4658436 3
5837847 1
6465439 0
2222874 0
2855897 8
4524974 4
9792356 4
4186095 7
5562980 0
5349418 3
9125234 4
1115492 6
4412698 2
4927569 4
2890461 7
3739869 0
7874736 2
7240615 0
1242107 3
9684225 4
959771 1
4934002 7
1074913 9
7479476 9
7779985 3
7817654 3
9890148 4
8943002 7
5408774 4
5194424 9
2598168 5
3803162 9
366383 4
2925182 9
4914003 4
3514199 2
2211073 3
3168076 9
9571242 0
2146488 8
8654770 2
9916712 2
6878577 7
5273312 0
375094 4
8008406 6
1 7
27
1270753 0
4864238 0
3422640 4
3772583 5
7442924 2
6117528 1
1627878 0
6270103 3
3032981 2
974939 4
9350931 9
6143488 4
3051166 6
2989191 3
6719255 9
405587 9
1392390 6
3985964 4
5433236 3
7712576 9
1418511 1
4764701 9
8627946 8
3862841 3
9144122 8
1726058 2
3 3
86
5369733 5
7740017 3
7216928 1
9138512 8
493000 4
675118 6
5025813 1
7991002 3
1884592 8
2088440 3
5121877 8
8784255 9
6124376 3
5030204 1
3271324 8
3059533 4
9099037 5
7003431 0
5335912 9
3856017 8
5619870 6
3465383 1
314101 3
1923799 1
9493174 3
1684839 4
5160128 4
2268525 5
1149060 7
3638229 4
3629959 4
375648 6
9721187 9
7490207 7
5674565 3
243580 5
8058737 6
8712497 0
1820218 8
7849934 4
4141962 9
1626551 3
3726816 1
8095396 8
1639885 4
9618848 2
7640950 1
3735179 8
9393941 1
2012184 4
4120696 7
2343375 6
9432192 8
3826444 8
5263012 7
7870206 9
4925548 2
8983081 6
1269366 8
8484453 2
8909683 6
6872412 2
3257771 1
128656 6
1662453 6
5887570 3
2524480 6
5578700 8
4800014 4
1873401 7
9793523 7
8255271 6
2167450 5
4867580 9
6642368 5
1681262 3
1018935 4
5281609 7
535525 3
8603694 2
896578 7
2742542 0
3599197 4
4069810 7
4641496 6
3 3
