10
5
301 9
382 7
672 5
439 9
3 3
10
875 3
131 0
952 7
40 0
123 5
144 1
682 1
842 4
767 0
3 3
8
97 1
782 3
883 1
184 3
412 3
151 9
841 5
1 5
8
197 6
365 1
693 0
824 8
285 9
869 9
392 1
3 3
10
207 4
199 5
468 8
834 5
967 9
708 2
819 3
218 4
376 7
3 3
9
830 9
109 5
326 3
365 8
87 4
267 8
226 6
52 7
3 3
7
347 7
330 4
34 5
529 5
474 8
827 5
3 3
7
830 0
205 2
422 5
63 9
592 8
758 9
1 7
3
681 4
934 1
3 3
10
733 9
248 0
316 1
825 5
373 8
904 2
501 0
598 9
880 7
3 3
