1627607262869306208
847000654801017359
1998374602474897726
1867747914804978285
203940326055632824
1056529845301148773
1193072943284891754
161997519271286579
370175857648380654
1015148564904270712
245729335520705321
38502239059974935
29449448115185577
565490284979996
1133517738150666
128974856194943517
974902191084002845
153896608319259436
902956201164921989
2126191130268545650
8398659731774101
310437568620008406
5981699001655875
845730139058024027
44773167076371240
31907787690698880
417372548901137102
155936622243299435
1202842592954621051
1262939670612121143
56902168977275492
871837666365067983
5066228330063599
794403534906880699
17317144326356112
2317465657159920
2509519044678638998
872818609791095399
1346403275616537468
482385002750048813
329981476930378386
1732748956599957080
386524559352645084
169178958807772244
45424915929416398
2172684602380902654
1828970229765266292
9046263631427568
39563249292339357
8089403199501249
743634605005802386
2337950721643706260
1299196617125208403
561758666687607978
274123775730744518
106245922227544929
1937084852984213518
1051423376395810609
976800502961881065
1305110401112493909
467222185403061191
4063748142886739
688064243677024915
416100639074803673
2422810099050914238
621826365164626317
2034597052970904416
353462814335832042
446110118097298323
1317325844811979383
481944557248860067
45759952836230106
201521073685728158
323923107769461924
2473857702096105274
836305520304952590
1981506189735938897
1635898767836904536
27530553006481633
953006298662118783
118544177896127566
88755581249000390
2266497250653342962
402948131702648359
735858744526202455
2562636027700307832
14638617777898523
52702060102005333
1913490102420604281
1165791047358498536
573501214194966755
363142677369010809
1257117391220380586
2129091486867238215
446868004584474442
2907685533753152
616718817997780043
747909420341657166
370450718835536605
2180217136331609491
2137813960446160410
571127527164963402
54930875726376476
478790972399879616
111512084153234289
1060028595510671585
600262436263291999
2046947440473891969
4045130752577055
80970832428883384
1128208605820939748
2372892189122934359
1910378564151400442
2178041433208836533
1196714814980982391
2186605474748964
275167152570545435
2535107073333542404
1387073062003475935
1371073260792730893
1893319580838178
255575232785716687
215975095891669079
92842373684036985
1627761692423350508
890889918710727780
1325018135710158642
309801139245530437
524885667504443923
109375536423099492
1455494092977543321
131628248635434245
579249099857713260
492954462977986044
1565703738051759962
421812270911010498
182911578355122236
89151139623530077
1252866462624574034
85657293879889270
1816812373229403717
701716192639136800
1297432252757632542
53371544375771866
135439945359647757
433346517329198646
728328115321396416
539303008165459823
2292962151413956122
139354870000257344
1032081432523824225
2168698938205522720
647438556639361169
1406237988666956
192179348756895112
397897037008951305
79537252540038300
563309201777837423
657328212930997936
176688146744460676
31427612340362275
2439418125107961685
921879434159857302
344141977215884649
2686040259673571110
2717492338675201635
799188890463064589
1887704445234664635
2163467607248918675
403471524827901768
853834311334422173
1329415509490180883
450141332821732039
861743052499546770
1522523006555530620
2258828710958842568
814963110689375163
1877305255823520833
917517273326192749
519993282228647080
321480320361738720
2029400573290950323
1657634247211524842
77330336903084868
899495536209656
2050405068992115115
62991941307029839
2479937260919620433
881485869669440618
1178859596664295902
1893979938157015990
264155123244904306
152080654688475241
2577848936628681733
368170199228000275
356035052463996175
349857728552533571
178867139488226521
1699233478999298274
1229572608510256281
1080515990142272186
2247185814698461826
2594825063864068402
480401854871972004
421328424536292367
483731153970907625
1002815690940731
996223876334399488
307618042807181954
125697202861628090
63677528276841615
49907171160839916
23404890319055602
376689707597662073
93063083882826600
551593277144399
725132434849629150
1852381835384685948
17517570146514341
740738898534112075
430934574077098208
280546269400505367
60752590743384542
79470530603339051
2215337254993867580
159836734697463630
2470571054039803768
54932735001122541
66574871619251272
712708821796098704
136195094658391042
192374374260939912
79584735054627393
120071424984938186
2582432624580539916
2406159713053240436
25754054839057999
391513017206097468
2613130827259793585
2293392664418526644
2418196875964001677
441689553578088420
87255534097073532
1836835284684063550
466513487879997480
1182884765188016665
549530685321585887
1315603747204442072
209155848789291595
808893176053582564
98380563125332010
635217180655947806
136215807671691858
565888344054242565
1038750729410148345
3960122121059413
800700378077570621
755095200578976378
114786105308398164
7717121697375631
948592668857428751
736948394818893979
562970631205553389
951224860412715779
636787573256364208
445864784175809943
353248897171693466
1090194832935856455
1988383285409755199
70497937414763
412310702652090623
14188596156204791
155139251198901071
362500087529171176
547980886598465652
541833051232805343
226997858673302361
776793293001174015
115895513925464677
1472719386888225628
125001960837773963
114295188181355931
1315859093810439033
5538196900865009
16890690623829458
134459038216178392
98384075120166129
2214172277056045051
1974363179977692717
733883934164688810
1391839678659155983
635526159819318455
131334710802652706
9322517947678293
3377117602940893
2109098699269937298
49188843999908004
1488476304101133476
551264216987885
1617482053056997524
2550150107421992493
7024562332882219
129506757653231590
1543068522326558735
230302701478942463
1968670322864865889
323273997655457980
181361403920970798
2296581061506090353
8013062958714897
870958841852163576
1822216634253455582
34457829346584231
2413823641612134528
2568030128941136392
291326520429317161
1000087947353438542
803307387224024425
750111791529658365
2286766693656795671
37026464925809390
1449552083534685595
460601334939520656
1076013956905678690
969582016370938601
131542521674525433
66149601886239322
60518779526539872
288260773655586140
529327874663821624
1565898046149383109
2306937334802919753
140119646871969219
5490610670267216
343517608344581534
643190275628631805
505817682980224007
23850023195864134
2191227883647863049
330832197021159288
11654241327475395
355346204419517705
542610585475968341
1393718648740611020
327918058814469833
19216865877252714
745526434810963224
2536307542554638279
539754084789129262
461859403494101914
14046707951269647
264097572405348535
184808938095954830
1664614294773430174
301035150789502467
531180093082605044
209094417240262534
403343869501491476
1819689962913847704
2321199458644742167
320988748875025768
1778534513303976135
345552074418601939
810041108826916119
2029732241503077305
1395048493484041075
2367658691370427634
339535201496362228
1477058978259373307
1052412892445773802
503138186642248180
2316404756831568600
2326177165058939260
843489167207383296
1021144895817869041
1647917315245778512
92744440359488742
794722146327595907
348297811961882223
2381371738276197463
1159550156702504220
2749522073253214716
2109144922822108363
201829966036943077
1713018042538799683
417461211887455069
1094542625794988439
544804204045561272
1769203089069
6980246223881588
814784877936117519
730269406456441260
235634560461419777
907101002229398329
445349642680104486
2537600908884640327
543173346057222277
2484816547497100325
2032010939656868091
118034505915021634
57245422151736
494672892329753891
37388886742382982
