290
373027478
4415 343 906 4103 9203 6933 4689 9568 2090 4161 1168 451 440 5861 4087 1099 8914 5888 6328 6100 2324 5627 625 8995 2849 7516
198520994
2023 2241 8834 5008 6691 4459 9983 4682 2200 3662 2022 4602 9262 3698 8697 5930 9288 9721 8355 2740 7442 7619 3648 4724 9387 9841
639554156
9619 1189 496 4737 2935 1701 1532 8037 5524 7585 9657 7318 6846 900 9869 9135 1839 3450 820 9398 730 99 9069 9305 2936 5597
607665186
5987 7458 5194 2112 2322 4814 3622 1240 9308 9873 6258 1937 6824 4028 7755 7539 4736 7218 2698 9934 7011 7275 909 1443 5214 6063
140528228
2442 6735 5540 1577 7348 5513 8041 9101 7934 6591 953 8403 4232 6288 2029 6078 5455 8169 6319 4908 2946 7796 9883 3598 412 3718
598088455
8496 9037 9414 6877 4362 2392 3026 1137 7147 6290 6924 7727 8048 4288 3046 4365 3721 2399 2812 3231 9308 8262 9054 1035 5108 6275
277596979
2738 1202 2289 2184 6302 2230 6355 6062 819 4596 4763 1957 9558 8788 6792 3048 1277 2520 7064 3531 4706 410 2504 6197 6393 2447
50336636
9782 9946 895 1431 9498 6972 5375 5385 9042 4807 5569 8521 7507 45 5967 3716 579 2769 5048 2690 3768 9403 1073 4055 4089 4829
609656358
7831 4359 1997 1921 8302 7753 7625 5797 7191 8800 523 8143 5193 9691 2017 9218 4090 5066 7097 1662 2025 5695 2753 2136 6792 5625
874924463
2847 3052 7883 8822 4203 7633 9162 279 3904 5952 8839 2870 8890 5428 3200 1774 2577 2286 1332 1802 2292 5697 9089 6533 309 1879
717306611
4633 3294 7312 914 987 7352 2874 9404 1542 3964 322 1887 7122 9829 5422 7928 6736 975 6591 352 3177 4622 4335 1967 135 2996
679546714
636 3267 6582 6522 7382 4306 9626 3324 4134 8758 9601 2963 6411 7871 2359 9606 3505 577 2669 9766 8743 4449 3570 2327 506 3768
107771786
1999 1165 5741 8143 4599 5058 8397 1985 6088 6591 490 1892 5755 1536 5601 3783 2607 2147 8918 399 693 2956 2282 6269 3098 6461
417837323
9291 3042 9218 1683 3643 817 476 9889 7482 2940 4345 8766 9180 3723 1440 7890 3798 6605 8596 223 4138 902 9473 9142 4150 4760
354287404
8024 5551 5915 7491 516 5093 3089 115 7385 570 9878 164 5778 2659 8861 3694 3469 41 8355 538 6680 1805 2077 9859 6271 4496
800988726
5545 7386 3104 6402 66 305 3998 9789 729 2308 2643 3293 3476 1009 1111 1927 5935 2512 9213 5501 379 3128 9674 7565 4603 4702
56877875
111 5789 514 6440 1744 8912 1486 9547 9348 6474 2535 1908 6080 3408 3158 8920 6667 3856 6190 907 678 5100 2696 1522 1138 649
427414309
5784 1425 6140 4650 1112 1326 3070 8989 4660 283 1414 4885 325 247 1560 8102 1799 7393 4052 9033 9105 6021 5583 6076 3388 3056
397000334
8177 8120 7719 2261 3322 1332 3577 523 3497 1175 5085 5920 9514 9726 3521 3347 9093 3985 5503 4823 5236 8920 2629 3991 5782 9364
128425221
9289 8867 7995 3752 4165 931 1671 8459 2811 7695 6890 3859 84 7292 5267 2596 1622 3630 6579 8166 3754 3966 1824 9403 3641 1815
646964737
7888 5190 5723 3788 647 311 6853 9622 9296 3597 6981 3092 6130 6228 429 6235 5350 524 1944 2080 9513 1084 3439 8678 8834 3398
627376305
2820 6498 5158 1059 9414 7237 7101 5139 1428 8642 2791 1217 1668 2066 9920 2302 1808 690 9046 1017 3706 7008 900 1061 2210 4015
881958479
6101 7644 3530 5422 814 4773 1653 1301 8962 7170 258 9027 2228 2908 9507 4460 6254 1788 7827 2971 4971 3814 8210 2715 9415 6608
141894292
8386 2845 5895 54 5653 2246 6441 6109 2758 5122 2400 8262 5633 2277 1311 870 6045 2731 3348 7126 7801 1243 3885 8447 6800 5654
98577244
9847 9841 2132 8689 1242 9986 7020 3707 9411 6443 1069 1984 8712 4947 6033 7809 9622 7824 6348 4407 7104 8088 3633 5869 8317 5564
87440081
3718 9310 8699 8627 644 7697 9734 2304 913 6529 5495 1908 5689 4100 468 3037 2862 3098 7891 3770 7717 1357 5387 2536 3879 7151
668798835
8777 8747 8378 1455 8414 1502 6041 8825 7807 395 4504 9385 3390 9815 9259 4065 2393 9842 3681 9678 1185 5343 8286 7537 229 5229
413696558
1680 6629 6369 3343 6379 6699 4395 9872 9972 8000 2017 7986 9875 5135 8281 9305 9120 9931 9517 4680 7118 7022 497 9749 4786 9648
956530756
6103 1204 9324 328 2258 8026 2896 6863 8242 3834 934 4548 2442 3339 1061 9322 4074 3720 6813 2667 3268 4928 50 3990 9581 6139
447190052
6419 6478 8784 7705 5680 6273 9309 2751 6670 9968 111 7128 63 6031 1308 9785 2492 6314 6405 1349 7961 9250 7225 2477 3977 4672
415042678
5763 1632 2526 1188 9248 9803 4194 6414 5729 7769 6518 7857 3641 2183 5958 739 9039 4493 229 5162 3409 532 5599 8078 7237 527
41394760
9605 3032 4338 8485 3438 2653 8790 3137 8883 1537 9946 2390 9638 168 4967 3639 4285 3878 9770 5684 8430 3244 563 2411 4674 4915
165530583
5653 1173 9915 767 493 5052 3060 7811 7044 785 866 3212 8635 4666 5265 6036 2957 4895 1481 7619 8294 7002 1733 9664 6201 7801
293848612
9416 9279 1853 8785 20 5032 3514 134 2844 690 2447 7802 3481 8234 1314 585 985 8974 1660 5796 5004 4477 9617 5311 8321 4234
919070796
1955 4330 8989 2461 1539 1923 7489 2408 5196 4491 4813 6835 4268 7905 8127 6707 4829 9777 671 3478 2297 9083 7265 2803 7096 5924
201314002
7516 3098 5846 8011 6078 3234 1733 2580 8750 1232 2904 6916 6242 8977 3851 1207 37 5711 6388 7591 203 683 8107 4303 5863 5058
306790976
1881 5481 4911 3320 4869 9153 9972 9833 9618 4710 7153 3799 2937 2219 5410 1172 4598 3931 1478 7927 3395 5192 2739 6699 3886 5663
520190313
7566 5622 3118 704 6119 4110 9998 1893 6787 2591 6756 2733 158 6417 7547 1020 2634 8510 1441 9724 821 44 7013 6839 6835 8508
275132345
3446 9406 880 2185 8322 8192 7014 6118 3206 767 191 5226 7978 950 4579 8343 8783 2447 2983 3658 6460 6422 2049 6245 3837 4378
609223040
2970 1230 7645 992 8963 9260 9128 7525 1309 2484 4602 6312 7269 3010 6469 1147 9313 2101 142 6767 7852 6454 9357 5516 6018 6500
808875011
2164 4113 2662 5321 8787 9097 577 5968 5255 2373 8504 5264 1407 9311 4043 4994 6009 4365 1494 6655 9605 2770 8710 4460 894 2269
987036816
3978 9019 4639 5958 4237 7710 2928 9767 5233 8280 1379 7996 2538 3023 9341 6146 2494 9222 4704 5731 3094 1195 6705 8430 7005 3364
942709677
83 6829 5535 193 4434 446 5472 1157 3445 7230 6093 3884 694 7198 1081 2962 539 7001 7882 7309 5656 6995 974 7377 9143 4230
880061323
3504 2678 676 6153 1946 7381 1554 9088 7729 9758 1098 5806 6936 1680 5435 972 4314 7723 1189 1367 6624 6899 4855 5333 2819 7140
583442956
4542 2420 2551 1391 3833 9977 862 3057 7905 2003 7593 6309 3621 6032 1368 9669 140 3619 4556 2497 944 7240 8369 2190 6700 8696
576839384
8675 6103 9066 4508 8555 8673 750 5423 9346 8343 491 2001 9480 8178 4041 6599 9740 5826 7289 3011 8303 3891 8129 9688 6733 8711
83253419
5138 5712 9914 892 3110 636 5528 1607 1870 5125 4863 5448 9762 5147 3901 2376 7358 6710 1799 2654 7770 8659 9549 167 8729 3007
804434919
5963 4433 8508 8965 9886 9857 8219 6718 5922 1705 1284 397 8698 7503 891 1444 186 7996 9624 6888 38 8414 3157 1132 2116 7362
586317719
6324 6516 5283 1296 3817 3579 563 6044 3375 3607 7729 8299 3831 7691 6109 7474 4514 9144 8491 4935 6956 5691 5102 3823 9428 1415
289965240
8700 887 3299 8658 5730 8217 1054 1498 4318 9057 6775 909 5573 8166 790 57 6212 7792 4648 3473 3901 4174 6914 9575 5408 2625
661379305
2719 68 2656 3778 7200 6977 3868 1018 7479 721 4202 5614 3910 2854 9409 3764 9351 6382 2679 4087 4765 8773 9254 3858 2318 7953
657202086
9137 7064 8580 6281 6000 5298 7060 9509 1596 9692 9070 9960 2683 2649 7879 5326 59 6146 7371 8777 5520 6187 6393 7952 4276 4397
504176980
5098 7938 8457 1458 7829 7984 2975 4225 8598 9244 1319 4086 7214 249 2182 2455 5011 4656 5357 687 5273 5627 3371 7229 9202 283
966675643
6610 793 3193 5520 1797 1601 6501 9723 8023 809 8566 8353 5879 1793 1878 5181 4229 5949 5863 8094 7854 9363 4326 7505 9146 8880
872840448
7636 4011 5383 7469 6828 9981 7166 4971 5694 1020 2568 810 2079 6735 8041 9608 1297 4969 1700 1882 2235 4516 5777 9191 6677 3544
62476341
630 1009 2995 3111 5383 6988 9011 1030 9464 9442 9356 4410 4578 650 8859 5509 1266 1083 8317 2532 3926 6893 8544 8960 9716 8730
958308864
2791 7017 8045 8932 1259 5953 7138 8128 1083 516 658 4242 8264 5315 4025 3654 9074 3518 5319 7318 5858 4304 2574 8988 2470 4715
309985884
1476 5903 2860 6489 1254 4733 8142 4396 2044 849 4467 6221 5069 7316 2912 3984 9012 4927 3763 1356 2049 848 9075 9665 1256 4713
938716399
9285 7813 2537 2770 1424 5615 8473 7836 9806 9743 2228 6233 5768 2496 8398 2980 5781 9790 7210 4602 915 3837 3297 5170 422 6229
48723531
288 4567 4468 6315 6902 4318 194 8095 2633 7138 2655 3347 747 8941 6412 4388 8537 4106 8729 8165 7986 7431 7111 2743 9160 8243
360246831
6550 5935 645 9519 8273 4898 7635 2130 5524 3481 690 3740 1978 5232 8273 3961 4543 4067 3487 3741 8753 4359 2479 198 7283 6818
128811730
3486 3506 808 8487 5869 5035 8506 9429 426 8018 2685 9634 2047 4498 1943 4006 2922 6123 1979 9073 7922 2116 9754 1533 2577 6093
91806640
3421 781 2061 7044 5651 4868 5870 4615 3729 8411 7178 2601 5879 2285 6710 6992 9679 900 146 3632 4239 147 864 117 3767 522
256426194
4462 8037 5990 5892 6299 3367 2375 1436 483 4272 1799 3582 3820 5385 8532 3673 3891 5250 8141 9298 1462 5554 679 904 7724 7058
979071397
8089 8747 854 6371 9681 8157 3821 3483 7430 2713 3965 8488 3412 5701 863 7415 1320 2602 6176 379 5068 6754 1388 9058 3951 9452
538846712
9763 2586 473 7848 5248 5411 2895 19 7557 9216 6083 7135 7707 3668 4241 4789 9759 6112 673 989 195 4018 4188 6101 3505 2315
960975121
7794 3026 1723 3470 6828 7800 1763 4352 9860 6138 2591 6533 4189 4885 9234 5064 4235 149 6287 3719 4527 4801 1770 9540 1723 9328
393003246
4857 5186 4066 6502 4276 8024 1287 9804 2661 4953 4514 8567 2864 6141 1993 3634 6067 7549 7301 8197 591 1198 1630 3374 9752 1735
580209064
1855 276 4650 3210 8978 1559 506 6443 5697 1834 4335 2026 3132 5138 5520 1548 2892 4330 9288 121 9910 7086 7170 3565 3145 7085
496544260
4831 9858 4960 4191 515 7640 1259 806 3472 3510 789 3649 2296 589 9463 6067 2020 3647 1446 9281 9043 7805 9544 270 6527 561
825153939
8692 9706 6765 7610 7766 9682 2750 6839 9241 7553 7157 3203 3370 9324 8677 6627 1765 7566 4944 1607 4898 5449 753 173 2029 4902
107279936
8758 2292 3613 512 6878 9843 5997 9820 3065 9355 7444 9706 4737 7900 4998 8892 7002 3328 4990 1685 7786 7389 2454 9431 9983 2324
816686890
3350 7457 6552 6882 1593 7055 2878 1127 3617 3113 3427 9028 7136 4041 1932 2835 6347 5172 4302 7581 2402 5727 3242 6265 8973 1330
769257177
1056 1916 2554 7937 8597 1680 7768 4243 902 258 6831 5098 2080 5667 6164 1778 7116 2453 6609 3637 3906 5587 1232 8779 1672 2372
927193605
2684 9849 478 1841 2412 3850 8004 4365 107 720 3234 6636 3778 5712 2924 3143 6251 3382 3414 3239 7962 689 8267 5347 7196 8667
431217587
7189 6947 6835 2629 4766 6930 9998 5094 4956 1589 4106 7827 5457 57 7957 4762 6492 9325 1264 6237 8855 8103 8611 4835 5205 6658
262040016
8891 7908 304 7624 9289 5854 511 8965 8725 1122 1259 4197 256 5272 3619 2989 4174 8151 5609 9006 3587 6077 4646 1093 9363 5246
617466209
4876 3382 1604 7978 6815 9960 3302 3486 3411 8506 3575 8167 2461 9156 6413 6596 3687 5764 5470 9141 519 206 194 4048 6323 7751
280595529
2043 5307 6055 9179 2968 2916 76 7773 1331 1542 3316 1622 2017 9681 5998 2185 4842 9394 8593 3197 8823 9889 9937 231 6858 9321
826923507
4092 3175 4031 8254 8449 9058 4074 4483 93 7410 5426 8785 1988 663 933 9012 5098 3571 3284 9322 9183 1997 5346 8049 4488 4760
352736090
1443 9183 8904 5757 9708 5067 5793 9805 7761 6990 2217 6370 8760 5007 3302 3564 8763 5918 8980 2551 6616 1282 6414 1003 4726 6215
306040417
1021 7985 4297 4873 245 7491 4348 3872 3415 8892 2970 99 5612 2740 5205 3534 8227 6485 4945 2370 2755 2385 9174 1848 9219 587
387191594
2842 1218 5091 5614 2409 9115 9530 7361 9802 9846 9151 2634 5491 4082 8923 4794 9454 3158 5179 219 7231 2177 6406 8490 5396 3881
461558887
3189 6463 4269 6748 8 6065 7145 4273 9620 5021 9092 4142 4959 2266 6204 3545 7955 8462 7316 4418 5431 5735 6832 7799 8157 2516
550064485
6483 1663 1195 8062 902 2949 7763 1621 7310 1620 2666 2676 6991 4347 8786 6178 6748 5922 8198 6871 4285 7986 9430 292 7868 958
737149647
4116 4979 9961 7408 8418 1411 7284 6218 9162 1761 4582 3594 5730 9063 8410 9597 5830 4601 4423 6026 2246 5790 4582 5759 8275 5712
972992269
7160 2463 4896 8272 375 3860 1734 7741 1547 4443 1862 6975 6470 2762 5175 5767 1846 7149 3816 6069 2288 8626 2228 223 4881 1384
646723845
4307 9999 2576 5106 5498 8288 9846 2033 6753 848 2573 4347 3672 3882 2316 7096 9936 1137 7888 6351 2175 8267 2531 3873 6180 3362
36215365
9093 7843 9670 4578 9154 9730 2826 9771 4763 4258 7339 4350 5517 1285 717 9336 6289 1077 6320 1943 6795 2292 2988 4484 5249 8432
744713320
8494 6095 9275 4698 6190 5949 8924 7386 184 5364 6221 7592 4368 435 5855 7250 3407 3262 6593 5002 7377 2470 4709 4982 2250 5898
291513765
3581 764 7067 8151 8458 8640 4403 8336 2848 4638 2514 7704 5280 6494 2383 8844 8054 473 9666 8186 10 1903 777 6306 258 9809
879560992
2247 6077 3098 7693 7200 9991 2141 436 3759 9056 5965 7265 4926 8235 8979 9923 4101 7883 5042 7229 1915 158 1291 24 6558 4748
764932075
7000 575 9756 189 6368 1867 526 5672 1897 1474 3716 1415 1886 3553 5258 7651 4088 4993 5726 5091 7114 4556 7904 5817 3362 1379
888759350
9302 7115 4028 9538 3504 1317 8965 4322 4540 6612 2142 3279 6609 2102 7153 8043 1741 9769 6059 6946 941 7679 6053 3370 8507 9969
338587036
8243 1780 538 5709 8152 8213 9101 6224 8934 7441 2207 6314 201 7580 3432 6444 3003 4033 5013 6356 1577 3914 2724 5360 5319 4259
49180942
5168 1617 5560 6033 2819 8296 2554 5469 469 4677 5062 8001 4286 8127 6627 8589 1246 3614 6982 9988 9500 3830 6192 3587 8437 8500
912706984
1779 904 4035 2036 2064 7126 1588 1617 9749 4003 3723 3391 4475 5222 884 1363 4083 1283 852 3757 4730 6831 5663 2511 4200 4205
259783146
5059 5975 9974 4728 3736 2961 4534 4008 9321 7485 8281 9587 1617 5895 5476 5715 7029 4485 113 7420 3030 5409 7589 9689 549 6429
214139145
7779 9041 9043 4259 9892 4871 5540 5729 9841 145 9368 117 9421 4892 2260 9041 3513 2382 5993 3300 1861 7231 2917 2501 3101 6303
828671490
9329 157 1358 2264 390 2787 1817 625 6089 353 7047 9247 1585 9629 6195 5439 6918 9455 1079 786 5031 7899 8945 9981 3116 2809
272231106
4105 6730 9411 2874 6551 3905 7157 6517 6528 6315 4505 2023 4176 9697 9241 6306 6725 5452 324 3708 2072 8980 3320 2582 7277 4074
312667970
5325 3882 1232 3539 7357 3670 213 8580 5756 8009 1585 6210 9015 2268 1718 7369 789 6276 9319 9220 5678 2804 5843 7544 6494 5425
277944573
944 4218 9225 9654 3334 8651 5212 667 5646 7916 295 8900 237 7306 8848 3742 725 6233 2828 8892 9419 8380 5716 9724 4327 2929
77617660
35 2179 275 5895 7361 1906 507 8915 8137 4709 2856 925 9907 2985 1002 8671 17 7398 9210 6400 5197 1733 556 9782 1300 7779
497061950
3462 5471 8748 3146 5428 3492 1897 8849 8910 2116 1073 112 6895 8122 7776 6046 2736 4239 670 3290 2098 3142 9234 5526 8249 2375
989460395
9821 5454 7993 9669 2268 8815 8053 7784 5356 6666 5681 94 5306 5086 8811 1966 237 9864 36 7246 9449 7046 3882 6650 4560 3402
477655263
5046 8370 908 4409 5657 5521 9183 9451 3029 1406 9077 5860 9374 6383 374 1496 5860 2680 5748 7515 6030 2495 2329 1309 7934 5203
691760027
8848 2209 9336 365 5500 9450 9634 9542 4107 4978 9379 9193 8448 7442 7149 8616 9874 2589 6878 1576 3697 3463 2480 3840 1124 246
254737254
4736 8828 5087 2760 4224 852 9592 1022 1508 9857 334 6063 6555 9822 2360 9032 7148 8832 8220 2887 4177 7781 7977 3457 318 694
344898643
4035 4210 4769 7572 8529 7072 8950 4300 9714 9374 4524 1092 7190 4194 8453 6847 9460 9895 6673 590 2696 1469 8601 5534 8485 8415
585772136
5996 1235 3966 8229 2872 9004 5388 3344 2011 3791 5674 3395 9007 397 3463 9680 2341 5411 447 1161 6646 6835 1742 2503 706 3203
640455076
3096 2836 1109 7584 3377 2237 63 3269 2304 4222 5883 3797 1591 9646 67 322 2430 4461 4905 7068 7239 5991 8232 823 4944 3744
957617819
9002 4027 9416 6021 6889 8708 6378 3546 4016 7397 2643 2888 303 9310 1248 6028 2219 7109 5386 3901 9619 5511 3760 4208 660 2084
15641048
644 4492 7335 3080 3309 7975 5005 5300 4434 785 1930 5813 6513 5722 3963 7652 1655 4981 1130 6701 8688 7736 7139 549 3326 2498
991201736
296 6256 8344 285 3857 6588 1868 4161 3596 355 5319 3678 4701 4862 8945 9071 9720 7791 1022 9592 4240 3404 311 2905 3862 5033
396085503
48 5981 6170 4297 1303 4358 7461 6746 3437 3824 6605 5778 6320 960 7030 7177 7893 9036 1623 2624 7333 1066 105 2420 8544 1638
593132967
4098 8065 2050 7234 5944 4857 6519 6831 8738 2848 332 9118 6769 6936 7492 8621 3885 2150 6359 6783 6598 5677 6767 8460 3077 1115
678073010
5612 3576 2177 423 3384 7992 2695 9318 1740 713 8001 5809 5213 6273 3314 1854 6370 9066 1331 1304 3054 556 5959 5846 810 7077
318515961
9081 9989 4324 6407 6441 8763 7494 1412 2181 9012 8431 6601 8391 3398 5223 1356 1703 7360 3981 3981 5820 8127 2806 5750 1847 1682
227248352
2313 4549 9504 6510 385 2679 8526 7994 9077 6377 79 6728 314 2051 398 5003 658 1452 6311 7249 7962 9088 8035 6982 3099 2929
78142345
1388 1358 3312 7052 7668 2520 6257 663 2964 6077 9021 3896 3122 522 5150 1253 1522 1894 5996 4129 8054 5273 1903 6283 1712 1915
794567418
5376 8244 9315 6870 8752 6867 6986 659 5944 2411 1776 9493 1792 8301 4406 4566 6909 5318 2876 7178 6250 1389 6511 9983 2245 6137
295866978
3200 9913 449 8829 8372 3370 3819 3407 8856 2908 9961 7976 3213 3522 5758 6715 6098 7890 3387 9354 2452 6778 8094 7677 3555 3328
535688421
7921 1427 2252 6823 5990 69 4758 3507 2042 9533 559 2225 1106 9230 4209 3998 3722 8645 5062 337 2502 3655 644 6194 1148 219
138467606
8620 8609 2786 4303 88 5382 1615 3006 6522 9932 1035 2269 5106 8766 4981 7365 6394 3867 3316 7941 8447 5030 7016 9552 635 3228
961547281
7840 6959 1190 7922 4260 8275 2911 6309 4314 1083 8742 6755 5857 3296 3967 1778 2500 6464 6739 8990 5608 2178 1683 1654 4442 9655
527714521
7350 3927 628 1645 711 272 4537 1827 5843 884 9126 2677 9237 699 863 6544 2373 3171 7164 1599 2714 3068 1242 3140 4133 3753
178515600
8716 9958 3282 518 9505 8791 5681 4440 5474 9012 1839 293 2837 3682 1196 2718 4447 9520 1055 3539 9274 132 169 765 2761 7415
656287603
5629 7478 521 1953 7552 6007 1122 4855 3522 8324 4138 6899 2857 9959 1799 6447 6889 5099 3365 8064 941 2099 4858 7264 332 8062
387442287
4662 3595 2886 1004 9937 7181 7766 453 5953 6046 2058 2809 3097 9438 1835 6231 9353 5716 2016 7020 6291 6895 6205 1353 8056 4314
984129790
247 9475 3596 3673 7675 6583 261 3521 7006 2811 4655 9685 1527 2234 8520 1362 1037 850 6130 5293 7808 4272 3790 578 8788 8351
272607055
3845 5129 7338 5973 4413 5304 3355 3385 7457 5112 1562 1943 2145 5832 7058 8420 2461 2589 4096 9540 4214 8546 7809 6280 7405 1275
168745570
3328 5950 6852 6760 7668 2574 8353 551 5034 7331 1557 1221 3175 1092 1013 3399 1030 9478 2157 6301 2105 122 5836 9315 7196 9831
411007299
7960 6265 881 3497 9426 5086 7577 5166 4291 8493 6104 2221 9106 1593 9001 4805 5108 3533 1866 4039 2338 99 9346 6924 9765 6554
893280405
274 8657 137 2321 1127 2718 5972 285 369 1493 7385 8481 9854 5202 863 7474 4521 7790 997 3732 3059 5771 2178 9888 4419 6570
236996195
7272 3549 5284 1132 6137 2693 6070 5781 3439 822 559 2827 6781 4889 7087 8622 9827 2610 7134 5536 4066 2496 1939 9931 4898 5480
165859451
6381 7250 6454 520 3726 4823 4049 5680 5912 8295 9681 3727 4299 5962 5638 8657 9291 4905 5444 1225 4730 7428 6045 4272 339 3032
218114803
3379 7434 6401 3967 3036 3100 9899 803 319 3747 7315 3189 4041 1379 2353 748 1032 5327 5569 8620 1180 8106 2920 9414 2864 9169
912795691
9299 1762 1025 8401 2213 329 839 1429 8971 5504 8015 6090 5290 7406 1537 1825 7256 2176 4062 1573 6292 471 4522 8805 6831 2179
2118824
6235 219 5800 8387 6555 3729 7010 5727 3052 9443 4582 6486 4604 4898 359 2832 880 2480 540 2171 8598 9044 3185 1299 1025 7132
817834431
2612 1980 4391 9583 7355 2832 7043 5023 3826 138 7826 3553 6773 128 3638 161 2027 3584 1468 8548 4675 845 8290 2954 2836 4807
982525183
3947 39 4635 1223 1895 1274 6516 1043 3196 5823 7520 8591 6364 5157 9593 982 7196 271 1718 4069 6742 6290 3658 1376 3295 4994
400905318
8591 3547 9428 1717 637 1187 461 4180 4966 2557 3733 6548 4204 6560 3303 2606 4096 5074 5826 315 597 3419 2852 3555 3575 401
568937765
6753 6511 4915 5330 8834 1812 7489 9755 3404 9495 7611 4232 3945 4585 9326 8296 7156 3239 3129 7810 8349 7993 606 8662 183 788
721250539
6969 5770 3791 7659 6950 5638 2586 2505 1415 5291 5918 187 1684 2041 7290 6696 9990 6904 4298 5894 4055 3649 4715 1479 2129 3707
615560746
4803 9522 6185 7661 3947 9730 3699 3515 410 9092 1831 1999 3742 7850 3410 2041 9293 3127 9811 8489 1136 7003 4655 3335 8770 3685
552149617
43 6286 9226 190 5037 5154 3155 8487 6467 5312 6448 9668 3203 1614 2215 5749 2363 501 3463 3144 6268 838 8799 3484 1255 9124
787787571
5973 5869 5693 9136 8475 1334 2012 4622 6212 8951 2658 2228 8396 1382 6598 6333 15 8098 3907 2392 9179 7407 4883 246 3225 1326
548059331
4916 6845 3822 1169 2510 2536 8266 1310 6034 880 4826 1091 2795 6031 6115 2425 1937 3230 9663 2601 619 8928 208 8740 731 6498
708342518
3533 9288 6700 5761 7197 6280 7286 4961 7010 2977 2221 4980 4833 103 8853 5683 1116 3444 3431 2966 1533 8776 3355 5431 9464 9146
924863138
3350 352 8761 3526 2604 919 1634 2118 2237 1960 6290 2871 1227 722 6607 9946 544 4097 2810 8090 5826 8194 5410 8665 669 5574
982962587
4289 9664 1723 7136 6986 3620 3339 5917 5645 9885 2110 4594 9595 9483 3318 9308 9465 9831 4850 4526 5128 2890 2098 6066 4944 8080
717549317
9729 6899 9069 487 8233 2822 4923 7641 4768 2120 7239 7243 1505 9130 3530 3430 8534 9687 2425 2589 5489 4965 1354 8286 4033 7975
269756004
7718 8893 3347 1772 7720 4829 5834 3947 3756 6284 2593 1509 5060 1361 599 458 8696 4164 4444 2831 5479 6394 5552 8452 1097 5838
156318149
1856 4052 9322 7907 7213 7343 4348 8869 8190 9111 4514 6764 6296 5159 3787 7387 3910 2037 8850 1017 6956 2713 5058 2664 8557 9118
113156691
4489 5481 5058 6612 4003 8704 8194 6516 6213 1922 9260 4772 4872 1290 3881 186 8533 6908 4640 9396 2448 2866 5329 5432 1136 3888
287591007
374 8541 17 1096 1636 2068 5853 3025 1710 5015 3675 4013 3194 1083 8460 6647 8999 4809 9886 8413 3230 2472 3417 1734 9942 9384
938783291
9740 3917 4409 6606 6062 7618 3382 2719 9820 622 6565 8771 3434 1916 8389 5084 4082 965 9258 8164 2267 7950 2951 7893 8695 7884
46651676
2696 4831 4016 2644 6001 8786 4962 4482 8030 4732 2443 3232 4493 5011 7529 8294 2600 2932 2711 5749 1640 7535 2510 9070 1668 888
335885748
7041 5964 3038 7669 133 9693 7012 4583 5368 767 9635 3565 9436 8037 5628 1948 6130 253 1384 2649 4110 435 7377 307 2879 3212
84426876
920 4953 9915 3383 1136 7387 6629 1884 1551 1728 3953 9286 3814 5561 5312 528 5755 8307 4823 4801 5093 5801 2260 4360 5610 7257
65038766
1576 9448 950 170 1534 6098 8761 2781 7881 9370 8726 3075 6109 6896 9511 8710 7847 7037 5289 1258 4936 6058 8068 7445 349 4000
181857078
1681 6150 9704 456 630 3073 5430 1599 5070 8890 6034 9181 4293 1669 9808 3675 9021 176 7419 9607 2200 2771 6619 7758 709 2567
202777303
6022 926 8119 3832 4104 3378 8244 1684 4130 2670 8116 3623 3068 1002 1330 9891 6277 5921 8095 6620 7510 2985 914 9561 5919 8532
477755905
3378 6436 4648 1792 2980 7769 7878 3398 3454 9797 6716 192 529 7070 8351 5224 5081 2420 4171 5299 2411 2050 8453 4436 6013 2402
969725887
5877 4376 4788 4305 6775 5141 8155 3146 3802 8009 780 1590 2556 6023 4883 8967 1091 3843 4427 8299 6060 1619 3043 1237 4770 5492
319176608
25 7177 2891 9364 8833 8187 1657 4058 8915 275 7851 2845 2867 6391 8745 808 8002 8653 5481 1597 7421 4560 3922 494 6049 6752
669474198
8598 9511 3140 6625 3243 4650 8125 4710 9073 4809 9868 8049 3079 4948 885 8866 4982 1986 9245 636 9090 5680 1085 9419 3011 9864
168595921
5713 5411 6166 5336 1065 7521 5361 3210 1938 9010 2674 7511 8175 7951 6220 1617 3092 1237 5650 1570 5432 2262 3394 1385 1919 6042
165110535
259 2762 3497 2904 866 1384 1105 2147 3405 7109 236 7412 2620 7061 4477 9182 6045 3571 6681 1458 5034 5967 5878 8571 4975 7373
658280661
7331 9266 3360 5613 2870 4503 7513 1648 6554 6006 2346 6148 3801 2443 6827 1960 7834 8592 248 305 719 4171 2114 473 247 7335
108088316
2517 1542 7610 4483 156 187 1247 4343 6813 3551 201 5850 2966 2423 424 5710 5577 749 7257 9325 1673 2088 7592 8439 4996 8134
68525723
360 8976 4366 4509 248 7244 6381 4605 6703 3655 3077 8901 4049 576 3894 6435 8726 5601 9550 2486 9492 7020 3018 7977 5418 2876
891090407
2176 3313 9184 5193 5950 2435 7719 3583 489 1861 8292 4349 764 6715 7726 7063 8509 1239 895 8789 3303 6158 8377 508 6638 1945
857336900
9792 9586 8436 2333 7170 7983 9836 5225 5524 7198 9497 3185 2142 2225 9850 3956 480 8666 9006 6064 4333 4345 6863 1711 6511 4480
156292008
4419 2860 8147 9414 5221 4314 3097 9292 7146 5654 2424 8115 7992 5365 5828 1774 3775 3487 943 5657 8034 6436 1309 5342 6856 384
594930926
5607 9096 6233 626 9626 206 2448 8193 8972 8888 1871 7825 20 374 34 698 1558 908 201 2739 1030 7538 650 2015 4130 862
675889080
4354 1982 2394 7399 2305 6918 2119 8768 1181 2131 1249 1387 6815 7638 3407 7362 6048 3367 7715 7912 7502 8825 9733 8720 4035 9520
4135428
2859 9873 1441 2690 5629 2974 5375 4960 9014 7003 906 3196 4442 9380 5116 92 2173 1785 9882 4889 3331 6823 7015 7291 1799 6162
340537471
9956 4615 5508 7985 506 213 30 8031 4830 6557 4330 692 5752 4472 4410 2221 9900 4245 1725 2964 524 3038 6073 346 5443 6813
33166253
2028 5432 2211 8507 5563 1870 3190 4274 3743 2323 4910 3141 7976 8027 2632 5857 7270 3291 3146 7263 5456 770 4178 3027 146 1691
208347382
2397 6495 7804 2947 1204 2729 3323 4125 7646 897 2757 6829 5468 4784 8868 5009 4031 1008 7458 4912 9772 4506 5543 6755 1575 8176
961281429
3091 2316 3583 1523 2865 9798 6610 7234 1340 7960 4788 6449 9539 5694 8964 6568 2714 6092 1387 9738 2209 7868 9722 3367 5393 2623
820860082
426 4703 5163 8461 444 2361 400 585 2731 4303 5338 5805 8621 7409 2676 5502 9799 2811 9511 1954 2341 788 4160 9551 588 3874
290619099
5893 3697 7125 838 8121 5636 4380 7636 8630 9908 6085 4962 9915 1348 8698 9137 1571 258 1407 4508 5582 6745 2771 6812 2771 9965
715016390
3497 9300 6724 4206 2363 4801 4524 898 8064 6356 1325 966 1527 9261 2342 3882 2239 2546 1305 2624 1522 2575 2 4620 7158 6587
158629281
3083 7335 4005 305 2141 3078 5914 2313 5843 2596 2379 9363 4094 9692 2545 8735 5367 5624 871 4456 9035 2597 3024 9549 8394 1464
967259526
7758 3332 9233 3974 6377 4628 6418 9009 1101 6719 1271 3104 6232 6202 3367 4949 882 1422 5785 6475 3659 6481 4688 7308 8477 6981
166119598
7155 6886 8420 1144 8465 3839 2033 1934 3087 2229 8516 2642 1749 1813 1493 3966 8071 5588 6588 3499 3093 9984 9990 5647 1762 8832
662690339
7887 3576 6568 7617 6255 4917 971 1044 8971 2527 5588 4918 8907 6472 7170 7773 2327 2958 5883 5793 8908 2507 8444 1324 9343 1569
668790494
5742 4377 484 4861 621 4842 3896 8042 7417 3546 627 5314 9930 7898 5953 9652 5435 9884 4060 6074 3426 4500 9208 3091 4170 707
126328721
3734 7263 3661 7300 2043 7183 1707 3419 19 9426 7741 1193 7244 1771 8078 3894 1849 3504 4106 4040 9129 459 6633 2718 9290 1126
313626036
6066 1834 1292 998 1293 4706 8309 7881 5219 1570 265 3029 3448 9340 4100 2410 7535 6185 7906 2425 3768 2542 4893 7117 5218 4805
396486680
6261 8553 5547 3877 2484 3320 2367 4139 752 2554 4136 2111 7319 3399 8637 4282 4379 8984 8848 1962 1683 921 6974 1064 173 5059
913967932
1950 651 3960 9654 5170 3519 5073 3007 1846 2578 2549 4225 4224 6229 4285 2579 5602 2930 2081 2762 9452 7213 5775 8660 3152 7723
410324214
8595 4799 1732 1027 7441 4979 915 6926 745 9412 4974 4615 7809 7951 9797 9074 1566 2944 1369 8167 571 9234 5276 9174 7343 2305
209878669
9690 7101 3578 6691 1308 6767 8591 8340 9987 9992 3511 7275 6464 1776 1414 6814 6000 5896 3039 5801 9101 4456 4461 7546 143 5742
778164502
2751 4842 9438 2085 9787 3348 282 386 542 1134 3622 8681 7824 221 21 8241 2244 1078 8065 357 2542 9419 205 4185 5682 4129
918730669
9360 8438 6139 5743 1032 3185 3145 4046 8644 840 4291 455 1551 9894 4363 5164 8633 6377 2918 1763 9875 8277 8173 928 7042 9237
820963754
1087 7876 5052 3608 6138 8537 175 4575 5492 2432 9418 3487 6323 1158 6960 3677 2935 9716 5194 8702 9945 857 6266 1535 749 8586
802840185
1629 1042 486 7308 5542 1698 1759 3238 1629 470 850 1215 8800 7688 4080 7244 5229 2020 8616 5843 661 4637 8482 7169 3732 5410
704825910
9115 4534 4049 1152 1520 2086 7287 839 7254 3517 8535 6447 8661 7838 8360 6289 1657 2182 5947 6653 5626 946 8181 2036 3893 416
343415478
4618 1163 1287 98 763 4728 3334 5733 6825 7387 1102 2592 3127 2853 1837 6653 2462 2694 7280 869 3350 9317 8068 7939 7100 1260
582000735
8144 2291 3974 3201 7081 8057 8222 5186 9082 3119 3746 5465 1539 3772 28 41 8615 8007 824 8436 4064 647 4915 9683 2391 1621
256568551
2610 8604 1114 5557 8325 4900 3928 7752 8074 9378 7389 2352 8084 3672 5556 770 575 7438 6473 7540 2162 4694 25 6570 5451 519
914418571
2019 8044 5864 7941 8675 7692 3771 2426 7226 8346 1459 7110 3727 1781 2599 5774 8179 609 7755 7580 9077 8575 3146 6731 1756 7003
219617806
2642 1660 4717 7898 5040 7252 4069 3962 183 4774 91 1881 8304 5422 1445 1495 3968 9374 3776 3862 8048 8114 2399 4928 6424 6116
631345403
7443 4545 5199 323 4145 1483 9801 2162 6771 816 624 2490 6416 7101 1398 1615 73 3207 9144 1736 4613 3545 8720 8897 2773 4225
835143098
9380 9387 2315 9148 4389 6406 1634 4936 5494 9775 3463 5831 6129 8934 5402 3352 8880 5582 9165 7440 7692 3259 9467 3958 9538 2487
821945560
7322 9863 7406 1376 2323 4791 9672 3297 5738 9951 6216 1212 7250 324 8551 8410 4202 3795 8223 6199 4769 927 1555 5215 6388 1297
713573425
2705 8003 9173 4270 1858 8235 6181 9183 4006 2897 1680 9895 6638 8379 7632 5241 8982 6803 8789 3807 1632 3815 4051 54 5462 9763
1078416
9351 6974 7713 5563 6309 8749 885 2555 6979 9604 7253 1547 158 1794 2386 4086 1693 3258 3349 4845 183 6123 2407 2163 4769 2679
887557331
4979 4490 36 6392 4711 9454 7680 3151 1863 7500 8677 6785 2873 9832 2118 3829 8764 2620 8473 7373 3517 2168 9323 5272 4249 3909
822267723
3410 2154 7187 444 357 2232 2732 2287 4574 4901 6918 6422 468 7367 4583 4641 401 8372 5013 8156 3025 5940 841 3815 2437 5100
168327312
6690 4100 7706 5574 2547 6960 8130 2698 4462 1754 746 6002 8746 3257 3737 8227 4350 2233 1193 8283 8322 8383 8465 8413 3721 3458
643298425
1576 3425 2522 7699 3147 5203 1670 6259 2754 4544 7139 7608 4796 6337 6989 5283 5054 7928 6218 7262 6151 2880 5166 6173 7965 7493
339250373
8309 7418 317 8625 3026 8026 3127 1534 3556 2810 1231 7250 2112 604 6987 1037 7544 9775 5131 5688 9331 4745 4913 9580 6409 6045
479618951
894 1145 4602 4587 9747 974 3807 557 7972 2205 8714 4572 8056 338 3279 5084 6866 9221 4652 4761 828 7417 9180 2376 641 5994
588552237
379 3903 6633 9401 7821 2150 1322 4431 3673 8795 673 9268 9828 7796 8853 4654 2241 5823 5540 202 2744 7404 5843 4630 9000 5570
75801828
1399 5790 1118 4247 22 6878 9057 4913 1587 2443 389 8549 4601 561 4328 156 6315 8853 5093 1109 5547 1159 5565 4309 2146 2179
526245547
520 4801 1277 5371 8149 5853 4298 4493 459 1533 9301 6032 5415 5219 3878 543 4637 4679 8604 4964 2100 6104 6590 6147 9453 218
730768435
2591 3491 6216 6440 7554 6882 1693 5637 7205 3354 4655 1089 1863 9309 8034 4326 3290 560 6079 8049 1497 9927 8270 6102 2459 7658
125140742
1973 2055 1992 4235 7253 1490 7913 1712 7637 3856 9112 3863 4373 5356 3016 9736 7845 1205 511 1234 6160 660 7723 3925 1132 6694
108408070
6136 3236 6688 5359 3387 8160 438 6741 9740 3326 8404 626 3400 8309 3224 5966 5552 1506 7404 1221 8034 6895 1820 98 1359 5149
166972805
8435 4259 7721 4803 1929 1526 1677 3827 4448 4741 8024 9673 239 4265 2254 6237 3057 1051 2656 3474 6217 3374 6712 686 8535 203
111809986
9987 9291 1962 8444 408 6502 9463 8794 896 4516 2615 7615 8273 4051 9810 5223 1340 8508 8010 4989 2338 5270 3272 6574 8478 2447
141965514
7491 6323 1076 9500 7150 9013 5654 1815 4040 262 821 8961 3534 6869 5165 2622 2587 9800 4738 6224 5003 4713 9770 629 8180 5707
887599929
5621 7228 3723 5637 403 8361 4957 1311 8904 9485 7252 8281 1815 7678 5646 5211 8662 9992 6852 4775 531 8280 1518 9935 1272 9909
81393659
8418 3380 7303 2974 6866 4467 8371 9315 1930 602 1871 5985 7021 8409 3514 9173 3396 6035 1567 5708 8938 3598 656 4545 7001 9448
176061832
6390 1811 2982 3238 3276 7989 1482 2009 2408 9696 2647 9579 8946 2303 3482 1818 129 6071 1929 702 3632 4488 3751 524 6607 7804
198903178
8530 6777 7468 3355 5210 3849 2261 310 5741 2669 4209 4857 6842 3867 8605 2870 9337 9982 3582 9209 173 742 2169 7834 3230 4495
65869908
1385 2564 139 2515 990 451 9060 7336 8699 2010 5647 8376 3354 3513 1924 1042 4301 445 1404 350 8993 8473 2001 5037 6230 4755
129094126
1383 7959 7350 8334 2319 8346 3737 7197 2209 3458 4507 9372 9851 84 9117 1542 7141 3632 2770 373 8369 2185 1383 8204 6229 9872
76625399
6952 7695 1596 5197 1290 3157 7984 9768 8073 8846 8686 2645 4245 875 1086 8047 2091 1396 6927 8975 9100 3174 8151 2349 7040 5876
432185431
5676 3274 3216 4945 8146 2269 953 1141 745 6165 4356 702 8950 5374 7528 3739 6237 1864 6157 3817 2013 2249 2822 5937 4240 7793
620734757
7426 6989 2390 6548 5018 5712 4616 3819 5457 5674 1122 3282 6358 8133 9751 4107 972 7612 1553 4749 181 8008 4288 6263 9298 9398
512923279
9765 9575 751 8991 2149 1149 9949 6189 7654 4534 3758 7531 4803 2498 4807 7287 2832 6541 2852 9729 441 5485 4022 9754 6771 6303
974787107
784 6396 9729 1336 2383 6214 6310 7502 5711 1684 4609 602 9385 6878 1317 7654 4332 3730 1782 9148 6803 7915 5932 2516 2399 3022
959228355
5383 1204 6494 1304 268 4349 4355 5246 568 1029 5213 2703 4918 4811 5873 6796 2062 2018 4085 9259 1741 678 1720 7519 8989 2030
583559844
6488 6640 3089 4363 4536 1043 1363 492 698 423 2089 7407 2602 224 282 1830 8150 7033 6026 8702 6443 2232 1041 8520 3547 628
439350251
3690 9695 4921 5086 9575 9049 8544 6536 1560 2158 7582 4285 5489 1898 4228 7238 6979 265 5079 1165 8472 493 9586 9108 2728 7323
79536534
4148 6992 7880 3611 7892 28 9905 6032 1020 8143 5098 5088 2819 4752 9978 3506 6207 8957 8900 192 1497 2079 3672 2933 9117 6514
957339725
79 9718 2310 7817 3534 8681 8827 5623 4258 1499 7504 7361 7840 1389 2853 5925 2244 9200 695 1241 2266 149 3172 6981 4446 3753
11317452
4616 9459 1193 822 7579 1679 1152 2221 9320 5745 6756 1553 7016 526 3695 4226 1012 9754 2619 2038 8881 6911 5860 5031 7798 8524
590508263
1392 6409 1462 9856 7068 8376 2458 2531 2407 1771 8910 6759 2248 1197 7905 6363 1682 1594 5237 8487 2676 9181 4302 650 519 15
433998813
9454 436 2385 5921 3956 6176 3405 4065 7251 1614 6405 6334 1572 970 554 7941 1248 5397 8189 7602 96 8249 6151 7024 3805 8130
779451989
4182 9566 9282 6273 7034 6275 4686 6806 3645 7705 2239 5303 4937 9850 9618 840 9824 2144 7133 943 9394 4229 1046 8937 7149 8911
124388503
6975 5551 9524 658 9947 3648 2852 6766 2665 8111 1551 5030 2841 8397 2453 8329 7237 1324 1996 9750 5400 2811 391 5061 6165 2183
800758334
3548 4271 7881 7918 770 9665 3737 5261 2913 366 9194 391 709 5172 7119 8008 4929 6966 5291 1705 9331 9375 4493 4018 1103 6110
38218324
9500 2850 1386 4493 2643 7553 8350 3229 5423 9338 5009 2101 9368 1558 4472 5655 4178 4764 8048 6070 3835 5646 6956 7139 9470 7782
816701224
5712 4380 369 422 3881 1354 653 1407 9008 4128 6570 4535 6660 4349 1452 4390 493 9972 9671 5283 9473 2204 3483 2727 1692 9333
752643619
2406 7823 8973 4830 7843 4487 2117 3991 4338 5957 7897 5909 8772 3377 7891 27 8340 1908 8948 172 1310 9404 624 1537 7526 6645
621655266
5946 1332 6744 8664 2909 3600 1079 4225 9735 9976 6294 9385 5275 3304 8607 5742 5718 9610 3683 3124 2114 1967 532 381 207 3530
160644954
1884 6576 717 9209 723 2126 3443 8378 4466 8414 7058 4142 607 9510 1914 2039 6224 2021 7495 6193 3754 9342 7930 5053 9983 9199
782871681
8123 5942 846 5049 5276 6685 8762 3309 3481 7394 7832 4351 3793 4925 4948 9733 3081 4791 493 2557 9177 3106 2735 9769 2839 6444
233470883
1267 4276 9827 4781 9804 5784 8846 9621 721 217 2119 2819 9429 6522 1037 735 4241 2635 617 1539 6561 512 5513 6604 5969 7057
153684267
3281 6711 9418 9567 3527 7887 7694 3732 5860 8739 3970 8413 3772 7894 5829 8386 2836 1023 6817 9034 4891 8891 5789 785 3133 9597
527574453
5452 5670 7987 4610 4246 411 9201 5564 4617 9128 4868 5962 8553 7907 9553 4707 473 8722 337 4102 2814 6849 8074 3055 6853 4957
929832951
8818 1819 7824 7037 9318 2236 1041 571 6877 2763 1285 8023 5803 2323 8154 9288 8317 8866 1869 1286 5839 8540 7390 1963 5525 776
414112797
914 7002 7821 232 7151 2299 4392 9673 8017 4960 8456 8887 5459 1288 3006 9940 3570 3575 2379 5117 7366 1394 8863 9884 4113 4309
956266990
6739 4107 92 9735 1026 8036 459 5104 1907 1058 5844 9708 6612 2492 8787 9745 8344 6592 6947 8879 3041 361 6552 4623 9116 9514
352432685
202 2830 9383 7579 5862 4970 9222 4887 3208 3007 4148 6590 582 1539 8341 5311 7778 3409 5631 4072 9114 3502 6118 59 1012 7538
195975058
4384 2359 5038 7532 3605 8062 7686 5864 9579 2944 954 1645 4912 5645 5867 6896 3963 3795 2996 5030 7781 9682 3299 2704 5208 3061
241762990
5633 6401 3498 1948 196 7993 2661 7155 694 1908 2236 456 9190 2302 7555 942 4778 580 7656 3056 2024 5016 7521 1775 8565 4441
962981605
7419 6340 9459 2725 1706 1419 1347 8960 7596 5439 5630 8694 4499 3920 8221 1199 2199 8409 7652 7656 9858 6488 8681 6992 5860 1236
895105816
3694 3799 1398 340 7399 4474 1866 8609 6983 3231 2356 3093 6126 7635 5383 8415 9213 6710 6314 7743 2536 545 8215 2586 9822 2503
307346156
6384 6391 4295 5353 7134 468 6099 4879 5347 6099 7787 3844 1459 2055 7657 2314 2660 6456 411 8686 4156 3991 4627 6525 1519 440
862661940
7535 4400 7974 5462 6450 4427 9330 9532 8552 2785 3712 7864 6603 3069 1745 678 5979 5126 6513 3017 1399 9246 3496 150 680 4681
625521700
9417 5468 7739 2274 4093 5166 6694 6276 9256 8190 5021 6627 407 7603 8111 8376 4712 4863 3315 8096 7161 4631 2872 4235 8596 1141
812524889
5366 6928 6847 7567 5071 5204 5534 5531 544 7445 1589 4519 4322 5856 2865 1014 2687 7662 9650 8334 9851 5946 7332 2878 3793 7334
196919356
7331 8907 6960 3196 7236 9178 2511 5961 1475 832 2401 4840 8377 3577 478 417 9890 3636 1089 1922 6106 5779 6043 9568 8833 5618
120867433
7446 6707 9757 5106 1581 5325 1239 2173 1623 3743 932 3918 9050 1186 6446 4413 4573 2832 669 7809 6375 7971 4371 4836 6776 2973
423576483
3308 9749 2872 9987 5888 6462 158 5746 8555 5542 582 9766 4408 3889 1905 9025 980 7396 162 5387 5022 745 1268 8492 4235 3361
885305868
6655 8426 7599 7426 6952 2228 3323 9587 1788 1861 3083 9423 3342 6097 6666 8086 6872 7498 350 7322 8278 1896 6011 2374 5822 9303
894413477
3514 3537 8767 5241 5456 7797 4955 6549 6509 66 5808 8452 228 6520 4638 523 9007 1925 6192 6284 288 4866 5521 6381 5725 9209
906637595
977 5932 6815 8977 8982 9647 5914 6047 7577 8360 204 4838 9764 4980 65 7803 4162 7518 7589 2715 3712 358 5799 4907 5478 3765
48325709
1215 5963 7090 127 3971 6585 8922 9236 9358 229 663 1860 9388 1506 2069 3768 8641 1976 3749 2177 5964 7381 7507 3673 9206 3828
215745893
6877 2536 9280 7294 4518 2369 6564 9223 3390 5609 7724 3543 5069 9398 676 1318 9095 261 3942 5830 6591 503 2400 6583 1689 1032
899506726
2459 9206 5788 5803 8376 5811 4957 1022 3980 8169 4918 1847 7822 531 5057 3187 4935 9672 7951 5774 2228 8362 9164 4150 4166 9255
789746135
9917 4792 5577 2835 1705 6167 8022 7154 2035 192 6099 2473 4824 3671 1342 3611 9012 3273 9941 2377 4540 1329 8742 8030 1654 5701
746576492
6225 8477 6423 8411 2391 3173 7389 9076 3780 7547 5577 6771 6500 468 4580 12 3421 2679 5376 2382 2314 5130 3225 9275 1826 7758
500190226
131 6514 5322 8063 8809 6143 2659 7030 8002 5374 9951 4121 680 5644 5565 3299 2055 1 9543 2757 1670 3280 7839 3659 943 2819
271505284
3711 1854 8518 8711 5290 4503 4616 8352 9066 1060 4475 5862 3902 789 4912 4954 6435 8439 999 9449 3708 5483 1716 1738 407 1722
516486742
3813 8967 9947 3276 6851 6278 8964 9897 2837 9251 9155 3127 6814 2097 8468 5543 9499 1524 2651 5404 9608 7037 6211 8273 1270 3625
3309099
2463 8912 737 3448 891 2099 2790 3261 1763 6228 3963 1779 9551 7768 7815 9256 2601 7867 6225 6382 9554 5165 8093 2600 179 439
50825826
3945 3566 7722 5919 6624 3276 218 7001 455 5073 8256 3333 8724 647 1505 6847 1611 7607 389 1672 2525 3317 5448 8879 3195 3288
756133658
1576 6007 4810 9665 9950 1666 3823 1718 7405 1308 7855 7598 6143 9289 1538 2543 4335 5730 2091 351 3088 2942 9949 2606 2026 9378
268080612
9529 3656 7333 1594 5959 8223 6036 9827 6606 6188 2478 3140 7856 8020 1284 8735 2193 8134 8628 7379 1008 6897 3452 4582 3311 1012
622956150
9506 6985 5823 4991 6060 1580 2291 6679 9839 8979 7850 7887 6479 9949 8770 3923 5714 5901 9803 6802 9816 2201 9720 5809 4171 4545
127336981
1527 4449 484 9983 6386 774 7389 9290 1958 1430 6421 3181 4288 1839 4426 1323 6061 735 677 196 4734 1625 3638 1802 2764 714