100
0 8 28 30
1 5 17 19
1 8 11 13
7 5 26 28
6 4 13 15
5 7 18 20
8 2 13 15
2 7 21 23
2 4 14 16
0 5 13 15
6 3 21 23
5 7 23 25
2 0 27 29
9 8 19 21
5 2 13 15
4 6 21 23
1 4 17 19
4 4 12 14
0 4 19 21
4 5 19 21
3 5 26 28
8 3 13 15
6 5 14 16
8 5 28 30
2 5 15 17
7 3 23 25
0 2 17 19
3 7 25 27
2 3 18 20
3 3 27 28
6 6 26 28
1 2 18 20
2 4 23 25
2 3 13 15
3 7 18 20
2 7 21 23
0 5 13 15
3 6 19 21
8 7 28 30
6 4 23 24
7 3 18 20
9 2 14 16
8 3 15 17
6 4 23 25
6 2 12 14
1 8 27 29
6 1 13 15
1 3 23 25
1 9 24 26
3 6 23 24
2 3 20 22
2 6 19 21
3 0 13 15
5 6 28 30
7 3 26 28
3 6 28 30
9 2 23 25
6 6 21 23
2 1 21 23
6 7 17 19
5 2 19 21
1 5 17 19
8 4 21 23
1 3 13 15
0 3 25 27
4 9 11 13
3 4 13 15
4 3 15 17
4 3 25 27
8 2 23 25
4 8 19 21
7 5 24 26
4 3 23 25
3 9 13 15
6 4 20 22
2 0 24 26
0 9 17 19
0 1 25 27
6 2 28 30
5 5 21 22
5 4 20 22
2 2 24 26
3 2 16 18
0 7 20 22
4 6 23 25
2 8 15 17
8 4 25 27
1 3 15 17
4 6 22 24
1 9 28 29
3 3 25 27
7 6 13 15
1 5 25 27
4 4 16 18
3 2 15 17
7 3 16 18
4 6 11 13
5 8 15 17
8 4 22 24
5 5 21 23
