765
2 -914 2446 -2987 -3545
5 8775 91 7374 5543
8 -9070 -751 -150 -2031
1 263 -1775 1292 1212
5 -4420 8121 -4146 758
9 1546 -295 -6210 -825
7 -6690 1891 -4955 9741
4 -1859 -8615 1329 7050
6 -3338 1581 3875 -6384
7 -7858 -2307 -555 6373
2 -314 -911 6186 2995
8 -3918 -8042 -824 2213
7 -4762 5109 -4945 -4598
4 -3726 9734 2125 -4274
8 -6755 -4121 3823 4720
9 4766 1459 4665 2860
5 2612 -2533 -1167 -852
4 2308 3809 9357 -8563
7 4542 6965 -4854 2231
10 -8583 5766 7009 8504
7 7744 7372 -5479 -854
5 -1917 -6455 -1091 -7013
7 -2260 4255 7027 -53
3 -6015 4971 -568 6700
7 1253 6846 8149 -2893
3 -6216 3573 -1590 3688
8 -7067 -6393 -8109 1650
5 -3733 -1297 6855 6138
6 1132 9942 1470 -8313
7 2906 4344 -3799 3980
4 -1279 -9862 6690 3629
9 362 3953 9891 -155
2 6477 -9985 -6423 -6329
4 2071 2497 5884 -9362
6 -8840 -433 -2663 9005
10 -6260 -3806 913 4015
3 -6908 -128 -4016 9436
2 490 5737 4564 -6134
2 -3185 -9497 -4707 -5417
10 -6952 8740 -6590 1149
4 -726 -8593 -1735 3097
1 9665 3764 -4705 2874
10 -7465 -5574 -3319 5078
9 -859 -5141 5246 -7215
8 -2243 3961 -2451 9131
10 -8994 -12 -9371 -5077
6 -1611 8462 4606 1519
8 -6233 -4132 -7286 -181
8 1396 -3353 -7926 -4366
10 1849 -2425 -4661 5115
5 -2107 1456 3373 -8189
8 1775 3775 -1316 -1659
4 -4786 6519 2798 575
3 -214 -749 780 -5612
7 -7891 -160 -1137 -6765
6 -4797 -5596 -9368 9600
3 1263 -3382 2005 -14
10 2687 3958 -1543 7929
10 2700 -7804 6140 1274
8 9679 2857 -2327 -6298
7 -8007 2095 6704 -466
9 -1711 6338 -8639 -8565
7 -6678 6227 326 9708
8 3255 7450 443 8027
10 7460 2808 -1413 -2410
9 -6519 2040 8405 1761
2 -4745 -3927 4196 109
7 -3300 -1293 -8540 -2544
10 -7437 2720 850 8156
6 -6423 -1501 7645 -6000
10 -8639 7131 -666 4059
6 2677 5137 2935 -1655
8 -2860 2297 -4940 -260
3 890 4240 2618 -2913
5 6064 4251 -1213 -2002
7 4504 -6569 -7328 -8062
5 -8036 -989 -3430 2913
8 -845 -564 -6248 -3292
3 3202 498 716 -2291
7 4484 7135 -4483 273
8 1122 -2116 -8815 -6110
3 -2109 742 -441 6605
4 5970 -3900 8332 7082
7 877 204 -9454 -9926
8 3732 -7828 7928 -5079
2 78 9293 702 1469
1 9445 -9907 1890 -7613
3 7844 3712 4150 -7806
9 8392 149 3055 -4967
7 -4245 -6532 -3970 5195
6 9152 -6883 363 3066
4 -3464 -3238 -4553 417
7 9572 -9693 -3962 -1105
8 6314 6994 3866 -1957
4 -2561 -337 -5314 -6825
2 1163 9791 -7596 1008
3 -8236 -9323 9577 647
2 -3932 -2774 2833 -6669
4 -7913 3692 -765 -5803
10 1370 -1990 69 5209
9 -3921 9001 4140 -9486
6 9954 -6547 -4675 -6458
8 1880 -3458 7272 4954
8 -8739 -9783 417 5431
6 3239 -5520 139 -7055
10 2035 -1662 3167 -9340
5 -2137 2151 -3922 -6698
9 -2807 9620 458 7757
9 3277 8871 -9269 1225
5 3526 -231 665 -6062
8 -2117 -4032 5959 -1833
1 -4906 -2461 8751 -5068
3 6437 7024 2002 -2072
4 2172 8756 1969 236
10 2479 8737 7248 -8683
9 -1708 2841 492 4612
7 3725 3448 -2339 -9493
7 347 -702 -114 -8266
9 -7461 7857 1710 2157
10 1648 -2284 1862 3749
6 -8326 6148 1942 447
3 571 8780 -8731 -6938
1 2341 -5495 6538 2891
4 790 -7207 2005 -4193
3 -105 9782 -4051 -1687
7 7274 8429 8274 -3621
6 2077 -5311 -2590 -1962
3 -939 7578 7119 -215
7 956 -286 5634 -1396
3 8959 631 1812 -6269
9 -5442 8915 5212 -703
8 7655 9248 -1571 -5164
10 3965 4635 -1158 8349
10 9853 -1919 -2178 -2653
4 7919 1307 -2165 -700
6 -9480 6633 4584 -6000
3 6973 -6203 3678 -2457
3 -3668 8601 1671 -500
8 7679 -7794 -2323 -3495
7 6452 2711 -8200 8514
8 2623 9022 1897 -8940
6 -499 -4407 -2305 -5171
3 -6827 -2556 -8405 -6549
2 -3054 6850 -6370 391
1 9766 -1392 -2586 1452
10 -9486 -3861 -8199 5942
5 -2247 -950 -5520 751
8 9408 -5070 -9204 2424
5 -834 -4266 -1872 -1297
3 -3544 4623 -8339 -8143
5 -7594 -833 -8991 3269
5 8407 7967 -9418 -8219
8 -1766 5499 710 5121
4 -3122 8356 2138 3928
2 1399 -8814 -1720 -3544
2 -89 -8539 -7801 6360
5 -3581 911 -8321 6028
4 5425 8256 9020 426
9 -6257 -9488 -123 -8181
6 -1314 6626 -8568 -5126
8 -3853 6049 -7822 -988
7 6314 8950 -1669 6537
2 5930 3147 2731 -4654
8 -1422 6484 -989 6486
7 -9341 -5732 -2490 -316
9 5161 -4154 -569 -9905
2 -3057 8728 -7260 1676
6 -6651 3330 301 4185
7 1416 -7411 -1590 354
1 -9191 -5033 5433 -5765
4 -1716 -244 3473 -886
1 2676 -8801 -1514 -1765
10 -3832 1594 2088 517
10 -8912 1216 267 -9813
5 -923 3729 7626 623
9 3598 -7960 -174 6608
1 9612 -896 2593 -476
10 1561 -867 -66 208
1 4625 -8841 9200 4154
8 1842 -8638 2236 337
4 -5294 -7143 -1854 -3097
1 1406 -14 -3060 6827
5 -3385 9821 3629 -1601
10 -9426 -2155 -5811 7605
1 -3788 7443 6624 4690
3 -9 322 6954 -6901
1 1427 -2560 3613 7511
10 -1874 -7669 -7991 -1044
1 -2603 -367 -5906 4764
4 5288 -3404 7797 1121
6 4018 -5372 -3563 3555
2 -1189 1968 -9763 5283
1 -170 -371 -7485 7256
2 -1841 -4001 2420 1705
4 -6717 2196 9168 -8894
7 -2965 -2715 -910 5228
7 8746 5430 9265 -550
10 -8607 -3578 -9276 -2640
8 9780 2403 -436 1571
1 -6647 6732 2400 -3646
10 -8300 4559 -8550 9965
10 366 -8339 5440 -8292
4 -6485 -1878 -5724 5352
9 4212 1974 -6013 2626
3 -2650 -1010 1160 1069
4 654 2572 2665 -3817
9 352 -2135 9169 8786
9 1376 5430 8494 -9680
1 5022 -9094 -3741 -1346
1 4277 -3690 -7725 -546
2 4938 9544 5630 -506
7 -3435 9830 -879 6252
7 7031 3202 1983 905
1 -417 -8569 -4796 -2981
7 -5200 2731 -9790 -6645
6 6182 -9932 5531 5597
7 4480 -3574 52 -825
7 -3884 -1618 7919 8673
4 -7323 -5765 -7806 -1441
6 -9390 -9568 502 2647
6 -5000 8646 -7544 1949
6 5066 3535 -193 7389
8 3865 2396 1115 2234
4 1341 -7851 -2306 3065
6 7524 6608 1187 -9533
7 8685 -8408 -4352 -7033
5 9406 706 -7190 8829
6 5304 2555 -4094 -3897
10 -3334 2842 -5922 -9331
10 9368 8776 -1612 991
10 158 1477 9376 -151
5 -3263 -5676 -2263 -3637
5 -8837 -951 4446 5415
7 -6263 -544 -7422 2265
1 -8486 -8383 -3605 9242
1 3108 -3619 1941 3724
8 693 2130 5446 824
5 -8541 4175 -1500 -5659
9 -1711 2053 80 1844
1 8636 5351 -7918 -3928
3 5591 -9131 7442 -4999
2 813 1947 -537 2724
10 2774 -9685 1099 -2824
5 6866 -6058 6595 4515
6 136 -2308 4207 9270
6 7979 -3000 -1369 -9910
5 9585 -9938 4843 5673
7 -2030 -1124 6856 4251
9 1710 -6137 4884 1170
9 -229 -9352 3460 4791
6 -4426 8005 -2240 -4445
5 9667 -4804 5142 -961
6 -2764 6034 -8990 6756
3 -475 -4861 1863 -7258
5 9425 4154 5903 6152
3 9956 2205 -537 -6449
4 -251 3230 9660 5890
9 59 -4960 3144 4330
2 -1571 6634 5647 -2321
7 8015 -7921 7937 9744
4 8428 -3053 2979 2059
6 5837 6592 -3729 -4199
2 -1386 -2018 6669 -4962
9 -2178 2683 5064 -6245
2 5847 -9478 3338 3394
6 1544 -8314 -5268 -125
10 7427 -3223 -1238 128
2 -1379 -9015 4193 -5840
8 330 6850 2887 -2369
6 127 -9986 -3313 -6749
4 1183 1926 3381 8384
4 2263 3025 -1585 -982
3 -6988 2041 -3742 -6641
4 -2710 1605 -4323 -771
6 -9228 -255 8724 -5522
8 5840 2038 2720 -6985
1 -1158 -296 9315 1679
7 710 -2576 1727 5556
3 -4377 443 426 9271
7 7733 3716 6324 -5688
4 -7721 6964 873 401
2 -5656 2509 3985 4593
8 -5108 2167 -4452 9792
5 3527 -2309 7414 3286
2 2050 3266 -2071 -2416
10 -5385 -1855 5763 -1695
6 -2205 -6701 6373 3314
5 9857 472 -3637 -9006
9 9825 1065 -556 -370
9 5834 1092 -1985 8137
2 -6764 186 4683 4160
1 -1695 4620 4482 8175
4 -3509 8179 -8733 -9255
7 5623 -3188 1843 6148
5 -5775 -1498 4707 -2389
2 -9237 2257 4233 -6392
5 9933 -914 -8975 -3800
5 -6474 5718 3138 8103
1 -2815 5946 -7864 6983
2 360 2449 -592 -7265
3 -2562 5798 -9202 3406
5 -9423 -4990 -5774 -2078
4 74 2653 9122 5833
4 -1022 5738 3664 829
4 -2664 6740 -674 -7447
5 -1579 4330 -1346 -798
3 5831 7270 -3969 -1002
3 -7851 3613 -9999 6440
1 -8045 -33 5877 1213
3 9974 4824 -2121 8037
3 -3597 -5713 4152 -8567
2 -4221 5964 -4261 -7627
7 -4238 -3009 -4705 6403
7 -1313 -7483 -9116 -8439
2 4949 1687 5386 2154
8 -50 5553 -1936 -3375
4 -1471 -5342 -3637 1106
4 3941 -13 -5979 -6308
4 6074 -252 -8650 7805
7 -4042 -9017 753 8846
5 7203 8825 -3995 4050
2 2124 7173 515 -6782
7 2798 5943 620 -3301
7 -7970 236 410 2104
2 -7753 -3542 4790 6557
2 -8314 -222 -5005 3656
8 -754 2606 -1849 -8308
8 -4926 5352 -1462 -1830
5 -2239 -3921 -9269 -5267
7 1379 4236 -8882 687
3 1832 2166 5076 1233
6 -2405 2103 5313 9976
3 -5320 -8343 -657 -6760
9 -9649 -5194 -3853 7872
6 -2044 9298 -559 9400
2 6614 1695 -6579 763
3 4910 -1733 2141 7332
6 7391 -8134 5856 -8883
6 1151 -2810 5720 -300
8 3120 -1164 -3816 -7639
6 8434 4828 8538 -3308
4 8054 -2766 7166 4582
2 -853 4135 7895 8002
2 1538 -4280 6487 619
1 4592 -1875 1050 -1321
3 6711 -8072 -4925 -7711
3 -3796 -6073 -5581 -4188
9 -9342 -9132 7968 4193
2 1039 1527 2138 9062
4 -8443 -5858 -6663 -1345
3 12 7485 5892 5957
8 -7385 649 7589 -738
1 -4948 -337 -8725 -1211
1 4464 7154 7587 -5149
8 -1756 -3496 -9372 1156
9 -6720 -3477 -5340 8136
4 -29 -1497 -540 1960
1 -7183 -374 626 5421
10 3348 2199 724 5723
7 -7142 -2133 -2231 -8676
8 9990 6750 -9063 -7931
1 2189 4458 -1265 -3392
3 -4223 -6992 2354 -5709
6 2603 6225 5466 -2399
5 -6225 -2591 -2360 -7608
9 7714 7633 -3649 -1166
2 4166 8323 -2456 4839
4 -2613 -6610 1013 -6438
2 8268 647 -4504 7712
2 4657 -3966 -1312 -4889
1 5256 6746 9682 -9676
2 -6720 -668 -6964 1790
1 -2425 5023 9727 1280
2 1978 8743 -1540 -2588
3 2109 -1031 6740 -8092
5 -2665 2589 -5376 8051
6 -9898 -2460 -451 -3282
4 6958 2715 3934 -7583
10 -7465 -2614 -691 -9952
2 -9764 7710 -4939 5159
3 5990 8767 6571 3168
3 5937 6930 4800 7227
4 5362 6940 7227 5710
4 2165 -5693 -5339 -8460
3 -3407 -4556 -5950 -4874
3 -164 -7923 2975 850
5 -3398 -5752 1967 -7770
4 1615 -3121 -2472 2083
3 -606 4843 9744 -4108
3 4719 -7350 -3424 4780
3 6754 -8531 4403 9898
2 -5655 -4751 5807 7582
4 -3716 -2768 -125 3428
2 429 -2673 -2096 8285
5 7410 -2661 -4296 5694
5 5357 5895 34 7708
5 -9831 -8149 -8904 -1779
8 2506 360 5799 -4705
9 -338 1412 -1075 1215
7 -4475 -7119 6969 6339
3 -8886 4992 6579 1504
2 -1778 -4652 -2098 -2469
8 -1422 2253 9447 1254
8 -919 -1997 2405 -6554
9 5987 6930 5178 804
7 9696 3351 8290 -6864
7 -6741 5884 -2803 7135
1 9694 -2970 4325 -6138
2 4577 5370 -3142 -4672
5 -4467 -4496 -646 5957
3 -6043 4678 -8730 -7664
5 -3467 -8786 -6921 4903
5 -191 3799 948 9902
4 -7154 -1799 -5738 -3485
2 6873 -5152 -521 19
10 -5305 5390 -1752 -2441
1 6236 -18 -6573 -5089
4 7661 -6537 6730 -8051
5 -43 -8924 -9032 -8412
4 -4586 -776 -6238 8981
4 2210 3408 -2879 1232
10 2627 5877 3709 -2476
5 8233 -7842 5752 2163
10 -406 3507 4187 329
6 -8970 -5996 -9450 9372
1 2161 -7050 -1336 161
3 3080 3666 620 -637
7 3330 5028 -943 -9994
7 7617 3361 2016 4690
1 -7660 -5222 2066 5870
10 2343 7180 1414 3669
1 -6117 9071 7177 -1788
8 -7927 1396 8586 -7599
7 -4462 424 2870 774
2 -4426 -1350 -960 5152
6 -4544 -1263 6685 4333
9 306 1129 9472 2673
3 3901 2686 -4996 -4089
4 -5423 634 -1407 -3973
7 -4885 7774 2227 9461
9 -836 2505 1812 -1089
7 10 -6667 6015 51
7 2822 -3410 -8355 -767
6 -6394 -2687 -2628 1274
9 -2733 -2103 -5360 -3621
5 -7569 58 -9363 9824
9 -593 -48 7909 682
8 -1130 2963 -73 -7657
5 7634 -5915 -127 5114
1 -2691 6402 7057 9176
10 1692 9775 -7363 -2513
9 1351 -9182 1884 -307
9 4494 -2994 2034 -3922
4 9060 -1707 157 -3896
3 -164 -7774 -844 1638
9 3216 -1746 -5925 -1532
4 2903 4512 -9898 -7636
10 106 -4866 -5401 -371
6 9957 -573 635 -9682
10 -211 -5898 -3694 8094
10 -5225 -8073 5677 -4114
5 2196 -2322 -1518 3920
1 -1554 -8403 -7210 5122
6 2276 -3062 8159 4173
4 5395 -3314 -4902 9154
8 4010 8921 -9205 -8269
8 -3312 1072 3585 2882
4 -205 -1239 7579 1217
1 3504 8645 -9436 8328
9 3738 4924 -3134 1117
8 -7770 -1386 -2144 6291
2 5144 7510 7293 -9902
3 2484 -6419 554 -5160
3 4432 1591 -2973 5349
9 890 -6033 7819 1340
1 -9978 872 -8178 8570
7 1342 -5129 -8736 -6571
5 -813 -5087 -6687 585
6 8753 2019 -4728 -1745
6 -1376 -8087 -2863 -7439
4 7880 1024 -1368 2476
8 6595 -1096 -6904 -4908
7 -904 1141 -7823 -9201
2 -8654 80 3126 9528
8 -8511 3669 -2603 -3414
4 -4151 4383 8749 -1830
6 1106 -129 -23 9043
4 -8838 5437 3357 342
3 -4924 2574 -4023 3306
1 1521 1867 -976 5760
3 -1670 -4497 1533 3368
1 712 849 9495 -7297
6 3523 -5338 -2705 -1235
3 2651 7260 8820 8284
9 -2758 -2020 -937 -1807
2 6154 608 -7459 -8773
9 -6312 -7615 2368 2531
4 -1793 9657 3131 -6149
5 3097 8999 7975 5653
5 8777 1997 -6445 2511
4 626 -293 -739 -507
7 7566 5440 -8715 -3915
10 -7459 1172 3339 -6787
6 4782 -4667 -7696 4941
1 -8347 -4779 -5916 2720
2 -4170 -4570 -8138 5586
7 1015 315 3254 -3916
9 2207 6573 7097 -300
1 8966 -3063 2255 -7819
3 -3558 -2996 -8793 -4758
7 3165 -2850 -6118 -4390
10 2417 -9647 5414 5189
3 5031 -4774 -9218 671
8 -9070 7130 -8438 -5251
1 -5153 -875 1921 6232
9 -8729 1877 23 6552
3 -535 -5943 -7766 -3300
1 -7252 1703 1056 9243
3 8150 6407 -6836 4585
7 -8374 -821 4321 5334
7 6042 -8500 -9604 -5734
9 -3734 144 -141 2488
8 4417 9861 -1155 224
10 -5038 9531 -4189 -9339
7 -2011 -8006 8174 -4066
7 -2006 7715 -1468 -270
5 7567 7431 -6571 -3267
2 -7300 -7969 -6409 -9876
9 -7301 3521 -4750 -8364
1 -4780 2318 -1422 -2163
5 -7535 -1549 -8200 -8834
8 -9389 1975 -340 5500
9 8117 104 -6835 -3656
2 -2958 -4458 -3349 4148
7 8816 -2719 -2057 4236
4 2751 6479 -929 -7657
10 560 -7612 5844 -6636
9 -1260 -5547 -7344 -1055
4 3760 -4570 -5916 2722
3 3801 4144 2023 -1961
10 -9950 -358 -3175 -9849
4 5100 -1979 2356 4262
9 769 1256 4891 -6522
5 2506 2982 -4041 -7142
8 -457 -6184 -6759 -1935
9 4353 -1835 4742 -5701
2 4472 -8437 -6287 9354
1 -367 -3041 -5574 -7743
4 8244 124 4010 9527
3 1394 9729 8727 5442
6 -1795 -558 -9098 2841
2 5862 -595 7673 -1322
2 -5049 -4022 -3051 -5771
6 -726 1961 2484 2214
8 -363 -1631 -8638 -4649
6 5477 8243 -8266 -5173
6 -2645 2135 1522 -8501
8 -2462 -1334 -8087 4121
4 5476 960 6824 -9591
2 8199 -5091 -1837 5662
1 4477 -2611 -2742 6019
8 5536 -1232 -4534 -9557
10 -1879 -5692 3449 252
1 7725 -4147 -2671 8387
6 -7645 6369 7247 751
4 1175 2168 -9773 -2593
5 -5755 -150 -4100 -724
8 -2644 -5571 5512 -1195
9 -4574 -7297 -7980 218
7 5045 3573 -8404 4778
5 130 5954 3883 -621
7 -4794 778 1294 2729
10 -8335 -207 -2063 -9204
9 -7775 2958 4125 7368
1 -854 -1176 -894 7649
1 -65 -941 -4377 -658
7 -8838 -2154 2296 5534
9 7810 3771 -3649 -12
7 -2102 8300 -4375 -5711
8 6148 9346 -7415 1442
10 9002 -2491 -1134 -5923
4 8831 8306 4528 2675
7 -431 7940 6125 -3408
3 -2745 1137 6059 -9783
1 -8519 -461 469 -244
3 5489 -4222 1279 7619
2 7648 856 9298 -3496
5 7050 -2300 6855 7734
3 -1548 2519 -4444 2791
8 2666 -7847 6309 -426
10 -3865 -5865 8676 4178
8 3211 1135 4359 4380
2 -1084 1581 1204 -6367
7 6695 8134 2140 -8125
10 -125 -6173 -2502 -1902
5 -4964 5379 -7016 -1358
1 -5042 3353 2047 -948
1 5457 2548 -2497 4671
9 -2843 48 6771 3355
4 -5462 7605 8220 1533
2 6380 -9627 -6891 -1042
10 460 -3406 -5580 -1859
8 -927 -3870 1413 2932
2 -716 967 -2361 -3762
1 5088 -4536 2795 -8606
7 -9310 -7880 -9209 5279
7 6126 5181 -2711 7826
9 925 -9000 4786 4874
8 -8162 9179 2772 1175
8 4872 609 2203 -5731
9 2788 -8248 -3055 -9379
1 8615 -7690 -2297 -2443
2 7106 -5296 -6719 1441
3 1024 -1072 1301 -7830
8 -2035 -8068 3209 -1952
6 6815 806 -3151 -6728
4 4630 -9790 7656 7480
3 4907 -1236 -1778 9641
8 5913 -3596 803 549
2 8562 3671 -2492 3637
4 -1769 5455 7473 5835
6 -484 9712 425 5476
7 2471 -9562 2313 -3739
1 -4106 -7243 8380 -7112
4 7094 7780 -4687 6249
9 6488 -3867 5894 3160
3 5001 -3815 9258 7173
4 -6076 9841 9884 -9343
7 -301 4060 -1855 -2992
5 -1023 -6128 7160 -5971
8 -6998 5924 -6109 3599
8 9610 3637 1322 3013
1 -8048 -4457 -6840 -951
1 -3571 -8911 -6824 4603
3 162 6567 -2353 -4667
6 -3653 -3098 -7316 9904
8 -871 -1245 -7033 366
7 4941 5245 16 1078
4 583 -5535 7662 -7655
8 2792 5668 4654 51
4 -6966 -7163 348 -5601
3 6570 -1900 -1135 4188
9 -10 9379 -1548 -4122
8 -2394 2279 -2672 7518
4 1013 -7822 -7184 4620
8 4184 9925 -9188 -2433
1 -9703 8445 7140 -9162
3 1563 7177 -3643 -9296
8 -6577 8038 -1807 -1777
10 -5931 9192 -156 -8538
7 -9065 282 416 6521
9 7079 1626 -5119 -1483
8 6052 -1505 -8922 -3357
2 -2995 410 9263 -1907
10 -7853 6398 -6661 -2765
5 56 5475 3797 -533
1 -6843 2611 7436 6775
4 8744 -2215 -1133 -6508
3 6268 9989 1026 206
10 -9814 -4534 -1372 8192
6 -3113 8523 -3363 -747
4 4013 8934 -2229 9491
2 4729 8217 9659 -5180
1 -8136 -2230 1939 41
9 9426 5054 -6250 2231
8 -2215 1359 -7593 162
5 -580 -2835 -142 5003
9 8418 93 3949 -7977
3 4978 5267 2507 6387
1 -6356 -1813 -7325 5254
10 4408 -4197 1802 1046
6 -3542 382 -2686 -2048
6 -4333 72 3058 8760
8 1237 7364 -3155 4977
7 8752 6098 4197 -637
1 -4842 8444 101 1594
8 4408 9794 9496 4649
8 2677 -5016 9455 -2656
10 8887 -2446 -3447 4561
6 9595 -1508 -7726 -1930
1 865 -4650 -2576 -1703
6 2815 -4448 -2863 7300
2 1454 -8067 6046 -9052
6 -3457 2743 6555 -3554
10 6831 1676 -3180 1731
5 6492 -9981 12 8061
2 5514 3177 437 4589
6 2114 -8168 -7065 -1392
4 2452 -3662 -2327 -2261
7 1829 1600 5178 -8271
6 1365 2135 6418 -8252
7 7666 -4824 4511 -204
9 92 7220 1045 3197
1 -2547 5250 3481 102
6 -8725 1528 932 -5133
3 -5965 2871 4389 -9862
4 911 4276 -476 -6964
7 2593 9433 -7031 -5654
9 1960 7543 -1630 -7279
1 -9141 -474 -3636 -1255
10 -4692 -7505 -4736 -1984
2 8928 -2602 1973 2934
4 131 -52 2694 2458
9 164 -4556 -7555 -1263
2 -5420 8055 -9685 -4864
10 8333 6890 7426 -5948
7 -9967 -3359 -4936 3782
4 9868 6052 -9085 -2640
5 6841 -7971 8403 -307
10 -5613 -3056 -3441 7607
3 -5686 -5903 -6395 987
3 6447 -9806 2138 -1905
7 74 -1428 6548 -4561
8 6471 -8003 4501 -2700
5 9994 8474 7955 5474
1 9575 252 8789 -9645
4 -5176 4005 2419 6921
8 956 -3952 -9932 -8620
3 -5018 -867 42 -7558
4 1500 -3048 -7365 4798
1 3821 2578 229 -4056
7 -8005 -7853 1794 9577
10 4763 2719 218 3777
7 -7670 6143 6972 5193
10 314 -4893 -5453 7211
9 6727 -1442 -579 7323
9 2967 -154 -4948 6567
3 -956 -5317 9543 -2546
6 -4506 2865 -7331 -7674
1 6503 9216 -7968 -4749
5 1758 -7810 -3259 -4527
4 5449 8359 3453 7759
8 8695 -4834 5309 2062
8 -5536 -3655 -403 9420
5 -7114 -621 9397 -2424
5 5350 3287 7246 6458
10 3166 5313 -4881 -9631
4 -4620 2247 -2322 -1506
8 -8877 9425 -8345 872
3 9642 3336 7702 -6779
9 3083 7846 4728 3787
3 -8552 -3482 8081 2735
2 -8557 1575 -4516 -9060
3 -9538 1758 7415 7625
5 -7333 -5290 4465 9155
2 6818 -8265 1655 -5307
7 9272 807 1528 -4520
6 -5570 9160 5688 4938
6 -4616 5265 -4886 -5537
1 -8348 -1643 -4642 1205
2 -3815 4600 1670 -8860
3 4079 5353 -3196 -3160
2 -2457 -1654 -642 9480
10 -9595 -5914 -1203 9814
5 -2435 3038 -4040 -3416
2 1653 6756 6599 -3887
1 -8722 -7789 7681 -6482
9 7571 1081 4963 -3602
9 4856 -5320 987 3137
5 -2847 1955 -2060 9296
10 -7226 1152 -3256 -1151
7 -8575 -8670 742 2142
4 -7226 -2359 6590 2239
6 -756 -699 -9588 -6424
10 -2593 8399 -1893 -9412