75 1958
1 2
1 3
1 4
1 5
1 6
1 7
1 8
1 9
1 10
1 11
1 12
1 13
1 14
1 15
1 16
1 17
1 18
1 19
1 20
1 21
1 22
1 23
1 24
1 25
1 26
1 27
1 28
1 29
1 30
1 31
1 32
1 33
1 34
1 35
1 36
1 37
1 38
1 39
1 40
1 41
1 42
1 43
1 44
1 45
1 46
1 47
1 48
1 49
1 50
1 51
1 52
1 53
1 54
1 55
1 56
1 57
1 58
1 59
1 60
1 61
1 62
1 63
1 64
1 65
1 66
1 67
1 68
1 69
1 70
1 71
1 72
1 73
1 74
1 75
1 5 87883
1 9 17725
1 10 83451
1 11 68762
1 12 377
1 13 61314
1 18 62529
1 19 58023
1 20 78283
1 22 20814
1 23 27588
1 24 49192
1 25 32428
1 26 55384
1 27 24933
1 28 31104
1 29 8805
1 30 22991
1 31 55171
1 32 17368
1 33 23257
1 34 86819
1 38 54927
1 40 71524
1 41 706
1 42 41822
1 43 24714
1 45 4257
1 47 28940
1 48 95088
1 49 43709
1 50 53486
1 51 86922
1 52 17929
1 53 57263
1 54 43156
1 55 11420
1 56 81083
1 57 9033
1 58 31747
1 59 60262
1 61 97174
1 62 27479
1 63 72198
1 64 62063
1 65 52904
1 66 2823
1 67 88872
1 68 99435
1 69 23097
1 70 50489
1 71 31699
1 73 76720
1 75 50953
2 7 63231
2 8 39318
2 9 52846
2 10 16497
2 12 52704
2 13 19376
2 14 93898
2 15 6276
2 16 20916
2 18 66529
2 19 68955
2 21 1584
2 22 62061
2 23 13863
2 24 16282
2 25 67251
2 26 23795
2 28 19562
2 29 97393
2 30 58072
2 31 87887
2 32 64810
2 33 61102
2 34 26492
2 36 20219
2 37 67018
2 38 80155
2 39 52266
2 40 50920
2 41 60542
2 42 42533
2 43 99618
2 44 7339
2 45 60842
2 46 12328
2 47 98652
2 48 55871
2 49 56220
2 50 92538
2 51 98186
2 53 51203
2 54 48027
2 55 29332
2 58 70783
2 60 7950
2 61 21504
2 62 25342
2 63 20105
2 64 83967
2 65 80930
2 66 22680
2 67 67285
2 68 56263
2 69 43200
2 71 30363
2 72 73969
2 73 97253
2 74 31967
3 4 17906
3 5 90723
3 6 19418
3 7 87478
3 9 38894
3 10 55924
3 11 16930
3 12 78221
3 13 64783
3 14 53224
3 15 65245
3 16 6618
3 18 46715
3 19 35979
3 20 89537
3 21 86774
3 22 58791
3 25 33479
3 26 75031
3 27 75599
3 28 59959
3 29 7112
3 30 38750
3 31 203
3 32 27513
3 33 56725
3 34 69703
3 35 90671
3 36 86230
3 37 53252
3 38 81712
3 39 5307
3 40 82401
3 41 59040
3 42 93959
3 43 67130
3 45 31847
3 46 36231
3 47 61129
3 48 92059
3 49 51534
3 50 64422
3 51 7512
3 52 97619
3 53 81955
3 55 3070
3 56 40898
3 57 72186
3 58 94480
3 59 524
3 61 53021
3 62 35657
3 63 94354
3 64 84924
3 65 79311
3 66 88099
3 67 14771
3 70 26611
3 71 28293
3 73 83003
3 75 48340
4 5 76962
4 7 97563
4 10 72803
4 11 24501
4 12 13567
4 13 11837
4 16 61158
4 17 4276
4 18 8303
4 19 42303
4 20 36621
4 21 42899
4 22 47818
4 23 94000
4 24 50362
4 25 87652
4 26 73634
4 27 85639
4 28 93278
4 29 10899
4 32 81726
4 33 8364
4 34 41676
4 35 32253
4 36 54323
4 37 91579
4 38 89412
4 39 67678
4 40 64584
4 41 90488
4 42 76943
4 43 58743
4 44 5179
4 46 89478
4 47 44651
4 48 39605
4 49 91380
4 50 6710
4 51 53934
4 53 366
4 55 47927
4 56 93546
4 57 9605
4 58 65247
4 59 62292
4 60 82506
4 62 39519
4 63 45694
4 64 28449
4 66 29497
4 67 82808
4 68 71397
4 70 1211
4 71 66473
4 72 45760
4 73 6008
4 74 189
4 75 38933
5 7 42975
5 11 26960
5 12 718
5 13 78617
5 14 29110
5 15 29607
5 17 27952
5 19 86154
5 20 83251
5 22 8142
5 23 2461
5 25 59236
5 26 79455
5 28 56884
5 29 82014
5 30 19625
5 31 37110
5 32 81755
5 33 67982
5 34 83275
5 35 99994
5 36 69480
5 37 97249
5 38 42230
5 40 58956
5 41 90676
5 42 15286
5 43 5952
5 44 74576
5 48 27285
5 52 23661
5 53 41020
5 54 98428
5 55 33818
5 56 95501
5 58 52478
5 59 60309
5 61 13068
5 64 85837
5 66 93609
5 67 50487
5 69 39713
5 71 90133
5 73 17493
5 75 300
6 7 6676
6 9 94371
6 10 13394
6 11 48529
6 13 54356
6 14 32977
6 15 71206
6 17 93441
6 18 45986
6 19 37178
6 20 59509
6 21 56636
6 24 14918
6 26 50310
6 27 65724
6 28 54167
6 29 14262
6 31 83823
6 32 55088
6 34 4259
6 35 36694
6 36 73725
6 38 26017
6 39 64701
6 41 67097
6 42 30622
6 43 56107
6 44 44704
6 45 66720
6 47 146
6 48 43918
6 49 5794
6 51 37670
6 53 7350
6 55 64642
6 56 41434
6 57 53146
6 58 48786
6 61 69493
6 62 66456
6 63 86335
6 64 21270
6 65 35492
6 67 84713
6 68 36491
6 71 25944
6 72 12979
6 73 40919
6 74 96647
6 75 34922
7 9 49167
7 10 92557
7 11 64736
7 12 81733
7 15 92453
7 16 68472
7 18 46071
7 19 23378
7 20 60412
7 21 32395
7 22 52199
7 23 39524
7 24 36189
7 26 41533
7 27 48887
7 28 50470
7 30 2559
7 33 18853
7 34 1260
7 36 41797
7 37 48865
7 38 31740
7 46 14088
7 47 60843
7 48 68945
7 50 87535
7 51 23269
7 52 85578
7 54 94740
7 56 94715
7 57 21031
7 59 50533
7 61 54850
7 63 26559
7 66 96772
7 67 58734
7 69 22793
7 71 51273
7 72 96402
7 73 13227
7 74 26844
7 75 36454
8 9 79129
8 10 51010
8 16 34349
8 18 32615
8 19 72214
8 20 6278
8 21 66802
8 22 57057
8 23 84257
8 25 19651
8 27 61199
8 28 74527
8 29 86950
8 30 66721
8 34 28981
8 35 94002
8 36 11145
8 37 12997
8 38 68174
8 39 28768
8 40 65981
8 43 71234
8 44 81347
8 45 57395
8 46 59133
8 47 70367
8 48 75893
8 50 93075
8 51 53713
8 53 94304
8 55 91291
8 56 82042
8 57 33091
8 58 76533
8 60 1164
8 61 72689
8 62 18814
8 63 71497
8 64 79907
8 65 84337
8 66 91161
8 67 42745
8 68 88415
8 70 68695
8 71 34766
8 72 2458
8 73 65462
8 74 48916
8 75 50604
9 10 75866
9 12 81172
9 13 4266
9 14 98575
9 17 40147
9 19 5749
9 20 7564
9 21 69600
9 22 60485
9 23 74433
9 24 64079
9 25 48525
9 26 46610
9 27 76681
9 30 78837
9 31 10922
9 34 12221
9 35 21309
9 37 52553
9 38 62401
9 42 19531
9 44 60544
9 45 13815
9 47 82740
9 48 69768
9 49 58496
9 50 90925
9 54 99453
9 55 87336
9 56 92338
9 57 90944
9 59 21472
9 60 79342
9 61 821
9 63 9572
9 64 25840
9 65 38240
9 66 66445
9 69 14093
9 70 40314
9 74 63108
9 75 70519
10 11 76984
10 13 79877
10 15 30209
10 17 6075
10 19 71426
10 21 89572
10 22 77582
10 24 7101
10 26 10164
10 27 7973
10 28 39595
10 30 11992
10 31 32317
10 33 25571
10 34 46893
10 35 42782
10 36 68307
10 37 15681
10 38 74945
10 39 83139
10 40 81544
10 43 39500
10 44 73628
10 45 49383
10 46 46526
10 47 48657
10 48 41967
10 49 9306
10 51 62329
10 52 84431
10 54 57151
10 56 69919
10 57 46503
10 58 66793
10 59 21009
10 60 45485
10 61 15798
10 62 16316
10 64 59714
10 65 68023
10 68 29034
10 69 56531
10 70 53700
10 71 79904
10 72 97220
10 73 15939
10 75 72912
11 14 76459
11 15 97407
11 17 26396
11 18 83671
11 19 11695
11 20 5366
11 21 11185
11 22 22789
11 23 91870
11 24 4309
11 25 71904
11 26 11004
11 27 1144
11 29 60897
11 30 70357
11 31 44754
11 34 10054
11 35 22487
11 36 99564
11 37 22462
11 38 45528
11 39 55544
11 40 26772
11 42 57183
11 44 30560
11 45 59749
11 46 44353
11 47 56961
11 49 95000
11 51 56355
11 52 47078
11 53 41713
11 54 98994
11 55 17957
11 56 25154
11 58 19308
11 59 87013
11 61 86441
11 62 8191
11 63 57690
11 64 46696
11 65 10954
11 66 31864
11 69 75520
11 71 28607
11 72 86861
12 13 70371
12 14 79570
12 17 86713
12 18 67182
12 19 27912
12 22 19811
12 23 19472
12 25 43136
12 26 26724
12 27 82769
12 31 10843
12 32 21834
12 34 90925
12 35 71363
12 37 4641
12 39 4738
12 40 22465
12 41 384
12 43 85199
12 44 53603
12 47 7275
12 48 41214
12 50 21587
12 51 99879
12 54 60101
12 55 18481
12 58 92720
12 59 45154
12 61 19046
12 62 27318
12 63 71511
12 64 36339
12 67 53062
12 68 31530
12 69 76763
12 70 71029
12 71 23965
12 72 12053
12 73 44505
12 74 29155
13 15 31033
13 17 20063
13 20 95910
13 22 37282
13 26 63028
13 27 57690
13 28 32441
13 30 6524
13 31 77142
13 32 69982
13 33 95439
13 34 88482
13 35 86965
13 36 91538
13 37 2570
13 38 38259
13 41 39035
13 42 47247
13 43 42034
13 45 12751
13 46 63122
13 47 73508
13 48 21987
13 49 51415
13 50 59004
13 51 28879
13 52 40700
13 54 83825
13 56 88367
13 57 54986
13 58 81333
13 60 26332
13 61 27088
13 62 57735
13 63 84670
13 64 69867
13 65 12954
13 66 15304
13 67 45672
13 70 10385
13 74 1155
13 75 10754
14 15 88705
14 17 8666
14 19 8580
14 21 62201
14 22 47800
14 24 43593
14 25 74921
14 27 49572
14 28 70791
14 31 66030
14 32 2084
14 33 81345
14 34 41356
14 35 85884
14 36 70060
14 37 98111
14 38 20145
14 39 37334
14 40 54253
14 41 53098
14 43 98574
14 44 12140
14 45 30056
14 47 29481
14 48 88844
14 50 22651
14 51 99769
14 52 61853
14 53 2513
14 54 11503
14 57 74071
14 58 37500
14 59 48218
14 60 46856
14 61 47418
14 62 70205
14 63 68763
14 64 38217
14 65 2925
14 66 29601
14 67 77595
14 68 4663
14 69 77451
14 70 2312
14 73 35289
14 75 11798
15 16 60319
15 17 62994
15 19 11667
15 23 85587
15 24 71837
15 26 967
15 27 85244
15 28 82601
15 29 43190
15 31 17586
15 32 74928
15 33 6867
15 34 40449
15 35 88943
15 37 67722
15 38 32356
15 39 70892
15 40 39936
15 43 11746
15 44 54055
15 45 30233
15 47 53086
15 51 16700
15 52 58194
15 53 46962
15 54 50049
15 56 41695
15 58 7874
15 59 36479
15 61 57406
15 64 71370
15 66 6782
15 68 84801
15 73 18576
16 17 51885
16 19 48825
16 20 20506
16 22 25619
16 23 27
16 24 38592
16 25 44852
16 26 22861
16 27 97658
16 28 8238
16 29 71670
16 30 99627
16 32 30743
16 33 42906
16 36 21175
16 37 26994
16 38 61321
16 39 71084
16 40 50207
16 41 22348
16 44 84842
16 45 13923
16 46 57035
16 47 60983
16 48 85868
16 49 39125
16 51 3248
16 52 87381
16 54 53131
16 56 70926
16 57 35115
16 59 18626
16 60 90575
16 61 44116
16 62 47375
16 63 60942
16 64 16291
16 65 66855
16 67 38656
16 68 23810
16 69 56366
16 73 41142
16 75 27546
17 18 29347
17 19 99732
17 20 91395
17 21 67058
17 23 12500
17 24 54462
17 25 41528
17 26 87783
17 27 74531
17 29 47162
17 30 15497
17 31 2955
17 33 69243
17 34 78563
17 36 13714
17 37 73124
17 38 98232
17 40 92897
17 42 9484
17 45 17026
17 46 72886
17 47 18873
17 49 71963
17 51 18864
17 52 83982
17 53 54173
17 54 44261
17 55 43653
17 58 67403
17 61 43676
17 62 46177
17 66 46841
17 67 4700
17 68 70005
17 71 15995
17 72 71007
17 73 37360
17 75 91083
18 20 13257
18 21 72290
18 23 18559
18 24 75228
18 27 73325
18 28 2255
18 29 76522
18 30 62900
18 32 23866
18 34 66564
18 35 39745
18 36 70448
18 40 63995
18 41 42005
18 44 86261
18 45 36973
18 46 23076
18 47 88596
18 48 98668
18 51 71633
18 52 34198
18 54 51922
18 57 22157
18 59 3803
18 60 38988
18 61 60898
18 62 60414
18 63 80782
18 64 49749
18 65 50957
18 66 98608
18 67 61295
18 68 13606
18 69 87659
18 70 11113
18 71 73005
18 72 60152
18 74 98784
18 75 56685
19 20 79948
19 21 20806
19 24 32890
19 26 18278
19 28 12662
19 29 13241
19 30 5824
19 31 29933
19 32 43769
19 33 78073
19 34 47129
19 37 66440
19 38 52809
19 39 52639
19 42 89840
19 43 57426
19 44 4124
19 45 33829
19 49 25164
19 50 34550
19 54 78302
19 55 76176
19 57 67085
19 59 68108
19 60 23577
19 61 335
19 63 52975
19 64 86137
19 65 4426
19 66 79504
19 69 84046
19 70 64706
19 72 73329
19 75 42392
20 21 42883
20 23 96443
20 24 83326
20 25 32854
20 26 44750
20 27 63443
20 28 2466
20 30 39018
20 31 96740
20 32 37089
20 33 30071
20 35 28500
20 41 18665
20 42 3981
20 43 27034
20 44 3599
20 45 93136
20 46 40538
20 47 31169
20 50 91423
20 51 9692
20 52 95418
20 53 75398
20 56 78537
20 57 20363
20 58 80431
20 60 42681
20 61 8263
20 62 30250
20 63 53378
20 64 84918
20 67 29557
20 68 72644
20 69 67738
20 70 49994
20 74 34186
21 22 25197
21 23 88162
21 24 43
21 27 94401
21 28 58205
21 29 42751
21 30 16482
21 31 79546
21 32 43314
21 33 15637
21 34 7113
21 35 52095
21 37 72085
21 39 6506
21 41 41573
21 42 49405
21 43 27011
21 44 75318
21 45 53444
21 47 884
21 48 77336
21 49 28554
21 50 85984
21 52 78952
21 59 96010
21 61 19052
21 62 4644
21 63 70058
21 64 85955
21 66 14536
21 67 85029
21 68 66319
21 70 355
21 71 26476
21 72 55564
21 73 46009
21 74 32914
21 75 53956
22 23 75757
22 24 64238
22 25 80042
22 26 82188
22 27 24771
22 28 15153
22 29 58969
22 30 52170
22 31 84714
22 32 49884
22 34 5577
22 37 66075
22 39 62774
22 40 63883
22 41 54733
22 42 63830
22 43 70885
22 44 76627
22 45 40174
22 46 30752
22 47 50682
22 48 3720
22 49 11273
22 50 34712
22 53 83670
22 54 75489
22 55 79260
22 56 53804
22 57 81863
22 59 70462
22 61 53920
22 62 32624
22 63 3491
22 64 63589
22 65 40563
22 67 91915
22 69 75163
22 70 49210
22 71 52396
22 73 86802
22 74 19981
22 75 4987
23 24 88281
23 27 21619
23 28 54832
23 29 22260
23 30 55525
23 32 4902
23 33 97322
23 34 99231
23 35 17582
23 36 28611
23 37 5660
23 40 31540
23 41 60251
23 42 33495
23 45 19518
23 46 13735
23 47 34583
23 48 52071
23 49 32883
23 52 28261
23 53 2860
23 54 12261
23 55 21665
23 56 91883
23 57 98519
23 58 5606
23 59 34102
23 60 36604
23 61 61078
23 63 40039
23 64 1356
23 65 34745
23 66 97783
23 68 52045
23 69 95996
23 70 86815
23 73 89959
24 26 42759
24 27 74896
24 28 85074
24 30 93384
24 32 54162
24 33 14062
24 34 58539
24 36 12014
24 37 62763
24 39 94690
24 40 70379
24 41 53607
24 43 80647
24 44 4527
24 46 33869
24 47 61158
24 48 65449
24 49 7421
24 51 60345
24 53 55495
24 54 68952
24 55 84755
24 56 99465
24 57 6217
24 58 65964
24 59 35934
24 61 98373
24 62 87744
24 64 21256
24 65 83522
24 67 36124
24 70 53838
24 73 80339
24 74 1362
24 75 13482
25 26 98177
25 27 72702
25 29 52992
25 31 3136
25 32 55073
25 34 46525
25 35 88650
25 36 64301
25 37 27981
25 38 66985
25 39 18269
25 40 83062
25 41 32422
25 42 80033
25 43 98917
25 44 70521
25 45 30312
25 47 79843
25 48 99460
25 51 14207
25 53 14746
25 54 29379
25 55 86652
25 56 85747
25 59 20003
25 60 58036
25 63 56308
25 64 7734
25 65 14420
25 66 83272
25 67 68389
25 68 539
25 69 85709
25 70 52400
25 71 74330
25 72 99219
25 73 16333
25 74 84519
25 75 78381
26 27 65509
26 28 45406
26 29 13093
26 31 755
26 32 53394
26 34 25049
26 35 61091
26 36 65759
26 38 91461
26 39 58837
26 40 5097
26 41 5686
26 42 35435
26 43 28189
26 44 9527
26 46 23517
26 51 16509
26 52 48865
26 53 29969
26 54 401
26 55 64847
26 56 47236
26 57 55971
26 58 65351
26 59 71037
26 60 26163
26 63 70959
26 64 63778
26 65 33756
26 67 59731
26 70 9366
26 71 25844
26 72 26602
26 73 72753
26 74 77693
26 75 2879
27 28 95474
27 30 89483
27 31 50774
27 33 71439
27 34 26913
27 35 60173
27 36 75373
27 37 12068
27 38 43347
27 40 5683
27 41 40505
27 42 36577
27 43 89720
27 44 76348
27 45 20648
27 47 61964
27 48 47582
27 50 15775
27 51 31070
27 52 56084
27 53 60859
27 54 78543
27 57 94111
27 58 18345
27 59 35954
27 61 75121
27 62 28032
27 63 73107
27 64 19887
27 65 50064
27 66 60436
27 67 14079
27 68 31417
27 69 77030
27 70 652
27 71 93202
27 74 78051
27 75 91906
28 29 84837
28 30 20243
28 31 43561
28 32 72500
28 33 76900
28 35 70774
28 36 87892
28 38 38062
28 39 38938
28 40 77194
28 41 35255
28 42 63002
28 45 9648
28 46 35521
28 47 49839
28 48 77056
28 49 53139
28 50 82850
28 54 10827
28 55 27731
28 56 2717
28 57 90419
28 58 3922
28 59 65549
28 60 64536
28 63 20075
28 64 8434
28 65 22909
28 67 28991
28 68 18993
28 69 86496
28 70 57408
28 71 14845
28 72 97811
28 73 51585
28 74 27378
29 34 57910
29 35 16113
29 36 97060
29 37 30808
29 38 34514
29 39 71596
29 40 36223
29 41 71426
29 47 30918
29 48 97157
29 49 82713
29 50 33404
29 51 67119
29 52 67587
29 53 78305
29 55 54716
29 56 60445
29 57 22239
29 58 27314
29 59 20137
29 61 56449
29 62 84924
29 63 23063
29 65 3379
29 66 65490
29 67 33440
29 68 75541
29 69 94688
29 70 49391
29 71 31058
29 72 35704
29 73 46182
30 32 94856
30 33 43339
30 34 6133
30 35 98493
30 36 38675
30 37 42716
30 41 63126
30 42 50419
30 43 10506
30 44 69891
30 45 24596
30 46 39318
30 47 55252
30 48 88921
30 49 69896
30 51 29831
30 52 14064
30 53 12019
30 54 43176
30 55 51975
30 57 51255
30 58 55985
30 59 99491
30 62 29832
30 63 27628
30 64 54373
30 65 52177
30 66 17193
30 69 21548
30 70 22288
30 71 59946
30 72 6761
30 75 26852
31 32 2574
31 35 51776
31 36 88653
31 39 69858
31 40 93694
31 42 49125
31 43 33810
31 44 59197
31 47 42474
31 48 65392
31 49 87074
31 50 95571
31 52 60327
31 53 56979
31 54 85008
31 55 58265
31 56 61574
31 57 40872
31 59 65064
31 62 54097
31 63 53311
31 65 53529
31 68 71093
31 69 60106
31 70 53337
31 72 53531
31 73 91915
31 74 11695
31 75 3596
32 33 13011
32 34 40891
32 35 6314
32 37 5101
32 38 93465
32 39 23978
32 40 34083
32 41 71978
32 42 32871
32 43 6074
32 44 19441
32 45 60284
32 46 97566
32 47 27958
32 48 94317
32 49 13289
32 50 70374
32 51 58278
32 52 39271
32 54 77737
32 55 8024
32 56 54468
32 57 37725
32 58 40174
32 59 3861
32 60 37384
32 61 58973
32 62 44091
32 63 82640
32 64 60989
32 65 48018
32 67 63560
32 68 78485
32 69 80958
32 70 49840
32 71 21749
32 72 62310
32 73 56594
33 35 76041
33 36 53297
33 37 5335
33 38 99555
33 39 21405
33 40 68283
33 42 10245
33 45 35384
33 46 94378
33 47 21035
33 48 56942
33 50 34318
33 51 92085
33 52 96413
33 54 4771
33 55 1555
33 56 97693
33 59 85869
33 61 87497
33 63 18478
33 64 53859
33 65 94850
33 66 82471
33 68 64137
33 69 81148
33 70 55976
33 71 44667
33 72 21885
33 75 64156
34 36 56678
34 37 94618
34 38 42168
34 41 16113
34 42 95498
34 43 41540
34 44 69948
34 45 89417
34 48 46691
34 49 72397
34 51 47594
34 52 52297
34 55 77455
34 56 85835
34 57 95376
34 58 69385
34 60 11718
34 61 52336
34 62 35971
34 63 91772
34 64 64681
34 65 55038
34 66 74906
34 67 81019
34 68 92059
34 69 98650
34 72 46900
34 74 84298
34 75 15608
35 36 96831
35 37 848
35 38 99097
35 39 34220
35 40 43482
35 41 25805
35 47 49863
35 48 5139
35 49 65379
35 51 93143
35 52 88894
35 53 54670
35 54 67543
35 55 44906
35 56 20628
35 57 4696
35 58 78670
35 60 13770
35 62 85149
35 63 11689
35 64 5258
35 66 52280
35 67 28597
35 68 9203
35 69 14736
35 70 98563
35 71 44985
35 72 36070
35 73 22274
35 74 85546
36 37 68602
36 38 23972
36 39 28932
36 42 22812
36 43 90435
36 44 45250
36 45 12395
36 48 95583
36 49 94554
36 50 84442
36 52 49534
36 53 40683
36 54 80136
36 55 58949
36 57 49275
36 58 46830
36 59 76142
36 61 55157
36 62 92618
36 64 66093
36 65 85567
36 67 33038
36 68 90203
36 71 72518
36 72 64935
36 73 99584
36 75 56766
37 38 61311
37 39 81045
37 40 41913
37 42 85628
37 44 40343
37 45 96176
37 46 35890
37 47 24746
37 48 49226
37 49 57587
37 50 65050
37 52 77778
37 53 1112
37 55 94961
37 56 58116
37 57 49099
37 58 60423
37 59 29375
37 60 36190
37 62 96591
37 63 80277
37 64 312
37 65 20283
37 67 1236
37 68 98428
37 69 9424
37 71 31791
37 72 7307
37 74 69024
37 75 56303
38 39 31387
38 40 57783
38 41 7706
38 44 70917
38 45 69148
38 46 5370
38 48 84845
38 49 67104
38 50 71918
38 51 75414
38 52 62281
38 53 19512
38 55 53508
38 56 49667
38 57 49317
38 58 98586
38 60 34071
38 63 92654
38 65 83766
38 66 36758
38 67 48644
38 68 79005
38 70 12342
38 72 90308
38 73 42673
38 74 32423
38 75 50720
39 40 85019
39 41 37806
39 43 89913
39 44 98802
39 46 12082
39 47 18413
39 48 63144
39 50 16352
39 51 823
39 53 94141
39 54 83096
39 55 50754
39 56 59119
39 58 15942
39 59 8852
39 60 82943
39 62 34445
39 65 25751
39 67 37986
39 68 52866
39 69 80675
39 70 86598
39 72 71659
39 73 84354
39 74 6309
39 75 15497
40 41 86612
40 42 73120
40 46 96294
40 47 73352
40 48 46398
40 50 57650
40 51 70796
40 52 83869
40 53 97087
40 54 85382
40 55 42756
40 58 104
40 60 140
40 62 54933
40 63 43421
40 64 67726
40 65 29508
40 66 51145
40 68 67091
40 70 5718
40 73 33431
40 74 62448
40 75 19414
41 42 83128
41 43 16420
41 44 42806
41 45 98369
41 46 26972
41 47 16987
41 49 28898
41 50 69487
41 52 62655
41 53 6848
41 54 64230
41 55 80016
41 57 21376
41 59 91793
41 61 8978
41 62 61247
41 66 76261
41 67 34305
41 69 46937
41 71 2595
41 72 14629
41 73 95537
41 74 49773
42 44 75287
42 45 96392
42 46 14065
42 48 33815
42 50 81338
42 51 73781
42 53 28666
42 55 5164
42 56 25961
42 57 73784
42 60 45884
42 61 58729
42 62 2077
42 64 33757
42 65 95528
42 66 79326
42 68 92194
42 69 84227
42 70 50783
42 72 36734
42 73 20914
42 74 33687
42 75 47896
43 46 14504
43 47 32612
43 48 32277
43 49 62988
43 55 35247
43 56 3711
43 57 2303
43 58 38936
43 59 31015
43 60 17426
43 63 5846
43 65 14372
43 66 89746
43 67 84318
43 68 46755
43 69 51561
43 70 47461
43 73 4633
43 74 44856
43 75 78316
44 45 31517
44 46 4994
44 47 59934
44 48 64607
44 49 93828
44 50 48818
44 52 91694
44 53 70693
44 54 76601
44 56 58267
44 57 38706
44 58 41670
44 60 16625
44 63 30879
44 65 86183
44 66 18488
44 67 69994
44 68 86126
44 70 93639
44 71 7919
44 72 6494
44 73 45254
44 74 94328
44 75 43676
45 46 41245
45 47 34623
45 49 91967
45 50 82337
45 52 10030
45 53 82269
45 56 90
45 57 90639
45 58 51908
45 61 9740
45 62 89561
45 63 78627
45 65 42641
45 66 90420
45 69 95888
45 70 91865
45 73 5008
45 74 21242
45 75 27930
46 47 59954
46 48 23316
46 49 26178
46 50 46614
46 51 60512
46 52 45524
46 53 95244
46 54 17231
46 55 62589
46 56 51609
46 57 65689
46 58 62657
46 60 4799
46 61 71420
46 62 11820
46 63 36553
46 64 13088
46 65 401
46 69 74944
46 70 72572
46 71 33781
46 72 98062
46 74 69473
46 75 24034
47 50 33006
47 51 45
47 52 52573
47 54 75669
47 55 25143
47 57 10330
47 58 50986
47 60 26360
47 61 34657
47 63 41936
47 64 29184
47 65 37450
47 66 1802
47 67 54479
47 71 40767
47 73 53242
47 75 58758
48 49 47588
48 50 31407
48 51 54180
48 53 29890
48 54 12612
48 55 11916
48 56 11044
48 58 37721
48 59 40740
48 61 91011
48 62 97042
48 63 56704
48 65 51876
48 66 38642
48 67 35605
48 68 74168
48 69 62890
48 70 72505
48 71 74336
48 72 10612
48 73 98903
48 75 51898
49 50 81532
49 51 55746
49 53 61460
49 54 76344
49 56 2877
49 61 99495
49 63 23112
49 64 55908
49 65 27715
49 66 24493
49 67 21287
49 68 61214
49 69 81679
49 70 77659
49 72 25783
49 73 66354
49 74 9641
49 75 7129
50 51 32998
50 52 66318
50 53 9238
50 54 3366
50 56 10402
50 57 35103
50 60 15859
50 61 77022
50 63 84307
50 68 63848
50 69 85995
50 71 9354
50 73 28933
50 74 60875
51 52 83878
51 53 4271
51 54 7612
51 58 89734
51 60 46222
51 61 82904
51 62 95968
51 63 44678
51 64 56809
51 65 60807
51 66 83648
51 67 12902
51 69 21808
51 73 99188
52 53 80401
52 54 42618
52 55 3518
52 56 80155
52 57 26411
52 58 47505
52 60 31593
52 61 58811
52 62 51741
52 64 45590
52 65 76978
52 66 21441
52 67 7536
52 69 36481
52 70 10840
52 71 80685
52 72 15967
52 73 69042
53 54 32167
53 55 88379
53 56 45138
53 57 82429
53 59 30045
53 62 70471
53 63 37298
53 64 24618
53 65 69773
53 66 37864
53 67 88392
53 68 63266
53 71 44210
53 72 29994
53 75 1608
54 57 11961
54 58 98719
54 60 80909
54 64 87740
54 66 14429
54 68 84581
54 70 48243
54 71 53157
54 72 8308
54 73 34642
54 74 90809
54 75 7896
55 57 74467
55 59 11756
55 60 81199
55 61 50737
55 62 66881
55 64 44637
55 65 96622
55 66 12246
55 67 54729
55 70 76697
55 71 38104
55 73 52138
55 74 39975
55 75 88902
56 59 24908
56 60 839
56 61 58687
56 62 87992
56 64 28775
56 65 70209
56 66 5328
56 68 49108
56 70 82011
56 71 4845
56 73 22546
56 74 97873
56 75 68381
57 58 51379
57 59 660
57 60 48311
57 63 95174
57 64 71359
57 65 15633
57 66 78204
57 68 22645
57 69 54801
57 70 2462
57 71 18989
57 72 26479
57 74 93608
58 60 43540
58 63 16723
58 64 86649
58 65 31909
58 69 74393
58 71 7554
58 72 87654
58 75 14086
59 60 69125
59 63 8589
59 64 69006
59 65 25435
59 66 56946
59 67 41293
59 68 18851
59 69 77115
59 71 6729
59 73 42252
59 74 48739
59 75 76315
60 61 44514
60 63 63591
60 64 46585
60 65 64788
60 66 17963
60 67 61966
60 68 47214
60 70 39325
60 71 52353
60 72 94131
60 73 68678
60 74 94973
60 75 84756
61 62 70270
61 64 1191
61 65 98312
61 67 17375
61 69 71254
61 70 31132
61 73 84922
61 74 79308
61 75 69484
62 63 43460
62 66 21910
62 69 83172
62 71 43874
62 73 6107
62 74 44716
62 75 66974
63 64 55769
63 65 72031
63 67 85538
63 69 83196
63 71 869
63 72 99949
63 73 13266
63 74 41564
63 75 58579
64 66 41358
64 67 9366
64 68 86876
64 69 71389
64 70 38865
64 72 77650
64 73 38465
64 74 81575
64 75 23930
65 66 98670
65 68 51691
65 69 48704
65 70 93239
65 71 13226
65 72 71774
65 75 83147
66 68 39900
66 69 98640
66 73 69426
66 75 50358
67 69 9854
67 70 38691
67 72 25090
67 73 52676
67 74 578
68 69 28664
68 70 8400
69 72 68957
69 73 76339
69 74 76226
69 75 34005
70 74 78542
71 72 59354
71 73 87459
71 74 97543
71 75 40695
73 74 42614
73 75 97101
74 75 60478
