3 941214532
1 9086866
1 220253991
1 256919981
1 994976056
1 37537405
1 601378487
1 861803455
1 53264508
1 349483511
1 840363899
1 530233965
1 298539539
1 541359014
1 674079205
1 537613256
1 890233585
1 920661411
1 4881335
1 51048000
3 822011363
3 944775821
1 315598704
4 827550882
1 437275614
1 279740554
2 718030593
2 203579594
1 305223217
1 494178064
1 254669966
1 928864196
2 804932721
1 710292758
1 105041449
1 579654749
4 259866094
1 585868893
1 165187445
1 614390751
2 188727404
1 428009554
1 41243293
1 889344111
1 430962379
1 767281391
3 590383152
4 449447873
1 65390317
1 269103932
1 667127752
1 138205626
1 201363790
2 950000190
1 582836555
1 478257333
2 273101227
1 729702061
1 793676014
1 128274139
1 50059618
1 130702304
1 627297029
1 94726607
1 919235038
1 442392076
1 539903558
13 508289046
6 993123788
1 709019444
1 107264985
1 759008012
1 489061435
1 651966646
1 102894932
1 454280930
1 177834623
3 468252408
1 193237291
1 607860114
1 906836301
1 185448602
1 135482851
1 213480558
1 383732837
1 816216853
4 2696305
1 477348747
1 102963178
1 799194233
3 988592332
1 924690234
1 400128875
2 696118113
1 858795657
2 102940390
1 557496355
1 432460250
4 509416937
1 34281464
2 62371161
1 643991228
1 774233026
1 43483457
1 803601812
1 136273108
1 556478493
1 90166463
1 930938548
3 433435984
1 704443388
1 923900974
3 565601275
1 896108054
1 795687564
3 187522479
1 356883925
1 687870045
2 678120351
1 233071367
1 748140335
1 170470587
1 943498897
1 228913454
1 257755898
1 503043792
1 82835425
2 395789153
2 619265791
1 366765307
1 789721373
1 926537653
1 821240737
1 238157616
1 674633434
1 321975574
1 239287440
1 474242788
3 485977255
1 16713194
1 449503039
1 381218107
1 99211481
1 177169400
1 594712582
1 501520740
1 262941803
1 876045740
1 742865225
1 300355385
1 206640386
2 800700736
2 153374827
1 581665723
1 176073697
2 827078362
1 692429593
2 454622969
1 723921111
1 809167742
1 180112826
1 221444018
1 172243103
1 637335588
2 764835377
1 836994219
1 512948086
1 280241201
1 788889932
1 396876758
2 430835686
9 356814697
1 374798742
1 815154035
1 443296073
1 106219421
1 679341744
1 755271269
5 477411410
1 10891017
1 739342618
1 382507235
1 697816160
2 190030631
1 51008052
1 388460836
1 392997211
1 826783187
1 293781580
7 152012404
1 736639910
1 365721513
1 373033405
1 553068023
1 478512629
1 693858803
1 926028916
2 257214698
1 909765582
1 261119590
1 600862457
1 446800015
1 158884331
1 560051652
1 583620482
2 484776200
1 605033313
1 702513450
1 57057994
1 4072355
1 7908868
1 618342900
1 803762462
1 350600354
1 77025417
1 485662989
2 271803735
1 372393543
6 142942739
1 687345374
1 283209161
1 404885215
1 636382406
2 997677051
1 59044851
1 619548760
1 574614971
1 525145553
6 671734762
1 798934525
1 276690161
1 510557241
1 721764319
1 383092261
1 390517533
1 137545481
2 106192265
1 585302612
1 165671630
1 357938584
1 364284793
1 585711612
2 234932848
1 52331725
2 289140100
3 363304021
1 436780824
1 499612269
1 609218885
1 986321107
1 403592038
1 115856216
1 103821531
1 928510018
2 392699629
1 502611523
1 934584701
1 985722380
1 502719408
1 562491682
1 33941729
1 867506630
2 122903726
1 263748786
1 63988823
1 817594877
1 372550723
2 693664050
1 906584269
1 964222806
1 318543526
1 707063636
1 297462910
2 98279215
1 471841635
1 236787810
1 995867835
1 47832024
1 243421346
2 446068801
1 899850540
1 72968269
1 380153167
1 831286621
1 23953712
1 866583710
1 433002375
1 905779221
1 486289644
1 786782463
1 538314813
1 252303676
1 287396931
2 713726848
1 513190778
1 702833672
9 720934373
1 706644198
1 339079446
2 74916311
1 30981393
1 268098874
1 661951583
2 377053538
1 807587195
1 550913331
1 286950651
1 417804176
1 456233309
1 396138578
1 526307425
1 244252555
1 508234639
1 634175506
1 215179749
1 407695645
2 20029313
1 760592366
1 504495043
3 753153240
1 843588864
1 885595541
1 692822818
1 124691467
37 753613849
1 823504820
1 443986863
1 567198855
1 495033309
1 216923458
2 567949250
1 181656384
1 305904862
1 445790991
1 162791453
3 440750863
1 732393702
3 941723671
1 811688024
1 710662429
1 356532068
1 871541865
1 89882855
1 443247204
2 456993142
1 88046307
1 42188344
3 532698684
2 327818360
2 569688957
1 741598399
1 391129449
1 69902909
1 231614032
1 215996301
1 951925197
1 463204099
1 596913995
1 690593039
1 930674075
2 746764359
1 780240332
1 50754872
1 357686129
2 97619950
1 817443269
1 423175231
2 45663709
1 327762401
1 335803653
1 528862657
1 980303175
2 93068755
1 810577068
1 576595867
3 310282226
1 667270954
2 114075372
1 909417909
1 243370275
1 121834120
1 59349759
1 81310308
1 764018011
1 779821956
1 878824072
1 69516839
1 757529153
1 957701753
1 666009732
1 473726702
1 886353939
4 781978125
2 92679910
1 865456560
1 717915371
4 468945208
1 61489867
1 280343831
1 386128353
1 462115594
1 569943430
1 155812645
1 237525381
1 197705391
1 839011185
1 404686709
2 679835688
1 527696772
1 590896430
1 88442727
1 39126936
2 414113709
1 984833326
1 775351832
1 779262693
1 150164097
1 337417763
1 461650189
1 151377965
2 610294011
1 582025711
1 495514751
1 445009098
1 307778175
1 589601856
1 671857080
1 890731364
1 544667752
1 140712839
1 270738126
1 484845604
2 707125068
2 617515995
1 253930433
1 709012067
1 132168140
1 411833083
1 304857021
1 835028397
1 167835515
1 521146738
1 847976241
1 482974563
1 796679458
1 284914599
1 18377510
1 56823915
1 42348414
1 526537988
1 187986094
1 374400464
3 527093730
1 72499201
1 413831449
1 671024420
2 257008434
1 545954343
1 252428453
1 105670329
1 156825251
1 456738591
2 280180784
1 292061574
2 190847153
1 358972991
1 852124211
1 832211911
3 116661688
1 553556550
1 555899416
1 290449670
1 172486420
1 97600311
1 820398790
1 134608280
1 75839638
1 228536671
2 827082731
1 754560813
1 968243217
1 155471603
2 465147533
1 375483042
1 901707936
1 430990486
2 669222608
1 947575543
1 800492315
1 958817150
1 104015810
1 196982319
1 310374583
1 939255910
12 189553034
1 208884448
1 478957312
1 740869125
1 368225004
1 815752409
1 237884128
1 566673597
2 128597588
1 169784373
1 654140996
1 885876382
1 796078604
1 230698311
1 167954791
1 144259103
1 911847306
2 498106809
1 649966242
1 876396777
3 912112160
3 432937341
2 700212511
1 982089918
1 511264908
1 372210968
1 99203814
1 799325045
1 565216113
1 620940196
1 417516992
1 248252126
1 347725941
1 876246953
1 816222009
1 562461352
1 673648735
1 126303573
2 720848728
1 85032782
1 678758091
1 235588552
2 563374632
1 539218902
1 733874291
1 676177723
1 170985253
1 519983736
1 399915212
2 685461643
1 749291034
2 206785161
1 717669308
1 968691826
1 558522617
2 764606588
1 853722544
1 123285457
4 152200949
6 186914906
1 269549912
1 579575762
1 641924925
1 922020091
1 686042258
1 705792813
1 209978515
1 115090831
5 232012039
3 147495047
1 398322302
1 545450179
1 425386917
1 368582530
1 24683
1 107658900
1 612232460
1 315412994
1 497483868
3 620997325
1 884052947
2 525610329
1 979950384
1 209046612
1 47033073
3 407921394
1 622067035
1 172290840
3 304517541
1 220943040
1 523585995
1 429210739
1 189501047
1 185826806
1 694931094
1 453623636
1 509708922
1 407452708
3 121352316
1 515926651
4 506218775
1 811541861
1 23483039
1 870880540
2 356712386
3 744025645
1 418736840
1 437386592
1 930296143
1 161436866
1 698370594
1 193033912
1 926764895
1 131712643
1 543498185
1 995558667
1 681072548
1 691505161
1 893214910
1 90577759
1 724918761
1 976855884
3 544382222
5 219851869
1 594956051
1 84646518
1 60213791
1 902372819
1 890427994
2 605341847
3 946431077
1 424645062
1 108811221
1 898798761
3 922939766
1 917025558
1 447258103
1 328868329
1 227017806
1 218124712
1 153081272
1 69845069
1 704780755
4 399521258
1 270975607
1 967283082
2 838088331
1 783402188
1 362008204
2 980821877
1 189398043
2 542122469
1 596018077
1 941561036
2 224987787
1 812441920
1 425091380
1 406718266
1 717356461
1 52831123
1 349141899
1 597842106
4 383363419
3 946433028
1 375783216
1 519878458
1 796165198
1 735550195
1 666730527
1 599827961
1 665020386
1 863765517
1 565784901
1 186923769
1 371281303
1 857615523
1 587911329
2 241331546
1 408467989
1 157223641
1 257451133
1 857607267
1 112960921
1 936363420
1 951725929
1 275421946
1 558957358
2 328164766
1 811022592
1 482200167
1 445396057
1 307282566
1 951250860
1 626622559
1 544660027
1 467676996
4 895462073
3 412881312
1 937921640
1 763426886
1 969937713
1 548805240
1 670250990
1 155717984
1 558243872
1 335075815
2 599971463
1 215713637
1 21950342
1 338309248
1 906096976
1 847606877
5 236712036
1 797379533
1 301736321
1 328524112
1 598433960
2 496317339
1 650690893
4 807015753
1 778222994
1 603598308
1 538352029
1 401129273
1 754540310
1 234671662
1 502189187
1 253311965
1 611744116
1 232649631
1 855302622
1 687526568
2 49249711
1 884668205
2 62078440
1 281345614
4 537299739
3 874672393
1 267704360
1 712669289
2 70841268
1 958317571
1 921762512
1 790900929
2 63610062
1 772026897
1 364999520
1 163784618
1 838373389
2 46429960
1 977097952
1 320219752
1 820653777
1 604791241
1 202769954
1 13454945
1 949374909
1 44887314
1 945331982
1 68304583
1 769092680
1 286227169
1 173539071
1 595617127
1 605615881
1 151531354
1 120622221
1 900935796
1 987441454
1 585042744
1 400419946
1 101311499
1 66116928
1 795250769
1 257681717
2 368159731
1 150196118
1 130185335
4 43548993
1 615112276
1 745109906
1 898037209
1 205811517
1 109172303
1 397141134
1 525894698
1 473514769
1 232841387
3 471131374
1 845062036
1 382137275
1 663302813
1 786769280
1 994443174
1 978782947
1 313476101
1 47712013
1 812083736
1 386818450
1 131523430
2 667161953
1 508404754
1 447290714
1 193815861
1 551355655
1 623162171
1 263863766
1 989223109
1 270757450
1 884968606
1 773202673
1 214711421
1 836117403
1 328429696
1 724437761
1 952024723
5 406836702
2 860689250
1 37610451
1 475565749
1 207197022
1 802092
2 345990215
1 976998378
1 726588968
1 826729630
10 432985695
1 943594220
1 958934815
1 212751527
2 729494607
1 55100202
1 256433692
1 620050267
1 25331493
1 596002168
1 980232790
1 390427343
1 701838844
1 223810686
1 456446826
1 523806436
1 894155155
1 625963310
1 112005876
2 633212043
1 195889780
1 330634607
2 478904436
2 470612740
2 911248897
1 761284611
1 283990211
1 990503064
1 874074112
1 915977227
1 94884108
1 754480178
1 336522072
2 381782353
1 490598371
1 594429622
1 190710246
1 522239236
1 281740415
1 538512346
1 491454332
1 218683541
2 86256942
1 461912946
1 823755150
1 26735077
1 787448249
3 605922598
2 860645811
1 632198643
1 182858892
1 678326609
6 101857391
1 803111824
1 117986393
2 663938337
1 796171169
1 42798441
1 449907880
6 332228885
1 45249365
1 971473770
1 17004323
1 913613766
1 673447494
1 84081227
1 543118178
2 477401803
1 484578568
1 856630578
1 645334822
1 343715794
1 690670046
1 690018093
2 340722752
1 138911614
1 864407440
1 568991073
1 750221282
1 45334795
1 419277706
2 844925091
1 593756884
1 923548572
1 356359131
1 729673476
1 295752833
1 719477491
1 620670987
1 203133153
1 144532758
2 727731950
3 619161047
1 835192663
1 643177177
1 487648277
2 908630420
1 466997704
1 206626941
1 292014458
1 885065713
4 938363380
1 553861703
1 270417414
1 112162339
1 317838209
2 934783583
1 734350135
1 24242824
1 737179411
1 226065273
1 106710990
1 18849440
3 874846877
1 310036039
2 617898522
1 944145509
2 630156035
1 252855042
1 90513278
2 632978809
1 629728692
1 110584900
1 685692108
1 123714487
8 711328645
1 520340757
1 412749084
2 631693535
1 312104899
1 634053252
1 729698650
1 743026483
2 828964323
1 920305999
1 121555334
1 513100984
1 694231863
1 634940924
4 138826509
1 133986905
1 223499613
2 120470823
2 484686297
1 811110721
1 582513719
1 304484119
1 678812439
1 805662921
1 51134047
7 166838678
1 814666531
1 43607299
1 614725115
1 339797007
1 204216671
1 999199070
1 905725439
3 167181498
1 783089269
1 841485136
1 889353790
1 868249757
1 36595860
1 194014810
1 412990063
2 894073978
2 303698284
1 502272582
2 205918113
1 704213273
1 296286588
1 69707389
1 46792660
1 935768411
1 339122492
2 446238262
1 406622281
1 970618875
1 143857213