10
189
110537 43668 149872 91529 486719 872960 680562 196210 328468 24351 126625 13635 126307 677433 480567 495257 84350 500224 711234 455082 959111 389487 711307 182103 167797 918415 56678 477030 949430 452273 309822 473951 32939 957155 634926 498225 496891 585228 335438 253865 197354 787243 115518 911241 547632 918462 549978 678453 324498 837316 568105 129171 838119 114584 424235 764972 104764 963881 358464 253481 805542 865539 299881 985746 616053 534597 442740 864115 594999 312396 846599 672536 244350 130441 353008 8388 482295 714174 682052 172934 693522 123526 656544 274989 650559 989074 799196 423581 386701 392829 689493 628356 516977 842987 363171 447324 674289 971135 826905 460586 306847 253746 918433 249381 702350 285255 537012 168188 898550 460700 877830 797323 140404 123724 212182 90217 917114 223928 555930 355551 12874 610681 332302 172652 363741 318635 318589 758665 435008 232335 913220 371903 172825 358976 864683 380504 17284 483641 596443 563956 748392 867775 356508 607084 928514 697061 203563 628994 710646 87594 387872 603583 423904 511494 869268 365329 985006 333223 793740 969314 136592 221276 143552 73999 758370 674813 108529 212868 337109 692232 58856 266743 874973 54688 196518 637868 90415 550762 270289 581741 931421 367253 837443 587664 320485 322293 76831 703363 676097
162
780010 737310 112073 529199 970763 345455 141283 532478 754189 518641 560001 765163 973501 760604 491627 914589 634384 435558 853476 394156 585710 732264 575106 964716 913715 491007 951850 335319 145127 376135 582769 613359 401343 158737 895838 142769 257479 852122 412725 704905 112878 949156 100481 505070 196892 360606 729718 519715 18664 738197 231289 536035 498498 478699 349345 259747 772582 138485 349441 696902 301928 765102 401127 688413 792029 797928 143292 45291 240030 533433 742882 663346 619940 979886 466926 205029 49053 760733 248836 543665 19879 571138 327280 656220 683501 125492 130889 769539 140267 580161 513685 417517 348905 830574 280308 686855 667446 158549 773280 965910 491140 580862 707891 569345 82906 556272 42859 482069 99308 14537 951291 552231 887203 128514 775660 211333 152036 310167 995658 274103 978428 667792 717278 933910 659532 305560 182397 558922 431624 326570 723911 418243 390824 489363 76032 658675 607260 857325 672150 456714 95816 725950 382642 351771 819929 599456 174459 770349 478517 476988 160138 308643 899513 159650 441896 745116 762026 614472 996656 97838 837671 697158
103
743723 112862 347287 170174 954410 315284 149205 442801 704194 147684 737201 605570 352434 17266 480081 331229 897209 193684 127513 33495 584244 608905 558963 959830 422374 184516 532627 488259 25054 130284 183300 590434 575085 712112 981022 349480 412902 312111 887665 114538 787578 236577 702025 292312 821505 47059 678788 994314 793639 773403 187010 420583 209800 195627 361387 698830 358856 529398 816123 728674 736384 582721 700694 541779 650853 367542 127410 354282 511066 804234 413665 338241 441631 439121 814827 688826 770918 858261 793731 964836 683416 24913 881696 276156 247722 799850 2213 329718 143542 98001 473651 458968 966529 919103 13580 16555 212031 928210 347169 924781 847390 950614 405615
143
348145 977877 695594 278806 43199 858951 723523 117046 185409 981758 251004 78266 267205 857503 863837 134369 350200 372757 913075 434402 104593 480797 953675 148240 530342 334363 656878 652552 273359 584481 615716 109235 781578 603139 112982 82078 980508 650878 790681 520687 468137 793968 858527 201901 742069 925203 117237 714359 341779 889039 150619 278091 284664 146610 455167 570520 977738 653948 662232 945912 928372 696498 137994 227307 660410 93542 432037 371272 775199 863518 589114 274983 541456 950999 950288 144090 457030 787223 95448 109816 593926 466257 584672 500987 518835 720318 313007 204373 608771 841153 611045 380148 257414 935691 138705 822351 149340 285613 676863 270448 744014 6857 397504 769574 771912 503105 14056 446498 766139 819857 245644 510689 557182 554971 76158 365586 970679 215405 106544 273444 48009 144101 320855 60258 306641 151470 321980 115116 774774 990692 832685 287751 805551 348685 407235 444291 44988 620662 525782 260803 470182 194044 698174
177
646147 370490 389752 215862 926173 705650 155504 598164 776016 436266 962648 709186 31706 620775 180577 153363 862061 323019 546350 117655 311838 883534 62507 999776 717893 51475 231901 743834 24995 90162 134573 985461 104848 617907 954570 25731 743352 707787 927254 969482 766541 931320 304296 322503 572164 510320 484984 233237 775876 630016 386891 810784 893269 302132 359952 255437 260080 438454 415995 915974 825342 898435 317464 138131 774760 566456 10444 989516 461995 164862 464668 274468 182303 511735 575065 828131 897451 558750 644537 713412 199026 302275 376452 306305 409073 297236 911646 438410 795853 636806 890232 217037 742612 758105 36749 329051 264009 717665 535697 734666 527973 956425 121587 774757 544535 106726 264751 448681 27777 251980 446079 81712 985849 269296 932031 640638 137083 42751 756779 92010 796985 918782 443108 18903 843506 578795 197529 112733 527847 620981 485884 325708 844545 917939 661941 739667 14558 169432 953948 325760 466960 471847 420410 550438 2594 142143 708686 422345 16537 298254 763395 645156 984274 886180 390047 585495 163801 396814 423678 838875 149770 834246 869672 719735 482913 518780 440214 328221 73319 788108 837505 198259 757446 356164 488174 14391 523360
117
165145 906116 426750 97474 916357 333751 681760 579717 749375 504942 596066 177669 416846 874187 318084 589676 292222 209717 748089 661564 246877 201789 911120 656192 970779 862438 950872 442121 443265 142020 884886 650166 159770 372234 363063 635126 400860 533470 661495 506693 907077 301278 272798 945128 612172 661475 993767 330454 751015 564773 374059 173403 596174 636122 944548 762182 555204 614748 114089 244402 169659 53664 943444 263150 580701 35034 479364 832388 876321 481946 733860 1635 940718 55684 522770 119716 186667 520244 602848 649366 932879 361222 522878 50698 36012 169954 489661 847087 651154 853605 514432 141357 30977 666451 377563 368206 87343 278003 437573 982770 735823 550634 978649 825070 117902 870911 851285 852766 812055 658740 23378 788371 303565 123704 902059 634976 192893
145
175524 911935 734910 724736 198025 281030 574868 210594 275196 917329 80143 146064 703202 525913 549480 548411 828389 471760 611179 265377 103896 233871 186911 559097 340258 653142 58061 353032 338006 465822 63199 854135 207530 421521 813668 3678 873257 455975 319435 528490 496300 127411 371253 326558 382565 52520 431220 996390 604194 329219 232362 562643 83158 949843 947937 458452 481276 460492 806257 117130 927699 437240 614380 128126 102702 811632 658896 921525 136635 943070 447135 860037 419528 926043 273170 517142 70829 910769 929935 705264 447931 261834 311065 474701 428453 229761 142960 818519 549657 825526 120979 381700 867720 256571 829477 561771 68261 335988 233183 11290 806843 62989 191282 558798 1470 49690 516554 711724 504327 876006 553374 310309 845354 491859 198184 340890 92940 81839 82530 132400 520270 411305 929738 982831 302846 345070 383535 859987 127177 331813 933115 174874 202179 282284 408680 280286 542878 534863 332096 860476 679405 483279 991917 796472 602075
189
785156 287545 400162 538323 679437 16613 704140 422694 68308 693822 218098 329698 534602 510432 941894 637653 230998 729569 816887 799840 246726 72106 570021 631027 166628 389050 286898 475491 721099 46924 38518 355517 594065 986678 121324 423121 356409 390116 67070 88594 243651 749305 649270 206792 871484 670359 321592 859625 722809 494031 362772 491702 506049 937962 166875 167658 147875 522669 649984 373410 78887 679686 707589 871605 864302 990407 671921 853083 867171 620287 361488 514458 537735 962533 699526 134490 436275 179928 306599 772604 913930 873363 95427 410201 538557 361470 392324 422935 859161 637527 457927 99612 867608 499142 209951 882942 885345 54594 240598 74188 643062 743799 6980 436634 665681 564869 597280 822315 969740 477306 816277 109884 949227 874194 22260 764763 162262 496132 31534 427596 721138 121258 835644 371146 515656 196037 464376 30727 432782 870825 550031 511501 589058 247176 350064 572225 81973 554304 732780 898986 858302 168254 787335 6749 724301 974791 224833 309891 388098 513069 205777 33206 994753 82553 339669 681104 966384 35944 850376 746889 665020 559471 637170 975732 673444 690680 857587 808778 936505 459553 112056 936148 302027 831875 944360 231565 429061 777936 517543 801371 158087 617490 37935 801237 305109 396857 463695 766302 65223
141
158373 835172 244371 698668 123078 861616 819276 112766 337744 127999 315668 320272 775427 569105 656900 775067 882046 479020 298616 562342 381307 636372 720112 847464 492774 699512 288904 80414 978957 764414 452645 710370 841556 111039 622797 727068 761321 260227 519798 96907 294202 51219 498987 938360 450340 41740 246143 840752 615741 775178 138078 29254 195381 158732 102517 598280 903566 737859 287957 272376 843913 179120 958389 682311 36874 887905 800408 176492 191681 452963 307206 435861 830192 422509 923455 427304 288413 413183 566289 133566 958063 955033 198635 521028 303695 805846 863156 14173 694073 858166 560943 274538 881957 249707 17153 976024 52556 777148 417603 636867 976599 145104 843023 304489 856540 340254 125989 202230 837775 592258 428060 22944 328480 434932 489983 458070 779346 373763 588085 496676 677806 417231 775746 877167 448757 227665 573758 174484 616144 300487 996333 191512 113850 968836 665016 965456 966859 456720 633957 266343 991865
160
818372 921162 509737 728383 9303 746368 679670 39592 199594 707664 320474 996261 851563 481561 657619 785200 842065 947905 691305 825293 555409 17124 529113 918904 832913 698642 566141 287262 192435 608507 74642 133864 347779 768812 762719 892370 513847 774280 708104 601327 844462 211297 539363 47867 653014 90186 678629 190096 4166 197859 144851 166183 9465 741246 343812 907454 448991 525527 558484 368093 840733 642937 304453 454841 227396 762840 583284 640525 518857 414809 415828 227938 56361 354269 690821 539922 356871 55985 596873 187736 100534 631058 535482 860447 42158 48966 233012 125698 215622 282964 431027 437777 575817 484761 241137 246769 407473 216267 143879 294344 665517 734367 51298 490949 437441 943129 320195 282290 874799 658258 618253 346612 299282 318197 932190 356132 118375 291133 761857 875841 149023 360354 525783 888439 636566 69694 994643 758189 66886 138151 846808 67293 951512 797445 846400 808264 334530 678491 688837 589385 26702 216343 963928 939347 655816 507488 72635 132372 151953 499527 657492 322529 186983 355525 735238 847202 440770 223302 131265 7802
