10
198
528857 204720 213801 457187 701988 336953 513984 649006 978394 183092 303125 421522 677201 442435 400769 335148 732685 476920 297540 300647 11877 756339 578126 710233 521971 624976 364822 506301 899371 215085 165482 478229 863001 889576 309423 359210 391424 962184 609708 109715 379368 147850 654886 236110 309176 41413 50771 498030 332544 949548 226337 543611 110173 292940 563902 1652 806627 747663 907085 375008 77800 112116 459203 409784 569350 994318 472531 27823 712008 540419 418937 449922 123291 423917 654417 888365 554395 940817 976419 94369 312047 284684 487497 796796 904667 706244 555994 982808 937111 161815 943888 317578 349808 912275 49770 734039 786520 626774 803676 497542 565626 612574 740516 178804 911737 845573 248871 577726 652718 741449 910752 842424 76311 277062 621828 65948 293125 65121 624787 666026 873386 471200 213109 616078 443515 614819 432228 48121 69364 887976 31702 938768 266601 474681 523277 479246 85509 276880 249534 950391 517562 540052 282491 515953 796423 217527 270995 931713 625582 200088 399810 443953 539240 836952 631294 216785 126439 745831 297807 101403 647828 234317 529384 421135 973267 294835 259456 527970 220576 897480 879169 353049 529699 152944 569322 451606 188082 181834 350893 325351 337556 911795 761316 625308 160640 172233 805496 272132 604732 532238 952403 714422 520022 433692 137870 550534 406752 859418
116
760321 368132 586782 615629 387913 710714 303157 811260 222649 240974 249220 273859 773885 303867 654758 234593 24311 722265 349826 161459 258006 653103 982267 94655 308512 480923 554569 75864 620349 844220 562444 333891 743208 959841 214682 52193 697223 460328 89485 152297 784996 378079 900460 988771 36477 904409 358391 202755 755209 7500 109627 586194 82065 904696 315099 89116 330602 215015 392642 98766 603562 133940 720660 965777 195638 477712 823322 148590 707995 998822 781142 19710 760682 126167 579315 4047 284489 220876 681785 87761 359545 29817 763146 806143 334923 5790 654518 319438 169218 755471 309012 325943 139440 741463 525812 610484 189175 468613 275379 243682 643614 9352 646446 88790 816027 144485 37348 107177 757383 196588 701841 738831 624183 412445 866187 123866
130
774138 227522 396036 350701 740222 267982 771624 303316 210592 997770 767792 132875 666136 894315 348171 40634 987247 949291 176966 150829 204034 359950 429719 108604 706168 688922 278797 735896 78092 936523 805376 973360 199864 659085 825022 794301 631953 31453 425623 574979 478665 870775 488982 141896 734683 524480 159804 915000 684991 461536 618907 745006 353554 5642 413870 778080 69037 711690 254724 861388 518124 861073 127592 253599 795950 605922 79388 918797 458726 957461 343846 241320 357929 297577 622311 299581 45723 681484 764279 514232 268325 680662 838136 460618 567817 117977 961383 159373 41674 243305 187775 91499 512248 68313 176655 995717 725259 96036 585827 959299 27438 92394 419689 841837 859653 900655 673840 52284 656753 944916 791936 618247 90812 250878 700460 77349 128949 47201 149373 589091 428083 965901 761678 750879 747142 87165 319068 48971 165646 498901
123
753726 897304 20420 539519 794677 85485 589280 704486 664511 16322 858652 935425 246626 227102 96096 931124 510077 696675 548169 149691 916149 66717 111262 703099 450531 808905 370957 383913 840778 894502 76320 417432 588358 692070 650793 35095 563942 240109 354433 916914 135629 671787 587688 516772 756985 37202 7128 658929 675243 122331 514551 984413 487097 596903 311005 671052 651869 956932 707243 751824 623334 21338 537217 21164 929823 934284 86890 123329 742251 420473 68705 8188 953491 138451 299573 527656 910339 218921 705185 457832 66771 796842 871299 422715 470720 615097 610128 578248 971121 620481 157064 648812 979748 390913 468074 22680 909887 318853 350454 307702 826987 291714 245950 853618 869489 974288 117984 290026 390201 654379 729565 468710 677818 329086 955295 432545 234872 706136 296725 555253 672187 714730 373608
132
357452 777850 236354 761599 550307 230927 944889 792052 832365 332418 89125 479802 372958 286792 110734 21633 414889 357954 162230 635051 956060 971019 484826 859137 21261 961355 368735 655572 507148 479095 712964 596194 948062 698992 826115 892579 182504 1278 693639 914286 839789 907902 208541 467828 921106 848544 283572 225247 653016 152364 45238 408 100673 217602 912554 382181 165495 34496 319131 971042 400593 351548 509163 825054 924555 760816 289083 632692 251033 712204 778175 324974 749333 340521 321330 960322 633325 955965 570563 762138 76826 622755 17432 48814 100823 704645 739476 987160 214665 512060 297932 908165 920570 685559 974475 674254 442856 807173 995470 621420 518317 287828 524035 873191 904293 203387 249893 327089 315077 411016 352845 419630 149617 323439 172088 84655 642576 182725 253351 94433 609316 596955 576360 9473 588358 439379 277079 956771 313630 287317 289162 327084
119
569980 78053 954900 705543 677231 620887 361594 264492 7770 888546 396790 29810 716352 403849 57652 330351 182488 180219 599122 24971 72641 834636 738894 131957 597058 429675 820906 338958 332880 161471 878129 461697 2904 171172 666743 745315 874114 136824 471650 44649 1174 47701 516933 860223 926187 704219 640440 893066 792617 270300 659 771023 844063 717510 834532 587644 694392 832446 45417 991188 307873 586856 361776 332425 776420 253483 129018 545593 701597 253510 827807 362398 228326 164956 652673 823879 181653 800584 348449 752730 624321 336372 131966 815651 741084 700299 437918 581470 46966 340020 481313 828433 516142 911259 444352 883 558077 76448 667553 469511 676826 266847 118506 539874 748939 245368 202648 15920 435924 772860 703028 907279 673265 963459 351347 24196 709984 82459 864353
187
522457 511619 547626 666761 298189 25752 236749 460941 659619 383639 797637 493258 584536 869950 537686 342497 676225 782314 88259 620305 204499 320652 717369 633249 77850 728619 517535 175336 326742 836805 287329 560152 420342 306150 912665 878794 385130 648591 496218 274748 28869 157120 671337 484197 785298 185380 336059 950722 20546 203990 886751 243900 910289 101724 377493 354324 493951 406632 842211 308817 752527 378223 146726 84491 565194 11627 34608 303018 25489 835462 952068 944048 301595 184006 905688 867617 466281 638976 365834 599679 376664 435689 373922 555434 355983 15506 285380 666472 345275 622344 730443 686377 476615 775381 477681 844380 425549 250297 48247 157461 178764 196487 541904 230911 233929 602215 162690 94379 294233 331289 818626 411295 918236 509443 64928 587861 291752 469044 58518 614485 963423 868768 596912 665691 181477 443719 739907 90431 877351 453024 767648 496766 812228 954046 472192 555475 974015 655584 768824 289930 94410 694157 233878 196605 641510 83211 288385 949526 31970 560683 435000 75563 693909 804114 856096 716008 463826 740792 75616 477641 963408 781318 898713 509622 67101 126359 764566 277840 803839 176298 237013 732310 620118 851938 316692 339159 513233 753842 835847 685978 402468 559317 840179 553616 596914 773461 563482
161
914287 516192 854934 401983 661703 139057 29738 587211 554862 748840 741950 514704 195763 864432 500523 570805 213946 549745 14280 106678 105533 526731 99780 535291 139653 360135 796804 869390 317175 388806 458937 388785 77581 726136 985960 237355 804124 4346 531913 941201 757301 490895 309997 307311 785649 179712 780512 325970 596620 368928 425805 445660 116501 556879 996451 880791 787976 216003 265991 674723 516568 654803 717636 22132 728675 360748 577827 158629 976596 178478 963562 976249 998044 647537 301479 750579 651412 852367 857721 736287 497522 99264 525678 588672 529308 361957 279371 628687 706950 402310 71455 937722 615646 559850 328627 472319 132851 754607 814165 359901 700539 291428 818073 155266 237383 190254 67378 19631 640293 479929 275226 223400 351950 716975 586355 834147 78644 369863 995228 673743 654263 467007 301432 452705 727686 856996 407412 105365 323470 999953 45129 885483 689239 48922 543378 36656 993115 680186 409751 830921 423728 261529 306224 968934 361821 643966 10883 175555 966263 319070 780797 414734 826016 927296 804623 646597 355898 306147 909387 46659 397199
147
592641 792576 744830 204017 918180 161933 606916 12684 628523 609953 353774 621460 844959 17392 251300 33234 443608 937513 760247 320977 145891 911819 770266 484857 942328 545396 567556 72347 386481 664966 887868 550634 613676 452528 508223 439899 568060 980242 466407 179487 863130 848163 398517 408324 174745 402092 81540 559389 453242 345037 805728 239756 721146 493391 153268 604911 169170 254094 461431 842782 713420 695016 483007 215294 841661 655062 442958 262168 908825 613202 681307 778252 258087 8354 373098 654572 107038 600741 981055 248185 156950 49103 684496 237700 289510 198622 764973 786936 746189 716702 700775 113715 728243 906353 916971 659970 850716 429585 286223 620718 595933 39434 986438 257684 943208 983853 982711 180226 18234 491943 154153 115370 493560 279763 822651 391219 46743 783507 84064 804195 813903 729249 382881 861936 797038 302612 235472 940331 799228 467944 280339 6152 644354 307182 585754 254436 771207 684095 253452 848305 948799 298591 984204 392251 926047 951961 401344
111
286841 148022 916662 17769 879990 479718 386500 926956 204900 202398 505475 845960 891091 904375 616231 403219 192739 620874 901661 588608 596423 773551 902427 949972 6064 838456 505972 473937 267058 736814 475304 637473 204305 808455 386430 629128 526658 854576 239413 604442 454411 163118 63104 226051 170868 324790 133936 970419 291781 217490 126961 322053 931110 631528 911678 248558 603250 809891 330650 878402 960400 528391 149396 213039 944746 996690 463388 208129 560588 365735 679314 241425 336604 579382 412901 405544 716434 781371 548781 846467 690912 220073 535203 646274 114561 213130 548445 627320 616869 877864 412242 34570 7711 207978 736958 929191 303134 210413 759570 306480 330901 647822 296822 416846 960411 181243 592888 751951 307977 633271 917536
