1547
2731
1505
3790
3191
3283
689
4801
4060
4822
2080
2915
1410
3867
425
4874
2195
4644
3102
2183
945
2444
773
4125
3326
2575
3542
2604
1773
234
233
4403
524
4861
2421
2965
4016
1834
572
4913
3859
3307
4612
2415
4113
4197
329
2864
756
1039
2625
1541
123
2033
4705
4809
4123
4019
3368
1363
1783
3493
4649
2098
951
2970
1048
430
2125
3490
2859
4351
322
2883
1081
1768
570
1864
2275
575
4046
4805
996
1740
3495
4359
3046
3206
749
4209
840
2457
4963
869
4631
838
4592
4207
902
1157
4182
4326
2870
3493
4606
3306
2536
1832
2788
3354
905
3575
4187
4300
391
2316
4491
3208
2128
986
2621
2693
2222
3372
1249
2107
1210
2945
3261
3485
182
2613
4014
3813
4540
4905
4573
1651
3424
330
271
1406
4686
1473
4629
897
3971
1075
1141
1677
4771
1787
2052
2742
555
1041
3569
2705
540
2435
793
2937
4142
3781
1272
3845
3117
2188
4744
925
1743
3675
790
4161
673
2341
2883
2936
2033
4626
3609
258
3423
4382
4105
2287
3290
616
4040
3024
2362
1676
655
2928
2310
4892
4353
4356
1929
2518
2169
4616
447
1434
250
3352
4687
488
1499
1301
2402
872
1171
246
3798
4125
3976
3511
2737
4433
1155
355
3799
2135
123
668
4570
3985
1001
2210
70
1924
4744
1500
4471
1287
1945
3259
1555
2695
2925
2267
358
1352
3705
811
1601
4386
4596
3908
310
1892
744
1694
1591
2374
11
4048
3186
1271
2904
3387
4397
3337
1840
1889
694
3573
1565
4188
1260
1746
1424
2537
405
4110
3153
2256
419
3287
796
2189
1197
125
1655
2063
660
3655
1742
3894
1599
3580
3275
1463
3943
4868
1907
2727
79
794
129
3483
4449
4046
3423
141
555
1630
296
3393
1849
1207
4834
3996
4047
4647
4853
4416
20
2599
2165
1542
3896
4226
3531
1062
2804
303
1260
3112
2859
4609
917
2994
249
3450
575
973
1236
258
2237
1564
4456
4055
430
4619
4726
2004
1628
2150
4490
1313
3195
4841
2698
3223
4698
565
1067
2167
3690
835
4823
586
129
3430
2487
3136
3018
4342
1349
535
245
3928
212
3900
3863
3300
1946
917
1691
2089
2025
4321
2803
3807
1099
1778
1295
2034
2068
4040
2548
2208
2969
1425
2702
930
1584
2651
4024
2847
983
2536
4442
4168
4906
1542
4156
4739
3339
1930
1324
2314
4499
3780
3788
2724
4305
1103
2784
2275
4181
1428
3559
4175
3745
760
3063
615
2903
2044
4844
2727
1746
2921
3313
4685
1778
2495
1327
2935
7
1010
1467
375
413
4654
2003
2180
4160
3570
3770
1328
1154
4080
4203
2261
1763
971
4238
481
869
2026
2985
1628
2948
3115
2571
4876
464
2401
1293
864
778
828
2553
1736
2472
2985
2181
3326
1751
2482
4241
2154
3241
2264
935
1432
3127
3602
2335
1960
3072
1577
2044
77
3050
1607
2325
3320
1293
815
2214
3955
1222
252
2758
1212
3878
4273
1979
1825
2749
3601
301
2503
2213
3693
4330
4143
4007
262
1362
1316
3958
1859
3269
1035
3324
4576
1313
3560
2025
940
3604
4059
3768
618
3598
519
165
2594
1330
154
3105
1749
878
2625
4343
2986
4680
1952
574
2252
1180
526
4244
3310
1472
3378
2662
3826
1637
2264
997
226
4566
3220
4261
1373
544
3925
4466
864
2438
1230
778
479
3747
966
2842
2599
202
4563
1320
862
420
4902
145
3804
2802
3520
2203
43
4046
2782
819
1995
968
2282
3461
4476
3025
2279
4741
2799
1102
3821
3014
4115
2305
4486
2418
2418
3760
593
868
2746
1189
233
400
1005
1192
3046
3680
3247
1362
1356
325
4222
4804
1763
352
912
1589
4765
2854
815
2590
1508
9
1727
3272
1836
4881
3010
1828
1039
4235
3266
3413
242
3540
4298
3510
4010
1714
252
3931
4420
4686
654
2304
1930
1051
4079
4060
454
3017
1227
680
68
1276
1946
183
677
994
27
4040
2443
3179
115
2268
838
1504
936
1963
1876
1585
2018
3968
2032
572
2008
263
1848
4120
357
4072
3769
3163
1851
2851
3867
2143
2582
4708
3726
3067
4029
2253
4394
4269
4420
2960
3797
2779
2978
1419
2690
1716
2439
4279
2867
1863
3380
210
4809
1555
1581
2994
286
2341
51
4300
1744
4328
1767
3784
3083
609
3509
3672
4027
1583
4602
1561
1589
4801
3001
2895
1570
3541
3629
3492
4408
4199
4921
2504
2410
3699
204
3529
503
2848
2425
1071
2431
4424
1433
1539
3983
3062
4128
2609
397
4605
3033
1357
2624
574
2511
4016
1221
4162
692
853
237
272
1408
2220
2704
1426
3834
4545
1807
1622
248
2200
3883
2856
4456
3529
228
4358
4390
1968
2686
2178
683
3658
504
2822
592
742
3980
3533
4716
4314
2479
3377
277
617
1697
333
4302
726
335
418
1678
1611
430
4337
802
1090
85
527
1062
3879
3256
2658
2689
4269
3713
4693
398
4618
2913
887
865
2891
3227
3641
1066
3146
1140
4075
1953
1673
2281
2569
1314
2561
4276
185
4168
494
3749
708
3647
243
2946
4590
1330
963
2108
4090
4150
4804
1626
4067
3698
967
1083
1904
1557
3597
421
4496
3554
1812
494
3265
4103
400
1987
4118
851
4716
614
3038
4541
2155
2822
3934
763
2097
1571
785
4101
1324
2322
3625
2310
965
2109
1731
2568
3273
3409
590
746
1321
3156
2492
2713
4176
1087
874
3930
3045
2596
2830
413
3373
3042
2058
4826
3759
4351
2419
2365
1822
2963
2862
1193
4115
1527
4690
2307
64
3409
2947
3320
847
361
3339
1943
4259
472
2082
567
1753
153
163
1813
2345
2078
1168
609
2668
3267
2158
1550
425
2117
2639
4582
4529
2962
3441
434
987
4733
2130
2895
4418
2395
4039
3033
2425
1299
1774
620
3993
2345
2189
2457