1000
989999999
989999998
989999997
989999996
989999995
989999994
989999993
989999992
989999991
989999990
989999989
989999988
989999987
989999986
989999985
989999984
989999983
989999982
989999981
989999980
989999979
989999978
989999977
989999976
989999975
989999974
989999973
989999972
989999971
989999970
989999969
989999968
989999967
989999966
989999965
989999964
989999963
989999962
989999961
989999960
989999959
989999958
989999957
989999956
989999955
989999954
989999953
989999952
989999951
989999950
989999949
989999948
989999947
989999946
989999945
989999944
989999943
989999942
989999941
989999940
989999939
989999938
989999937
989999936
989999935
989999934
989999933
989999932
989999931
989999930
989999929
989999928
989999927
989999926
989999925
989999924
989999923
989999922
989999921
989999920
989999919
989999918
989999917
989999916
989999915
989999914
989999913
989999912
989999911
989999910
989999909
989999908
989999907
989999906
989999905
989999904
989999903
989999902
989999901
989999900
989999899
989999898
989999897
989999896
989999895
989999894
989999893
989999892
989999891
989999890
989999889
989999888
989999887
989999886
989999885
989999884
989999883
989999882
989999881
989999880
989999879
989999878
989999877
989999876
989999875
989999874
989999873
989999872
989999871
989999870
989999869
989999868
989999867
989999866
989999865
989999864
989999863
989999862
989999861
989999860
989999859
989999858
989999857
989999856
989999855
989999854
989999853
989999852
989999851
989999850
989999849
989999848
989999847
989999846
989999845
989999844
989999843
989999842
989999841
989999840
989999839
989999838
989999837
989999836
989999835
989999834
989999833
989999832
989999831
989999830
989999829
989999828
989999827
989999826
989999825
989999824
989999823
989999822
989999821
989999820
989999819
989999818
989999817
989999816
989999815
989999814
989999813
989999812
989999811
989999810
989999809
989999808
989999807
989999806
989999805
989999804
989999803
989999802
989999801
989999800
989999799
989999798
989999797
989999796
989999795
989999794
989999793
989999792
989999791
989999790
989999789
989999788
989999787
989999786
989999785
989999784
989999783
989999782
989999781
989999780
989999779
989999778
989999777
989999776
989999775
989999774
989999773
989999772
989999771
989999770
989999769
989999768
989999767
989999766
989999765
989999764
989999763
989999762
989999761
989999760
989999759
989999758
989999757
989999756
989999755
989999754
989999753
989999752
989999751
989999750
989999749
989999748
989999747
989999746
989999745
989999744
989999743
989999742
989999741
989999740
989999739
989999738
989999737
989999736
989999735
989999734
989999733
989999732
989999731
989999730
989999729
989999728
989999727
989999726
989999725
989999724
989999723
989999722
989999721
989999720
989999719
989999718
989999717
989999716
989999715
989999714
989999713
989999712
989999711
989999710
989999709
989999708
989999707
989999706
989999705
989999704
989999703
989999702
989999701
989999700
989999699
989999698
989999697
989999696
989999695
989999694
989999693
989999692
989999691
989999690
989999689
989999688
989999687
989999686
989999685
989999684
989999683
989999682
989999681
989999680
989999679
989999678
989999677
989999676
989999675
989999674
989999673
989999672
989999671
989999670
989999669
989999668
989999667
989999666
989999665
989999664
989999663
989999662
989999661
989999660
989999659
989999658
989999657
989999656
989999655
989999654
989999653
989999652
989999651
989999650
989999649
989999648
989999647
989999646
989999645
989999644
989999643
989999642
989999641
989999640
989999639
989999638
989999637
989999636
989999635
989999634
989999633
989999632
989999631
989999630
989999629
989999628
989999627
989999626
989999625
989999624
989999623
989999622
989999621
989999620
989999619
989999618
989999617
989999616
989999615
989999614
989999613
989999612
989999611
989999610
989999609
989999608
989999607
989999606
989999605
989999604
989999603
989999602
989999601
989999600
989999599
989999598
989999597
989999596
989999595
989999594
989999593
989999592
989999591
989999590
989999589
989999588
989999587
989999586
989999585
989999584
989999583
989999582
989999581
989999580
989999579
989999578
989999577
989999576
989999575
989999574
989999573
989999572
989999571
989999570
989999569
989999568
989999567
989999566
989999565
989999564
989999563
989999562
989999561
989999560
989999559
989999558
989999557
989999556
989999555
989999554
989999553
989999552
989999551
989999550
989999549
989999548
989999547
989999546
989999545
989999544
989999543
989999542
989999541
989999540
989999539
989999538
989999537
989999536
989999535
989999534
989999533
989999532
989999531
989999530
989999529
989999528
989999527
989999526
989999525
989999524
989999523
989999522
989999521
989999520
989999519
989999518
989999517
989999516
989999515
989999514
989999513
989999512
989999511
989999510
989999509
989999508
989999507
989999506
989999505
989999504
989999503
989999502
989999501
989999500
989999499
989999498
989999497
989999496
989999495
989999494
989999493
989999492
989999491
989999490
989999489
989999488
989999487
989999486
989999485
989999484
989999483
989999482
989999481
989999480
989999479
989999478
989999477
989999476
989999475
989999474
989999473
989999472
989999471
989999470
989999469
989999468
989999467
989999466
989999465
989999464
989999463
989999462
989999461
989999460
989999459
989999458
989999457
989999456
989999455
989999454
989999453
989999452
989999451
989999450
989999449
989999448
989999447
989999446
989999445
989999444
989999443
989999442
989999441
989999440
989999439
989999438
989999437
989999436
989999435
989999434
989999433
989999432
989999431
989999430
989999429
989999428
989999427
989999426
989999425
989999424
989999423
989999422
989999421
989999420
989999419
989999418
989999417
989999416
989999415
989999414
989999413
989999412
989999411
989999410
989999409
989999408
989999407
989999406
989999405
989999404
989999403
989999402
989999401
989999400
989999399
989999398
989999397
989999396
989999395
989999394
989999393
989999392
989999391
989999390
989999389
989999388
989999387
989999386
989999385
989999384
989999383
989999382
989999381
989999380
989999379
989999378
989999377
989999376
989999375
989999374
989999373
989999372
989999371
989999370
989999369
989999368
989999367
989999366
989999365
989999364
989999363
989999362
989999361
989999360
989999359
989999358
989999357
989999356
989999355
989999354
989999353
989999352
989999351
989999350
989999349
989999348
989999347
989999346
989999345
989999344
989999343
989999342
989999341
989999340
989999339
989999338
989999337
989999336
989999335
989999334
989999333
989999332
989999331
989999330
989999329
989999328
989999327
989999326
989999325
989999324
989999323
989999322
989999321
989999320
989999319
989999318
989999317
989999316
989999315
989999314
989999313
989999312
989999311
989999310
989999309
989999308
989999307
989999306
989999305
989999304
989999303
989999302
989999301
989999300
989999299
989999298
989999297
989999296
989999295
989999294
989999293
989999292
989999291
989999290
989999289
989999288
989999287
989999286
989999285
989999284
989999283
989999282
989999281
989999280
989999279
989999278
989999277
989999276
989999275
989999274
989999273
989999272
989999271
989999270
989999269
989999268
989999267
989999266
989999265
989999264
989999263
989999262
989999261
989999260
989999259
989999258
989999257
989999256
989999255
989999254
989999253
989999252
989999251
989999250
989999249
989999248
989999247
989999246
989999245
989999244
989999243
989999242
989999241
989999240
989999239
989999238
989999237
989999236
989999235
989999234
989999233
989999232
989999231
989999230
989999229
989999228
989999227
989999226
989999225
989999224
989999223
989999222
989999221
989999220
989999219
989999218
989999217
989999216
989999215
989999214
989999213
989999212
989999211
989999210
989999209
989999208
989999207
989999206
989999205
989999204
989999203
989999202
989999201
989999200
989999199
989999198
989999197
989999196
989999195
989999194
989999193
989999192
989999191
989999190
989999189
989999188
989999187
989999186
989999185
989999184
989999183
989999182
989999181
989999180
989999179
989999178
989999177
989999176
989999175
989999174
989999173
989999172
989999171
989999170
989999169
989999168
989999167
989999166
989999165
989999164
989999163
989999162
989999161
989999160
989999159
989999158
989999157
989999156
989999155
989999154
989999153
989999152
989999151
989999150
989999149
989999148
989999147
989999146
989999145
989999144
989999143
989999142
989999141
989999140
989999139
989999138
989999137
989999136
989999135
989999134
989999133
989999132
989999131
989999130
989999129
989999128
989999127
989999126
989999125
989999124
989999123
989999122
989999121
989999120
989999119
989999118
989999117
989999116
989999115
989999114
989999113
989999112
989999111
989999110
989999109
989999108
989999107
989999106
989999105
989999104
989999103
989999102
989999101
989999100
989999099
989999098
989999097
989999096
989999095
989999094
989999093
989999092
989999091
989999090
989999089
989999088
989999087
989999086
989999085
989999084
989999083
989999082
989999081
989999080
989999079
989999078
989999077
989999076
989999075
989999074
989999073
989999072
989999071
989999070
989999069
989999068
989999067
989999066
989999065
989999064
989999063
989999062
989999061
989999060
989999059
989999058
989999057
989999056
989999055
989999054
989999053
989999052
989999051
989999050
989999049
989999048
989999047
989999046
989999045
989999044
989999043
989999042
989999041
989999040
989999039
989999038
989999037
989999036
989999035
989999034
989999033
989999032
989999031
989999030
989999029
989999028
989999027
989999026
989999025
989999024
989999023
989999022
989999021
989999020
989999019
989999018
989999017
989999016
989999015
989999014
989999013
989999012
989999011
989999010
989999009
989999008
989999007
989999006
989999005
989999004
989999003
989999002
989999001
989999000
