247
48 49
101 48
165 49
26 48
49 235
118 49
225 235
101 160
48 113
102 165
118 75
48 98
29 26
98 178
101 167
49 12
101 31
118 221
110 26
225 185
135 178
110 142
48 96
26 146
229 31
70 146
160 206
25 235
108 142
229 222
131 178
25 16
221 88
137 165
48 128
108 241
221 85
102 230
57 101
156 108
241 153
113 99
12 219
128 61
138 88
137 66
102 139
16 41
180 221
180 62
93 180
135 193
59 241
146 228
2 146
14 180
202 229
75 176
138 119
196 108
177 135
2 81
25 123
74 31
212 202
199 102
160 133
142 20
193 53
212 127
81 200
107 138
36 61
27 123
223 53
78 146
98 22
128 60
211 20
83 59
5 99
117 235
20 218
179 146
30 178
85 23
26 15
38 60
130 49
244 60
105 153
143 102
26 67
206 46
32 81
48 69
222 136
200 84
63 118
240 57
120 70
199 141
151 113
209 84
174 15
51 62
62 231
31 106
143 77
69 161
22 184
29 47
199 10
24 143
192 180
202 103
240 242
85 111
84 13
192 226
31 164
38 140
17 20
19 103
129 151
236 47
152 118
47 208
121 153
125 10
231 52
37 223
40 231
175 49
23 34
246 108
50 111
132 222
62 124
144 242
61 100
81 181
62 204
183 20
164 191
181 215
64 50
206 213
21 202
24 72
170 204
175 114
22 227
233 32
207 70
60 145
211 87
149 49
31 44
61 217
3 136
134 135
46 43
188 184
91 121
97 145
163 105
145 234
210 66
35 222
209 224
57 189
20 195
187 242
186 226
171 111
33 98
18 181
236 150
45 24
153 169
172 223
159 62
190 161
182 144
205 202
220 26
164 42
126 150
59 7
28 225
39 16
165 157
214 241
177 58
154 229
239 117
24 155
128 90
5 116
218 147
11 78
112 85
55 142
115 165
92 30
128 73
82 77
8 221
122 44
143 71
80 231
243 99
134 95
104 11
140 109
236 94
216 140
4 40
130 79
36 166
70 201
90 158
192 6
102 54
173 64
93 89
49 68
232 236
9 78
168 111
7 245
197 109
132 65
203 128
162 84
84 238
90 198
73 237
56 114
146 86
247 25
76 51
148 158
126 194
1 65
1 0 1 1 1 0 0 0 1 1 1 0 1 1 0 1 0 0 0 0 1 0 1 0 0 1 0 0 1 1 0 0 1 1 1 0 0 0 0 1 1 1 0 0 0 0 0 1 1 0 1 0 0 1 0 0 0 0 0 1 1 1 1 0 0 0 0 0 0 0 0 0 0 0 0 0 0 0 1 1 1 1 1 1 0 1 0 0 1 0 1 0 1 0 0 0 0 0 0 1 1 0 1 1 0 1 1 1 0 1 0 1 0 0 0 0 1 0 0 1 1 1 1 0 1 0 0 1 0 1 0 1 1 1 0 0 1 0 1 1 1 1 0 1 1 0 1 1 1 1 0 0 0 1 0 1 1 1 0 0 0 1 1 1 0 0 1 1 0 0 0 1 0 0 0 1 1 1 0 0 0 0 0 0 0 0 1 1 1 1 1 1 0 1 1 1 1 0 0 1 1 1 0 1 1 0 0 0 1 1 0 1 1 0 1 1 1 0 1 0 1 0 0 0 1 1 1 0 1 1 1 0 0 1 1 0 1 0 0 0 1 1 1 0 1 0 0
0 1 0 0 0 1 1 1 0 0 0 1 0 0 1 0 1 1 1 1 0 1 0 1 1 0 1 1 0 0 1 1 0 0 0 1 1 1 1 0 0 0 1 1 1 1 1 0 0 1 0 1 1 0 1 1 1 1 1 0 0 0 0 1 1 1 1 1 1 1 1 1 1 1 1 1 1 1 0 0 0 0 0 0 1 0 1 1 0 1 0 1 0 1 1 1 1 1 1 0 0 1 0 0 1 0 0 0 1 0 1 0 1 1 1 1 0 1 1 0 0 0 0 1 0 1 1 0 1 0 1 0 0 0 1 1 0 1 0 0 0 0 1 0 0 1 0 0 0 0 1 1 1 0 1 0 0 0 1 1 1 0 0 0 1 1 0 0 1 1 1 0 1 1 1 0 0 0 1 1 1 1 1 1 1 1 0 0 0 0 0 0 1 0 0 0 0 1 1 0 0 0 1 0 0 1 1 1 0 0 1 0 0 1 0 0 0 1 0 1 0 1 1 1 0 0 0 1 0 0 0 1 1 0 0 1 0 1 1 1 0 0 0 1 0 1 1