470
5841
1085
8583
1871
2315
4449
7131
6525
2404
2451
3448
1256
1206
9361
3236
5745
667
3941
8407
590
3578
6830
5900
912
2790
9249
5050
8326
5850
9066
6244
8475
7633
6566
2586
7285
7549
2175
5163
5328
8090
7370
7451
9791
7579
2369
3325
730
8253
9901
1268
7535
8325
2234
1402
4908
9872
89
6167
752
1674
3906
3702
6951
5404
3763
6510
1562
242
2972
8462
6605
5262
6088
3148
1270
5224
4944
6115
3006
3473
5488
5246
4314
7201
4476
901
1354
9929
7017
6285
8888
5731
636
5863
7385
5279
3307
1713
8923
9929
67
875
7732
9903
1260
4531
7070
6461
4488
8006
4784
2661
3507
8997
6940
2751
5311
2742
5035
7367
6311
2948
877
6312
6842
4023
5918
6684
4966
1345
6161
2404
2465
794
8914
7826
3102
6594
3121
8296
6832
287
4323
6740
8205
1965
6035
4266
4421
4201
1296
7413
110
9638
989
468
9398
4402
2301
2598
3320
2079
1612
5821
1283
8970
2255
3235
3149
3916
9161
3749
260
6537
891
9634
2402
3406
6893
3457
4610
8701
7070
4145
4553
8650
4732
1175
6271
8389
1308
2476
9721
3860
5212
7199
8551
2212
8856
3551
1996
5791
4267
8553
1436
9446
5428
2075
902
5995
5462
1197
8564
6186
2551
7397
2948
9022
7770
2904
9829
6844
3887
1486
7564
9546
6487
3060
8930
8887
5716
4298
4420
3336
6430
4378
8884
8876
7113
6165
7306
5299
1592
3542
3020
5968
7256
4550
8825
1437
4848
4328
8593
7972
2586
5709
4843
441
9762
8559
7129
145
9489
8072
1931
2125
8672
7455
1988
5227
1230
3682
9493
8281
1589
4094
4276
86
4192
155
6382
6800
8614
2792
9374
3967
8078
6456
7052
3953
6402
4289
8614
7491
256
5823
6113
1585
6305
6555
4239
2035
7742
2224
7996
8090
4250
5282
5970
572
5232
3310
5517
5104
9098
8233
4369
8467
7857
996
3936
2669
8902
8353
5872
7917
7282
8073
731
1842
1413
7702
1181
6562
970
4214
4168
1588
899
2764
9170
6598
9570
1227
8527
3278
6386
9839
5995
6954
8392
4990
1231
6490
1549
299
2584
6591
2132
6413
7999
9975
8707
9751
1362
7900
4760
7558
4804
3459
9754
4109
3880
3936
2019
4630
7893
8960
7343
7527
531
2090
7084
6801
4317
3495
2632
2023
6886
2139
3047
8785
5647
2163
5628
4912
7624
2192
7479
3826
8440
4801
7770
5239
1401
5107
4499
9673
7754
2000
4267
2574
8364
7759
2098
1656
6559
518
8298
2458
6537
6122
4557
7300
3218
9687
5662
5466
4777
1057
7156
5712
1316
1816
2051
544
7874
9772
9686
1604
2801
8653
3465
6874
8257
8680
2483
3752
2518
5211
3533
5539
5657
4055
8109
8296
7560
7067
8960
9584
639
5680
8476
6169
1858
7542
3695
4576
6190