32 
35 12 
6 85 85 
88 51 13 78 
41 38 7 16 1 
20 30 7 91 17 75 
65 29 77 34 27 39 83 
71 55 39 85 79 13 40 52 
4 48 78 83 31 39 86 23 91 
1 59 29 7 29 92 57 58 91 99 
93 48 58 75 73 2 2 69 99 39 65 
45 62 48 52 39 9 80 7 20 20 88 30 
5 12 81 87 52 54 37 57 78 48 66 77 98 
54 43 46 14 61 14 51 20 45 23 71 81 15 88 
53 5 37 40 77 38 87 2 44 85 84 70 32 47 67 
80 20 99 20 36 22 66 91 25 72 40 51 11 53 27 74 
52 26 16 19 69 81 45 89 47 40 5 79 75 65 81 82 82 
36 31 39 72 70 82 2 8 69 26 38 17 93 85 80 12 65 41 
6 80 77 70 79 97 67 81 72 79 36 87 71 72 77 52 73 6 89 
89 27 2 95 39 67 38 48 98 54 56 10 11 74 64 26 23 62 19 46 
82 98 40 73 97 13 70 60 19 25 51 52 56 27 82 20 49 67 93 86 61 
37 49 46 57 33 30 47 65 32 35 21 98 74 65 48 71 2 21 52 40 45 87 
80 20 5 33 12 47 31 99 19 87 22 95 91 78 22 72 32 37 78 55 25 42 21 
93 20 7 90 48 52 86 50 2 6 96 49 53 90 20 34 43 15 29 91 49 63 77 33 
7 64 42 97 92 65 47 39 64 48 3 83 98 35 75 78 95 91 49 13 73 28 20 6 49 
67 9 82 5 98 69 39 60 85 99 15 18 68 50 62 62 34 14 24 63 99 9 15 64 3 75 
93 13 58 38 89 36 59 3 48 43 59 49 59 10 56 64 19 83 37 2 7 71 70 67 75 24 92 
34 2 68 74 72 78 63 35 54 40 98 40 96 42 5 57 13 84 42 34 89 87 98 88 82 85 70 95 
83 26 66 85 92 1 71 84 27 31 85 51 75 61 84 1 45 80 59 86 56 5 1 88 21 70 89 96 35 
91 51 15 4 1 13 77 54 42 87 19 43 79 49 84 98 66 52 54 78 29 27 26 53 59 62 3 3 96 92 
86 9 78 92 37 88 77 21 57 17 13 23 43 53 26 73 79 27 46 99 34 16 76 77 41 37 78 15 91 40 67 
18 8 22 83 59 89 47 89 22 66 22 30 22 65 92 13 8 95 83 72 52 38 84 54 37 25 41 4 40 38 40 56 
47 50 61 89 25 92 33 50 97 98 54 96 15 40 54 19 38 15 77 30 34 52 58 65 58 89 18 63 44 64 48 58 84 
88 36 58 6 92 30 98 91 91 18 96 99 96 65 18 73 46 63 96 25 98 21 38 32 21 52 91 15 72 60 50 32 96 26 
28 74 33 99 43 31 67 37 14 18 72 61 31 28 33 73 71 15 16 25 84 76 51 9 84 45 30 43 32 74 83 61 26 26 73 
4 7 6 61 46 40 38 59 63 38 12 30 36 21 63 41 26 31 49 34 59 28 39 3 17 67 96 90 21 94 72 69 20 33 88 30 
57 86 80 97 26 20 89 10 16 64 39 40 81 8 65 42 87 61 8 88 94 60 94 67 46 40 32 63 58 33 90 49 4 49 90 71 99 
57 59 20 93 28 47 80 42 57 33 63 78 17 42 68 31 58 76 16 45 93 96 34 68 84 12 42 43 34 63 44 84 68 18 12 79 27 50 
26 89 72 81 67 64 90 97 23 42 61 52 77 96 8 21 91 51 31 25 1 73 90 22 89 55 97 87 89 3 97 7 57 28 61 59 74 28 71 
20 42 17 32 63 15 86 9 91 45 11 48 25 62 85 7 8 70 74 51 94 24 92 49 35 24 98 60 67 7 79 13 97 24 36 7 97 34 76 83 
93 33 10 21 18 12 64 45 15 33 29 27 95 97 91 79 74 28 33 34 52 60 25 27 8 28 2 87 84 51 62 24 78 26 48 13 28 7 35 87 93 
53 14 71 72 75 82 1 63 75 7 9 75 13 49 57 96 69 92 68 72 34 21 17 98 86 9 15 2 93 11 99 35 86 49 23 61 57 96 35 36 39 69 
94 74 37 54 74 67 75 51 48 51 90 49 89 24 45 48 46 30 70 87 29 52 50 32 94 87 13 63 38 45 17 64 79 30 41 7 48 28 62 41 74 97 58 
28 11 16 24 61 86 76 2 83 40 10 53 30 40 44 38 96 64 21 76 36 92 74 29 44 91 30 92 40 8 79 78 64 43 78 8 59 57 30 96 58 44 68 43 
88 31 34 34 7 15 95 46 4 55 84 11 93 63 90 2 80 68 85 98 56 5 24 87 83 1 23 37 81 64 52 88 16 68 20 47 86 46 63 68 13 68 35 40 25 
70 83 69 7 70 9 25 16 35 92 71 84 35 4 51 30 6 77 13 73 31 93 1 24 35 65 39 73 66 33 21 78 86 43 98 49 57 39 67 36 30 51 54 20 30 83 
58 61 93 33 9 41 20 28 54 86 43 26 54 70 59 94 38 4 26 38 90 28 50 77 36 94 75 46 33 62 69 71 55 75 10 63 83 58 74 5 89 97 28 37 26 33 11 
13 77 51 10 86 92 22 36 36 3 24 73 77 31 92 10 34 55 15 38 31 99 21 36 75 19 70 57 48 88 36 19 90 89 96 89 89 97 21 73 67 71 59 5 70 38 24 26 
94 8 46 56 35 11 11 73 86 13 98 91 8 37 38 41 49 14 47 53 36 72 9 53 61 35 65 48 64 87 8 11 30 87 59 73 67 34 61 4 1 68 67 7 58 50 25 99 52 
55 80 9 87 5 74 36 8 37 6 34 15 53 27 46 29 64 94 69 14 75 56 37 73 70 39 9 28 5 33 58 14 91 87 58 58 87 86 69 81 79 49 30 69 76 7 40 69 90 93 
78 97 4 69 8 89 47 65 1 34 99 72 99 24 86 78 14 84 90 96 96 63 38 52 40 14 82 77 60 89 98 89 84 22 62 86 39 20 47 27 37 43 5 28 64 4 51 39 68 45 64 
27 24 38 11 92 79 21 6 37 48 21 41 31 31 51 52 96 29 21 27 1 32 23 79 36 4 23 45 17 74 50 68 53 21 75 85 52 61 10 15 98 37 82 43 42 5 35 18 86 20 9 28 
86 48 89 54 53 61 54 32 11 47 83 64 15 33 98 32 2 50 1 12 80 25 53 73 18 57 70 54 28 24 12 56 55 49 58 30 68 6 9 62 41 92 62 65 44 29 9 60 36 39 16 69 38 
58 16 8 48 57 40 1 77 96 47 67 48 33 43 80 52 73 77 2 73 62 40 81 72 71 38 33 81 82 90 30 79 81 16 90 90 40 15 63 66 5 62 18 76 89 91 27 91 54 84 63 75 96 59 
38 88 41 39 49 37 88 53 59 10 96 23 92 67 20 97 31 94 61 49 97 92 61 54 46 64 83 87 49 4 5 10 81 78 97 46 13 26 25 84 94 30 22 58 44 20 85 35 34 46 61 2 79 79 31 
48 46 62 12 80 54 36 9 95 58 76 69 91 59 46 7 62 3 46 22 88 63 7 90 21 41 73 53 74 39 97 95 6 52 20 49 13 62 60 65 10 19 5 12 26 28 94 55 86 37 9 50 97 30 58 28 
13 8 36 96 45 98 36 7 71 15 12 24 89 84 24 78 70 36 6 93 53 84 46 71 27 16 81 82 21 83 83 55 91 83 39 54 12 52 50 83 52 50 10 56 78 47 96 95 30 14 59 16 10 7 7 14 77 
25 7 38 7 55 69 65 19 86 61 8 38 52 12 86 2 74 41 54 83 63 45 94 77 95 89 1 91 5 92 68 25 69 12 81 68 99 38 97 80 25 73 39 80 80 27 79 37 98 97 28 54 90 62 21 54 40 65 
48 82 40 59 41 85 14 38 82 95 37 23 76 81 90 75 75 40 95 68 68 70 5 77 67 73 86 71 96 28 18 91 79 87 66 46 24 63 79 96 16 10 74 41 1 19 22 8 70 99 35 37 57 73 59 74 17 53 57 
99 76 33 39 85 95 18 77 98 67 70 68 33 15 72 19 27 51 89 66 47 61 59 68 74 94 80 90 96 55 99 90 88 79 95 9 10 32 71 57 79 89 42 99 74 30 18 48 12 21 92 47 37 4 37 56 14 82 75 47 
65 62 11 42 78 50 28 17 36 92 74 1 21 15 2 73 88 40 17 95 52 68 86 5 74 70 12 97 45 68 22 25 79 32 63 67 99 57 82 35 23 59 16 46 53 59 76 21 62 71 43 61 79 86 46 49 81 68 55 24 82 
21 24 92 46 81 45 4 35 14 30 71 42 50 3 83 27 54 21 10 21 21 67 85 25 54 32 8 93 61 5 15 22 36 58 78 33 48 39 89 67 30 53 44 69 65 54 33 73 76 29 31 94 8 91 81 11 24 60 82 57 82 55 
99 84 83 39 42 10 83 46 99 1 12 40 49 93 69 39 11 34 91 68 36 72 42 48 91 48 91 84 53 78 13 51 85 44 62 84 37 80 74 63 21 59 41 1 7 80 6 32 8 60 48 98 65 15 69 40 43 50 87 77 4 53 14 
95 53 57 52 3 89 63 66 5 72 23 94 68 68 10 58 42 78 25 55 54 20 86 45 85 18 16 43 70 92 29 94 72 46 15 77 82 47 33 78 2 26 94 88 22 53 53 83 28 33 89 15 72 89 4 1 68 50 94 5 80 42 57 33 
10 91 43 59 4 98 90 19 10 12 93 40 46 54 32 44 98 38 43 30 5 48 9 63 38 31 46 70 5 84 92 15 22 38 93 93 9 50 92 19 77 88 12 11 13 19 49 81 68 95 58 21 47 45 39 91 92 59 27 7 76 71 74 25 81 
7 76 87 44 10 33 92 37 32 10 6 97 23 98 5 69 11 67 93 22 95 55 86 31 32 49 3 71 21 83 47 3 95 16 98 57 5 23 5 27 9 84 55 50 58 71 85 2 88 33 53 79 4 87 30 90 62 2 85 38 71 86 80 11 67 83 
48 16 25 79 31 80 60 57 55 79 86 5 70 54 24 45 61 52 21 2 37 19 44 88 20 81 66 95 29 41 53 74 72 54 47 37 28 24 63 27 40 86 69 19 99 2 76 1 33 33 25 63 92 44 74 87 41 81 88 31 42 58 25 15 44 51 22 
15 19 70 86 39 10 15 62 84 88 67 44 62 86 66 92 8 15 23 86 76 45 8 13 26 98 37 51 6 36 63 64 43 45 62 85 33 23 19 1 22 71 15 45 99 77 17 83 83 5 67 98 8 78 65 81 9 78 55 18 18 18 23 76 41 39 71 91 
33 12 57 93 80 83 49 46 49 34 61 9 43 85 53 41 21 33 35 76 90 45 57 13 91 40 93 90 84 85 38 93 39 71 84 25 20 15 16 2 75 29 92 39 27 27 40 38 49 97 35 75 67 1 93 89 39 47 62 66 41 95 98 27 62 31 64 21 81 
25 34 96 27 85 76 25 82 97 4 83 23 48 47 60 53 52 60 17 47 39 5 70 28 35 43 79 66 56 19 40 56 94 50 62 9 4 17 66 40 91 43 65 58 99 88 54 48 96 37 97 61 65 80 18 4 89 11 79 22 38 1 81 91 57 99 38 5 58 16 
42 5 54 4 97 43 36 4 82 63 10 87 14 56 5 26 39 24 83 88 23 48 12 26 38 94 58 61 46 92 80 75 89 21 6 95 81 1 26 80 88 77 78 13 20 16 41 81 14 77 13 72 30 17 8 54 30 65 33 64 67 18 88 5 82 23 44 17 74 65 32 
36 61 91 39 14 32 84 38 85 38 50 79 77 1 62 85 84 61 12 36 63 66 91 66 16 57 86 48 83 58 61 77 25 61 46 65 13 16 23 22 12 16 19 45 79 87 85 13 41 76 92 59 79 33 17 73 30 5 19 82 60 19 45 37 61 72 5 4 33 22 60 45 
41 28 12 64 47 32 92 77 1 65 24 44 36 34 92 60 34 21 25 91 20 71 86 57 43 75 60 20 69 63 38 73 64 88 12 26 87 17 51 94 69 11 98 87 12 20 56 95 62 70 71 73 14 47 24 33 83 85 16 29 4 56 56 48 7 54 51 91 20 88 90 68 41 
57 80 36 64 44 26 65 38 57 67 26 70 50 45 42 97 43 67 54 70 13 97 98 36 82 37 6 23 6 19 74 37 54 90 72 43 11 4 16 51 47 1 58 7 21 4 81 80 58 99 75 49 39 31 37 91 92 81 46 66 75 59 59 7 67 95 98 9 52 19 34 12 8 54 
82 19 91 16 86 17 17 23 17 43 60 23 54 95 70 88 8 62 9 80 94 21 47 34 30 18 44 51 19 54 44 86 39 83 55 33 28 87 44 12 75 71 18 58 4 49 15 10 63 28 90 92 14 1 6 12 14 31 16 37 10 40 52 87 21 95 20 25 28 96 74 39 62 68 17 
89 95 20 71 89 85 41 41 43 78 91 95 57 6 53 36 60 60 68 71 80 87 26 4 39 70 51 18 37 16 90 67 39 45 99 62 65 80 34 57 76 31 34 40 62 82 9 16 27 84 31 97 82 34 21 91 28 69 32 88 43 53 40 46 73 61 32 79 19 70 91 47 19 44 88 42 
86 43 59 3 27 48 20 55 82 98 1 47 60 90 56 10 16 85 83 35 33 2 9 65 22 2 69 76 97 75 4 71 72 32 45 62 41 86 99 63 70 44 39 69 85 94 86 58 55 91 9 60 85 44 94 60 1 9 49 77 33 66 82 57 13 19 90 53 52 73 49 22 35 27 95 2 3 
85 20 78 9 53 20 37 98 80 56 72 9 4 54 65 84 73 46 53 23 38 66 21 64 37 34 82 73 81 35 73 37 50 22 33 42 69 90 96 66 7 74 80 68 48 28 74 70 2 13 19 52 70 96 3 31 46 22 44 55 99 11 83 85 60 41 65 92 10 40 30 34 68 71 99 45 82 17 
24 31 34 24 68 39 21 28 44 98 39 64 92 54 43 46 80 40 98 72 72 65 72 12 28 6 17 94 89 88 54 92 65 80 75 12 17 75 16 82 52 83 49 40 7 15 70 16 36 69 89 28 97 25 15 61 46 25 39 60 13 62 30 18 99 73 19 56 59 18 83 22 93 71 38 67 30 13 23 
52 74 67 73 52 46 5 25 29 68 58 19 49 4 87 60 43 20 59 6 84 83 31 47 83 37 38 4 74 96 81 7 98 33 16 91 96 62 42 76 93 31 81 58 88 8 77 96 36 65 75 1 44 72 11 20 53 78 2 29 22 4 27 13 27 22 23 58 35 55 66 42 4 56 61 14 58 95 30 89 
39 85 57 26 72 7 21 30 1 10 31 3 55 73 68 5 4 38 39 53 45 92 76 10 92 64 20 59 58 4 6 14 45 70 51 84 36 25 46 75 76 18 39 74 62 67 24 33 31 58 29 61 49 20 1 12 93 22 97 65 46 56 71 20 78 28 58 82 37 38 65 50 37 76 57 2 40 8 46 81 54 
23 98 3 64 16 84 54 23 19 14 80 43 74 65 40 48 83 72 94 55 88 12 93 66 66 85 60 59 12 15 81 69 25 23 97 79 4 23 83 8 26 9 41 94 40 42 84 90 49 33 31 43 2 40 83 88 78 43 21 28 79 44 85 29 10 44 69 4 72 39 4 2 49 2 46 90 91 71 65 53 10 40 
9 30 18 65 53 47 42 38 87 39 89 74 18 43 18 82 55 84 94 45 17 52 77 11 2 2 8 82 83 26 88 97 98 58 84 25 33 49 1 47 7 58 69 48 65 42 45 2 66 38 84 60 65 58 41 37 5 70 43 3 2 88 91 63 34 60 39 55 28 54 83 25 48 48 50 26 80 15 87 99 26 10 43 
84 44 33 46 7 61 3 12 33 68 87 54 62 78 2 6 96 61 7 86 28 19 97 7 29 81 94 40 37 91 25 20 43 95 17 22 79 21 79 54 10 78 97 45 10 36 14 31 61 17 20 39 36 79 42 80 87 6 28 35 31 97 36 41 38 50 23 80 23 50 28 63 25 61 66 25 99 8 11 5 13 64 80 34 
90 91 14 50 44 17 92 51 10 76 84 41 86 30 33 7 8 91 7 86 28 21 93 55 12 6 79 13 17 51 42 67 84 67 35 29 30 61 78 93 24 15 42 30 82 79 38 70 58 63 3 93 22 19 88 18 54 22 52 82 31 73 35 40 13 76 62 43 27 27 16 29 65 99 38 8 62 41 4 55 83 49 19 91 20 
55 88 84 91 89 85 82 26 13 85 66 75 95 94 96 14 10 16 77 50 17 40 46 24 49 29 60 91 7 4 79 12 39 35 63 36 33 24 49 92 1 98 48 78 68 96 22 41 63 50 83 73 98 79 71 92 65 75 47 35 16 88 78 41 54 19 27 38 23 99 37 37 88 87 21 14 32 49 48 95 34 46 35 54 65 30 
44 58 41 2 37 96 30 21 36 5 60 59 99 62 93 61 93 27 92 42 73 22 6 78 76 21 56 90 9 37 28 32 29 13 56 76 42 2 8 10 81 63 78 9 98 45 73 37 47 70 95 29 78 29 38 75 23 62 64 14 77 51 2 15 91 5 26 71 64 44 48 85 21 95 5 50 3 73 44 48 59 69 11 29 33 39 40 
5 32 12 31 34 18 48 94 86 82 51 57 63 18 58 96 11 9 98 28 11 21 79 91 67 91 75 43 96 16 12 35 11 29 60 10 6 1 15 87 52 21 91 48 78 85 9 25 62 83 70 85 15 86 68 27 71 36 53 58 75 31 33 88 70 13 56 14 80 55 99 8 7 53 56 8 9 5 24 97 91 8 90 4 96 35 23 77 
97 16 58 39 31 3 98 92 2 42 75 40 26 71 43 95 48 75 82 18 28 79 76 91 25 30 11 22 89 85 48 17 50 3 28 80 99 27 43 93 82 74 35 10 81 27 77 32 9 13 68 8 89 95 8 19 54 65 97 60 18 22 19 34 75 67 26 35 88 85 32 36 69 39 94 83 65 47 5 71 57 81 75 42 40 51 28 66 7 
35 87 29 63 54 11 44 95 30 84 82 1 82 14 27 67 79 44 48 71 16 54 91 60 12 34 68 43 88 77 37 72 66 73 96 40 43 86 69 58 89 48 93 49 31 44 7 33 39 99 33 14 14 71 73 70 78 29 94 39 62 49 8 4 86 97 67 85 55 19 51 26 44 25 51 78 84 80 59 90 49 92 56 98 46 93 97 8 3 37 
17 99 8 28 96 18 15 97 2 97 8 33 42 7 48 67 28 86 92 93 57 32 75 60 2 89 1 56 92 36 29 94 13 70 59 5 80 98 25 18 38 24 73 53 38 31 63 12 35 76 41 53 67 78 33 95 48 96 35 91 54 24 99 22 8 78 20 83 70 82 20 75 24 57 41 85 68 4 31 79 95 98 29 85 88 72 55 87 3 5 99 
90 75 38 79 72 40 63 79 22 38 45 50 12 55 13 38 10 18 38 69 57 78 12 43 62 2 31 12 91 52 97 75 48 85 91 63 64 27 71 26 91 73 48 21 82 65 89 96 80 83 90 89 10 35 72 96 59 39 64 82 73 16 95 46 34 74 78 24 55 97 97 71 66 32 98 47 99 76 72 11 80 65 49 95 10 60 77 12 59 36 17 21 
65 78 70 92 6 29 60 7 40 15 39 60 52 47 25 89 42 80 50 66 20 98 48 86 91 7 44 54 46 11 38 76 43 13 96 47 2 93 37 31 86 3 18 59 94 43 23 5 44 61 52 83 62 36 7 33 73 60 78 2 82 36 35 39 67 55 9 79 62 91 86 30 50 86 93 61 46 36 77 94 84 78 10 83 11 84 57 9 65 40 77 61 70 
13 72 28 39 16 91 58 58 43 85 35 39 86 26 84 63 31 76 66 44 32 71 59 8 10 3 45 87 35 12 4 4 17 74 97 59 91 89 56 20 5 66 66 8 5 10 60 85 30 10 99 44 90 31 66 91 61 94 53 37 69 74 41 85 78 74 96 15 76 22 55 74 65 57 8 63 50 14 90 26 22 14 70 31 45 48 36 66 51 71 82 23 20 83 
34 88 17 34 6 10 71 65 20 50 31 28 39 18 55 88 16 79 87 66 85 56 49 29 48 9 22 77 63 25 34 35 29 9 55 30 76 62 73 88 53 81 92 21 15 38 14 7 5 67 23 86 50 57 84 42 46 37 20 93 40 61 3 79 26 97 42 46 26 22 69 38 80 91 30 80 34 48 68 73 26 94 13 70 74 83 68 74 65 14 98 20 42 5 23 
32 87 70 49 35 38 40 63 61 96 26 78 33 69 28 31 1 46 26 82 43 84 67 10 45 1 48 90 93 53 12 86 54 34 26 41 70 54 76 54 42 29 52 81 19 74 35 15 85 80 82 71 46 11 20 80 19 86 26 74 17 71 23 72 38 61 57 69 54 71 95 23 95 25 7 40 42 36 49 70 6 6 63 82 24 2 54 64 42 46 79 1 1 9 39 65 
65 50 32 67 14 64 85 35 26 6 37 23 90 61 13 86 14 46 46 7 5 9 64 85 58 2 82 31 50 79 82 40 21 84 6 93 61 30 42 39 2 94 11 78 1 1 54 57 30 14 24 50 66 18 65 51 74 11 8 61 93 89 53 67 33 37 60 45 49 11 33 32 41 28 11 23 34 58 52 56 69 6 25 98 87 96 93 37 21 73 4 60 77 71 73 54 34 
94 76 70 92 44 63 18 65 46 56 33 10 88 72 8 74 91 61 10 77 93 83 71 99 40 8 73 68 70 92 37 44 7 75 7 11 42 59 41 64 22 1 99 95 39 99 31 82 19 80 56 73 4 90 61 76 44 73 85 49 85 67 99 84 53 90 7 94 44 27 18 4 11 11 49 35 49 22 2 91 89 67 53 56 80 68 44 65 74 53 65 7 23 39 47 99 56 21 
20 73 86 94 99 64 17 70 90 28 45 37 1 53 24 35 24 84 85 61 29 12 29 49 45 60 12 59 51 73 32 68 62 7 18 54 17 10 17 84 65 14 80 5 60 24 51 24 34 2 56 4 1 56 88 44 29 27 94 77 40 77 64 43 93 79 21 87 69 98 1 46 59 83 49 31 57 59 4 19 41 1 79 37 61 36 62 56 35 23 92 70 24 39 52 91 27 76 
61 18 49 74 75 34 46 65 8 85 94 21 7 13 42 56 46 79 11 54 11 56 74 49 90 15 55 18 59 9 6 65 68 67 95 13 32 74 4 85 16 68 5 98 21 16 52 50 77 12 69 98 25 56 37 60 7 50 81 90 52 76 60 74 67 94 48 13 22 20 28 11 34 17 78 65 61 85 58 49 86 47 95 5 8 34 78 26 19 75 33 49 7 85 24 38 32 
19 44 15 78 41 37 4 5 99 16 99 15 74 48 59 93 47 28 34 38 88 58 62 55 45 42 48 40 31 67 58 72 11 99 6 97 87 62 31 18 95 31 5 73 78 14 95 43 87 48 76 15 58 76 1 87 6 47 90 51 13 90 30 75 8 11 47 97 64 77 3 13 81 5 81 54 72 47 72 89 52 79 65 3 26 90 27 84 77 67 99 15 51 85 85 55 
68 52 57 9 35 8 36 82 41 20 80 82 71 68 97 9 26 96 53 65 7 95 60 56 8 97 64 63 4 58 38 37 33 47 61 87 89 34 11 69 7 78 50 66 48 13 15 80 92 36 97 28 22 93 45 11 13 72 32 18 15 83 57 6 50 50 34 86 90 97 67 21 49 39 52 97 69 64 49 25 9 22 86 20 32 17 35 91 92 87 4 34 21 2 20 
78 45 50 14 47 75 96 87 94 15 98 93 54 31 71 44 24 31 93 87 55 51 91 92 48 39 30 36 29 47 95 91 42 17 87 15 38 66 5 33 60 78 32 31 31 87 27 42 42 69 10 29 41 25 51 79 14 72 55 88 82 29 53 43 82 4 85 19 58 81 93 58 42 14 3 67 51 2 14 93 69 87 91 17 34 41 45 43 27 45 25 81 59 86 
93 97 86 87 4 55 89 92 50 15 11 37 13 92 46 81 26 62 94 80 73 34 44 74 68 50 53 78 43 67 50 64 36 47 10 53 82 41 46 1 96 81 95 84 63 64 14 93 27 41 53 12 69 4 55 13 12 72 34 36 90 84 71 86 50 81 97 14 28 94 80 5 44 34 14 64 89 77 6 13 9 55 63 65 95 39 82 20 70 30 34 50 74 
57 71 8 85 7 49 87 3 64 40 32 74 5 44 86 54 88 62 73 92 46 92 77 27 66 10 37 70 81 59 30 94 63 40 62 23 97 93 52 15 83 93 23 52 14 31 84 30 64 98 27 42 84 87 4 67 77 64 20 61 98 65 19 38 30 83 74 63 78 52 73 37 60 38 6 84 83 20 48 43 44 89 57 49 6 24 55 23 90 86 12 61 
21 57 35 10 13 32 43 50 48 94 3 27 78 16 50 43 4 56 17 41 55 57 12 86 89 36 10 63 73 59 42 49 71 42 75 15 31 31 12 5 73 92 63 27 79 95 52 40 78 9 86 41 34 81 55 49 31 30 12 4 66 29 68 38 33 96 72 76 9 84 4 19 45 64 56 28 52 10 28 15 88 94 12 33 48 71 71 59 45 60 44 
72 94 11 74 39 96 73 20 5 30 11 12 95 66 73 56 85 96 57 76 88 22 88 97 40 39 10 34 87 27 70 77 77 38 11 84 43 78 54 63 92 5 88 63 92 6 60 59 62 90 54 40 56 76 90 98 51 76 6 18 38 88 37 55 5 78 21 35 28 76 70 33 55 51 66 64 99 9 47 71 19 76 91 12 11 89 11 44 93 77 
22 57 63 67 20 35 81 50 58 38 47 53 46 7 1 27 81 68 17 47 39 22 89 8 51 29 19 7 6 91 98 29 29 55 7 44 69 82 88 85 92 47 46 38 58 21 27 30 22 61 11 19 11 95 93 79 14 13 82 84 74 51 76 5 70 79 56 85 8 93 72 41 3 94 33 36 76 85 87 78 34 53 22 6 57 55 38 69 93 
7 38 66 27 14 77 81 82 11 20 68 35 92 62 81 77 18 93 31 86 97 71 76 3 84 20 9 26 56 10 39 95 6 46 91 83 29 62 79 77 10 2 5 71 13 5 38 53 62 99 8 87 37 90 90 13 57 40 93 16 67 61 47 31 29 6 90 21 3 44 56 67 42 63 61 55 75 46 93 63 97 63 2 52 55 61 76 48 
43 97 47 45 80 6 94 80 6 59 16 58 85 10 31 82 65 37 80 28 57 32 18 26 24 87 92 50 72 81 40 9 39 72 65 28 73 76 36 39 31 64 67 72 56 44 8 36 75 47 31 9 80 21 17 26 14 13 46 67 62 56 80 45 39 61 60 88 77 3 79 38 10 4 83 24 62 26 51 61 40 59 83 32 14 3 92 
22 83 60 73 69 43 80 99 44 28 63 89 39 33 68 68 75 57 80 56 98 88 94 56 54 91 8 42 83 97 1 48 5 87 29 50 6 83 9 61 31 34 8 13 66 2 27 48 28 54 94 4 48 44 47 97 68 6 23 24 19 37 47 30 15 84 15 14 33 39 87 3 11 16 71 46 26 46 14 5 86 60 81 30 19 84 
12 91 88 42 29 91 86 11 28 64 17 7 41 25 64 16 26 2 75 83 42 29 47 2 45 28 15 97 74 5 41 23 34 26 98 36 87 16 63 94 45 36 97 41 46 82 40 90 48 62 92 18 19 88 7 44 18 63 74 28 86 71 10 49 37 61 42 96 39 34 1 58 3 34 4 5 73 34 44 81 16 21 79 92 98 
69 34 15 82 6 50 56 80 58 74 6 93 60 80 46 33 92 9 4 67 72 55 31 17 35 59 93 37 24 89 59 8 79 35 88 19 26 86 15 63 56 30 41 16 24 30 17 28 28 21 35 13 99 90 15 32 93 70 90 82 70 21 97 85 85 23 62 76 82 61 84 87 71 13 35 36 23 34 32 18 52 51 35 85 
18 54 41 84 15 57 82 46 10 30 33 50 31 8 40 97 13 80 4 91 94 84 66 22 94 88 98 57 9 80 87 26 85 52 24 10 29 94 90 26 72 75 47 19 75 37 21 46 4 73 91 64 24 27 81 19 86 68 41 33 13 91 38 88 86 94 41 23 37 71 14 9 29 96 94 44 52 13 90 41 2 22 62 
78 91 49 23 53 75 71 65 97 80 72 83 46 48 90 37 40 8 72 66 26 54 57 73 32 45 62 14 63 81 74 83 86 98 34 3 13 53 28 12 95 10 69 47 10 28 91 38 42 52 30 90 77 97 18 73 89 35 64 12 23 86 49 67 84 3 5 29 35 57 9 1 64 33 67 89 89 6 6 89 41 37 
57 9 47 13 91 7 36 49 74 75 46 17 66 47 1 81 74 98 16 8 45 46 90 29 51 22 91 55 78 75 44 42 10 49 18 90 23 69 12 29 64 38 46 2 48 16 50 58 37 12 42 37 33 68 27 57 61 51 76 5 62 36 20 17 77 96 32 72 34 89 15 80 38 45 97 65 55 56 8 56 2 
20 75 80 64 95 60 56 72 37 84 36 55 44 67 61 6 42 76 88 62 69 17 86 92 70 16 18 83 74 13 32 23 91 48 44 96 95 46 32 68 13 6 17 68 8 87 54 85 72 3 21 48 16 96 3 17 46 40 78 68 62 16 13 88 41 5 42 50 22 72 58 10 99 61 3 92 6 75 45 76 
74 93 11 93 81 68 55 66 27 99 74 15 47 3 93 39 22 77 15 65 56 4 20 42 74 20 46 26 2 19 79 65 56 29 43 90 35 7 79 4 1 18 44 61 70 33 84 65 1 8 41 49 79 75 19 65 7 29 87 74 92 18 65 31 32 24 99 68 2 55 66 93 43 38 48 68 55 93 25 
37 27 8 62 55 29 65 20 62 33 53 84 2 53 60 75 12 64 68 73 7 97 28 4 72 18 55 25 49 24 9 16 20 25 93 64 97 34 29 56 14 52 53 56 3 60 96 5 95 1 83 95 99 70 7 74 93 5 23 15 9 66 37 14 20 33 91 78 34 84 50 7 70 89 92 85 62 96 
90 88 11 20 41 19 65 37 85 35 30 3 2 33 61 16 49 87 43 99 56 40 70 84 9 84 41 99 36 58 39 61 99 25 26 55 81 64 23 26 68 61 7 70 44 92 88 17 70 13 5 17 83 40 9 31 69 52 49 20 67 62 68 25 41 14 78 65 75 69 60 17 65 92 40 2 95 
25 42 26 55 12 24 61 49 77 59 44 19 4 87 89 16 83 74 15 19 1 2 22 13 28 61 94 89 7 33 81 18 35 82 80 50 60 36 29 91 60 80 94 3 34 45 59 79 92 87 3 38 37 83 99 10 57 15 97 25 11 55 13 98 15 60 12 22 31 51 99 44 57 7 9 68 
72 95 86 81 22 23 24 63 6 5 9 90 15 29 80 51 16 7 98 97 32 53 27 32 38 78 19 94 38 74 6 51 63 4 88 81 54 83 17 63 46 77 85 65 61 78 18 31 96 2 51 66 4 68 29 28 85 91 83 11 80 69 27 36 46 67 40 37 52 9 52 48 64 62 37 
70 75 96 33 61 91 25 10 42 13 27 27 38 39 18 91 52 22 81 43 44 43 55 49 28 5 23 96 49 18 92 69 81 90 96 43 8 14 67 72 12 49 33 71 61 16 1 14 98 80 48 4 31 43 3 81 9 21 40 95 25 44 63 2 91 39 93 40 37 12 58 32 83 41 
16 69 89 51 57 28 94 72 7 26 42 45 57 69 18 48 19 79 71 12 97 68 91 9 89 37 2 38 65 59 44 18 60 66 67 68 58 38 14 98 83 90 9 4 83 60 47 36 21 96 80 7 58 43 3 68 46 30 41 1 9 58 43 99 37 91 62 66 71 40 46 90 87 
7 43 27 94 92 72 87 14 10 64 19 11 47 45 31 70 86 50 20 80 81 16 48 21 51 64 40 52 71 91 63 3 54 55 22 57 35 64 39 42 72 58 45 13 21 7 68 46 26 88 20 20 11 79 82 9 63 47 93 64 24 28 43 9 69 22 48 15 10 78 51 6 
99 17 48 73 91 3 13 73 37 44 15 64 31 4 64 24 71 93 20 25 48 65 73 19 29 96 42 28 50 77 51 31 97 96 24 53 5 34 67 49 26 42 62 92 38 41 50 67 18 96 18 47 37 15 87 92 41 28 6 26 46 79 29 37 19 16 7 50 69 69 78 
19 87 99 68 81 16 72 46 75 52 63 41 79 11 84 58 33 34 95 25 14 79 92 74 33 8 96 39 17 65 39 32 99 80 51 38 8 43 50 2 46 94 28 12 89 21 37 90 65 30 80 81 48 46 95 38 37 94 45 7 54 94 5 20 25 37 46 79 65 81 
88 91 22 91 60 68 39 52 69 45 67 76 25 88 24 68 77 7 17 12 10 36 28 66 27 30 1 50 37 42 34 31 44 22 59 7 34 95 39 3 63 55 44 52 42 47 47 85 27 60 12 19 9 8 72 41 92 23 30 99 92 44 37 90 20 95 79 44 62 
43 18 80 90 97 83 24 24 15 69 23 52 10 60 4 57 73 37 62 13 49 56 45 62 31 48 37 10 45 92 50 14 38 16 14 65 64 73 56 77 74 37 97 80 5 86 33 98 59 90 26 47 3 3 87 10 43 42 71 38 25 82 58 27 12 42 42 11 
27 88 95 25 34 8 36 78 57 34 98 44 42 97 9 84 67 15 70 85 34 67 53 48 53 96 81 75 35 85 23 54 73 52 70 53 34 31 34 96 43 64 29 66 75 91 58 77 40 28 9 73 66 63 29 8 95 43 25 40 69 54 39 11 8 21 47 
98 98 59 34 93 65 49 77 6 76 60 33 44 81 74 31 54 39 97 4 4 3 57 73 74 13 84 40 45 74 2 67 81 56 17 72 23 70 99 11 72 64 77 66 79 3 23 36 32 62 35 20 40 16 32 8 25 16 38 67 13 88 70 29 7 19 
28 61 4 99 55 94 62 84 60 19 85 23 62 4 18 86 52 95 23 66 87 99 71 52 75 65 28 29 61 82 38 58 14 58 21 68 18 13 48 42 57 64 37 4 7 12 36 3 10 31 15 9 80 56 48 93 80 69 6 21 7 84 39 32 87 
99 86 56 77 84 49 6 81 18 45 87 62 68 94 68 77 53 88 68 53 32 84 35 68 92 84 37 49 36 28 55 48 63 80 63 36 68 16 18 89 22 12 49 80 57 27 44 55 61 97 36 34 60 21 91 87 9 43 96 34 73 45 48 19 
82 65 29 73 78 28 23 90 69 91 36 56 95 58 55 17 64 37 77 71 35 41 98 67 10 70 97 81 18 2 28 9 7 74 2 53 25 77 78 14 16 39 51 70 97 14 40 70 57 65 71 20 35 62 67 70 12 59 41 3 97 87 71 
66 99 37 1 19 2 3 78 84 5 62 16 68 12 34 89 95 21 44 62 96 5 23 64 93 1 83 85 91 98 15 63 57 27 66 68 19 44 38 87 46 21 64 23 36 30 4 68 8 35 30 3 80 75 11 73 71 58 4 89 74 37 
76 64 50 35 9 20 67 29 16 56 82 63 23 94 62 28 60 65 26 60 55 86 28 35 14 58 49 46 15 43 86 98 91 58 32 94 22 66 71 24 16 52 63 45 3 22 29 79 21 82 42 93 98 33 11 89 48 52 73 93 53 
10 22 78 8 93 75 22 37 4 92 49 3 79 95 96 8 94 65 19 3 42 21 93 77 24 17 96 43 37 22 93 26 63 13 29 47 56 56 11 19 25 1 97 22 27 62 89 3 51 13 15 57 10 64 14 14 20 64 31 27 
79 92 96 31 97 35 75 57 24 67 52 83 40 50 25 36 31 90 31 24 58 27 36 34 63 17 23 18 42 25 77 75 42 9 76 45 43 11 75 91 49 38 97 91 71 60 19 25 22 87 56 56 95 62 54 27 60 47 76 
1 21 23 53 48 10 23 86 14 3 13 64 77 83 20 30 15 10 64 97 87 93 48 27 32 94 42 26 49 6 69 20 83 41 95 56 21 24 20 81 68 72 58 31 46 86 30 19 72 40 49 24 51 64 8 76 62 34 
76 7 98 12 60 86 21 82 68 54 99 48 26 33 21 64 2 81 53 61 87 81 37 44 89 24 64 63 13 95 74 15 52 73 39 25 77 2 50 31 20 86 2 77 66 80 88 99 34 73 81 12 74 76 26 94 45 
80 72 57 82 91 33 69 57 81 10 30 59 82 99 56 10 42 42 72 59 12 97 1 76 29 39 45 34 12 36 83 99 41 49 48 19 52 11 19 7 15 12 10 33 33 97 55 10 19 46 96 80 91 60 73 6 
74 25 56 10 82 33 59 22 19 3 47 46 54 55 71 82 92 90 54 49 50 68 81 70 50 99 84 67 6 35 30 40 9 49 7 60 17 32 13 56 42 70 47 98 37 41 88 92 84 99 92 60 81 58 73 
42 83 77 46 87 56 5 83 30 70 49 17 91 12 21 84 70 16 6 67 35 60 49 83 7 48 47 69 52 95 34 70 68 27 63 30 66 49 5 71 67 50 25 91 82 81 76 44 4 47 88 31 90 89 
7 97 46 96 78 69 20 1 16 26 27 40 49 37 72 83 77 39 71 7 56 22 42 84 86 18 87 76 99 85 90 16 46 3 94 92 84 46 92 48 68 88 20 55 32 80 32 12 78 36 99 24 67 
43 15 44 20 46 33 38 6 83 95 36 53 7 55 61 72 60 76 27 83 70 33 23 8 37 88 4 51 18 89 77 93 18 47 90 77 72 31 16 94 38 51 42 73 83 49 61 62 67 84 52 28 
52 80 83 83 67 28 47 10 53 40 53 14 21 96 56 67 38 82 12 93 24 80 73 52 30 53 64 30 31 30 81 26 15 99 72 40 61 97 25 60 38 85 56 50 85 51 2 37 3 82 98 
57 65 11 81 58 91 56 98 17 64 35 17 64 88 13 85 96 6 12 81 59 75 94 95 31 67 57 23 17 47 11 45 35 62 72 25 98 33 52 84 12 37 41 4 48 97 97 99 47 72 
49 78 32 41 45 27 91 51 44 67 30 95 73 65 62 5 61 78 51 41 21 52 87 4 47 7 84 3 94 19 62 54 66 14 33 65 8 52 91 23 87 16 4 75 87 98 90 31 89 
41 49 30 59 31 40 32 83 2 96 18 5 44 91 41 90 18 91 21 5 54 51 42 92 32 1 29 64 71 31 42 86 20 79 64 68 40 24 82 50 94 63 84 88 39 10 37 47 
76 27 24 92 86 45 78 52 7 58 27 55 31 98 75 44 45 38 59 40 11 74 42 36 60 17 92 82 76 77 81 74 83 54 60 35 35 22 55 10 3 17 52 53 59 30 84 
38 13 2 36 23 86 38 61 59 57 22 75 65 76 47 63 4 10 42 18 68 24 60 28 70 74 67 63 23 96 25 69 36 88 84 45 99 3 71 40 69 27 71 33 57 79 
75 69 46 53 87 82 38 15 73 76 13 91 59 53 95 16 96 46 90 90 58 1 62 78 25 70 29 93 70 97 42 79 52 6 84 6 94 80 46 52 80 62 24 93 37 
52 26 87 3 81 38 34 91 62 84 51 17 40 27 45 81 22 8 67 62 55 36 12 98 25 78 99 78 36 40 65 28 2 61 46 92 29 97 72 33 11 10 43 11 
44 8 70 82 67 79 72 57 56 46 87 35 37 93 15 26 53 73 20 48 65 97 22 24 25 22 82 65 72 30 89 54 20 31 52 42 38 35 77 28 47 52 66 
56 90 50 29 54 99 45 87 43 40 59 91 98 28 82 82 23 76 25 90 30 79 1 22 32 4 16 49 27 74 59 97 88 62 84 28 50 71 5 35 96 26 
8 74 83 5 39 45 5 19 52 85 18 77 60 84 57 62 40 91 64 62 20 5 74 54 64 55 6 98 63 98 42 16 23 99 29 86 45 20 53 27 24 
51 14 39 95 78 15 99 35 32 70 63 15 39 8 3 43 67 14 26 86 9 26 60 48 73 15 43 64 71 78 6 90 6 27 64 87 52 66 6 7 
6 13 85 81 69 86 77 6 42 25 84 33 26 58 48 37 75 22 9 32 86 34 92 65 87 91 95 5 18 54 77 23 22 31 42 88 40 72 30 
33 69 74 9 39 97 28 3 77 56 33 98 55 48 54 16 83 54 49 43 69 20 67 31 98 41 29 70 26 59 16 91 57 35 61 40 45 50 
77 9 33 78 44 68 99 6 76 56 71 74 75 94 84 64 39 1 16 97 45 67 68 14 40 51 55 60 28 70 93 89 58 75 85 32 12 
5 8 71 48 71 92 3 66 75 66 90 5 48 90 3 47 41 68 20 15 13 38 26 53 20 48 95 21 2 60 81 71 66 24 97 49 
1 69 62 15 50 9 47 94 59 92 5 13 50 96 66 5 36 31 94 74 2 23 65 94 89 7 62 85 88 11 55 5 28 47 97 
61 46 33 97 23 98 39 3 69 76 53 48 8 91 78 54 35 16 99 92 21 67 70 72 95 96 94 33 40 74 25 27 70 82 
52 72 6 47 95 42 49 38 63 92 54 6 41 23 61 78 40 64 77 54 88 51 69 81 12 18 45 50 24 82 47 80 17 
13 69 78 83 39 1 98 69 36 73 83 84 57 57 16 60 61 46 76 50 96 43 27 8 87 55 1 85 22 73 90 11 
52 94 15 56 77 40 66 10 86 19 22 22 77 46 53 79 63 6 87 79 61 29 3 12 80 87 11 47 6 73 46 
58 8 4 66 88 58 36 53 22 9 60 38 41 3 94 59 98 24 20 93 97 84 62 34 88 12 89 86 49 30 
77 56 99 2 14 34 79 49 48 1 22 71 50 89 64 87 46 86 43 22 7 17 84 77 34 36 88 30 49 
80 5 63 36 90 74 42 72 56 14 35 84 78 74 62 27 46 11 23 49 13 69 79 95 95 79 45 75 
74 62 16 17 68 27 6 48 68 65 79 31 92 33 89 8 3 81 80 59 95 43 76 93 92 21 66 
64 33 77 38 72 97 2 28 80 49 89 68 18 85 45 45 60 25 15 56 21 93 75 5 37 15 
74 92 96 99 56 49 49 26 24 88 51 54 29 20 34 43 6 31 62 87 66 86 18 93 87 
28 89 38 77 99 1 34 3 49 97 62 48 45 82 7 57 25 42 5 58 77 40 40 46 
44 23 64 73 79 12 19 60 12 61 4 14 25 65 99 28 76 40 14 65 91 18 63 
62 22 9 43 24 60 20 77 16 67 60 48 82 17 92 6 1 83 2 95 64 32 
65 31 11 72 74 49 11 29 20 96 31 64 26 2 95 26 36 7 87 26 1 
43 14 10 87 82 97 7 83 88 28 14 46 22 26 92 85 92 87 45 73 
86 54 97 33 24 2 80 46 40 92 72 59 26 54 37 12 84 65 86 
55 75 90 7 93 12 74 48 35 29 6 24 11 96 76 73 69 67 
32 65 56 45 4 90 16 46 15 64 94 24 61 81 2 62 91 
63 83 59 59 1 35 52 61 47 41 18 40 75 22 22 40 
13 45 32 31 32 90 45 80 67 52 6 22 69 82 1 
67 4 77 68 67 79 95 21 39 59 39 57 78 29 
26 87 67 20 85 12 52 97 87 44 75 89 98 
1 45 93 38 21 84 78 73 74 95 70 63 
89 36 53 78 44 10 68 75 31 8 98 
85 76 34 42 27 23 37 10 19 39 
2 87 51 76 37 51 18 57 12 
6 55 6 3 89 12 10 51 
49 67 26 32 46 16 46 
38 7 32 21 64 46 
95 83 69 20 48 
63 86 95 86 
33 93 63 
20 79 
43