6
93589028
146742151
182616377
241849696
449640428
414847228
336730007
617864060
882886095
840922818
636302526
136651817
400126435
619451526
760522143
440446777
788352949
315998546
352522407
522040790
257991191
278318891
865658713
942443436
559208888
302592933
161413676
899540300
998367797
631862761
902939095
150153763
403631329
79331889
55972678
891997719
296101878
799398484
611618992
257271052
413188952
497223794
677661998
13441922
254676859
997992625
674246073
509917767
109270469
680464563
903743362
909574236
887859422
688561934
706506325
328081664
270226691
411086221
887993332
50358822
805022801
587748234
558969593
258066874
706498406
338216611
128855476
450194408
627299364
586071315
780529581
393623883
451496228
19099259
999583530
332082547
243845897
560697966
945330870
808398405
942427902
893766532
358858152
93660017
638577183
581322023
66048710
596684179
215524494
41411017
311881624
164219485
824073484
568605506
678233150
606549177
348477282
867444301
3353447
119230463
108825561
120616179
774104563
66301540
474893339
314676921
5
539352329
216329460
349991431
461551035
26910936
376783052
6721467
977416306
649914405
608327901
432627270
874819852
502544010
292968724
111849343
76274758
967030464
712894603
216028115
360921114
61447936
299407493
93550698
455352721
462740182
394797627
244334633
33351548
731230827
778123421
283755458
99178163
307661775
71426567
990677135
594012437
455504515
500244974
71708907
80191231
884407044
300741129
904289397
331019150
917977610
871210519
112480830
944562302
11
436854678
981420293
142457267
