616241585
879327876
599525379
387066104
717738496
704038412
41702285
842273212
101758630
88939851
387797909
989264050
806212596
170993087
566795232
893164769
596439803
188681613
291072797
826880924
925460006
199399311
326167497
319510560
924461371
713560052
646416149
236434964
349551269
276049872
150231005
725225167
205977734
982448082
167932737
241602250
424096210
485405435
148859802
239838170
619283315
941808244
289919941
297364494
358091850
64121734
299313221
115783990
744795067
741047568
989015064
452441288
576546465
995139281
944992538
436828090
512188916
543751497
893267110
238748870
814900329
154330253
483237351
180283771
519926288
868767706
104795378
692151084
445707640
502108343
49748987
95279759
350353763
362189668
284587034
701913753
787604181
203400321
989924377
960192893
838136727
111512183
85478799
68583409
893608208
67039401
510563529
85811002
221564278
500135401
963424130
640746297
200143373
194048182
21828414
685551825
471728875
807222127
348311566
658518501
