10
57 1000 17
23 52 836
43 45 338
52 53 809
9 30 708
48 52 240
3 26 125
51 52 133
45 55 237
33 36 428
21 54 943
10 47 240
26 43 942
28 53 238
30 36 379
14 18 261
55 56 419
2 12 706
11 22 786
32 52 820
30 35 571
6 15 784
11 34 897
18 30 749
49 53 320
54 55 122
18 50 509
50 55 544
31 40 347
56 57 885
46 52 888
8 34 258
53 56 150
27 50 873
42 45 944
1 51 790
11 31 890
30 39 955
2 54 828
25 28 625
5 17 916
3 14 263
54 57 68
47 54 932
27 46 763
51 54 913
52 54 88
10 30 772
42 48 441
6 16 289
49 52 348
17 43 302
8 57 159
4 22 466
23 57 338
3 25 4
21 30 446
3 38 808
26 53 447
52 53 753
56 57 968
32 56 259
49 53 854
6 26 896
24 48 158
3 9 976
23 33 135
42 45 997
29 37 101
17 35 390
1 24 447
34 36 160
56 57 928
23 45 410
17 53 755
26 39 789
33 46 696
43 57 571
28 29 967
21 33 978
14 37 804
24 46 71
4 46 483
32 51 27
30 55 883
55 56 866
30 33 995
7 27 676
25 56 626
32 55 765
21 37 861
4 49 765
37 42 92
44 52 172
8 57 942
50 53 159
17 26 994
51 55 697
21 37 556
47 56 23
49 53 966
5 22 959
32 47 701
1 11 997
48 49 599
52 56 326
27 57 116
20 55 630
15 48 355
34 41 166
50 53 195
25 55 412
45 57 996
9 43 36
35 49 251
15 24 813
12 30 355
22 23 282
55 56 285
12 26 741
18 38 85
32 50 411
37 53 322
14 23 74
29 43 578
16 55 572
15 54 186
17 37 652
36 42 277
56 57 178
29 36 296
56 57 524
55 56 622
52 54 939
50 54 411
37 46 933
17 49 633
7 23 155
5 35 859
19 36 467
31 37 25
43 46 560
52 57 129
49 53 808
49 54 391
12 14 605
30 44 559
26 40 668
52 53 284
48 51 221
27 31 931
22 56 618
52 54 448
6 18 288
15 36 330
7 27 984
33 56 990
55 57 114
27 52 371
40 53 229
17 29 852
4 51 602
42 56 17
4 17 863
20 50 733
4 11 786
55 56 360
50 56 952
35 43 265
46 51 896
55 57 673
2 16 53
14 43 127
35 36 240
36 52 398
19 29 389
53 54 11
48 49 126
13 41 761
3 46 342
27 37 457
14 32 423
15 24 188
52 56 786
49 53 572
33 44 832
54 57 127
50 53 874
10 11 52
53 57 607
51 56 848
28 32 365
34 42 364
31 35 996
33 49 954
56 57 625
32 54 42
42 49 144
38 45 865
13 31 280
50 57 667
24 44 938
17 34 720
2 34 892
32 42 793
54 57 58
4 26 674
44 48 960
10 15 415
22 37 353
34 49 607
18 49 408
19 36 832
27 30 337
49 54 384
53 57 925
27 53 104
19 57 314
50 52 149
2 46 8
26 56 137
11 42 781
10 57 715
22 45 742
38 53 42
6 25 391
30 34 865
14 21 883
10 52 322
15 29 641
46 52 939
50 53 295
48 53 653
21 42 747
1 29 535
53 55 894
42 54 427
3 10 426
14 35 684
20 30 687
46 51 42
12 30 668
25 56 109
3 33 858
56 57 932
47 51 978
41 56 327
12 16 645
46 51 950
6 26 162
22 32 457
2 46 945
3 24 656
48 51 234
19 47 82
49 57 964
38 46 503
7 52 914
50 56 829
4 33 95
46 49 293
21 33 37
49 57 374
53 57 110
51 57 734
49 50 650
33 37 844
32 54 389
23 44 901
22 28 932
17 38 268
16 39 214
25 44 398
1 12 694
38 39 645
38 48 467
21 36 129
21 29 175
8 50 546
50 51 669
52 53 522
17 46 62
46 50 112
2 23 727
44 47 342
54 55 699
27 43 247
42 45 407
5 27 115
40 46 857
13 15 304
49 50 332
48 55 334
14 34 297
43 54 562
25 29 708
49 51 772
45 49 339
15 40 140
17 33 236
26 29 363
20 29 848
33 37 164
45 56 768
52 56 41
13 38 959
30 46 180
19 27 659
3 10 715
43 57 263
34 40 132
33 43 804
56 57 478
56 57 714
18 36 601
38 46 652
22 27 276
5 11 180
30 51 729
46 51 703
13 17 696
42 49 40
34 36 250
48 55 321
34 50 755
28 40 679
16 47 557
46 52 60
48 55 363
16 51 277
21 49 398
41 49 558
6 31 382
25 40 648
37 51 421
6 55 524
4 47 155
21 47 662
42 43 559
25 27 478
23 52 726
5 29 64
56 57 616
15 42 618
39 50 767
47 56 101
48 50 234
22 32 43
27 53 366
14 39 783
21 23 111
56 57 582
31 54 951
19 28 878
43 51 716
39 52 961
53 57 445
6 11 183
24 50 685
26 35 726
41 56 964
4 10 8
54 56 617
13 38 123
30 31 403
8 29 60
12 20 670
1 8 945
42 54 958
14 41 843
46 48 963
12 18 778
20 50 607
40 42 767
33 46 321
23 45 476
49 54 357
7 25 836
35 43 76
42 46 833
43 45 328
1 31 179
30 53 337
4 18 623
45 55 449
2 41 151
28 45 641
44 52 311
51 55 246
54 57 643
33 38 210
1 20 11
47 57 445
23 50 826
37 55 43
34 47 921
31 34 582
19 32 980
43 45 781
37 52 911
17 43 628
45 46 578
38 47 488
38 44 757
33 57 835
37 52 792
34 42 650
34 48 726
53 55 701
39 56 192
5 51 993
19 42 217
24 31 491
1 19 948
20 54 269
38 52 904
50 53 725
17 46 187
35 44 386
45 49 199
52 55 213
35 41 287
16 31 31
15 25 943
37 41 722
28 32 864
56 57 418
15 53 746
33 52 397
43 50 256
47 56 726
48 55 324
3 38 247
45 52 384
22 42 698
46 48 246
55 57 855
56 57 948
14 18 765
36 51 799
23 50 107
22 50 564
15 53 108
39 47 876
30 47 615
55 56 976
5 13 380
55 56 41
19 38 508
13 44 697
4 18 50
55 57 330
2 8 136
37 38 17
20 56 93
47 51 388
27 31 405
52 54 449
22 37 2
48 50 423
43 57 145
42 46 377
39 46 195
7 40 315
5 20 950
41 45 623
36 56 920
40 53 980
25 48 102
18 37 770
54 57 328
1 28 947
2 4 627
4 16 987
41 45 221
3 13 442
51 54 132
48 49 571
25 44 751
56 57 62
39 53 245
37 46 13
44 56 75
18 34 862
47 50 796
19 48 446
24 30 35
4 41 969
39 54 285
31 34 658
22 52 848
40 52 499
31 33 493
15 42 783
16 35 562
1 28 100
45 54 676
17 43 599
48 55 149
55 57 10
36 39 406
41 45 192
44 55 638
4 53 584
38 57 988
9 29 589
4 51 21
11 23 326
30 35 965
41 43 843
16 19 620
44 51 755
42 52 435
3 25 436
33 41 235
21 52 647
51 56 492
15 24 723
42 55 499
56 57 786
15 24 56
42 43 48
38 53 820
44 54 967
52 53 292
42 49 843
53 54 323
33 40 116
1 52 317
3 54 143
16 42 61
49 57 413
13 42 425
8 56 781
6 14 224
39 53 638
18 30 954
38 45 688
42 52 968
42 48 255
40 47 245
31 49 81
15 37 106
14 34 911
51 57 601
8 16 363
43 57 504
56 57 209
13 31 611
2 26 304
43 47 710
12 37 171
12 42 283
11 47 632
47 55 687
13 21 852
23 45 947
50 51 125
29 57 10
10 15 996
12 51 502
29 57 907
24 30 584
24 54 880
36 52 822
8 45 111
34 44 526
42 43 495
41 56 649
14 19 440
10 16 655
9 44 821
52 53 710
24 38 894
55 56 618
11 33 141
25 50 800
42 47 297
20 57 597
11 30 294
40 55 768
17 46 544
41 45 4
37 38 600
42 56 903
50 57 742
33 54 949
29 44 488
45 57 146
35 45 141
36 45 351
31 39 731
14 46 331
35 41 1
18 39 631
21 50 322
32 55 630
34 48 356
32 35 498
41 57 620
18 48 488
18 44 422
56 57 697
35 50 153
28 47 95
23 39 158
24 32 666
21 33 574
4 37 282
5 18 21
49 54 209
39 51 988
23 33 21
37 38 638
55 56 910
49 57 116
48 56 393
38 52 252
41 55 800
55 57 960
43 46 452
1 48 146
8 38 783
27 28 729
11 52 898
37 41 771
9 31 290
14 44 106
42 53 3
56 57 252
27 40 606
31 34 154
45 46 299
17 44 805
45 56 557
46 47 556
17 33 894
23 31 789
13 39 664
15 45 872
3 14 92
50 53 455
27 47 680
29 43 199
39 44 182
3 53 725
4 47 261
20 39 242
6 47 146
7 41 245
56 57 57
49 56 945
16 46 269
43 45 778
2 23 373
3 36 342
46 57 35
6 37 673
23 26 411
46 48 842
44 54 777
23 33 678
28 45 968
51 56 518
46 48 957
46 51 301
12 56 233
21 35 511
53 54 621
45 56 985
14 32 653
53 54 491
47 57 380
7 37 509
18 19 412
41 42 768
7 34 476
12 52 5
33 34 184
7 32 1
14 38 123
17 43 450
1 29 24
17 47 721
20 39 102
5 22 286
31 47 549
50 54 821
7 55 138
6 31 482
15 17 939
18 54 892
34 39 698
46 48 236
48 52 82
52 55 943
25 27 777
8 30 615
19 34 707
5 20 274
44 54 998
4 22 343
39 40 782
44 53 27
1 17 808
44 49 26
5 17 867
11 18 793
51 52 871
22 38 934
8 43 92
48 49 517
47 50 838
33 41 787
19 22 328
16 23 294
22 48 630
45 49 918
18 46 829
9 14 721
54 55 110
6 20 42
7 49 151
29 33 683
43 47 242
3 30 878
26 34 264
15 42 633
44 46 280
55 56 599
28 57 236
11 37 236
7 56 534
18 26 945
39 45 260
35 49 642
35 44 279
2 22 297
36 51 824
43 50 641
37 39 228
25 46 604
1 46 776
27 32 417
46 51 1000
17 41 507
3 39 413
55 57 720
19 40 534
8 28 869
17 52 164
24 43 815
33 51 329
27 48 937
37 50 929
2 57 866
17 57 412
20 34 374
54 57 535
47 50 4
30 41 416
26 31 483
45 46 116
40 48 513
8 10 620
34 54 67
26 45 55
38 44 668
37 46 343
8 21 153
39 42 998
43 55 22
42 48 242
4 7 515
14 22 191
37 46 51
19 22 860
9 46 750
1 48 216
14 56 1000
23 42 960
14 50 864
34 56 941
16 40 417
5 11 93
54 57 101
48 50 497
9 18 402
10 28 365
14 49 163
37 50 565
10 17 350
56 57 8
6 10 54
13 45 705
4 9 869
56 57 691
53 55 229
48 51 163
14 56 72
32 46 947
3 37 410
23 47 428
30 55 410
5 51 788
4 29 95
6 37 270
45 47 469
17 25 468
25 27 72
24 55 464
23 42 863
43 52 561
51 53 744
21 50 246
1 20 645
3 56 64
46 49 587
21 38 802
19 37 304
21 27 896
14 21 680
21 30 707
46 57 671
26 34 385
32 48 778
27 54 76
51 52 162
47 52 303
37 46 178
42 46 148
29 46 750
28 50 397
46 49 436
52 54 145
18 35 39
41 45 397
42 46 175
51 53 558
9 36 804
40 57 431
7 20 77
12 53 480
14 48 56
54 57 655
25 37 868
11 40 297
21 52 752
14 40 836
9 42 593
15 39 272
21 46 320
54 56 469
11 52 562
52 57 251
46 57 505
45 48 82
11 51 379
22 29 494
2 22 874
28 54 175
50 57 986
20 28 40
51 52 800
15 18 628
49 56 460
2 16 711
24 32 597
14 22 774
36 55 233
48 53 486
45 54 78
48 50 385
30 57 297
34 48 25
30 57 911
46 47 705
3 55 400
51 56 22
35 46 502
39 54 423
11 26 820
54 56 102
22 56 263
32 37 585
19 43 458
55 56 581
55 56 975
34 49 443
30 35 856
21 49 423
19 39 841
36 42 50
28 36 23
51 52 242
36 55 455
30 43 780
42 48 330
23 25 928
18 25 167
22 32 34
46 53 323
21 38 792
16 17 124
30 38 945
30 53 569
39 55 624
10 41 925
31 47 753
51 56 296
3 20 320
21 55 874
42 55 911
53 55 218
46 54 663
52 54 865
19 34 387
35 48 876
48 54 109
12 53 247
33 54 896
56 57 904
10 35 125
49 54 819
21 25 996
16 29 20
51 56 865
45 55 136
30 50 459
9 19 833
23 52 679
53 57 66
51 56 950
45 48 846
47 48 523
17 31 537
20 39 792
37 52 288
19 53 586
56 57 215
20 47 25
33 41 460
32 43 868
53 55 212
47 56 917
42 54 298
27 50 231
14 56 915
11 20 862
51 55 82
39 46 819
41 54 778
7 49 629
41 46 333
44 57 468
23 31 626
41 54 318
50 51 979
2 5 753
40 54 511
38 51 65
44 52 16
14 42 639
40 44 242
47 56 537
16 47 405
26 34 159
38 52 882
47 51 124
22 44 507
55 57 484
18 30 843
40 55 824
34 54 305
45 48 539
12 33 130
27 32 553
46 48 268
24 50 653
16 33 659
5 21 259
31 38 606
30 35 733
13 36 10
14 36 347
27 38 458
18 32 292
1 56 811
21 56 349
7 21 455
11 34 857
22 37 620
21 36 205
31 34 623
31 34 621
18 43 180
53 57 892
20 31 957
18 44 642
9 46 925
38 47 523
27 76 9
5 12 609
2 24 372
23 25 88
1 7 904
7 20 301
21 27 139
17 22 18
23 26 441
24 27 904
21 25 247
13 25 684
7 25 999
10 22 626
6 25 790
15 16 938
22 23 835
20 27 223
20 21 546
6 25 603
14 18 126
9 11 251
5 26 32
18 25 389
11 21 409
2 13 712
1 27 630
25 26 364
17 23 62
20 22 394
24 25 440
4 19 424
19 21 651
16 26 969
22 26 665
5 20 661
9 13 509
12 15 765
25 26 480
10 22 230
5 13 1000
4 16 955
2 27 77
21 26 519
1 9 289
22 23 925
3 6 706
14 17 706
24 26 886
10 11 697
3 4 224
18 26 389
14 23 412
23 26 648
15 25 458
12 27 695
23 24 574
8 16 327
11 16 963
18 24 826
16 21 492
20 21 104
12 24 811
21 24 170
4 21 748
9 26 422
9 16 346
20 23 896
17 27 406
10 12 835
23 27 785
3 11 717
23 25 939
5 8 986
18 23 605
14 24 91
12 22 708
44 879 11
2 4 286
8 17 143
20 39 831
39 40 871
11 43 282
7 19 941
34 38 259
30 39 514
10 32 683
36 39 373
13 24 367
1 10 903
25 44 112
22 32 146
8 29 840
8 38 995
31 37 587
26 30 639
24 25 421
42 43 738
9 44 745
29 40 887
33 37 586
9 12 813
42 43 310
42 44 951
13 27 950
26 44 410
23 42 89
13 41 613
7 36 786
40 41 29
11 33 727
8 20 637
8 15 942
13 19 6
6 19 892
41 42 17
40 44 928
38 44 562
31 36 862
9 19 899
33 38 938
11 15 608
7 22 170
3 36 73
29 33 895
32 43 37
5 24 808
8 17 14
39 42 34
41 44 917
11 37 360
17 32 974
22 34 809
1 11 986
18 24 128
26 28 194
10 13 453
40 44 517
2 32 20
15 42 168
16 44 604
11 28 794
18 41 341
34 35 876
2 19 675
34 43 466
2 25 719
42 44 111
22 37 448
20 31 208
24 42 912
14 39 548
29 30 41
17 36 126
26 32 108
39 43 430
34 36 945
35 38 618
36 37 923
32 38 686
5 18 354
22 44 658
24 30 596
43 44 317
1 22 208
25 38 919
23 29 863
26 34 959
2 19 974
4 24 918
16 29 10
33 34 260
21 29 851
13 35 703
10 20 827
8 39 46
3 9 573
41 44 995
19 27 426
18 27 366
6 17 185
14 21 366
1 37 734
10 15 807
39 42 233
28 42 963
32 35 994
9 15 764
41 43 924
41 42 794
27 33 823
39 43 584
23 34 909
10 34 674
40 44 555
32 33 594
29 33 362
41 42 885
38 43 31
2 28 72
2 8 359
41 43 377
19 38 55
17 25 137
8 30 734
35 44 476
43 44 906
16 17 55
25 27 221
36 41 154
21 39 5
1 34 264
8 18 178
39 41 30
37 39 800
34 44 657
42 43 534
9 11 864
34 41 133
40 44 782
32 33 675
3 18 321
17 41 496
1 2 556
9 14 620
15 34 566
2 21 604
35 43 385
34 39 470
4 25 734
8 21 776
35 42 121
32 38 566
26 37 721
18 20 26
39 42 935
39 44 226
21 30 903
33 40 275
26 41 936
34 42 940
41 42 987
20 24 653
6 39 203
43 44 815
28 37 941
40 42 578
36 39 600
27 37 444
24 34 712
23 27 795
32 41 855
27 37 69
29 35 989
22 32 147
21 44 923
28 38 442
1 15 105
35 44 666
9 28 633
2 6 995
35 36 549
34 40 56
26 34 298
16 34 737
42 43 734
42 44 475
16 36 617
21 40 234
10 35 649
38 39 624
41 42 152
23 26 277
15 18 271
42 43 748
29 32 311
28 39 502
25 37 967
36 41 75
24 31 425
33 36 217
7 39 461
16 27 855
28 29 460
6 31 517
42 44 983
33 38 819
38 41 798
19 38 96
20 21 847
40 41 353
20 34 482
28 38 899
19 21 677
17 27 267
37 41 608
33 44 398
31 36 220
16 22 181
20 41 254
40 42 698
3 36 4
35 41 934
1 21 334
33 40 283
43 44 31
25 44 412
42 43 424
14 28 31
36 39 547
24 27 844
10 12 910
21 32 139
41 43 650
31 43 856
21 34 7
39 42 664
29 30 274
33 35 78
3 41 160
21 42 96
38 44 655
26 34 12
27 29 949
6 36 815
6 25 55
40 43 477
12 39 330
40 42 664
25 39 366
20 36 843
43 44 109
36 44 105
22 31 182
5 17 278
14 33 791
38 39 189
18 28 261
23 42 109
11 14 765
23 33 855
24 33 827
19 35 973
17 26 574
28 31 964
2 37 169
13 16 249
37 44 665
20 32 242
43 44 81
38 44 165
30 40 647
13 41 834
27 43 587
25 33 108
10 11 525
26 30 219
43 44 55
37 42 8
11 25 555
22 34 28
42 44 582
31 39 983
7 9 144
24 33 439
6 33 347
1 22 313
33 40 649
10 13 600
25 41 453
3 14 800
39 41 527
37 43 812
36 42 496
29 36 104
7 36 102
37 40 870
6 37 228
22 39 891
17 24 917
41 42 548
39 40 201
42 43 473
12 15 421
18 20 237
28 32 808
13 43 522
11 37 367
42 44 383
41 42 403
33 35 361
31 37 698
33 43 536
33 44 929
15 35 800
27 29 819
12 20 911
40 43 194
40 43 715
12 30 425
26 30 158
10 29 445
41 42 264
6 29 448
12 24 390
33 38 374
19 25 601
12 15 491
40 43 430
18 27 450
22 43 953
32 42 94
18 43 780
25 40 831
32 34 449
32 40 268
11 37 800
39 41 192
22 24 584
1 10 497
7 33 386
20 29 472
35 41 795
41 43 553
29 35 701
32 34 690
43 44 106
1 26 124
16 36 43
38 43 189
13 37 316
33 42 141
24 41 569
37 42 800
30 36 917
13 28 223
22 37 237
41 44 203
6 13 211
7 8 111
36 43 207
37 38 467
39 41 188
2 8 582
19 21 432
38 40 984
24 42 778
35 36 89
1 15 368
13 23 95
32 38 53
9 36 345
31 44 723
23 27 52
33 39 767
12 27 899
16 28 985
16 34 765
37 42 540
12 28 879
8 12 884
23 25 356
11 27 989
2 10 825
37 39 629
15 29 736
25 38 576
5 35 741
40 43 884
28 33 858
34 36 488
1 27 363
18 28 442
1 36 304
13 38 452
7 32 80
14 34 9
38 42 662
6 44 335
4 15 909
5 14 366
24 29 478
43 44 384
30 32 595
34 44 768
10 30 465
27 28 113
17 36 211
15 18 800
25 36 476
26 44 519
8 41 239
17 24 800
35 41 56
15 38 637
20 28 85
17 44 473
26 40 663
24 30 711
28 30 618
20 44 985
40 42 475
31 44 430
18 26 369
32 40 779
16 36 797
42 43 924
10 28 465
43 44 852
9 17 499
7 21 208
36 44 375
20 40 893
43 44 845
16 29 373
16 43 438
32 33 219
17 30 5
30 32 239
14 16 227
10 31 38
29 41 455
17 35 998
19 35 645
4 24 873
13 15 810
1 11 746
4 18 800
41 44 517
24 25 134
33 44 840
29 35 692
19 33 261
35 36 331
40 42 562
14 39 432
30 36 371
37 40 132
22 42 257
1 40 203
10 39 845
13 20 213
34 43 719
4 17 410
30 38 45
7 30 60
22 38 318
34 41 675
9 11 850
34 36 185
19 28 837
9 31 881
3 7 797
14 26 83
8 15 801
25 40 121
34 41 502
18 22 835
16 29 188
29 34 483
33 43 513
3 24 312
26 31 594
6 17 220
24 27 677
15 44 796
31 41 916
41 42 216
27 43 936
35 39 750
10 38 289
4 24 718
26 43 562
24 32 131
1 39 119
36 40 813
9 23 105
4 5 121
43 44 97
17 38 924
5 8 71
34 36 632
8 40 460
13 28 621
17 27 926
34 44 775
26 38 77
42 43 58
37 42 593
19 44 26
5 27 35
35 39 160
37 38 79
31 33 89
22 34 99
15 22 485
42 44 152
33 39 352
2 41 539
31 34 899
9 33 11
18 43 68
18 26 274
37 41 451
19 31 240
24 42 236
20 23 238
43 44 811
25 28 285
31 32 433
17 38 914
15 40 297
2 11 659
22 41 600
4 40 4
14 17 638
6 29 760
26 39 905
18 43 597
39 44 167
42 43 576
23 39 67
34 38 795
36 44 870
40 41 448
7 25 445
33 40 686
14 35 288
29 36 479
28 35 235
38 44 493
26 43 275
40 43 427
10 40 583
41 42 180
34 39 585
16 25 28
34 35 18
29 32 788
17 35 628
22 29 467
12 13 235
8 25 184
43 44 470
3 7 655
38 44 844
26 29 612
41 42 151
21 23 995
28 39 190
25 32 530
27 34 357
37 38 762
40 44 418
8 41 216
10 20 142
10 23 899
5 15 652
42 43 454
35 43 419
2 15 620
43 44 438
6 17 632
2 36 629
35 42 751
30 39 307
17 30 430
23 34 556
14 44 762
40 42 906
4 9 981
9 19 898
30 33 127
22 42 236
31 37 990
24 29 306
7 23 491
15 24 271
29 39 812
8 19 242
10 16 857
32 41 731
6 40 601
14 29 561
29 43 769
27 29 453
12 37 83
4 29 302
37 44 590
8 12 976
33 43 190
27 40 713
18 32 145
38 41 159
11 39 256
36 42 457
27 28 920
2 40 203
6 26 82
13 21 606
15 38 699
26 30 427
20 35 943
22 38 821
32 39 300
32 44 858
37 39 323
14 25 440
16 33 26
37 42 591
29 44 28
24 44 310
10 41 267
42 43 868
30 43 755
23 43 110
3 5 318
41 44 901
3 36 996
42 44 944
7 19 574
41 42 149
23 30 725
26 37 439
9 12 348
41 42 620
6 16 378
25 26 990
8 27 474
6 16 916
23 34 218
26 32 982
41 42 200
8 21 756
30 37 661
29 36 770
31 36 906
34 37 179
1 12 978
17 28 743
33 34 973
32 35 727
3 9 273
20 21 519
22 32 659
19 23 806
17 41 530
30 44 986
17 28 49
14 41 503
25 36 201
2 12 318
14 29 77
7 35 712
42 43 977
6 23 50
30 38 221
7 18 930
40 44 553
26 42 889
5 25 626
30 39 915
5 30 573
34 36 684
41 42 48
9 44 957
10 22 962
33 42 722
20 30 879
41 44 7
12 22 98
3 10 30
1 41 607
41 42 792
10 23 69
36 44 956
5 36 184
9 24 286
9 37 780
29 32 99
25 31 931
39 40 688
38 44 278
33 35 853
31 35 759
37 40 944
15 43 314
30 42 973
5 21 600
24 27 814
14 41 727
13 35 151
13 34 647
33 38 876
38 42 746
8 30 161
23 43 168
10 35 700
42 43 391
20 25 308
26 41 68
17 38 1000
42 43 382
14 35 976
12 28 335
26 39 452
41 42 400
30 32 367
4 41 335
2 21 411
6 9 413
23 41 111
16 17 503
9 42 478
23 44 222
29 30 445
19 29 972
5 35 263
4 43 993
9 38 893
33 44 240
36 37 499
18 27 842
27 38 887
23 31 514
28 32 305
6 42 175
2 6 343
38 41 80
6 24 458
2 13 989
9 17 107
1 36 498
30 43 918
37 39 108
27 34 786
32 35 907
21 29 988
7 37 283
12 41 5
5 35 571
38 42 271
13 39 965
2 14 958
15 27 776
10 23 544
11 15 740
3 42 860
42 44 909
39 44 595
3 26 539
36 41 726
18 40 418
20 35 597
10 36 387
2 27 498
29 42 248
32 40 96
37 38 683
10 31 23
17 20 156
13 42 329
8 31 831
21 30 275
11 30 943
31 42 169
5 11 914
17 38 834
43 44 839
1 9 774
11 35 915
24 32 551
26 33 389
39 40 630
6 33 4
25 39 896
26 44 486
27 44 705
22 41 935
2 43 285
38 42 199
10 41 947
14 23 233
13 42 608
38 43 170
12 15 289
31 43 940
17 34 900
43 44 201
18 27 880
43 44 757
1 2 948
34 40 869
8 32 959
34 41 400
18 36 8
18 43 752
30 35 520
22 43 740
29 37 218
38 42 789
30 44 347
17 39 329
11 20 824
29 35 72
31 42 8
24 41 586
2 17 391
4 14 533
19 41 257
23 40 899
5 32 328
14 21 1
22 28 512
34 42 879
21 22 628
10 44 638
3 42 4
38 43 527
40 42 34
37 39 967
40 44 890
14 16 721
9 20 597
9 34 717
39 40 524
19 44 577
3 17 672
20 21 840
41 42 207
11 17 875
5 42 387
9 10 638
41 44 568
38 40 451
30 36 952
17 31 98
17 29 588
26 34 410
40 41 145
1 15 746
29 30 360
2 34 633
17 43 242
32 39 753
11 27 113
43 44 778
6 38 385
40 44 865
25 37 424
14 30 328
26 32 48
24 38 542
16 39 374
15 21 876
33 35 505
42 43 353
51 94 15
49 51 507
42 51 867
11 47 827
43 51 405
40 48 209
3 48 930
4 49 272
36 50 32
1 21 141
38 51 969
50 51 29
29 42 413
12 34 622
39 45 148
28 35 156
25 39 922
46 51 515
22 32 815
8 46 838
13 31 221
38 51 38
24 41 85
16 46 672
19 43 709
1 8 726
48 49 968
25 49 45
41 51 39
28 30 79
26 38 327
11 14 253
40 48 381
33 36 2
23 42 888
26 30 430
23 32 73
47 51 638
27 31 737
16 17 298
31 34 189
14 29 902
23 36 403
8 50 483
47 51 459
38 40 431
27 47 597
22 38 161
13 45 369
36 51 829
44 51 88
35 49 750
9 42 419
31 51 128
32 50 561
30 50 501
4 18 854
48 51 452
12 26 274
10 46 632
12 19 361
1 23 142
7 36 198
33 37 369
4 8 56
5 40 175
19 46 629
37 43 140
28 44 624
29 50 155
42 48 768
43 48 56
27 47 362
1 15 758
37 39 282
47 50 261
2 21 501
13 21 246
26 35 40
39 49 983
18 28 217
29 49 416
5 27 309
43 47 877
33 50 995
16 41 148
42 43 281
32 40 52
30 51 956
16 20 72
42 50 801
11 33 71
22 50 323
42 45 292
25 38 251
7 8 2
4 6 225
2 3 366
6 7 491
3 6 495
6 7 376
2 6 966
2 6 215
6 7 422
31 397 14
17 26 37
22 29 437
18 24 177
24 31 166
30 31 105
3 13 897
22 30 632
20 23 533
10 25 635
11 29 267
14 21 836
19 31 40
2 10 532
17 25 530
7 31 718
28 31 78
25 31 780
28 31 466
21 30 601
14 25 702
13 19 517
18 25 93
10 12 603
16 23 642
1 20 899
4 15 676
8 29 253
12 25 999
11 30 85
30 31 876
6 31 949
6 26 158
11 23 465
8 30 798
11 28 712
28 29 637
5 22 135
9 10 158
18 23 596
25 28 708
11 17 461
8 28 101
4 30 53
21 31 395
22 29 145
26 27 50
12 18 384
18 30 940
24 27 331
20 27 999
20 25 913
14 19 155
6 29 883
26 29 494
20 23 532
20 22 660
25 27 81
7 10 497
9 26 599
3 12 179
21 31 406
4 7 118
22 29 89
13 22 879
8 10 906
12 31 45
12 21 718
30 31 370
28 31 374
25 26 181
6 26 608
2 14 353
30 31 203
16 18 890
14 22 632
12 14 103
29 30 159
27 29 519
8 12 789
14 23 442
4 9 967
21 26 602
4 10 354
28 29 496
9 24 7
9 12 283
16 24 331
4 10 572
7 16 993
14 22 336
9 13 389
19 24 464
2 20 536
1 22 965
10 31 294
21 22 551
20 30 461
29 31 84
26 30 137
2 14 427
13 18 463
8 14 108
30 31 205
5 26 791
4 17 783
6 25 170
15 30 660
26 28 578
8 14 583
23 25 814
5 20 826
20 23 59
13 16 224
23 30 93
15 19 33
13 27 739
16 31 451
23 24 511
12 23 396
17 26 46
10 29 214
19 29 51
7 13 173
18 19 584
23 31 420
8 20 167
7 26 285
9 26 498
8 25 245
20 30 82
19 21 752
22 29 569
27 28 4
25 26 399
21 29 218
6 21 516
8 28 833
30 31 708
19 20 71
26 31 650
20 30 979
18 30 219
5 20 319
1 9 880
14 31 667
27 31 353
10 17 355
10 20 357
7 28 877
4 20 456
13 19 724
4 21 200
30 31 609
18 31 655
20 26 764
25 28 645
21 26 713
1 28 828
15 24 627
14 30 407
16 26 105
29 31 348
14 28 558
7 14 855
7 31 131
30 31 606
2 12 593
23 26 158
2 16 552
24 25 493
26 30 790
27 31 275
8 12 182
2 6 846
28 29 876
24 25 105
7 31 294
25 28 515
5 25 201
29 31 740
28 31 305
21 26 898
28 29 237
9 20 942
10 14 802
21 27 947
13 30 676
5 15 637
9 11 358
14 15 298
3 4 777
29 31 699
16 29 187
6 12 66
19 24 925
26 30 819
25 26 651
13 27 337
3 28 754
2 28 190
18 25 416
30 31 809
18 21 811
14 27 295
22 24 652
3 29 775
7 28 324
26 27 118
26 27 731
2 23 102
9 24 748
16 23 571
11 25 592
8 16 518
26 29 645
24 28 962
21 30 671
20 29 604
14 31 311
19 29 961
24 29 891
15 24 266
8 26 128
11 28 463
28 30 21
16 30 397
2 5 567
4 11 403
14 30 472
7 8 600
16 18 577
6 8 106
13 20 63
23 29 583
9 15 537
20 23 478
28 30 629
10 20 419
20 29 192
16 21 473
7 11 183
7 11 261
15 27 620
24 29 909
12 28 59
27 31 968
28 29 222
13 18 808
28 31 413
10 30 69
11 17 817
27 28 707
13 25 181
30 31 222
27 31 119
21 26 62
28 29 523
29 31 39
26 29 838
2 8 389
1 10 799
15 28 463
27 30 110
20 22 739
6 23 931
4 11 340
30 31 822
29 31 836
3 18 415
10 28 227
16 22 823
30 31 490
23 27 559
12 16 516
4 11 780
29 30 219
27 30 282
22 29 316
14 29 426
10 11 226
25 30 177
10 23 822
16 28 752
16 27 57
13 20 516
27 30 7
20 23 156
23 24 108
21 23 430
18 31 631
1 21 263
15 19 750
13 24 230
27 31 186
18 31 794
16 17 470
3 26 484
20 21 521
12 26 53
2 13 81
9 14 974
21 26 775
17 30 475
3 27 394
24 29 823
30 31 966
8 29 618
21 25 728
30 31 129
16 18 845
10 19 233
24 25 915
18 22 999
14 30 518
23 24 412
19 26 595
30 31 13
20 31 988
14 28 131
30 31 274
25 29 315
30 31 579
5 30 863
19 26 197
1 19 360
17 27 382
24 28 6
8 27 268
13 31 690
1 14 172
12 20 66
4 22 86
28 30 922
24 30 432
12 25 508
4 6 396
21 24 559
22 29 876
29 30 565
12 19 988
28 31 845
3 9 573
23 29 464
1 16 709
27 29 250
7 18 104
6 27 774
1 26 204
10 18 758
7 30 368
10 24 729
15 17 330
2 30 627
4 12 656
17 28 131
15 23 442
29 30 482
10 15 245
5 9 255
9 31 36
20 23 488
3 10 866
1 3 36
13 16 899
27 28 826
24 25 180
3 29 69
11 13 614
7 25 384
21 23 320
12 14 261
23 25 589
21 29 624
21 23 561
16 29 110
8 11 280
24 28 1000
27 30 426
10 13 409
29 30 772
1 26 190
16 25 835
29 31 436
13 26 54
19 23 247
30 31 839
3 21 729
25 30 559
1 9 59
7 27 714
6 11 328
27 28 687
24 29 477
19 20 40
16 20 451
14 23 895
20 24 473
11 36 3
8 10 681
1 9 853
5 11 741
2 8 798
3 9 655
3 10 462
8 10 596
7 9 728
6 7 420
5 9 783
6 7 391
10 11 121
8 10 688
5 7 428
1 11 262
10 11 810
7 9 376
9 11 171
6 8 791
7 9 754
3 7 908
2 11 390
9 11 202
7 9 680
6 9 522
3 5 692
4 7 11
5 8 686
6 9 218
8 10 325
6 8 321
10 11 83
6 7 712
1 5 690
10 11 752
4 6 61
71 1000 19
6 41 722
61 70 945
69 70 464
63 71 950
20 41 573
57 59 60
44 45 552
62 65 956
12 24 896
5 27 15
17 36 415
26 36 613
65 68 401
68 69 815
63 65 364
31 58 868
23 63 931
25 30 230
3 29 487
20 62 117
52 61 237
70 71 344
27 40 814
14 68 375
28 67 275
67 69 310
7 33 448
50 66 968
63 70 726
45 51 737
54 65 149
46 61 79
69 70 900
37 52 875
41 61 434
55 68 625
35 38 980
51 70 983
69 70 984
68 71 929
3 35 343
38 45 694
4 56 316
40 54 435
48 53 663
48 49 774
36 63 28
37 51 635
8 18 98
11 18 964
12 59 847
11 14 290
67 70 60
67 68 190
38 48 830
69 70 946
6 61 845
35 67 268
2 43 629
3 7 425
20 41 66
68 71 849
7 52 966
24 70 978
28 51 148
43 48 779
35 71 896
37 56 898
13 23 373
23 63 464
58 70 328
41 55 869
61 62 230
11 29 431
14 45 335
60 65 168
51 71 662
1 44 17
16 19 156
68 69 915
45 70 666
66 68 639
25 41 702
15 40 153
53 66 445
24 61 990
17 57 839
62 63 202
17 40 836
52 55 180
24 58 223
29 36 797
17 57 237
67 68 349
68 69 630
28 39 575
47 48 74
9 30 578
42 44 638
40 65 878
45 62 553
35 49 631
1 37 5
37 53 846
65 71 205
1 26 593
16 17 115
24 60 984
17 40 522
68 70 399
24 36 137
54 64 78
19 69 876
12 70 308
12 52 600
45 50 219
5 18 756
65 69 296
18 43 347
55 70 475
48 58 207
34 64 613
34 55 704
58 63 731
6 9 125
15 41 490
1 40 505
66 70 596
14 21 460
22 55 607
59 64 534
43 65 334
30 68 542
67 71 931
65 70 635
35 43 213
16 60 330
8 61 469
11 22 522
36 66 138
53 67 422
19 54 446
43 66 54
53 54 984
62 67 516
66 69 560
41 60 127
4 36 404
6 17 649
10 54 428
19 59 697
66 71 857
32 65 880
50 53 700
22 26 922
15 53 428
55 56 659
50 62 444
38 52 459
60 65 809
60 66 804
10 41 26
16 41 380
19 69 995
31 54 656
58 64 906
4 53 392
46 58 246
5 24 924
51 57 711
32 61 857
37 56 195
54 56 405
20 42 664
12 38 100
66 67 632
32 39 224
10 15 305
33 59 637
7 23 384
57 69 260
16 38 924
46 66 169
43 46 776
40 41 948
15 51 153
31 71 708
70 71 207
33 67 390
51 70 595
13 67 732
62 71 772
51 62 40
2 34 381
12 47 955
44 57 872
50 53 697
9 43 849
59 61 606
33 62 246
6 15 67
4 8 248
6 29 822
54 67 674
34 50 665
27 32 537
48 52 938
36 66 698
52 55 44
11 23 524
30 50 126
44 48 839
33 39 477
21 54 204
28 53 170
45 53 846
3 32 639
14 58 337
22 36 542
67 68 458
32 66 413
31 61 500
56 57 880
37 52 369
49 50 151
68 69 93
39 52 199
15 58 589
27 35 872
65 71 605
34 71 914
1 19 463
36 39 797
51 53 341
17 60 595
59 62 656
70 71 858
47 48 781
17 54 529
17 19 835
40 67 84
63 70 655
50 59 473
34 66 717
50 71 645
31 43 688
48 66 592
4 58 433
31 38 782
35 66 584
18 45 604
35 41 415
23 47 417
19 41 12
47 70 905
25 45 792
29 50 49
36 68 577
35 37 81
60 71 845
9 51 58
12 58 477
40 48 687
67 71 386
13 20 422
3 23 939
2 5 569
46 55 805
37 41 519
50 61 271
18 58 254
56 65 971
39 64 215
25 44 745
48 50 432
7 33 820
23 69 692
27 71 528
37 52 475
36 57 157
35 40 280
13 34 21
6 34 141
62 64 664
50 66 347
8 25 961
29 63 946
28 70 777
6 62 756
16 45 6
33 59 86
37 55 97
30 32 306
33 53 181
36 61 869
67 68 159
39 43 443
28 30 820
64 68 132
24 64 174
30 31 711
64 66 915
2 27 236
49 50 790
68 69 951
47 52 478
15 23 173
36 38 909
66 70 347
49 65 768
15 19 436
44 46 876
2 26 798
47 62 196
54 62 777
28 63 737
35 46 574
19 42 660
59 69 880
16 54 614
66 67 961
40 69 837
19 24 194
63 68 96
36 40 219
20 42 272
64 68 970
13 47 129
63 69 742
6 28 20
43 66 637
5 12 605
8 70 737
35 55 294
28 63 488
23 71 39
62 70 122
70 71 405
68 69 363
4 61 713
16 53 544
57 63 527
9 45 406
25 42 22
70 71 52
42 63 539
60 67 699
22 43 389
62 65 667
5 10 286
8 42 68
9 35 821
57 62 369
38 51 149
38 60 20
11 36 42
46 48 949
30 44 525
37 50 732
60 65 311
9 64 527
2 67 810
33 44 505
5 6 900
40 69 463
59 63 53
53 64 585
55 66 364
38 43 745
29 48 304
15 45 604
56 69 855
34 64 192
3 60 447
65 71 279
47 58 573
29 63 308
61 65 169
41 71 759
22 52 840
58 68 137
5 69 320
52 65 605
33 55 74
35 66 280
4 26 945
9 19 827
62 64 285
28 63 259
61 67 438
49 67 508
70 71 399
70 71 517
66 70 807
8 39 875
67 68 41
49 54 834
21 33 321
6 15 310
1 23 834
45 59 862
59 60 601
9 66 746
9 60 840
7 13 772
30 44 146
53 66 425
44 50 164
17 33 789
42 60 669
34 46 709
9 53 703
61 64 985
52 68 54
32 62 26
39 55 774
10 36 943
11 23 409
27 64 814
21 63 713
33 40 309
35 50 516
52 69 979
19 52 15
11 20 491
69 71 906
34 67 168
50 68 551
57 62 521
51 60 250
47 71 480
41 57 362
11 20 838
53 57 290
32 41 292
51 62 464
19 58 220
41 60 934
22 23 657
49 57 735
65 69 958
30 53 557
24 54 130
59 62 775
50 58 558
57 66 402
26 59 795
30 33 670
24 71 514
27 68 51
22 51 469
18 71 145
45 52 487
55 61 169
6 21 587
6 48 601
32 36 684
65 69 431
51 63 841
59 68 10
24 38 882
54 57 458
12 17 274
41 47 958
53 61 328
63 68 308
30 43 355
59 69 349
58 61 835
40 49 106
54 69 549
33 41 364
22 67 890
52 59 129
58 63 728
35 63 817
56 69 155
34 68 712
10 49 607
27 40 998
9 29 85
7 67 202
7 46 758
12 62 652
52 66 423
14 49 749
8 56 882
47 50 402
2 11 535
37 39 874
62 66 846
66 67 112
14 43 660
38 41 858
60 65 859
2 60 867
63 69 181
34 61 726
2 58 460
69 70 319
44 69 128
23 34 884
40 65 265
60 64 226
2 47 88
60 62 961
53 62 640
9 48 425
54 65 65
21 57 350
61 71 239
60 63 26
67 68 447
14 18 553
20 71 415
28 41 123
30 41 792
41 60 62
19 71 215
29 68 309
13 22 273
3 57 978
28 66 908
14 41 605
52 68 768
30 31 453
62 67 937
22 61 845
10 44 482
16 69 323
2 67 85
24 69 815
18 45 625
42 48 785
60 61 610
69 71 883
48 51 309
6 55 766
30 39 859
18 60 837
17 18 420
67 70 677
67 68 202
55 58 738
50 55 313
39 66 386
13 33 126
35 55 174
32 47 861
26 48 327
23 28 122
14 53 937
50 70 332
61 71 820
24 67 371
55 59 494
70 71 220
20 32 111
63 71 71
15 32 722
34 47 871
4 28 195
48 60 686
21 60 554
25 44 675
56 65 204
7 70 550
28 62 419
64 71 631
65 70 375
1 67 766
21 55 20
5 19 28
30 50 386
45 69 871
66 70 897
62 70 74
57 69 296
41 45 291
67 71 995
33 45 803
9 69 482
29 63 437
7 28 783
56 67 21
24 35 584
18 64 814
64 66 324
70 71 86
25 64 131
22 47 395
29 52 833
62 71 135
57 69 898
60 70 487
23 35 780
54 61 453
12 24 870
54 66 432
2 45 143
2 67 999
15 30 979
70 71 240
60 63 164
29 31 991
11 39 381
55 68 427
41 69 811
40 65 879
67 71 756
30 61 373
32 35 860
38 68 479
16 34 18
8 14 557
67 71 186
34 51 431
14 59 694
54 67 963
57 69 51
9 54 572
48 50 622
63 65 835
44 66 435
38 45 450
50 57 486
62 65 289
12 45 803
29 59 485
24 32 453
55 61 40
11 25 693
3 67 679
23 27 55
41 61 873
30 70 276
46 55 69
2 36 1
44 58 747
67 68 999
11 56 522
59 67 65
2 43 930
28 31 359
31 48 683
65 71 49
54 64 941
40 47 504
4 34 371
26 69 965
48 55 702
2 11 466
8 42 705
12 61 186
63 71 881
32 40 191
54 58 87
16 35 942
4 43 585
34 56 984
13 57 502
61 68 931
1 20 557
12 29 335
22 56 559
19 33 568
3 71 63
44 63 658
42 59 136
9 33 504
58 61 280
33 60 709
19 26 593
60 66 204
31 62 444
64 70 390
12 41 646
55 65 94
29 51 918
68 70 937
34 67 31
34 36 607
23 28 336
58 59 270
54 63 948
47 65 672
10 42 319
23 62 59
38 56 938
25 61 364
59 60 999
7 55 713
62 67 854
9 56 432
38 48 33
40 57 510
5 70 464
58 66 821
47 51 575
65 68 561
52 69 326
37 55 873
60 61 441
47 49 393
9 43 789
23 40 21
24 34 328
39 54 311
13 34 994
26 47 913
11 13 580
48 69 200
32 56 750
3 27 346
22 69 888
29 48 480
59 61 472
61 67 551
49 55 880
31 44 469
40 56 37
7 15 556
43 62 696
3 48 595
45 52 70
64 65 613
33 66 142
37 48 237
46 51 360
5 7 290
28 38 917
54 67 96
14 23 564
8 15 852
6 41 115
55 69 101
42 51 14
41 43 571
66 67 498
31 56 975
17 36 844
61 64 652
22 41 656
40 41 848
46 53 880
39 70 829
8 42 328
7 55 151
5 61 296
8 61 181
45 55 704
28 54 847
34 54 690
25 68 650
55 56 515
59 67 611
27 44 187
30 39 203
11 40 752
53 60 25
59 61 832
54 57 389
7 38 964
46 62 754
41 42 918
66 69 418
26 49 512
26 51 867
28 55 848
23 39 601
68 70 325
15 24 162
62 66 4
48 64 462
35 58 937
44 67 696
50 59 423
48 64 466
30 48 467
58 69 685
15 66 456
66 68 608
15 45 799
62 65 27
7 33 519
19 62 671
1 50 241
5 11 25
45 70 293
49 59 631
64 65 600
62 71 347
58 59 225
67 69 614
37 50 632
35 54 202
23 50 83
61 68 953
40 62 41
61 62 887
14 25 260
54 67 500
48 65 253
53 54 987
5 53 723
9 54 5
33 70 997
61 66 692
17 54 271
54 64 127
20 38 587
33 55 386
36 39 970
29 42 659
52 66 760
34 54 9
26 56 150
69 70 181
20 35 389
67 71 31
47 53 715
41 45 177
67 69 184
4 69 347
45 54 988
51 56 926
51 70 738
16 38 894
48 71 718
43 49 739
41 49 540
8 68 489
64 67 831
8 48 274
53 60 52
25 41 312
58 60 878
27 51 245
62 67 595
19 29 51
18 63 819
26 29 228
54 68 282
28 61 917
41 58 942
16 28 64
21 49 150
15 49 48
3 45 164
11 37 202
33 47 362
70 71 761
50 70 35
57 65 361
45 66 99
61 63 250
24 40 364
62 67 925
39 52 469
1 69 688
59 62 455
23 60 656
60 66 497
39 64 730
64 70 877
59 69 772
39 69 239
44 56 423
57 65 150
19 23 837
27 37 782
49 54 666
18 49 918
7 66 693
32 35 318
68 69 832
68 69 645
7 10 981
7 12 723
1 37 820
44 45 535
46 64 489
70 71 371
54 64 236
23 31 635
11 39 553
55 59 615
21 60 271
64 70 789
55 57 249
3 36 510
44 61 86
8 31 372
9 23 810
7 71 961
62 63 8
8 50 427
54 66 488
66 71 788
66 68 759
9 58 322
42 53 130
28 45 67
47 57 762
51 53 568
49 60 682
4 26 311
33 69 661
6 32 576
61 68 953
23 33 156
36 53 394
29 45 989
40 47 319
36 65 251
45 59 383
57 67 763
36 63 147
64 68 164
31 62 447
24 32 916
46 66 595
24 35 436
59 69 689
35 66 22
53 68 201
18 62 895
55 64 171
37 43 280
7 21 701
36 43 295
45 47 577
41 60 981
51 62 320
33 69 758
1 3 307
35 48 826
22 25 120
47 68 588
4 46 763
27 58 384
64 66 783
9 44 409
46 71 646
50 51 481
67 70 229
19 32 308
39 67 256
36 69 261
4 7 598
16 29 449
58 67 79
27 47 624
49 57 92
32 70 1000
17 39 410
46 70 7
12 44 524
28 68 516
68 70 896
43 58 618
33 46 102
20 69 513
14 44 501
49 54 325
48 53 425
34 58 407
45 49 378
23 52 859
42 50 396
60 68 37
20 32 310
67 71 127
27 61 232
44 58 807
31 36 355
65 68 617
30 49 778
1 55 152
8 41 210
30 70 886
15 33 620
60 61 787
57 62 764
11 33 336
15 53 289
56 68 752
61 66 9
25 39 291
44 69 357
70 71 536
1 21 420
56 64 140
21 28 775
66 68 683
29 30 965
43 56 228
41 52 185
51 59 896
18 66 885
33 142 14
16 23 89
24 30 787
18 23 178
28 30 543
5 33 401
25 27 15
6 32 691
17 27 952
10 33 568
13 15 605
8 12 239
21 27 853
18 24 956
21 25 407
5 31 366
24 29 762
23 31 387
2 14 655
2 5 481
13 20 373
9 27 552
10 29 541
10 28 890
25 27 882
15 23 269
8 13 466
25 29 76
20 33 625
30 31 638
32 33 485
13 33 964
7 19 691
12 19 122
15 19 60
32 33 993
10 26 420
5 22 1
32 33 632
2 16 650
32 33 887
23 27 524
14 21 835
26 29 988
27 30 627
24 28 684
16 30 819
20 33 709
4 33 774
9 33 128
5 22 263
6 31 16
17 22 786
28 31 49
22 29 333
14 25 618
9 17 50
14 24 290
17 33 541
15 20 541
28 30 488
20 21 331
21 25 405
22 30 550
13 31 44
9 26 907
11 12 347
17 22 246
31 33 236
22 26 75
11 20 162
20 26 541
32 33 56
12 26 739
11 29 822
18 30 35
2 33 356
20 26 568
16 24 840
8 9 862
7 31 715
30 31 893
25 32 569
24 32 280
6 30 578
10 27 24
6 25 373
15 20 700
24 29 369
8 17 234
24 33 419
4 28 695
20 25 37
3 25 140
28 29 714
12 13 21
15 24 288
31 33 628
18 22 861
11 18 580
13 23 817
5 20 960
31 32 737
32 33 140
20 30 828
16 25 184
25 33 509
29 33 32
19 21 245
28 32 744
8 11 586
11 15 263
11 32 924
14 32 533
5 9 965
25 31 508
2 15 107
26 33 919
8 32 520
9 32 810
16 33 930
27 32 527
29 30 618
13 30 190
16 28 247
1 28 732
8 28 619
1 33 547
5 30 86
16 28 416
10 12 195
24 29 941
29 33 155
1 17 485
12 16 650
26 29 996
10 14 963
10 13 359
29 31 771
29 32 379
28 29 128
26 28 960
32 33 312
44 558 13
35 38 287
10 27 502
18 39 903
7 13 350
24 33 847
2 29 386
38 39 812
26 36 366
1 12 360
25 42 747
8 20 731
26 39 844
43 44 414
14 36 122
15 42 834
14 42 520
21 24 348
3 12 407
41 44 933
17 37 716
41 43 946
35 39 1
16 18 550
38 44 911
37 39 737
30 32 973
7 40 48
38 40 704
8 9 464
3 18 564
2 23 882
42 43 32
18 44 587
14 28 903
17 35 302
34 36 937
27 39 591
22 38 256
11 28 86
29 37 922
15 36 894
24 27 176
13 15 60
31 32 820
29 32 558
9 39 12
12 40 209
37 40 306
14 26 729
3 13 387
14 40 639
32 36 263
5 21 717
41 42 501
30 32 459
19 22 672
21 41 407
13 25 486
16 32 243
16 32 21
25 39 897
18 32 146
24 37 482
24 43 712
30 34 138
30 41 96
2 16 908
26 39 324
3 36 756
36 44 803
39 41 622
6 13 784
26 44 959
21 43 157
14 28 956
39 44 1000
1 41 532
7 13 116
13 23 720
21 34 650
2 5 112
24 39 193
26 32 326
13 14 765
43 44 37
26 30 728
41 42 877
37 43 184
29 39 248
6 23 435
20 26 868
24 40 979
33 44 152
25 44 219
3 4 808
1 22 542
17 27 297
34 35 931
42 44 571
21 34 962
33 38 733
26 32 64
37 40 693
28 40 515
24 36 260
4 6 348
21 43 783
12 26 846
18 40 131
35 39 98
9 25 824
14 44 662
24 27 509
1 13 955
6 20 760
9 30 713
6 12 485
32 34 904
27 28 815
36 43 126
29 38 664
35 43 934
34 42 431
38 39 577
42 43 620
14 43 585
19 29 378
42 44 525
42 43 570
24 44 848
8 44 533
20 21 443
12 41 524
26 33 214
27 28 968
39 40 705
5 6 727
10 34 27
21 36 662
25 42 258
13 36 486
14 31 335
42 44 848
15 31 407
40 44 484
3 4 133
9 17 481
37 43 58
16 42 79
41 44 559
13 34 495
40 42 750
16 24 662
6 23 745
7 41 554
2 20 902
42 44 660
34 39 520
24 44 72
7 16 446
8 21 98
25 42 720
27 34 739
5 25 331
10 21 698
7 9 363
13 19 975
19 24 97
37 43 231
20 29 429
11 32 598
11 30 44
22 26 583
43 44 439
8 24 239
38 44 151
5 28 959
27 31 524
20 25 768
6 15 937
22 23 514
6 33 346
39 42 478
19 37 706
40 44 753
12 30 971
21 25 864
22 38 938
15 21 251
15 24 488
41 43 614
23 33 324
14 16 261
24 35 281
30 40 730
34 44 33
28 41 119
3 26 503
29 32 552
24 38 232
28 30 760
18 32 211
18 41 129
8 21 390
13 17 202
40 42 134
3 13 982
17 38 444
28 37 998
28 30 382
42 43 647
18 23 683
40 44 748
32 41 374
39 40 88
37 43 126
16 34 304
26 44 255
7 31 89
14 39 374
26 43 830
32 37 749
43 44 720
27 29 288
11 28 72
37 38 663
39 44 986
2 22 652
37 43 764
9 11 59
36 42 480
3 12 275
31 42 233
13 15 718
7 43 922
11 16 174
10 13 632
35 42 12
6 29 458
15 16 890
40 42 239
25 43 558
43 44 643
13 27 508
32 44 402
33 40 816
10 32 833
39 41 138
11 26 571
21 34 981
18 35 889
1 39 756
32 41 621
17 28 35
8 14 917
21 26 424
34 35 531
3 9 806
5 37 179
4 17 878
30 39 185
12 29 574
34 38 868
15 41 815
9 23 790
29 37 484
17 32 729
7 40 808
33 39 736
17 36 597
40 41 648
43 44 378
7 18 356
36 44 947
8 33 724
38 42 308
39 43 535
31 38 746
38 42 425
8 32 251
15 16 862
8 44 837
33 36 604
40 41 830
2 20 123
6 41 882
15 37 781
42 43 713
14 18 865
8 34 709
11 43 709
25 37 928
19 28 95
19 43 682
17 33 821
15 32 758
39 44 455
30 40 894
22 44 698
9 11 528
40 44 459
31 36 886
13 32 788
7 9 196
24 41 538
30 33 301
25 30 601
24 35 823
19 29 441
10 31 616
11 16 971
32 42 145
7 22 282
2 27 495
20 29 802
22 42 669
16 32 147
23 39 904
14 27 919
41 43 219
7 13 419
36 40 139
32 34 429
43 44 980
24 36 638
15 34 666
32 33 89
27 39 447
7 13 897
32 35 24
43 44 581
2 33 726
23 30 848
9 10 567
28 29 332
31 35 370
39 41 848
1 42 876
22 33 115
30 31 772
8 30 816
28 35 19
28 43 271
30 41 271
22 27 337
15 35 274
8 18 90
36 44 197
32 43 652
30 36 902
31 38 447
27 38 2
36 44 529
37 39 187
42 43 512
11 32 760
31 33 921
19 28 12
18 34 268
2 17 123
24 41 896
35 36 363
12 35 909
15 39 5
33 44 94
34 43 217
23 27 551
27 29 799
41 44 787
13 43 138
29 36 27
6 15 247
9 24 942
12 32 218
12 20 193
6 20 933
31 35 691
39 43 802
42 44 869
24 28 789
18 30 231
21 34 638
37 41 543
18 38 904
4 5 257
35 42 90
35 43 471
12 14 97
3 13 156
3 4 757
10 27 941
10 37 425
32 35 85
39 40 919
27 36 29
31 40 705
17 34 465
12 23 414
25 41 823
24 31 98
6 25 197
40 42 641
40 44 824
30 33 885
6 29 160
9 18 190
23 26 261
24 42 659
36 41 951
40 44 529
30 43 770
7 15 985
18 21 854
34 36 496
21 36 190
35 38 435
32 41 633
37 39 155
35 42 212
1 5 990
13 28 368
32 44 246
41 42 212
24 39 709
3 5 280
43 44 342
14 28 155
14 39 812
37 42 525
42 44 741
23 33 318
31 38 180
30 40 225
20 29 546
26 39 49
17 42 465
32 39 10
22 25 30
26 36 113
24 32 356
29 39 828
28 30 536
11 30 136
31 35 608
9 40 82
13 32 19
5 34 227
30 37 507
15 25 772
18 29 83
12 14 906
15 27 249
12 16 182
39 41 508
36 41 679
38 41 674
42 43 125
35 42 442
16 30 263
26 34 544
16 31 511
7 40 577
24 41 688
3 44 152
28 40 261
13 32 633
21 40 67
25 33 540
18 35 263
40 42 106
21 22 905
14 34 447
9 29 12
43 44 847
6 34 15
40 41 774
28 34 760
14 44 548
6 10 582
36 40 323
36 37 795
25 40 435
12 41 998
10 18 854
21 41 854
17 42 677
26 28 171
8 22 815
5 44 242
4 10 561
33 38 711
20 44 733
10 15 129
1 3 828
3 15 663
26 31 858
3 31 405
25 27 851
11 15 162
8 44 209
14 42 472
36 37 969
26 39 562
20 39 610
4 28 685
9 31 891
19 34 604
24 30 515
9 10 368
28 39 98
33 44 866
3 31 517
32 39 146
35 37 821
36 41 158
38 41 605
6 26 233
32 33 81
2 41 199
5 29 174
35 40 190
30 36 311
9 24 649
42 44 829
22 41 507
9 27 648
40 44 405
19 32 832
32 42 218
23 32 718
35 38 942
35 40 859
30 31 622
7 9 587
35 37 508
35 43 49
20 23 452
21 22 474
30 39 330
17 34 398
40 41 338
18 33 923
4 15 416
22 33 399
3 31 493
31 43 575
31 36 60
40 44 105
26 43 373
31 44 97
6 21 92
41 44 519
33 43 433
28 36 865
25 41 747
36 43 690
42 43 886
18 40 767