10
195 1000 16
124 139 146
87 181 267
37 188 411
118 131 728
83 150 372
82 104 498
89 165 488
89 148 499
18 162 744
82 139 941
190 195 635
148 166 649
75 155 917
9 108 934
159 163 755
92 159 980
96 181 54
2 30 219
84 168 51
101 136 53
20 134 926
61 111 344
131 151 218
96 167 572
115 174 676
143 181 600
120 143 686
3 194 935
80 123 815
141 146 704
129 179 160
69 128 309
30 179 553
141 189 662
111 158 654
115 128 621
150 174 323
69 155 521
9 74 226
192 194 149
15 98 416
148 177 776
58 181 697
40 173 280
41 160 371
186 190 916
4 57 12
159 194 910
138 191 262
164 169 361
3 59 862
69 87 577
52 186 376
123 180 875
169 191 670
191 195 199
98 168 234
111 193 202
108 112 148
87 89 855
163 172 911
179 182 887
94 119 127
10 167 469
10 108 138
137 188 68
32 194 705
168 192 5
170 188 246
71 116 363
81 145 241
74 172 711
11 39 821
39 149 558
151 170 591
2 9 169
150 167 436
193 195 312
34 130 940
64 90 95
118 191 428
39 134 536
102 178 284
166 172 570
194 195 152
163 195 335
47 108 124
71 129 447
109 166 482
134 161 127
16 174 338
102 108 746
90 147 798
38 81 726
43 169 31
164 182 93
152 174 419
133 175 342
168 190 523
108 154 114
167 177 993
160 164 800
183 193 382
77 106 191
65 166 612
54 74 600
187 189 367
175 177 901
147 152 937
102 107 517
148 170 706
73 144 848
135 157 513
100 152 994
34 148 827
75 166 987
139 165 867
119 179 144
99 145 443
139 166 546
10 51 189
113 183 997
90 157 859
36 189 728
153 167 543
145 185 443
52 151 690
181 183 739
74 126 955
173 183 775
164 188 231
175 187 656
6 168 976
115 180 613
45 86 599
17 44 581
73 100 107
167 182 425
65 91 337
4 96 677
172 195 772
143 166 842
161 169 79
3 15 283
142 157 197
68 191 354
122 183 582
100 159 342
28 86 780
31 139 232
137 192 159
165 182 425
5 121 554
48 60 956
98 100 713
187 195 668
95 188 402
24 139 731
187 194 428
64 114 722
114 143 74
33 71 165
28 31 74
117 138 989
120 142 102
189 192 548
135 151 48
117 152 175
132 147 313
33 147 359
154 164 312
144 187 908
15 160 240
52 167 828
42 140 343
174 182 590
61 147 174
100 162 953
108 109 247
72 153 623
134 142 767
155 192 382
65 115 58
37 89 324
144 165 192
36 151 479
122 158 899
155 187 544
35 111 660
132 168 910
121 174 909
45 90 527
84 167 133
135 139 647
182 190 990
100 164 69
130 180 721
183 186 623
157 162 411
53 78 818
143 161 103
77 179 563
48 159 580
194 195 772
144 168 103
80 96 625
78 180 332
135 159 199
138 167 114
190 192 783
62 146 504
59 109 696
152 176 309
58 70 243
13 37 766
126 134 272
73 136 638
81 188 388
161 188 342
76 81 715
91 188 875
180 194 125
142 175 58
142 172 744
181 183 706
15 37 530
59 192 879
174 192 361
89 187 370
34 166 783
8 94 136
177 194 643
18 84 691
155 158 958
119 138 512
159 192 996
125 186 199
193 195 950
89 170 641
3 165 975
59 174 975
76 166 843
44 126 116
147 190 196
130 154 586
17 19 949
29 152 572
44 151 201
123 180 198
13 37 913
146 177 797
171 192 790
163 164 800
139 146 852
2 22 61
66 117 925
135 150 523
8 77 174
152 172 144
167 189 144
37 156 520
23 133 517
63 179 613
134 190 524
24 191 549
53 114 595
22 27 915
95 156 654
163 183 933
46 168 547
50 113 884
6 113 110
70 151 968
184 188 44
111 189 240
96 158 224
102 193 490
61 74 37
125 136 21
146 188 206
118 191 872
39 83 54
99 151 319
59 110 12
51 165 26
193 194 834
174 180 828
48 163 471
177 185 531
153 177 56
155 161 867
68 167 737
32 93 277
5 61 929
89 141 512
131 162 986
104 107 466
164 175 661
103 122 444
3 36 408
4 73 355
6 20 176
171 183 916
46 129 756
60 165 217
39 62 129
20 146 897
153 172 647
51 62 106
19 55 503
127 145 352
67 135 638
9 129 582
179 195 462
150 165 506
91 98 747
94 125 90
166 179 678
3 75 392
23 54 451
45 138 763
121 195 258
60 98 484
68 82 990
162 178 735
128 151 397
46 172 141
110 111 795
84 162 711
107 172 938
60 168 795
147 174 489
167 194 220
192 195 641
92 164 355
90 136 95
42 189 49
149 190 672
193 195 439
50 93 472
39 157 440
36 166 297
51 184 70
5 24 44
159 185 101
108 140 221
22 23 698
35 79 467
153 195 82
99 156 357
177 184 17
41 102 898
45 143 990
144 187 95
128 144 368
49 86 924
31 66 67
116 181 264
50 65 977
187 192 142
57 67 714
174 178 881
96 140 968
93 94 301
20 27 14
95 107 504
183 184 468
169 179 155
81 159 224
20 166 686
42 159 259
24 183 949
15 87 257
134 150 729
113 165 875
83 139 332
126 167 235
185 189 707
120 191 981
176 182 362
194 195 825
147 187 649
51 157 526
8 90 916
21 127 831
154 175 419
84 159 977
56 67 982
126 185 416
190 191 74
119 180 300
167 173 1
176 192 343
8 48 446
46 172 930
129 144 599
103 184 319
111 150 765
101 120 62
156 194 438
47 117 547
102 142 777
125 127 357
76 83 274
57 80 750
14 93 545
111 193 654
58 66 946
146 165 798
43 174 658
182 185 699
173 179 952
88 178 301
49 119 1
56 177 423
147 172 135
165 182 142
20 53 113
112 178 696
167 190 160
28 31 1000
98 190 651
13 42 525
49 184 571
63 70 719
90 148 675
25 180 19
25 190 690
132 166 530
16 40 548
44 61 468
46 160 395
126 185 138
54 164 608
45 97 775
73 192 267
103 173 371
161 193 11
148 157 617
97 166 827
70 167 988
8 17 958
110 171 665
126 132 509
173 174 856
19 183 668
37 121 938
152 170 465
93 99 681
119 180 223
92 101 295
41 52 208
5 73 852
46 60 260
22 191 122
193 194 379
9 109 396
121 144 863
59 158 476
67 106 188
25 59 120
31 158 323
114 127 540
87 130 830
63 126 977
76 119 861
95 169 875
129 137 479
91 156 593
167 182 776
142 180 301
155 162 286
52 136 200
24 57 928
115 160 716
124 151 139
186 187 449
105 167 771
40 139 768
133 170 760
88 95 905
162 172 413
128 164 645
11 135 77
187 194 173
76 168 885
103 195 654
83 144 80
6 125 412
126 154 191
119 121 293
132 176 714
148 193 428
101 164 549
57 169 430
103 126 645
103 151 525
7 187 529
128 194 838
143 183 367
2 49 477
65 156 966
62 151 386
85 181 827
130 143 188
170 183 17
87 123 366
71 107 431
187 190 221
173 195 950
187 190 806
151 182 872
121 146 863
118 175 182
4 14 821
6 153 607
19 108 93
87 126 64
82 146 25
80 124 517
176 186 188
81 105 692
39 89 675
64 100 766
162 187 630
175 177 763
140 189 883
140 185 149
37 172 493
169 192 199
163 171 219
155 177 880
165 175 638
43 64 618
18 32 80
91 120 557
140 141 58
27 123 254
26 101 823
22 72 808
184 190 361
28 114 823
157 179 155
149 166 202
123 130 187
160 183 399
165 188 553
113 185 918
59 172 557
98 188 210
34 40 992
150 175 222
157 167 495
125 132 542
121 132 565
85 143 80
81 89 827
180 186 413
166 178 126
82 146 312
47 114 867
141 161 888
113 173 237
157 168 400
126 143 276
168 184 342
138 175 741
137 163 768
43 181 904
91 101 874
122 129 575
96 107 300
83 156 545
167 170 794
53 79 854
25 171 733
38 119 652
52 172 1000
182 186 243
33 133 891
178 193 623
26 79 471
159 182 895
141 192 337
19 113 835
136 137 262
117 170 353
51 108 35
162 184 349
59 176 995
88 158 277
94 167 208
11 44 918
124 132 377
92 145 633
179 181 293
18 60 772
179 186 735
145 172 315
17 37 313
173 194 724
159 174 898
98 140 121
70 160 283
111 186 515
23 34 258
37 126 90
160 190 433
192 194 251
46 180 800
154 188 705
78 162 856
135 157 246
156 192 198
175 185 667
79 183 375
152 180 968
4 31 911
56 175 856
43 142 639
57 99 563
154 166 588
68 116 995
14 186 755
53 71 583
55 164 468
176 190 503
143 193 326
8 170 64
125 134 344
125 166 480
4 109 99
93 133 47
121 187 598
63 89 856
167 195 149
51 151 657
55 165 79
49 170 857
29 187 752
70 95 772
131 158 997
64 97 170
17 42 232
25 189 552
78 173 958
130 150 418
64 79 708
24 107 482
140 168 8
149 170 907
71 72 204
85 89 208
138 180 432
88 130 398
90 187 680
16 117 561
115 191 921
52 160 87
137 160 418
152 162 184
41 85 509
53 73 429
183 184 787
184 195 461
50 91 262
137 154 174
87 165 648
80 83 285
43 133 360
6 36 781
98 173 427
3 137 8
126 137 904
64 170 446
152 157 221
27 45 884
189 190 727
35 158 778
167 183 700
88 179 443
107 155 713
50 89 490
39 85 549
174 183 326
74 127 651
120 131 5
62 138 997
93 157 932
180 187 746
162 181 656
77 185 196
33 124 642
149 160 799
129 160 881
149 150 527
120 191 121
144 148 372
80 98 875
83 194 303
2 112 958
59 102 629
112 125 499
49 127 114
101 107 359
38 190 245
146 188 455
118 177 941
36 172 833
140 159 965
172 184 127
48 96 222
191 192 291
89 103 940
126 156 432
24 58 259
45 136 499
113 160 810
115 187 634
60 154 946
89 154 598
125 188 534
16 55 520
125 128 767
120 172 714
145 186 794
52 170 622
108 128 958
24 115 441
14 22 994
47 168 58
187 188 559
141 156 283
60 61 850
191 194 464
29 124 941
69 164 684
184 188 537
113 152 749
194 195 711
150 173 741
182 191 764
10 11 494
162 183 742
83 140 606
57 193 203
143 165 672
147 169 152
76 192 255
84 179 475
161 188 751
5 19 39
128 148 106
73 139 657
132 194 322
47 121 967
131 137 337
111 163 601
183 189 10
127 182 444
53 155 27
80 183 128
41 97 258
81 193 223
98 168 803
97 116 811
185 191 673
159 194 591
35 106 754
48 175 689
182 185 417
182 185 126
141 183 69
80 133 478
114 191 95
184 186 287
178 180 223
15 25 966
29 191 268
6 135 914
151 170 385
47 102 594
85 139 783
138 144 993
154 160 488
52 91 439
75 169 695
106 140 836
178 179 236
112 191 658
190 191 185
19 79 331
117 140 951
32 95 596
74 128 526
181 188 66
96 109 994
189 195 845
59 153 72
53 187 25
17 134 450
192 195 549
115 177 971
187 193 677
1 142 350
153 192 207
103 172 671
162 167 451
185 195 99
44 45 678
74 101 254
86 123 130
26 157 835
124 159 645
150 168 733
19 111 194
123 129 820
43 44 7
140 164 123
17 110 951
55 189 145
21 177 212
176 189 334
103 148 309
26 51 66
185 191 106
166 188 687
86 182 882
193 194 240
125 193 3
45 97 914
189 192 760
123 158 423
103 155 861
99 178 496
26 109 418
34 162 883
185 195 981
166 191 703
9 61 363
111 147 262
178 187 738
181 194 662
177 190 773
125 146 948
46 70 113
78 188 743
138 185 641
30 60 626
28 78 178
50 157 749
153 189 566
109 184 144
76 106 399
133 173 79
163 171 323
153 158 534
117 163 768
72 182 936
9 68 456
111 154 375
30 59 443
21 173 313
154 185 272
168 171 507
148 175 987
20 99 565
34 132 528
145 193 882
81 156 671
40 95 224
8 138 989
112 192 507
5 17 28
153 188 287
102 149 427
101 110 106
121 182 678
93 123 698
42 118 183
77 124 650
43 53 439
46 145 540
12 190 378
144 153 13
31 194 980
85 156 938
98 136 624
124 149 243
31 49 785
163 193 949
83 86 303
7 150 46
93 183 493
86 145 838
77 151 443
38 54 349
23 37 318
101 187 63
44 194 682
14 100 548
57 64 360
73 84 439
165 168 794
100 193 755
56 144 704
8 132 359
121 146 311
94 132 992
127 129 124
144 174 667
148 158 109
151 152 397
154 195 819
79 111 512
157 165 778
56 181 726
115 187 216
179 180 453
191 192 622
55 194 776
134 140 655
129 173 23
13 107 647
122 168 118
52 157 396
75 126 306
188 192 990
119 160 491
3 193 60
114 124 919
54 139 210
55 71 150
132 177 6
132 136 187
123 184 589
152 162 844
47 60 485
136 180 174
20 125 512
176 188 301
76 163 583
121 183 321
35 100 769
173 188 101
145 194 355
136 171 880
26 137 231
75 77 528
60 122 677
79 179 641
79 105 907
96 129 882
165 179 421
15 96 689
111 178 402
47 68 830
102 159 822
101 126 755
40 82 378
68 128 478
53 120 331
55 102 312
66 159 70
179 182 105
175 178 469
181 184 413
52 177 604
154 194 912
45 106 264
191 193 493
44 64 511
34 99 228
114 133 755
41 87 893
161 183 108
157 191 307
97 135 615
144 147 108
12 71 77
91 194 53
7 80 405
165 195 543
148 187 269
157 191 650
109 121 352
89 152 312
113 154 514
13 165 403
107 162 762
188 190 830
89 163 785
139 157 436
189 192 597
37 165 489
184 195 78
70 165 467
103 135 547
127 162 628
160 186 762
145 1000 6
82 110 410
38 47 609
73 83 989
30 44 604
3 65 689
66 140 89
124 131 527
118 126 724
92 93 139
81 127 446
1 107 842
119 130 562
44 131 825
128 137 838
143 144 60
75 121 630
5 110 601
105 125 1000
19 109 203
71 73 167
109 113 531
73 93 191
44 114 398
11 114 430
124 141 947
23 98 161
72 136 409
29 45 234
98 138 941
95 143 761
71 134 994
60 131 835
130 144 319
103 130 656
25 108 120
17 122 539
61 63 164
95 119 478
58 120 430
73 117 394
54 110 859
49 110 662
118 124 851
44 47 799
4 110 395
85 108 17
63 98 256
142 144 445
23 112 619
97 137 815
7 109 615
101 143 256
46 114 798
131 141 799
103 115 355
94 139 855
45 112 365
140 145 231
114 140 271
16 55 510
45 112 305
111 144 352
123 136 64
5 7 607
17 119 835
68 87 615
63 133 853
36 133 400
43 90 4
73 131 753
100 137 234
83 130 372
125 135 278
129 133 801
51 77 743
40 84 637
112 138 33
121 125 641
40 77 76
57 75 519
44 143 548
100 130 900
109 112 794
68 127 364
61 74 66
99 105 672
17 95 85
51 137 971
38 100 672
90 100 99
49 136 289
104 128 61
36 125 975
39 63 108
21 33 81
111 117 771
136 145 136
88 103 381
98 102 272
98 107 935
123 133 59
71 141 298
81 117 684
101 134 483
16 22 559
62 140 964
81 123 213
89 110 704
78 132 653
120 132 709
40 127 973
22 88 928
24 92 395
79 87 340
23 128 968
130 134 888
46 51 564
80 128 904
43 120 17
89 94 882
86 137 157
122 142 716
101 145 753
31 47 433
41 92 177
17 35 677
105 109 866
66 87 7
53 91 147
8 129 73
121 141 742
50 123 996
142 143 575
62 142 338
48 97 700
63 76 550
4 72 830
65 124 417
133 142 75
55 136 563
130 135 942
127 134 492
54 91 559
11 126 88
2 76 886
132 145 449
111 137 522
54 113 918
24 42 741
57 89 147
76 77 603
22 118 434
37 92 616
16 108 922
18 49 302
16 40 257
16 114 422
22 50 882
76 104 378
116 118 442
43 105 893
82 118 396
46 132 259
95 143 106
87 129 7
47 87 322
83 125 499
108 124 373
56 95 640
138 140 909
75 104 526
118 123 811
30 45 632
117 128 473
74 103 969
74 135 850
144 145 164
43 136 482
106 110 895
76 131 387
4 52 187
29 44 425
48 135 659
110 124 380
43 45 593
122 124 487
122 132 18
125 144 824
143 144 132
81 141 306
142 143 298
129 133 267
1 140 689
143 145 825
134 137 168
15 133 33
53 103 968
65 109 622
34 103 343
3 16 640
8 55 909
133 136 783
24 114 259
110 112 756
124 143 618
142 143 532
43 86 325
75 87 581
129 139 113
44 125 354
125 141 756
45 79 359
2 9 71
48 77 566
4 135 763
62 83 124
18 144 600
55 88 952
3 71 730
53 118 525
48 72 845
134 137 621
23 26 574
12 24 407
123 136 250
27 95 547
100 125 666
126 135 547
5 57 841
27 128 48
126 138 421
131 144 632
48 73 1000
125 133 48
62 64 450
48 89 749
43 140 901
68 88 631
132 137 255
35 137 564
21 65 144
144 145 638
4 38 679
117 136 195
105 128 433
46 132 357
93 128 639
63 64 962
74 126 151
4 11 153
99 102 886
11 88 571
24 56 265
135 144 654
26 53 846
107 108 166
34 48 451
109 128 759
57 85 388
68 119 393
44 73 979
109 131 931
78 122 191
17 30 624
11 40 887
132 137 622
121 137 409
121 143 245
11 36 131
33 67 454
83 132 319
113 137 928
105 141 635
98 133 41
123 124 885
56 63 844
23 39 291
64 140 242
127 132 463
126 130 587
76 96 35
15 98 149
38 116 536
1 15 558
86 111 824
144 145 715
65 79 17
50 53 784
120 137 194
55 71 129
93 126 607
117 122 928
56 92 484
108 117 179
128 145 962
87 103 250
120 135 639
11 110 564
135 142 64
51 58 112
65 100 895
115 135 82
85 117 227
79 104 237
6 141 85
98 145 577
69 141 317
114 143 252
38 110 196
117 138 179
8 58 253
2 139 358
53 104 585
64 144 884
81 98 778
58 121 272
63 95 616
109 133 851
78 109 718
47 55 141
100 135 458
116 127 285
103 119 725
88 127 355
34 129 245
4 77 709
71 127 134
134 145 499
66 84 277
142 143 76
36 101 895
36 74 514
138 145 769
61 141 216
103 143 908
98 143 501
115 118 701
19 55 446
90 94 595
138 139 932
63 112 108
100 128 890
139 145 95
11 41 68
101 124 393
69 87 209
42 113 201
4 59 244
54 119 30
25 89 763
75 119 78
64 140 234
19 112 353
12 33 481
83 109 148
75 85 367
10 121 955
129 137 267
7 97 364
71 113 686
43 122 438
143 144 705
60 100 718
78 120 310
134 142 618
12 41 29
131 137 160
67 69 675
50 116 287
94 100 388
106 131 740
132 136 338
4 107 311
115 124 888
53 100 582
132 142 802
81 104 108
121 131 875
82 121 234
8 23 970
51 140 957
13 40 241
36 132 603
41 108 542
89 142 928
17 100 48
112 124 185
93 116 899
45 119 547
6 72 709
85 143 564
49 70 93
20 121 456
125 141 568
52 128 537
118 133 804
80 115 815
104 129 51
66 128 511
40 122 378
99 117 247
82 141 18
58 134 498
97 117 49
117 145 386
13 55 36
15 136 573
125 141 510
64 130 828
4 68 593
133 143 362
96 98 671
31 101 856
132 145 690
132 136 960
15 36 682
22 132 944
102 124 595
3 50 768
111 132 150
5 123 102
108 141 842
120 125 799
36 124 796
54 132 741
140 145 822
84 135 482
142 145 393
85 121 192
63 97 472
111 129 264
13 81 483
73 145 819
23 54 361
115 139 871
60 110 452
100 137 719
116 140 176
79 115 135
87 107 358
13 76 194
123 139 411
64 134 459
63 123 989
122 131 952
115 141 292
118 135 738
128 140 135
56 79 173
16 60 244
105 143 930
83 111 141
69 73 439
23 138 123
87 144 480
138 140 292
3 47 776
44 121 61
136 138 407
40 69 28
92 96 922
93 130 598
20 131 327
38 130 729
12 91 345
136 139 582
57 128 241
133 137 636
66 103 442
124 125 535
143 144 609
132 139 270
23 78 904
109 134 194
128 145 374
68 90 626
20 60 309
74 122 552
125 131 253
108 127 886
76 87 144
20 81 56
103 130 767
34 62 183
21 132 26
128 132 742
43 52 14
92 138 705
130 132 910
56 139 328
96 101 555
80 121 294
46 118 973
20 119 340
97 132 170
77 131 756
129 136 969
87 124 445
46 122 537
35 127 718
5 129 586
92 111 580
6 130 831
37 41 451
70 131 518
110 141 363
125 145 967
13 105 423
121 137 841
64 106 623
85 104 922
14 119 16
68 73 944
139 140 459
83 137 603
96 107 613
140 143 779
115 116 487
71 133 705
78 112 437
69 78 477
131 134 682
4 137 653
84 111 346
13 142 509
116 128 808
63 91 378
32 127 976
104 140 357
103 139 876
31 138 100
2 116 836
63 145 435
132 134 624
64 74 974
85 87 677
23 54 925
47 112 867
25 132 153
131 134 570
51 130 332
59 102 932
130 133 925
136 137 401
38 90 742
33 104 681
4 36 93
83 91 315
92 111 722
46 57 562
66 97 974
59 105 405
90 128 747
16 46 790
126 138 782
9 30 810
58 122 150
31 74 915
129 143 706
88 91 15
89 109 864
34 119 767
6 21 391
111 137 274
1 126 602
93 142 874
97 138 575
38 82 660
80 116 431
1 70 972
73 92 337
33 84 282
49 121 149
71 75 470
63 120 608
85 145 27
115 126 754
88 125 25
36 137 422
75 104 681
18 102 768
2 37 999
92 137 681
59 90 626
99 117 310
33 42 432
97 131 764
114 135 379
36 117 709
20 109 463
57 83 443
123 131 605
128 143 318
96 144 98
102 127 250
15 22 125
141 145 821
84 141 345
21 62 341
38 81 534
133 136 878
121 136 385
84 118 731
136 138 962
61 133 349
3 87 94
117 123 70
140 142 207
50 120 537
112 119 162
39 110 387
92 137 855
53 109 454
84 92 410
36 52 937
57 139 429
64 143 417
11 99 852
79 80 704
140 145 611
35 112 817
9 12 799
102 105 469
44 64 556
77 95 227
53 142 480
32 39 9
91 120 168
15 73 77
7 46 401
123 144 590
20 56 520
81 90 706
53 96 297
93 100 475
33 115 545
74 77 248
55 112 628
107 137 811
120 140 455
139 144 304
6 76 771
127 128 366
119 142 866
67 81 145
75 138 278
95 122 990
116 129 412
25 90 970
43 91 398
83 132 185
54 59 5
8 35 438
79 84 801
55 119 136
27 90 514
15 105 560
80 127 144
101 135 891
83 89 848
60 100 432
74 90 389
113 128 5
27 55 594
10 32 983
48 70 394
105 141 337
64 81 228
3 8 660
68 103 907
19 50 412
51 123 477
111 129 623
4 58 296
64 124 243
34 78 419
3 62 27
57 80 121
27 124 906
56 97 670
63 77 233
88 92 238
104 106 402
44 122 831
82 138 318
31 132 589
64 106 674
140 141 602
17 64 17
100 117 460
122 135 797
97 123 759
27 136 282
139 141 287
88 127 343
107 111 561
49 133 822
58 110 885
101 133 711
20 134 607
111 137 556
128 133 990
114 134 39
103 109 353
7 79 708
35 68 501
92 108 835
105 113 540
37 44 991
132 141 558
4 24 87
17 23 50
12 26 613
137 139 417
29 75 601
98 123 485
132 133 173
128 140 393
104 118 321
7 136 790
119 120 361
50 89 68
75 88 3
23 105 269
42 82 80
129 137 946
4 123 241
43 78 381
70 74 134
87 142 179
85 103 784
29 35 390
115 119 274
98 102 381
25 92 247
107 117 550
107 140 177
21 33 656
25 109 202
64 75 142
94 138 889
131 137 545
128 133 448
116 129 168
89 110 426
56 126 233
8 135 290
16 36 421
125 137 413
3 28 960
127 129 934
112 132 59
49 104 268
131 140 116
71 81 221
56 140 864
137 143 974
134 142 607
98 140 366
25 47 942
117 144 325
70 118 527
46 65 682
110 135 373
110 115 449
127 143 731
30 109 240
41 86 307
29 97 852
76 84 122
125 139 797
123 133 966
50 95 648
44 45 743
27 102 482
7 107 771
75 117 327
131 137 586
89 129 753
20 138 502
135 144 473
18 123 353
49 72 585
48 99 582
9 14 819
4 115 696
39 49 787
67 76 951
76 110 883
89 91 799
23 66 350
127 139 643
38 78 27
74 137 480
46 96 189
70 137 282
45 118 932
94 104 144
91 99 657
9 114 426
66 69 146
100 119 675
6 108 661
137 138 415
52 112 350
63 99 201
54 107 578
105 110 348
122 132 924
105 143 449
98 114 541
103 121 522
40 44 85
15 52 37
136 143 174
95 105 322
134 145 648
21 139 462
16 53 428
11 80 999
139 144 813
76 109 152
51 87 91
50 134 314
79 142 322
95 114 561
1 12 331
93 107 851
116 118 710
109 144 121
35 120 830
66 84 889
106 133 195
123 132 274
132 135 51
117 123 817
119 130 113
97 131 100
56 71 187
55 145 284
67 100 22
106 145 612
81 85 322
106 117 289
136 144 302
97 99 225
111 116 662
12 118 982
108 113 754
10 68 189
20 108 201
57 130 41
9 31 178
17 65 432
107 130 991
104 127 662
55 113 196
109 131 297
120 137 45
131 136 501
100 105 900
3 21 684
54 113 400
79 102 414
38 46 874
29 124 176
76 101 373
92 98 767
109 133 766
19 99 488
34 129 548
69 109 37
78 110 210
40 63 383
132 134 635
117 144 685
4 107 844
37 125 674
132 140 848
123 133 655
5 125 982
106 109 501
112 137 59
66 142 213
30 128 306
21 113 689
120 126 958
1 88 373
119 135 40
13 34 64
100 123 406
136 139 928
102 109 523
102 117 893
98 121 990
90 106 773
10 35 817
81 85 600
111 138 808
23 138 940
15 46 713
136 141 783
96 132 15
126 137 469
125 140 448
38 73 240
35 124 305
119 128 530
53 63 700
120 144 688
19 91 445
116 128 638
82 129 883
56 124 976
86 101 493
37 47 692
15 67 673
92 131 777
34 111 249
83 85 190
18 140 841
17 131 508
25 79 972
136 144 204
43 102 58
105 120 851
13 131 644
1 56 717
107 110 145
87 129 62
76 115 717
38 79 654
49 98 132
134 138 704
102 121 128
9 87 115
80 113 489
72 104 522
37 101 696
4 133 475
81 100 914
26 114 668
122 132 700
125 145 486
138 141 952
100 110 925
107 111 705
31 126 385
69 116 319
124 137 372
116 144 298
45 124 438
8 118 290
138 145 493
134 145 948
61 67 991
111 135 928
132 145 850
107 108 968
45 72 972
50 76 995
59 77 507
86 98 985
9 99 639
15 71 312
131 143 427
73 105 309
91 116 860
2 134 615
119 125 514
130 135 611
35 106 470
67 144 826
89 131 589
32 83 96
86 90 94
143 144 516
115 144 175
75 117 738
114 117 761
97 122 537
69 141 155
114 117 502
42 118 95
34 120 83
82 98 22
76 86 73
19 95 585
28 80 104
58 96 125
50 106 714
112 143 31
54 58 932
49 128 944
19 32 643
2 124 291
117 130 403
80 120 369
124 132 55
11 53 428
73 459 11
21 22 606
7 58 387
52 54 312
66 71 887
48 57 125
46 56 971
8 33 735
1 17 702
63 69 725
55 62 954
4 64 39
30 35 986
68 69 496
3 30 459
43 55 22
62 73 112
29 69 1000
27 50 36
42 71 422
30 55 655
48 49 313
2 33 109
64 70 180
3 68 790
71 73 872
34 44 551
52 64 827
42 64 345
41 46 324
36 67 586
66 69 499
38 65 143
9 19 438
10 33 688
62 70 939
4 73 414
54 61 341
26 65 160
32 51 645
37 44 9
46 71 573
71 73 912
47 49 181
69 73 81
26 66 171
8 32 163
13 72 443
46 61 612
72 73 796
28 29 11
45 73 148
36 57 353
10 51 423
2 33 288
44 49 707
53 55 364
59 69 621
13 49 706
34 64 907
62 66 890
25 73 423
28 67 331
12 21 385
2 40 398
21 39 813
58 64 776
9 19 171
58 59 194
44 62 742
62 65 25
17 58 813
24 40 541
39 45 374
12 30 107
7 13 822
34 53 187
32 37 908
43 45 986
66 70 722
25 33 578
12 43 203
47 67 606
15 46 347
9 63 833
38 40 332
10 39 420
35 57 614
13 60 387
5 64 400
65 69 676
15 44 600
53 69 332
31 66 846
4 20 648
4 14 245
66 69 172
34 54 394
11 44 413
62 71 624
33 68 24
54 60 160
48 68 149
34 35 124
27 46 652
27 45 841
7 50 500
70 71 844
11 51 623
21 31 892
50 51 578
32 51 967
10 15 241
26 51 848
59 64 467
41 47 833
1 3 530
25 28 675
23 59 228
54 59 664
31 68 348
32 64 431
35 51 265
6 34 850
20 48 143
63 70 792
15 51 853
48 55 587
36 41 259
46 72 722
18 47 610
36 49 742
49 73 731
69 72 149
69 73 696
39 57 526
28 69 420
40 56 708
38 45 602
22 25 502
24 47 74
71 73 919
67 71 399
9 10 537
67 70 891
67 69 670
16 65 149
68 73 228
64 66 671
41 49 267
18 36 732
16 39 741
10 17 691
11 64 642
53 56 314
51 52 59
20 61 223
47 65 561
50 58 966
60 62 733
26 47 139
24 49 29
30 67 934
36 66 848
47 62 809
18 22 133
12 59 850
22 72 596
44 69 642
20 41 985
1 45 974
40 64 464
53 54 759
66 67 358
8 29 544
3 27 666
70 72 252
54 70 880
22 51 681
71 72 620
39 58 79
30 39 991
42 72 381
15 35 680
62 65 222
53 70 936
63 68 402
55 61 713
51 65 605
58 69 907
45 65 942
12 58 711
48 68 980
52 53 248
16 65 858
42 45 338
56 70 687
70 73 823
62 70 130
47 70 851
46 49 475
37 44 786
17 40 711
28 43 76
26 27 799
7 18 392
62 71 550
10 43 226
14 63 665
17 40 802
23 45 396
39 73 604
70 73 634
38 48 736
67 73 199
35 46 139
34 53 937
4 19 808
33 72 850
25 62 896
65 68 599
31 50 954
25 43 194
30 35 494
14 73 378
28 72 980
48 57 937
22 36 3
30 58 517
64 66 358
54 68 518
5 45 675
43 71 244
20 22 555
47 63 301
16 49 211
68 70 623
59 70 637
21 69 282
49 63 156
40 61 802
48 69 835
60 62 844
67 71 373
37 66 633
37 68 909
53 67 235
10 16 693
57 65 800
13 15 111
50 61 42
4 15 554
43 73 272
43 60 213
12 62 234
39 43 104
44 57 466
41 61 447
48 54 496
5 33 679
14 71 795
40 61 381
2 19 461
27 44 333
62 71 779
5 46 684
69 73 817
44 67 204
9 11 697
61 70 861
54 65 584
53 68 745
57 71 354
4 64 58
7 72 818
42 56 251
15 23 792
59 63 330
44 67 571
10 70 803
5 53 136
36 64 209
54 59 805
41 60 662
16 48 243
48 66 503
42 49 141
33 60 974
17 55 716
13 46 746
70 71 33
60 68 628
6 33 45
49 69 841
66 71 21
52 73 882
43 56 456
45 54 924
6 47 972
5 47 491
50 69 757
69 73 72
19 57 735
26 36 651
65 70 74
55 70 402
64 65 731
23 52 245
55 58 17
6 67 152
29 39 206
58 59 52
23 53 836
59 70 980
46 63 230
67 70 133
67 72 366
58 68 24
40 71 857
9 23 585
61 64 481
60 68 436
59 68 27
24 66 187
15 48 669
32 69 273
28 49 542
67 72 175
24 67 722
41 42 287
39 72 543
9 66 556
26 36 661
18 53 76
42 63 872
30 68 119
24 31 274
70 71 389
41 56 260
26 43 614
17 61 916
72 73 185
12 29 763
5 46 780
58 72 176
4 55 572
6 10 875
66 67 269
55 61 884
70 72 256
17 67 991
70 73 921
10 40 854
5 67 59
52 56 629
18 64 439
3 40 515
57 64 20
10 49 807
38 49 67
32 45 601
26 48 961
50 51 621
6 40 180
26 56 383
66 73 233
19 38 958
61 69 489
2 31 521
38 54 484
14 45 782
19 50 939
13 33 735
39 55 690
31 46 794
67 73 663
33 46 631
66 70 432
51 56 248
8 26 413
25 31 663
30 57 519
32 47 257
47 70 546
5 68 631
36 47 481
62 69 424
14 39 332
71 72 39
67 71 544
48 59 634
56 64 30
58 70 223
36 70 590
68 73 104
51 59 253
34 63 925
22 70 834
50 63 263
59 60 643
23 48 679
35 38 776
8 16 312
5 20 843
46 62 139
60 70 25
4 69 98
43 68 818
8 37 439
51 68 634
6 70 880
7 10 778
2 28 961
70 73 693
66 68 696
35 51 985
18 33 797
18 26 596
31 34 749
36 70 127
5 49 601
4 38 888
12 63 992
31 69 646
64 71 501
35 71 91
43 55 121
16 26 209
27 56 781
47 65 83
6 9 600
16 31 612
17 66 313
4 38 110
64 73 114
18 42 284
3 55 440
62 63 709
64 66 465
16 60 288
61 71 414
30 57 58
14 63 148
63 65 974
55 68 25
70 73 313
67 71 766
70 73 65
20 70 859
62 66 965
31 68 290
25 27 795
61 71 321
44 65 545
45 62 638
59 72 204
58 64 265
37 40 670
18 48 488
44 71 509
53 1000 4
23 45 122
42 49 739
43 45 9
14 28 174
20 33 435
1 3 557
11 22 433
52 53 7
23 26 1
40 46 883
42 48 845
31 49 218
22 27 662
10 38 84
30 31 410
10 42 258
47 53 670
44 46 102
19 29 571
2 5 692
33 42 697
50 53 782
30 32 482
13 46 727
44 45 242
21 38 912
42 47 498
48 53 53
47 52 509
43 52 786
40 52 991
48 51 785
51 53 771
38 51 951
20 42 571
35 47 484
43 51 140
44 52 705
20 45 442
34 35 247
6 50 186
43 45 681
9 18 635
24 52 480
34 39 555
50 52 585
2 4 305
36 41 6
45 51 207
31 33 74
22 35 805
15 42 994
26 49 501
20 31 259
14 20 273
15 31 436
35 50 841
39 48 383
18 44 383
39 44 754
35 51 442
14 37 676
47 50 397
3 13 637
28 38 457
1 16 63
19 52 703
22 27 875
22 41 566
34 44 749
8 33 211
44 53 811
39 44 977
32 37 868
44 51 612
23 39 759
43 47 46
46 51 134
17 30 202
30 36 656
45 53 315
31 49 181
41 48 301
50 52 575
34 41 344
47 50 953
43 53 671
8 47 111
33 49 324
50 52 38
27 47 379
15 38 529
4 47 82
41 43 497
4 27 781
44 52 213
2 40 967
40 53 707
32 38 585
27 46 488
30 33 156
31 52 73
40 44 496
20 22 906
35 50 734
24 44 795
39 44 683
35 40 581
34 47 784
30 46 628
24 50 977
38 52 653
29 39 257
36 47 856
34 50 34
23 40 503
33 44 119
45 52 37
8 44 13
46 50 682
51 53 632
2 31 577
29 52 416
5 26 262
8 11 869
26 43 102
52 53 449
28 51 840
22 33 314
27 50 919
3 11 999
13 40 277
29 34 239
39 42 564
16 46 47
19 38 773
14 49 349
37 47 149
46 52 257
46 50 870
34 35 925
36 45 440
40 42 642
23 25 101
52 53 378
5 18 54
3 51 483
5 34 622
26 39 405
41 51 85
19 48 738
15 37 499
30 51 266
34 48 706
7 46 328
23 52 825
9 13 625
10 44 577
7 48 724
38 50 285
50 52 505
41 50 154
33 34 30
27 50 756
25 36 723
1 38 675
13 27 291
44 49 340
37 38 689
44 52 940
41 49 731
8 24 316
10 18 586
46 53 1
25 36 559
17 19 290
15 44 134
50 53 996
44 51 69
49 51 415
25 41 554
16 27 208
15 16 645
32 38 916
35 50 885
5 27 220
9 20 874
46 52 200
9 19 454
17 31 12
31 41 112
7 28 408
14 47 556
35 50 726
9 27 83
38 41 859
10 33 591
14 43 990
11 44 133
8 31 71
19 49 629
50 53 116
14 24 322
20 44 193
39 52 107
11 39 906
34 52 19
39 45 298
35 52 463
29 51 241
37 40 230
12 53 866
9 18 527
41 48 362
27 50 635
29 41 25
4 14 728
4 13 303
6 36 990
2 6 683
12 26 134
5 19 632
31 32 805
34 53 722
35 53 596
25 34 840
15 50 853
46 48 89
24 50 278
15 22 442
43 53 904
23 24 240
43 47 39
3 50 945
49 50 569
16 18 887
11 26 591
14 53 681
40 46 408
36 38 573
30 48 554
42 53 492
46 51 145
24 43 832
30 34 542
4 34 89
33 40 922
29 38 162
3 35 508
5 20 575
5 30 148
37 44 11
48 50 24
2 15 390
41 44 486
37 40 49
50 51 574
46 52 435
31 35 192
10 19 311
40 45 648
16 53 554
28 50 792
47 52 980
36 39 221
45 49 934
25 34 412
15 33 944
12 13 380
16 46 616
51 52 9
35 39 23
14 20 113
43 51 636
9 25 26
27 37 124
39 53 12
5 19 289
25 41 837
16 53 242
39 43 375
31 38 920
29 36 982
31 38 917
19 22 796
36 43 359
33 50 258
36 48 267
21 24 378
48 49 524
29 44 263
44 51 576
46 52 918
15 16 910
36 37 949
37 50 712
13 51 95
15 30 484
24 29 975
18 44 222
1 9 517
16 28 559
41 49 769
10 25 569
17 48 674
37 43 777
25 41 792
29 52 888
1 53 21
12 51 909
25 51 589
7 51 220
6 28 645
36 38 243
22 35 474
49 52 501
30 49 321
6 34 705
18 48 889
16 24 363
39 40 475
22 42 356
25 33 32
51 52 425
15 52 811
22 51 239
9 24 644
24 45 394
1 23 245
48 51 405
1 46 293
9 36 540
50 52 515
9 35 551
20 29 40
23 41 708
27 34 238
41 49 948
3 25 969
22 53 139
1 27 304
34 36 11
51 52 979
40 50 685
28 47 371
20 22 498
41 46 158
4 36 1
20 24 29
42 47 192
12 41 576
16 35 837
21 48 151
43 44 310
37 47 85
35 51 221
52 53 263
50 53 644
21 25 16
32 45 984
11 12 484
39 53 396
43 45 227
20 49 638
7 32 155
31 37 234
27 49 682
15 17 417
29 53 596
23 46 404
7 12 322
17 31 865
16 34 575
27 47 689
4 35 533
16 29 254
41 42 736
11 48 329
31 40 335
9 21 576
4 22 846
48 51 505
22 36 922
45 48 640
15 19 368
27 52 227
49 53 7
20 43 243
15 17 4
7 52 847
37 51 754
52 53 61
43 47 142
49 51 430
32 48 179
26 44 845
43 53 248
47 49 769
14 48 996
2 24 377
5 6 234
16 35 641
25 49 423
39 41 723
6 46 913
32 43 51
34 35 242
23 44 842
10 16 129
15 45 345
36 43 302
4 53 345
5 50 93
1 35 271
30 52 250
25 39 258
23 42 415
28 49 809
38 48 135
45 46 545
14 48 25
5 43 685
2 52 87
31 45 926
1 39 817
32 36 461
13 27 275
6 32 504
30 52 421
3 47 966
34 35 72
41 44 33
49 50 741
46 52 599
6 39 628
44 53 872
17 43 627
26 52 974
34 48 59
21 42 961
31 47 747
42 43 369
37 42 220
38 49 485
30 40 136
40 42 860
23 43 380
19 33 675
32 43 955
51 52 50
50 51 915
48 51 430
38 47 420
42 53 53
24 36 67
29 43 799
39 52 655
37 39 82
29 42 679
14 24 958
34 52 428
14 44 880
9 10 272
40 52 914
19 35 999
51 53 528
9 44 863
5 26 926
36 41 769
4 33 713
14 32 905
48 50 30
24 42 335
35 37 97
43 48 803
11 32 648
31 40 182
8 15 875
15 23 396
17 20 280
18 22 73
27 34 295
41 50 455
9 10 261
28 43 657
19 48 158
44 48 611
34 43 637
23 28 808
38 44 292
40 44 612
31 34 974
4 21 720
49 51 133
39 41 539
27 40 935
30 35 469
18 30 910
13 34 392
47 52 973
15 28 381
40 53 440
5 25 113
45 50 281
8 20 29
4 24 605
52 53 134
47 48 495
5 44 399
29 53 291
21 52 362
10 26 381
39 42 678
18 23 263
33 45 703
45 52 764
49 50 854
35 49 943
22 33 629
12 46 959
39 49 770
49 52 150
51 52 758
26 30 692
50 52 298
44 50 670
46 50 868
30 44 556
43 45 984
16 42 845
36 48 552
42 48 505
31 45 201
38 45 680
22 42 822
3 25 848
16 25 656
39 40 305
11 43 434
1 20 752
50 53 284
48 50 844
39 42 256
8 23 431
41 53 687
20 29 664
51 52 824
21 25 794
41 43 362
20 33 53
34 47 215
15 26 370
43 48 370
18 34 163
22 49 375
15 37 40
3 30 168
26 34 996
48 53 333
8 10 603
11 29 755
24 33 854
2 17 199
2 39 205
22 52 909
24 40 188
46 48 180
25 53 932
40 48 743
8 27 946
52 53 518
35 37 889
45 48 530
44 48 81
43 48 171
3 33 440
34 47 763
38 51 242
51 52 332
34 35 345
33 39 84
6 53 276
34 52 937
16 28 48
31 33 135
24 28 581
26 30 755
42 45 630
38 39 508
4 39 815
28 38 376
18 28 249
48 51 257
25 42 291
4 31 76
15 34 596
48 50 992
36 46 362
43 45 585
50 51 161
20 26 97
24 46 442
25 40 317
1 16 729
16 35 673
27 42 141
16 32 952
28 44 978
43 46 967
25 34 214
34 51 911
39 47 369
5 14 27
13 52 5
7 8 855
32 37 580
5 20 932
37 40 771
25 43 891
15 30 185
26 42 995
47 52 536
10 53 658
26 33 415
1 48 290
6 50 173
43 44 748
42 45 184
1 53 872
41 48 293
25 37 88
12 28 318
20 24 751
31 49 301
4 37 228
45 53 195
25 28 800
40 51 720
4 14 598
2 5 413
15 20 971
25 39 618
38 52 813
8 42 139
33 42 359
52 53 928
19 50 751
49 53 929
23 44 956
2 9 158
7 25 376
22 34 817
43 45 632
23 46 24
11 38 423
18 31 853
10 43 383
13 21 26
13 43 579
48 49 724
48 49 60
34 39 424
39 51 423
9 37 143
12 46 141
31 36 389
14 39 642
6 30 19
18 43 605
25 50 5
18 51 202
33 35 679
48 53 999
50 53 241
44 47 727
34 48 363
29 41 100
38 39 346
40 44 890
48 51 172
26 41 725
48 51 488
36 44 416
45 50 368
42 49 888
19 52 741
46 52 320
30 47 188
8 18 976
22 28 312
45 46 635
18 26 231
44 49 771
26 31 760
22 34 562
5 51 171
32 44 688
31 45 786
14 29 61
41 43 302
40 41 744
22 48 194
4 48 480
10 37 577
22 48 11
14 47 425
31 42 513
39 51 5
5 40 347
46 50 378
27 41 412
17 32 298
44 50 699
11 36 455
49 51 68
26 30 997
43 47 119
42 53 721
7 46 447
25 44 445
43 48 735
11 32 36
15 19 688
42 50 273
18 40 692
34 39 690
46 49 146
36 49 705
24 31 580
17 22 201
13 52 249
33 39 853
38 39 608
1 52 489
52 53 345
13 49 288
33 42 684
28 52 969
23 29 443
1 43 699
43 53 196
21 44 672
6 9 442
6 7 742
17 52 450
42 47 941
51 53 500
9 22 617
14 17 92
14 17 582
21 28 262
46 47 604
52 53 581
48 53 466
15 29 737
49 53 128
30 43 726
27 49 163
51 53 128
33 45 215
5 25 446
41 44 608
16 26 128
16 21 917
40 41 390
41 43 407
34 38 808
42 50 611
26 37 287
38 46 588
13 18 135
44 47 986
38 42 564
39 44 5
35 40 367
22 31 489
44 50 134
17 34 607
34 39 933
47 50 381
14 33 693
20 48 700
39 42 976
33 47 152
22 27 735
19 52 533
21 42 964
29 45 896
21 50 764
25 37 201
49 53 72
18 45 752
3 49 567
36 49 311
42 44 46
51 53 210
30 49 323
44 50 966
5 38 887
5 9 639
46 52 963
41 51 200
42 43 505
16 26 591
3 12 706
32 40 695
25 40 641
49 52 735
23 31 377
21 36 901
16 48 779
29 42 379
5 47 710
22 28 380
2 37 392
39 47 565
22 51 53
12 36 765
5 36 999
48 53 844
38 53 236
24 51 722
8 39 284
39 42 767
33 35 758
44 49 433
4 38 695
31 53 734
19 23 332
5 40 351
39 51 988
15 31 935
41 47 456
40 43 507
31 42 545
33 37 332
51 52 791
33 47 991
7 33 367
13 47 309
2 18 150
13 37 539
21 50 915
10 25 337
13 18 560
32 45 161
41 49 484
52 53 867
29 46 48
4 17 266
13 45 862
6 24 754
24 38 183
9 20 190
11 52 449
14 32 247
25 31 692
21 39 358
4 46 699
49 51 554
50 53 925
41 53 560
43 44 839
12 27 610
19 37 899
38 52 527
19 41 21
27 29 462
48 52 166
24 31 361
22 51 127
49 53 975
36 51 1
14 46 246
25 26 985
48 50 486
25 43 788
12 31 23
23 50 581
21 29 182
2 13 632
4 5 129
22 36 745
28 36 20
27 29 541
40 47 624
22 40 949
32 41 391
14 49 172
40 46 90
2 12 567
41 44 507
43 49 588
48 49 5
49 53 751
1 14 215
6 24 302
24 42 241
18 36 8
36 50 517
1 29 803
52 53 141
31 40 188
17 20 666
44 45 715
7 13 406
29 31 989
16 26 505
10 48 752
51 53 841
16 49 365
45 53 964
39 45 336
8 19 821
20 22 474
51 52 628
10 37 501
42 52 665
25 45 809
8 30 590
45 46 322
10 34 518
9 16 876
49 51 191
38 53 520
44 47 631
47 50 429
15 19 488
23 33 529
14 19 935
38 53 762
3 36 470
24 52 670
6 47 132
38 53 284
21 40 143
9 17 642
22 34 110
24 45 357
5 22 170
28 37 273
33 50 786
48 50 87
51 53 912
12 35 534
21 36 890
14 43 156
15 23 948
12 13 402
32 48 189
49 51 68
45 50 289
42 51 920
7 11 758
7 33 854
1 49 602
45 49 945
49 52 382
33 45 539
48 50 491
3 44 608
8 27 566
24 45 96
46 48 626
15 25 244
37 44 825
22 49 265
25 39 943
51 53 259
9 45 221
4 24 439
20 21 426
40 51 59
52 53 447
45 47 299
1 35 698
2 34 190
1 41 938
31 46 791
38 44 18
41 43 553
30 52 121
10 11 431
15 35 627
12 51 685
10 42 614
45 52 266
11 14 252
25 53 176
18 20 192
42 49 307
39 50 174
9 42 578
51 53 213
19 38 451
50 52 869
43 48 55
2 28 269
2 44 865
12 41 602
191 1000 48
92 136 695
42 74 334
84 164 80
63 168 77
158 185 177
179 181 300
145 160 867
176 185 374
48 102 152
31 64 736
144 188 479
150 160 103
156 190 520
132 191 509
129 137 741
87 97 85
46 113 330
88 147 739
168 191 101
41 149 331
185 186 832
3 108 406
24 148 914
88 128 699
81 151 406
32 144 572
70 183 807
60 98 508
167 171 113
134 136 196
82 111 866
133 182 138
14 39 921
186 191 533
83 136 687
36 108 6
7 186 892
43 131 419
67 137 596
170 177 685
89 180 333
131 159 745
157 163 402
53 138 423
131 149 853
30 139 120
161 189 466
102 146 385
79 123 502
26 72 834
38 126 771
147 155 982
80 98 308
38 60 898
68 92 984
91 157 483
89 135 132
2 18 667
105 190 842
133 179 457
156 165 687
83 169 396
45 62 839
190 191 821
26 169 444
69 118 214
137 146 478
158 183 115
93 180 750
90 186 443
59 152 65
125 135 158
167 177 141
97 128 974
40 41 482
142 175 959
144 180 679
177 185 535
14 147 666
56 59 320
139 188 673
21 39 506
24 111 954
3 27 92
158 189 109
66 110 178
113 144 455
90 122 195
11 183 327
108 140 113
14 148 503
69 147 628
152 174 329
138 155 573
49 60 549
178 183 546
103 151 589
137 186 40
21 146 901
124 186 295
146 177 653
79 111 834
23 81 847
149 152 973
138 146 259
1 113 426
139 185 151
114 121 94
62 144 100
84 105 683
67 178 919
137 190 771
94 108 460
151 162 769
99 178 850
5 104 680
181 188 973
47 63 583
71 135 653
95 108 319
139 142 138
173 174 52
8 113 163
45 170 726
35 166 347
124 132 303
148 169 896
103 162 465
121 149 260
19 170 999
34 85 556
2 171 805
151 155 185
170 173 742
115 168 189
72 172 349
24 40 609
160 180 59
187 189 939
148 182 532
135 183 698
151 159 614
75 90 590
90 184 795
24 28 213
122 156 27
118 169 463
139 186 275
61 141 322
144 167 726
150 160 501
144 175 501
123 181 894
150 162 56
75 190 559
180 188 807
188 189 233
143 187 307
138 161 437
168 191 344
31 48 335
108 188 182
113 148 1000
150 175 838
81 88 859
75 172 137
73 174 338
29 129 375
98 177 639
1 108 364
182 189 273
47 92 606
110 177 864
89 145 820
62 116 209
155 182 318
2 116 169
84 94 256
32 39 869
133 138 234
60 114 585
16 66 423
160 190 223
132 144 513
170 175 394
25 132 223
142 180 750
17 66 263
152 175 177
39 146 873
97 101 614
158 183 735
38 171 748
176 177 622
136 181 569
114 140 384
90 187 726
32 124 988
29 123 825
178 190 233
88 92 359
147 181 605
47 121 155
115 166 892
146 184 198
190 191 608
96 118 792
163 171 97
82 123 337
49 110 135
85 132 889
74 108 209
150 166 96
60 74 119
181 183 966
39 59 556
102 147 2
71 75 330
76 83 512
51 131 267
79 164 130
189 191 990
142 184 969
50 164 942
115 129 957
185 191 357
45 176 916
12 139 396
6 66 887
8 106 926
136 173 810
2 104 55
130 170 835
131 181 327
115 126 355
74 79 304
94 141 508
45 142 15
180 181 469
87 123 601
158 184 325
189 191 249
59 106 628
115 155 976
75 83 168
14 26 507
147 158 390
98 151 824
12 36 440
67 151 130
150 190 439
132 164 591
158 181 838
61 173 971
17 179 756
125 157 785
175 189 528
81 135 230
179 189 856
165 186 416
1 22 15
179 191 407
121 161 928
4 64 250
109 142 633
166 172 905
115 180 532
77 141 119
59 130 558
108 174 397
100 171 469
112 176 164
99 155 24
23 148 931
165 178 941
115 177 148
30 107 271
56 73 659
55 126 809
116 187 973
155 180 174
127 167 140
101 164 948
34 179 57
37 61 893
129 138 988
11 161 302
84 174 988
27 41 103
76 183 732
123 185 72
116 151 454
160 191 109
17 190 171
85 104 274
104 142 903
87 124 31
171 177 910
2 148 192
149 160 464
141 156 67
119 158 993
14 26 496
126 161 836
138 184 470
166 188 69
49 169 512
83 129 386
64 183 467
13 135 97
92 102 89
84 144 41
39 96 611
165 176 755
90 159 352
1 182 973
129 164 536
3 124 804
56 84 250
8 75 708
116 176 986
83 179 49
124 189 725
53 98 757
28 71 827
93 164 826
17 164 342
101 158 322
110 157 144
123 170 836
40 122 356
176 179 895
103 139 13
139 162 653
90 130 228
27 126 931
148 179 792
60 109 793
82 163 860
168 183 363
53 139 351
79 133 783
47 127 724
151 188 111
167 183 131
41 164 668
30 91 236
36 146 27
113 175 402
9 167 345
156 190 950
129 173 226
86 154 723
130 191 952
133 163 617
108 144 356
123 152 333
140 163 691
39 88 826
177 190 950
71 134 328
64 123 875
162 190 672
152 168 418
84 152 769
159 162 697
36 65 344
148 182 928
54 62 529
23 104 455
73 97 874
45 73 316
60 69 789
114 182 821
176 187 564
186 187 426
178 189 941
186 191 21
8 50 635
51 84 442
45 98 730
162 165 550
59 88 979
48 81 269
53 153 642
137 148 371
56 136 344
107 121 59
148 167 897
130 172 188
135 162 820
177 186 149
95 146 264
109 133 420
135 186 55
190 191 511
47 168 173
58 98 538
90 103 286
13 127 186
187 191 985
85 174 344
55 161 635
119 125 384
95 145 289
85 168 980
46 178 169
42 75 368
77 90 659
48 63 315
95 154 506
7 188 974
140 169 737
9 125 888
125 126 877
25 63 444
185 186 822
50 96 471
65 70 224
127 191 340
109 140 956
71 105 794
73 142 798
64 84 840
121 165 508
149 159 57
21 109 564
21 185 671
114 142 920
18 29 174
100 155 167
120 127 560
165 186 100
110 155 286
22 41 875
179 190 232
41 104 368
73 168 983
159 161 831
149 161 477
27 95 262
137 164 830
9 71 452
80 81 560
130 146 711
36 82 215
6 80 11
157 160 473
170 181 863
154 168 430
129 130 598
115 124 780
35 94 111
175 186 843
62 190 195
30 158 69
64 81 666
98 160 853
105 145 762
83 95 902
92 169 905
144 168 200
57 183 658
94 174 526
84 117 905
133 137 247
125 169 587
68 91 126
37 45 993
109 128 204
148 159 874
43 104 72
141 150 921
111 189 50
77 152 391
128 147 239
111 164 867
168 171 231
121 166 245
160 168 616
94 136 634
8 42 868
65 112 336
146 165 785
55 104 537
92 109 822
118 162 126
109 163 759
189 191 22
181 186 71
129 187 450
120 136 298
165 182 49
165 179 624
115 118 490
99 110 368
54 147 671
176 180 858
111 148 366
70 191 435
117 120 756
86 121 815
119 154 266
113 137 645
136 171 19
129 131 105
98 105 940
90 189 460
131 173 473
7 77 590
42 96 803
20 43 838
69 73 732
4 165 336
121 149 86
78 90 252
73 82 967
42 183 761
184 189 297
36 182 751
135 145 438
49 170 363
189 190 786
161 188 322
160 181 444
53 152 486
59 140 972
11 135 893
53 59 290
21 72 112
86 184 687
135 136 367
115 191 80
18 73 619
98 123 228
120 156 658
88 143 395
68 179 562
73 153 367
44 189 126
87 136 817
73 178 57
38 101 158
132 190 141
137 165 322
42 79 314
138 157 370
44 152 852
112 135 927
142 158 805
18 184 483
19 147 735
180 188 479
52 169 197
188 190 40
1 61 335
87 165 713
101 175 288
158 180 976
94 97 471
84 100 675
16 59 976
32 173 390
124 180 787
33 163 975
109 136 629
32 69 554
98 127 72
156 166 293
25 178 121
6 115 365
10 12 179
54 88 662
70 150 663
75 98 808
88 185 763
25 71 838
122 156 357
135 168 41
188 190 859
56 71 477
118 184 937
8 180 565
190 191 549
160 164 574
101 152 107
179 190 981
102 171 646
175 180 811
188 189 876
171 175 60
39 107 161
62 149 210
165 183 25
153 161 537
112 141 213
12 180 881
85 108 158
39 79 818
9 52 290
118 159 130
22 79 955
139 150 263
87 123 882
89 143 993
11 181 511
103 135 856
149 178 8
39 71 1
116 119 315
5 33 999
163 187 794
49 114 675
51 185 622
27 81 229
5 83 5
121 132 286
112 146 907
114 119 6
56 169 475
39 48 743
5 41 512
151 184 235
14 62 758
119 139 674
153 170 856
9 154 888
108 164 610
187 188 801
26 143 486
159 166 844
91 101 712
2 72 266
86 117 576
37 74 37
54 106 295
112 181 418
9 32 813
65 191 520
63 127 798
30 124 864
37 116 867
181 189 255
157 191 319
188 191 584
77 82 988
6 140 370
105 135 351
93 173 121
138 167 504
18 184 516
134 135 939
142 147 517
61 107 440
17 152 906
82 187 353
177 181 533
100 139 656
133 187 440
142 187 696
170 183 675
41 136 867
176 179 476
27 175 272
76 122 711
159 173 503
48 171 137
55 98 315
143 170 986
63 158 894
188 189 940
92 138 577
158 181 394
32 44 968
60 91 754
106 139 805
20 184 539
34 169 202
66 127 952
30 175 457
138 175 596
2 43 173
186 190 809
181 188 105
101 153 534
164 178 901
5 75 757
28 49 987
69 179 250
39 162 732
33 68 357
150 151 354
70 81 80
118 150 128
150 172 908
11 53 33
45 187 87
157 167 853
190 191 647
150 185 554
40 66 805
181 190 98
136 149 652
152 158 400
161 164 992
16 61 688
78 149 405
9 171 474
8 121 63
177 189 672
4 21 89
119 156 816
109 156 673
89 168 996
128 157 964
79 117 288
106 114 108
13 149 432
18 163 600
59 112 848
132 168 837
91 160 206
145 184 39
181 185 774
186 190 631
37 89 417
40 95 722
177 180 493
157 173 989
109 168 924
101 158 454
175 191 454
82 114 682
140 183 578
24 172 177
105 184 524
121 189 508
94 160 444
126 138 952
13 170 240
89 116 308
160 174 766
56 119 924
2 14 579
134 181 350
111 116 491
13 99 728
106 120 749
95 145 478
164 185 190
96 112 372
34 90 71
81 173 693
11 13 246
47 180 19
96 137 824
16 134 191
160 170 847
134 161 760
151 171 53
149 188 56
53 159 915
39 158 287
153 181 558
41 180 918
120 151 400
13 181 442
164 177 766
47 166 645
1 71 421
146 174 776
86 101 507
101 187 521
5 118 750
151 178 968
77 118 843
152 183 875
10 35 760
75 141 6
166 186 76
37 167 4
164 184 615
65 120 147
152 177 310
109 117 760
139 167 979
44 129 12
122 158 547
121 151 69
25 69 575
143 180 943
107 108 259
185 189 45
95 177 375
90 148 128
34 156 681
19 51 396
164 172 392
139 167 137
156 191 700
80 136 521
189 190 737
49 97 150
88 140 582
154 167 829
67 90 276
52 139 432
22 81 535
84 164 531
159 181 548
177 180 250
60 145 435
22 177 297
165 190 681
6 49 808
58 153 16
128 134 311
43 77 491
59 122 408
73 100 875
47 146 738
179 186 582
40 183 515
112 158 253
82 129 311
36 185 269
8 187 815
99 188 481
132 160 434
50 186 86
11 94 718
115 168 784
80 139 754
62 93 217
88 172 513
34 113 745
65 141 849
50 103 694
27 96 488
64 119 413
20 174 342
11 149 523
169 187 831
166 182 519
137 149 264
46 169 156
131 179 150
73 90 601
95 164 501
109 190 433
74 166 471
178 180 379
124 131 568
69 151 982
101 159 571
127 171 945
32 142 575
60 138 972
1 167 723
103 183 972
3 8 747
100 187 794
55 140 911
112 173 15
27 124 863
6 176 635
85 186 355
85 103 799
109 130 796
54 148 941
36 108 523
12 149 900
9 180 958
13 112 721
75 167 839
45 110 400
125 176 313
95 106 266
178 190 893
20 162 672
114 155 673
83 171 891
49 130 54
30 69 192
53 165 661
37 158 226
82 113 59
175 182 8
104 106 828
178 185 520
94 168 689
112 177 995
63 108 511
20 59 284
141 159 380
164 189 41
170 181 411
118 121 509
13 41 974
46 53 656
13 92 494
20 89 793
10 78 689
61 149 479
156 157 391
188 189 330
21 35 468
186 189 366
12 35 636
52 68 417
111 149 14
25 60 138
55 179 640
120 155 980
184 190 510
89 151 661
89 150 198
109 159 983
12 190 376
60 85 166
37 95 366
148 172 820
76 117 840
142 150 292
3 67 681
96 102 912
91 142 348
105 144 831
135 140 646
16 98 597
98 114 505
164 166 517
108 151 319
134 179 771
93 163 43
72 91 151
85 188 137
76 99 967
123 158 220
173 176 692
123 129 331
121 136 980
181 191 549
94 174 728
33 182 335
116 147 543
131 133 457
113 133 646
118 137 571
24 28 230
99 181 656
107 143 838
186 188 191
95 132 44
47 85 712
65 84 263
58 166 989
22 164 808
52 56 658
165 186 481
115 144 552
98 150 150
70 102 537
74 124 317
56 148 943
16 127 673
59 84 850
27 137 413
48 79 939
158 174 412
189 190 175
39 92 405
20 112 738
139 156 9
66 83 959
184 185 305
27 169 794
159 189 456
69 170 78
33 80 822
22 175 974
168 169 396
167 169 16
135 155 466
119 125 325
177 184 740
31 129 881
52 185 176
175 186 277
90 118 790
128 183 940
66 151 568
142 176 683
139 158 616
153 185 936
152 184 603
43 83 938
121 161 37
55 128 543
95 112 412
124 1000 54
69 111 890
55 116 42
107 114 668
64 69 181
64 85 471
79 102 748
79 114 124
117 121 157
104 114 104
58 107 603
96 107 328
63 116 206
7 110 48
7 106 462
6 36 403
48 117 877
22 40 706
66 115 838
55 70 583
82 124 108
98 114 648
34 109 891
79 107 253
109 111 998
55 96 677
35 83 43
56 89 353
110 120 754
87 111 563
105 121 454
112 115 719
80 89 590
15 79 122
45 68 217
117 120 580
34 70 802
72 111 504
120 124 325
58 93 703
109 110 563
7 57 363
93 115 909
108 123 241
34 55 251
7 44 136
91 105 697
26 53 583
103 122 169
112 121 846
40 90 346
70 123 775
5 102 719
4 12 688
35 105 780
25 57 952
1 40 330
50 116 513
24 100 364
59 69 218
80 124 265
28 47 366
43 111 391
79 113 992
2 102 444
12 52 36
90 105 144
37 43 800
8 97 87
63 74 22
65 114 373
87 93 146
105 114 912
6 99 917
121 122 626
33 78 433
119 124 375
4 57 249
84 93 115
79 90 882
119 124 441
116 118 447
106 118 224
14 117 737
76 94 436
55 66 643
22 34 791
109 111 637
30 72 473
75 105 793
24 86 391
10 111 443
80 106 811
42 61 726
97 123 644
110 117 696
15 50 497
105 120 360
36 81 612
1 58 253
112 113 355
73 114 546
19 47 913
17 41 945
92 108 217
50 75 517
80 85 485
28 35 353
116 123 234
85 113 655
23 117 94
55 108 699
60 112 111
77 90 478
32 58 143
79 97 96
7 121 631
52 70 934
11 15 109
97 111 92
49 79 544
19 57 881
21 41 894
81 93 355
47 100 168
68 81 409
83 103 609
87 93 124
53 74 12
64 109 434
33 87 772
20 29 317
87 99 580
102 109 2
1 38 39
109 112 54
43 93 453
64 81 848
47 114 221
20 46 378
13 21 811
60 63 455
123 124 980
17 91 577
76 112 485
33 113 990
5 36 103
115 123 909
3 27 39
29 104 1
44 93 552
29 76 986
45 53 863
31 58 384
38 79 799
8 20 422
112 117 75
110 123 134
104 115 453
40 60 727
88 120 450
23 93 128
46 90 778
59 83 336
27 38 704
91 95 661
55 116 226
83 102 221
90 114 250
90 103 271
80 96 695
80 91 291
51 123 451
9 61 810
37 88 551
56 59 270
1 94 198
39 114 103
87 113 219
114 123 122
15 21 289
60 61 185
33 42 336
83 109 364
29 71 382
82 123 581
48 124 779
43 49 397
120 121 587
120 124 9
3 22 430
108 122 446
58 101 933
105 108 836
67 120 558
47 111 800
49 109 977
8 25 11
63 81 111
86 99 768
67 77 700
123 124 318
51 101 714
21 101 26
47 63 63
103 116 307
117 119 586
53 56 733
120 123 388
93 112 970
89 113 458
84 92 673
105 122 913
41 45 302
92 119 919
1 28 399
8 23 892
111 120 383
70 107 656
94 122 25
1 74 296
71 120 303
89 121 605
86 112 808
98 99 156
40 54 816
112 124 567
111 120 166
77 79 13
21 79 14
121 123 35
18 100 634
76 91 274
80 96 930
55 62 829
14 54 642
68 78 211
51 57 425
95 109 46
64 73 609
91 97 821
105 114 66
108 122 988
81 92 468
64 115 43
39 95 943
79 100 283
91 99 89
9 64 156
41 104 339
62 98 807
42 69 48
86 111 92
104 114 942
51 54 154
16 25 285
118 120 416
42 75 218
123 124 816
29 33 265
79 84 674
68 94 319
91 98 684
22 49 623
17 28 569
58 119 71
105 119 50
82 86 526
36 94 176
58 102 995
123 124 519
3 108 825
123 124 290
78 123 290
64 89 551
27 68 361
50 74 85
123 124 98
91 109 863
12 94 675
27 43 628
36 45 28
98 102 577
52 89 105
121 122 631
94 97 654
65 79 913
6 83 381
25 115 50
27 101 382
26 68 996
55 100 178
71 78 469
22 75 907
122 124 256
40 95 858
38 66 758
38 74 547
93 124 747
116 117 100
6 35 302
76 85 226
89 120 693
50 79 617
115 122 658
76 82 863
17 43 806
30 54 898
26 96 973
50 71 917
94 99 875
120 122 153
92 119 399
103 113 307
91 124 98
20 25 844
43 107 22
34 113 204
101 105 592
8 53 22
41 106 561
78 100 295
4 26 565
10 71 421
102 105 278
113 116 896
25 103 971
117 121 337
52 53 67
120 123 376
111 124 967
27 95 609
34 88 659
6 13 334
53 96 749
32 67 368
91 101 449
20 61 333
76 95 371
95 99 410
49 59 340
7 100 401
56 97 621
23 111 3
103 113 790
110 117 223
86 121 594
99 108 59
56 118 560
24 124 768
7 48 8
7 46 303
19 114 176
82 97 181
93 107 785
104 117 490
109 110 203
57 99 732
109 118 540
110 116 523
44 51 997
80 85 478
51 64 557
99 124 656
68 106 414
6 31 545
123 124 139
109 120 190
48 82 870
80 113 60
110 112 568
50 66 246
1 45 823
102 112 429
4 75 337
61 99 757
26 49 411
99 103 238
3 86 895
81 119 969
35 93 194
42 121 618
38 93 748
65 99 105
71 123 423
22 95 239
18 81 959
96 114 823
91 98 217
95 111 331
101 111 497
50 92 882
78 120 717
108 124 485
117 118 121
71 84 153
45 121 637
44 78 505
104 113 721
118 122 152
114 117 37
46 104 142
41 119 657
23 117 157
57 124 23
36 72 264
118 121 636
83 113 105
85 117 131
23 65 175
51 102 540
74 103 830
6 39 542
8 119 833
102 107 351
96 99 574
42 91 460
20 91 546
73 93 412
80 114 540
27 32 178
62 83 724
105 115 216
83 115 469
80 83 344
24 33 612
22 120 837
91 97 572
115 120 790
74 103 657
56 95 618
121 123 813
113 114 998
55 99 522
39 81 615
103 119 547
36 76 449
29 116 515
1 110 357
14 70 674
39 97 582
90 112 356
123 124 534
20 110 410
35 95 503
49 85 336
48 109 266
60 123 502
92 119 628
35 49 244
48 53 538
111 123 788
117 119 42
92 104 786
1 98 550
15 82 97
28 42 504
123 124 215
111 122 806
77 117 508
3 43 466
55 110 636
121 122 268
67 80 335
24 86 889
80 113 675
17 64 746
18 93 164
75 109 50
30 77 975
19 107 842
67 72 820
15 43 521
5 104 391
25 100 40
104 123 889
14 83 845
34 54 362
115 117 958
3 24 48
117 124 118
16 26 760
86 108 945
97 99 377
52 64 580
65 74 881
73 75 77
69 85 266
74 105 782
55 71 24
75 92 280
88 91 990
34 100 81
83 95 512
99 100 853
49 94 532
80 116 966
104 111 945
49 107 371
55 114 388
78 96 944
80 102 189
101 112 960
57 82 874
88 103 950
59 117 474
113 123 440
100 110 378
122 124 93
115 121 686
34 115 41
15 93 116
38 48 188
100 108 657
53 68 761
62 111 440
44 61 222
49 100 282
48 93 51
58 121 731
105 114 96
4 9 154
22 33 139
113 120 63
2 111 667
67 89 231
29 79 884
46 94 314
19 104 547
109 119 110
39 101 684
22 107 932
63 105 243
10 41 754
76 100 546
88 108 765
31 55 271
89 99 658
21 55 848
61 72 524
121 124 593
85 86 864
40 111 257
33 94 909
36 77 765
121 123 790
22 40 867
17 23 562
4 73 225
10 120 165
81 118 191
82 96 305
7 74 190
91 92 120
8 120 875
5 91 852
115 120 292
25 119 732
75 116 451
109 121 125
97 118 270
49 120 768
82 99 279
16 46 982
80 112 666
37 82 65
94 104 827
110 117 742
16 102 112
94 122 528
80 93 108
73 103 370
56 122 669
112 123 572
9 39 379
32 93 233
114 116 646
54 114 999
121 124 315
17 61 980
121 124 150
63 93 330
61 96 422
13 19 520
96 97 811
7 28 108
101 116 618
56 78 487
38 95 316
15 107 157
66 70 647
96 124 534
35 93 130
23 89 362
101 103 625
27 79 521
41 100 734
71 83 568
82 85 746
42 69 307
71 92 769
108 117 6
58 86 807
23 38 56
28 62 985
122 124 23
20 56 962
65 86 172
37 78 586
22 102 783
51 112 348
83 91 997
18 116 848
8 15 995
27 115 732
108 120 98
34 83 69
9 77 747
13 112 3
12 65 439
41 103 217
107 113 156
108 118 891
88 113 467
123 124 266
50 51 768
34 102 930
42 119 950
7 79 353
62 83 832
89 104 137
2 78 745
53 81 708
105 123 193
41 73 12
42 81 71
81 93 585
92 120 547
71 105 703
85 89 982
65 116 839
32 62 573
87 102 709
96 110 360
78 120 276
88 93 233
40 101 378
119 122 358
69 71 470
62 66 759
5 89 79
36 122 39
87 88 390
39 101 577
57 79 486
28 106 39
48 123 8
94 96 639
33 67 504
95 96 685
5 40 558
49 80 730
115 124 385
45 99 34
123 124 135
54 77 457
10 97 441
49 82 203
75 101 580
9 36 259
81 93 761
11 121 70
56 68 879
39 103 482
51 57 523
63 66 395
6 78 293
12 23 851
86 107 867
111 124 367
14 92 582
90 97 536
74 99 986
123 124 109
31 43 503
122 123 856
20 28 108
47 113 624
69 96 387
113 115 864
83 118 911
63 106 639
48 76 318
1 15 1
52 123 576
33 122 445
121 124 467
42 67 959
11 55 154
115 122 33
26 52 881
72 119 935
3 108 993
30 54 470
10 124 72
21 98 620
1 112 906
35 36 496
70 95 376
71 85 985
84 91 204
89 100 453
88 122 417
38 44 919
28 95 699
107 121 18
59 84 889
37 93 749
23 48 949
115 120 890
95 103 649
4 56 909
6 26 972
31 34 609
104 109 976
35 105 4
15 94 854
119 123 654
47 88 702
7 56 858
41 107 78
36 93 833
33 98 196
33 115 568
35 49 24
16 123 430
19 26 881
119 120 877
59 94 109
33 55 328
42 63 155
96 122 703
54 117 898
54 89 999
42 62 573
73 104 926
118 123 588
39 77 8
108 117 433
35 110 335
97 103 423
81 98 389
73 86 656
118 124 321
38 106 476
56 57 603
52 118 748
29 73 152
17 34 403
90 122 557
18 46 974
100 111 343
50 108 152
72 106 402
110 113 843
74 103 290
56 58 437
85 124 333
20 35 801
32 51 862
53 105 303
109 120 951
47 123 759
88 93 890
91 107 366
95 99 54
52 67 790
93 108 367
42 57 529
111 118 329
31 78 997
21 102 834
99 118 102
38 57 173
69 88 491
42 83 699
121 124 61
100 106 304
61 63 265
79 107 542
82 115 483
6 24 416
40 52 343
121 122 939
97 103 419
87 101 184
112 113 513
19 72 348
45 94 755
82 103 619
113 124 623
74 109 962
21 26 557
73 113 572
57 98 614
11 107 2
114 121 718
4 58 733
75 109 923
29 33 205
109 111 784
54 83 389
90 102 322
93 102 663
77 110 928
75 76 95
107 121 726
122 123 37
33 83 242
94 116 998
86 96 854
27 46 144
96 111 573
71 123 232
25 76 381
119 121 723
13 49 840
74 119 363
115 119 474
106 108 830
85 87 534
23 48 285
69 74 436
100 124 183
24 86 385
25 54 49
96 124 229
58 91 425
39 47 276
24 75 121
11 113 684
13 88 783
52 96 613
4 47 226
113 124 235
84 112 699
55 102 522
54 98 364
83 90 755
105 108 995
110 117 311
79 119 503
14 47 645
115 118 22
11 107 99
72 101 798
97 100 877
102 109 514
38 63 584
3 59 825
38 75 909
48 62 504
37 100 665
59 121 445
58 122 995
83 104 834
22 107 368
86 87 504
113 118 220
78 108 299
32 113 285
89 98 810
90 117 1000
26 114 836
101 102 818
68 77 569
11 89 543
75 104 470
116 123 363
83 86 231
28 73 663
34 98 809
100 105 118
9 96 109
69 96 864
88 89 602
19 122 645
117 121 995
28 84 385
17 106 605
65 96 106
13 22 38
79 113 538
94 105 24
30 117 708
33 36 688
66 101 227
85 94 94
50 94 172
89 121 467
3 84 48
45 52 692
53 70 74
36 114 675
31 96 659
116 123 618
107 124 778
16 114 236
2 44 785
46 114 96
25 107 714
87 111 181
94 124 155
112 122 828
116 119 399
32 55 984
12 53 15
27 89 356
103 118 281
100 114 893
62 75 664
86 114 46
10 41 85
28 124 888
59 64 652
64 83 886
49 117 195
80 98 237
16 113 17
94 111 107
24 87 431
54 92 611
9 107 682
21 118 155
107 117 435
99 100 957
83 93 558
119 124 986
15 17 62
45 83 845
29 105 280
96 108 487
122 124 22
29 82 566
39 60 38
73 108 623
95 108 991
82 106 601
4 33 378
31 87 385
90 97 166
18 76 777
100 106 611
9 28 303
55 97 136
123 124 419
106 123 701
8 30 218
15 38 639
75 100 414
4 20 586
93 105 855
27 53 712
11 92 188
36 100 543
109 120 623
73 77 603
2 98 646
120 122 600
54 106 535
27 114 551
38 80 560
74 123 211
106 122 278
105 106 858
9 11 167
76 94 807
10 113 830
8 97 555
20 43 219
38 101 207
109 111 634
122 124 212
15 70 375
5 95 959
28 104 601
31 32 112
61 77 622
32 33 194
103 105 712
113 117 830
101 103 471
68 75 291
68 97 73
52 108 773
90 99 342
103 117 942
103 119 723
122 124 315
102 111 656
81 107 458
152 1000 5
130 147 786
83 92 73
85 144 764
129 148 167
122 148 208
54 64 417
7 135 745
150 152 404
40 84 763
56 85 309
15 98 733
69 83 98
142 149 255
91 128 377
58 68 67
69 90 71
133 150 536
98 102 233
123 124 846
139 152 761
96 141 871
28 38 159
96 143 595
128 149 699
74 145 166
35 107 828
113 122 78
151 152 332
115 144 279
12 99 508
1 97 855
38 118 862
29 135 628
126 138 783
40 126 570
82 140 625
127 128 650
43 144 633
67 76 872
58 108 584
86 144 410
73 127 221
134 149 263
145 147 285
33 80 299
62 69 688
16 140 744
130 144 845
100 131 854
79 98 315
77 130 533
51 102 289
83 98 614
125 143 630
52 117 11
107 140 183
143 145 301
89 121 52
81 110 964
64 80 198
41 64 318
143 150 868
96 107 311
19 60 580
140 141 962
89 134 661
24 31 667
141 149 781
5 7 938
36 123 226
37 142 268
81 101 354
28 81 54
49 98 229
107 125 744
32 118 121
3 47 220
107 119 252
121 145 968
90 109 781
80 115 823
25 107 859
114 146 931
145 146 172
117 150 124
4 53 392
10 30 985
28 75 556
17 38 251
107 110 253
89 149 9
42 74 38
28 130 19
7 139 836
102 112 50
9 53 787
75 136 46
58 73 829
17 101 770
115 117 892
69 100 59
6 146 677
44 131 54
2 107 592
108 120 24
134 149 216
116 118 663
23 86 663
3 73 238
100 131 89
42 52 676
116 148 746
143 151 289
102 145 241
125 140 700
19 44 296
130 150 866
22 84 826
103 114 521
59 124 361
137 147 133
36 40 391
52 125 949
119 130 531
102 114 622
98 141 630
143 148 877
31 139 977
145 150 195
130 146 909
121 152 639
13 145 106
38 81 692
48 124 315
116 148 800
1 93 824
104 121 201
24 46 861
11 57 937
100 147 58
66 152 541
79 86 201
132 144 190
133 146 217
26 63 234
149 152 327
91 102 196
34 148 436
104 111 479
59 108 176
114 147 611
147 151 956
146 152 37
84 107 87
89 96 914
65 115 467
40 107 353
16 65 892
63 143 459
96 148 638
82 111 774
3 152 605
138 149 598
100 147 617
140 144 328
124 131 251
3 128 60
38 56 11
82 98 788
141 152 54
41 62 726
104 124 255
98 110 940
88 126 207
62 83 871
145 146 71
17 67 784
100 102 963
26 35 125
66 91 34
83 130 340
81 114 663
105 132 631
14 54 706
151 152 921
38 129 4
40 108 468
119 148 185
87 141 228
86 111 889
74 86 488
145 147 98
73 75 418
75 150 820
72 127 932
61 87 250
146 152 7
112 151 132
28 101 141
84 99 182
136 152 540
59 152 255
14 98 530
36 37 271
43 144 559
3 57 151
103 140 933
44 46 740
138 142 827
136 146 301
62 120 493
89 123 691
62 104 623
129 136 144
34 48 582
134 141 165
88 101 601
71 85 82
116 150 165
60 106 262
51 117 906
52 54 808
16 92 151
129 149 615
52 131 335
12 78 741
130 132 312
110 147 480
82 96 90
72 102 533
48 109 28
25 113 328
129 137 692
97 108 706
81 122 56
81 88 219
50 124 407
32 106 493
41 49 754
122 134 875
145 148 78
85 105 751
62 80 643
128 141 998
85 119 68
78 144 253
8 97 387
29 95 944
139 143 486
57 114 313
17 146 790
44 58 464
39 74 921
99 107 875
131 142 368
67 92 546
147 149 792
151 152 921
59 147 809
71 80 838
56 58 394
79 87 155
107 142 29
14 90 475
100 117 202
133 142 128
24 149 242
92 131 729
49 58 716
54 102 148
48 113 224
20 126 681
97 139 113
142 148 311
53 89 884
143 149 302
80 90 980
110 150 255
85 110 450
56 80 664
133 149 466
12 125 84
83 147 3
65 70 881
108 139 301
43 87 847
129 140 722
83 99 713
72 89 388
78 135 256
74 103 15
129 140 832
65 120 877
78 90 134
70 143 659
21 49 159
77 149 69
38 129 833
72 143 83
65 129 648
2 107 176
148 151 436
72 138 14
2 120 848
108 136 107
4 74 227
139 142 201
14 58 828
11 60 388
127 133 762
67 100 259
93 121 86
20 74 5
102 109 460
82 104 188
44 103 268
53 67 91
92 131 394
41 98 791
74 121 776
45 141 838
77 143 702
116 134 642
77 96 346
113 128 738
122 132 529
148 152 681
107 123 25
41 108 729
19 101 849
6 12 98
84 93 713
33 38 736
87 151 211
15 87 677
40 108 904
35 125 92
83 87 448
110 130 973
97 142 88
85 113 101
145 148 626
126 150 543
76 112 590
81 86 540
2 64 298
127 132 804
64 72 974
60 63 63
46 64 749
151 152 965
40 59 348
23 75 808
77 96 777
136 151 226
76 95 626
64 71 899
28 82 965
53 99 394
55 58 236
12 148 635
122 150 849
69 142 12
117 150 207
151 152 927
21 51 565
130 139 454
39 46 543
103 152 688
60 116 331
111 113 152
41 113 347
3 16 857
149 152 67
26 130 832
37 143 572
16 148 444
49 125 784
51 109 440
106 131 434
105 132 757
25 42 230
83 97 980
82 142 769
144 148 866
42 67 517
72 93 90
87 114 404
86 88 969
89 140 199
112 134 654
143 145 832
104 119 202
113 134 365
62 152 566
124 139 834
56 58 191
150 152 112
85 144 688
51 76 448
135 150 941
113 115 92
138 141 90
89 91 794
111 115 681
3 70 16
104 114 935
2 103 521
67 107 457
38 46 353
104 118 662
80 84 567
129 137 315
118 149 927
144 146 890
116 127 981
48 70 927
131 132 388
100 104 695
33 62 583
96 117 250
21 59 226
22 45 479
19 97 684
71 96 865
59 126 558
117 124 339
106 132 138
47 125 946
91 145 239
133 134 642
118 134 478
132 140 124
104 114 287
134 135 368
42 117 303
18 19 682
136 149 612
50 148 689
52 54 99
61 114 131
142 144 526
1 123 958
148 151 313
5 107 601
123 134 98
42 132 584
32 65 661
42 127 789
95 120 157
140 152 453
5 108 701
135 136 201
23 28 688
32 53 861
21 149 747
37 39 477
151 152 337
67 113 846
111 115 444
18 56 367
127 151 90
53 111 595
55 66 12
21 48 903
94 99 984
110 132 489
50 81 685
40 71 735
126 135 788
138 142 983
132 138 560
36 140 665
97 130 442
83 93 605
75 115 145
34 62 959
115 137 123
8 95 303
19 39 959
115 144 822
83 122 206
93 141 293
131 147 100
30 122 817
96 117 9
2 111 68
96 151 662
124 136 734
62 95 360
97 115 905
45 93 857
100 120 845
126 138 298
113 132 34
79 114 161
39 61 771
49 115 255
74 85 994
124 125 604
39 109 495
128 152 641
7 142 928
40 95 832
56 113 801
33 62 544
37 121 466
83 152 500
55 69 833
21 132 647
132 142 732
113 117 504
30 43 685
3 55 819
110 130 33
90 151 512
4 108 477
4 70 313
40 46 789
98 116 242
3 82 157
40 64 985
36 79 491
143 146 548
79 149 702
70 123 365
59 74 697
74 134 560
16 124 847
64 122 649
123 130 962
9 39 773
141 147 719
16 41 546
104 140 416
110 126 823
34 107 880
26 81 580
27 113 429
1 100 289
29 136 845
87 112 711
36 110 594
132 148 757
20 68 416
50 70 139
144 150 848
33 47 569
128 143 340
98 125 237
84 91 239
126 127 303
32 88 46
15 46 81
135 138 491
22 115 431
72 93 135
74 116 45
128 148 878
101 132 121
115 143 815
20 60 866
144 148 52
141 146 545
87 142 625
20 113 487
58 147 448
34 144 931
7 27 909
21 146 563
57 106 861
11 14 682
103 109 660
131 143 111
144 146 975
48 67 38
1 75 436
113 128 820
135 146 664
36 78 180
88 118 205
139 149 359
99 126 637
69 134 80
10 51 662
57 112 230
143 152 737
52 132 532
67 109 263
61 88 362
64 85 221
150 151 398
124 135 220
118 132 124
27 89 181
2 56 296
3 118 313
22 133 952
2 40 198
6 51 495
87 113 16
22 107 146
123 131 190
88 118 747
53 100 521
71 82 664
9 62 156
11 41 129
103 129 377
8 45 643
91 141 418
55 79 704
16 67 393
150 152 92
100 122 924
66 82 298
137 146 802
44 93 584
67 115 525
53 106 64
125 139 218
94 146 364
59 128 665
49 135 422
149 152 77
63 118 586
133 144 940
118 131 124
74 109 884
42 96 947
44 85 465
87 116 709
86 130 221
130 138 141
148 151 960
136 143 392
83 114 346
3 48 210
149 150 952
53 140 75
50 88 38
87 90 633
83 142 852
32 130 747
38 81 83
8 87 817
133 146 388
37 66 479
30 96 780
80 82 713
142 144 614
151 152 932
92 146 470
36 59 943
124 141 557
149 152 30
146 149 31
4 60 369
21 133 65
148 149 722
18 29 201
127 134 618
87 105 339
46 69 724
16 39 516
77 93 977
33 107 748
84 86 21
47 91 467
103 141 974
83 113 52
87 109 949
116 129 130
82 131 252
102 152 325
130 132 490
99 140 545
141 152 424
70 122 249
64 106 547
4 9 457
74 97 889
101 141 301
136 145 610
23 138 38
99 144 24
81 103 439
2 43 621
141 144 171
56 103 903
121 125 607
122 132 544
46 122 670
25 77 364
13 85 867
103 152 82
144 149 267
79 148 352
64 130 20
70 134 63
51 135 205
39 139 93
84 138 451
7 97 703
53 70 446
41 106 615
122 151 468
87 112 306
61 127 497
106 140 433
136 138 840
149 152 996
122 132 446
28 87 49
112 143 444
138 143 658
57 79 737
64 113 194
94 129 268
81 124 531
67 131 60
93 102 569
110 119 947
80 147 117
94 141 339
40 93 429
80 108 262
2 38 962
141 151 136
53 151 34
138 145 828
7 31 760
100 124 978
96 140 738
88 128 197
21 39 440
56 83 579
54 67 317
134 149 785
39 102 888
76 90 50
17 28 534
34 90 499
103 107 443
91 127 883
49 120 402
31 83 941
105 132 358
22 43 41
150 152 672
125 135 369
57 102 891
131 141 303
102 137 567
108 140 207
17 129 71
138 139 443
67 122 780
3 106 168
68 71 665
100 102 897
69 122 610
76 128 544
46 151 465
6 142 346
9 94 144
129 144 782
75 118 638
8 135 122
56 70 371
68 122 135
79 140 402
64 118 581
67 77 28
114 151 542
70 134 442
119 139 492
7 36 912
105 114 239
125 136 217
89 136 955
34 147 39
55 127 995
148 152 27
87 117 449
148 152 115
7 101 189
14 95 586
64 130 415
111 138 203
77 108 746
150 151 846
107 148 24
2 41 70
115 135 827
86 102 279
108 117 43
56 67 304
72 88 651
26 120 440
99 109 977
36 117 552
128 140 331
84 98 729
76 111 656
124 135 589
34 128 203
87 116 868
96 117 931
80 122 287
107 110 527
85 126 113
49 70 458
42 58 453
118 132 91
129 147 903
32 136 809
23 91 196
104 125 784
69 140 505
9 31 123
46 101 532
135 136 94
49 82 661
106 131 609
107 132 224
40 94 582
54 133 160
111 122 931
57 70 985
55 144 438
5 101 967
41 126 838
32 148 344
140 141 735
36 64 974
9 35 875
76 117 975
28 41 208
30 33 137
108 129 940
32 35 257
111 125 304
135 139 950
31 131 997
11 79 50
54 145 617
28 89 856
47 54 831
110 117 455
42 133 748
105 131 976
75 85 516
28 137 762
100 152 581
14 129 518
82 137 943
54 109 119
79 113 201
28 117 266
89 108 580
94 131 908
121 148 202
4 108 988
92 106 169
142 147 707
120 143 96
97 138 608
58 132 1000
113 122 311
26 116 535
88 120 682
10 16 871
17 134 544
104 136 342
58 76 155
51 89 825
82 107 352
4 141 439
54 74 315
75 91 749
41 67 377
137 139 502
85 125 432
62 76 823
53 104 604
141 150 201
60 148 390
6 133 813
46 146 887
38 39 37
70 89 656
74 112 659
142 147 587
32 100 65
127 134 32
115 152 477
64 130 562
39 127 814
72 92 110
145 149 855
125 143 356
8 145 684
114 119 707
75 120 51
90 147 590
64 123 948
98 112 458
36 72 768
110 130 37
55 112 583
55 94 3
99 141 894
136 151 163
127 137 166
118 127 642
23 148 722
124 149 13
19 74 787
134 144 55
106 109 38
72 74 680
149 150 31
84 99 715
22 151 912
36 44 381
32 115 131
10 33 207
12 118 287
36 116 508
124 125 584
70 114 270
128 152 221
74 77 3
70 140 929
134 139 930
116 140 60
30 88 359
100 126 871
131 142 356
38 147 136
42 44 937
57 77 984
125 140 4
9 98 424
137 142 91
50 70 799
38 120 571
149 151 496
2 65 467
77 79 794
30 149 327
31 102 791
105 148 120
108 109 404
77 138 155
136 141 649
127 135 664
148 149 632
44 74 369
140 146 398
104 114 69
42 76 401
16 79 517
119 147 50
107 141 49
144 145 167
119 140 771
25 110 437
122 136 649
49 125 596
124 143 323
1 25 760
141 149 175
109 144 758
94 135 131
29 56 278
31 120 390
21 82 120
49 96 4
108 141 740
95 138 674
27 32 386
62 119 652
12 79 816
68 74 818
126 139 594
121 146 808
127 134 703
133 137 185
66 151 694
138 140 124
41 99 955
29 131 538
81 111 286
36 117 454
42 52 681
34 89 179
124 136 139
68 85 603
142 1000 50
1 125 462
42 111 867
85 110 118
113 120 789
14 33 57
123 138 699
102 128 298
116 141 874
28 132 736
46 115 336
99 122 751
84 132 997
28 64 544
63 139 6
126 140 120
48 68 600
84 107 803
68 125 942
134 135 510
130 141 54
135 140 532
33 75 716
18 117 682
53 108 77
77 121 439
103 137 944
51 118 137
131 137 656
77 105 406
77 140 849
29 130 439
76 124 968
31 69 855
101 107 571
44 127 847
80 134 716
133 138 570
1 134 1000
59 134 562
123 125 163
40 41 121
5 13 828
54 72 803
104 111 733
29 34 82
29 95 342
25 53 214
97 132 347
37 87 401
32 91 181
14 45 239
24 93 916
106 142 258
70 95 413
71 137 379
46 76 793
89 105 672
117 119 52
40 111 843
46 90 119
127 133 894
129 141 277
71 83 731
12 136 823
140 141 405
108 139 799
43 124 365
104 111 833
21 134 723
19 44 521
22 39 481
52 58 123
118 128 724
139 141 821
109 136 267
86 117 444
35 99 417
12 35 904
17 54 369
78 92 872
69 135 118
136 137 607
95 105 991
115 139 526
44 122 696
23 32 978
138 142 31
60 96 414
68 79 383
72 109 546
94 105 882
71 126 241
89 142 238
121 134 351
99 123 554
114 133 820
128 129 230
117 140 98
27 59 334
50 81 105
63 69 643
51 72 190
77 127 364
6 49 850
1 76 453
96 121 193
11 133 991
18 139 289
138 142 370
46 136 760
118 141 347
55 90 980
66 119 810
75 97 165
107 130 37
85 139 858
42 101 282
52 53 559
104 113 793
106 133 89
30 32 592
107 124 647
139 142 309
126 142 194
91 119 687
108 136 151
87 113 432
5 10 394
77 89 383
114 136 532
83 85 123
105 123 751
90 119 493
96 115 665
37 45 38
107 119 678
12 54 157
116 132 271
67 87 673
14 130 249
70 111 942
88 134 224
136 142 179
97 116 694
2 36 872
32 55 501
43 98 736
93 139 84
4 76 860
1 30 407
71 115 67
117 138 1
20 98 572
91 136 465
45 137 153
140 142 371
27 101 39
42 66 75
137 142 100
43 82 980
10 25 926
121 137 582
83 132 83
63 133 795
56 120 799
62 131 926
71 121 804
134 135 111
81 87 728
44 73 627
33 132 571
122 142 896
7 21 757
74 137 331
132 133 844
10 140 369
95 129 832
23 126 982
66 117 305
102 122 406
96 129 253
110 115 275
18 139 64
111 123 436
65 135 959
76 88 821
92 138 130
22 27 902
97 137 666
53 107 623
19 21 792
47 62 179
121 125 169
58 109 370
101 130 533
128 132 399
130 131 750
62 65 113
51 92 451
119 129 794
116 127 754
53 142 806
51 101 878
19 85 496
96 135 196
84 100 934
112 125 630
13 135 201
93 139 191
125 130 502
19 103 64
89 120 779
71 107 299
33 87 323
28 50 186
49 50 254
73 120 107
1 131 639
111 112 644
6 113 727
129 131 805
25 118 211
104 107 883
81 133 504
123 135 951
19 41 862
64 111 28
61 138 667
104 119 446
40 125 906
98 134 173
24 65 330
6 129 650
82 96 152
98 126 178
28 70 289
7 58 525
53 110 992
134 139 290
88 90 504
52 74 404
122 128 181
134 135 739
26 37 787
112 127 943
99 140 950
46 60 71
100 118 544
123 138 661
96 113 200
114 135 952
80 81 807
80 109 491
77 138 136
66 89 856
39 129 839
76 80 502
130 134 743
140 141 801
54 58 501
113 127 301
137 139 315
97 101 190
117 141 125
74 77 509
134 140 369
40 41 428
36 135 636
129 134 94
53 95 139
128 134 945
93 135 264
52 75 776
130 140 826
59 86 508
114 129 245
95 109 921
30 107 346
90 106 310
119 121 365
44 80 589
134 138 527
71 129 808
50 65 869
112 139 788
79 130 331
69 132 146
19 20 517
48 107 122
31 73 67
116 134 429
11 22 92
34 82 516
127 135 534
132 140 272
18 136 64
16 113 459
116 132 673
123 134 521
83 93 690
54 101 683
44 97 172
50 122 610
75 110 825
18 42 54
53 117 310
137 139 571
33 70 867
135 137 95
50 70 845
119 126 705
68 98 27
30 142 954
66 103 549
59 91 419
56 57 494
30 68 457
50 105 232
95 115 140
26 89 713
4 135 458
50 138 142
29 113 1
109 118 10
121 140 272
16 100 333
118 134 384
104 138 451
43 107 654
130 141 449
131 142 512
40 102 807
99 107 624
43 66 664
28 119 230
139 142 422
97 113 657
137 139 545
40 42 23
18 69 652
104 109 713
100 120 397
52 101 500
35 99 283
60 92 833
57 124 955
6 100 157
5 115 414
44 91 308
30 140 758
131 137 173
72 91 344
26 72 538
116 133 639
140 142 845
43 50 819
99 102 793
50 83 789
132 136 614
2 140 95
21 134 299
42 51 320
71 90 513
9 81 154
41 84 809
37 53 795
2 69 516
102 128 29
80 130 129
118 141 63
100 137 807
24 82 805
66 71 170
107 127 797
122 127 265
82 89 363
40 134 647
98 110 376
140 142 78
73 82 396
115 134 210
25 38 544
115 137 486
91 116 620
93 126 658
93 120 801
19 71 695
122 142 278
134 141 610
67 127 892
85 137 459
138 140 892
29 127 742
57 64 848
50 135 12
5 139 433
98 118 125
57 81 443
103 133 150
10 132 164
7 71 437
77 138 575
54 113 810
36 117 272
29 79 751
89 121 377
10 29 731
132 139 48
129 140 519
133 138 828
19 111 698
49 82 738
120 122 997
43 87 716
45 96 384
23 102 439
73 76 584
141 142 794
79 135 292
109 126 995
122 124 73
103 118 846
9 72 16
88 117 522
8 80 530
64 67 644
16 104 666
76 98 255
63 95 142
41 119 733
138 142 674
10 24 162
34 140 694
107 120 583
3 96 645
60 124 142
6 126 97
73 108 609
77 132 968
62 133 340
78 138 52
21 125 358
102 135 30
116 117 702
77 91 383
45 58 470
34 77 111
62 104 13
20 86 719
62 73 195
134 141 297
139 140 890
61 126 401
97 132 706
77 79 268
141 142 174
10 139 970
66 127 220
24 139 425
33 69 56
97 99 195
82 108 964
65 94 153
126 134 201
81 101 750
32 137 260
65 91 14
106 137 366
38 111 222
52 94 986
85 90 461
91 113 154
78 132 757
23 61 73
71 79 647
62 131 336
108 127 901
131 137 357
106 140 588
127 129 245
58 82 895
92 95 948
132 138 302
127 130 230
89 115 75
111 117 363
61 64 131
110 139 759
22 41 604
99 139 599
84 127 630
7 11 401
64 107 405
136 142 271
139 140 173
96 127 562
52 124 579
93 120 750
141 142 979
10 121 787
140 141 385
129 134 631
141 142 66
12 106 692
82 96 188
37 73 376
51 128 807
33 53 914
81 122 41
134 138 519
49 60 173
67 135 986
122 140 326
13 129 783
60 113 721
55 105 427
89 141 813
136 141 35
60 93 896
59 80 419
128 137 802
103 119 743
75 129 275
116 119 462
78 104 211
127 134 377
86 91 67
107 110 61
131 142 920
75 82 262
106 126 42
133 142 765
42 103 865
41 50 502
100 107 448
139 140 936
55 60 364
81 105 244
126 139 332
94 122 48
64 100 770
51 112 266
57 63 964
106 109 829
57 131 841
47 106 771
17 71 341
70 131 638
80 120 457
26 117 415
25 84 386
120 124 771
26 84 190
118 139 16
64 86 845
72 95 444
124 131 406
56 86 420
140 141 745
112 136 342
81 93 987
139 140 664
133 135 574
60 77 1
122 141 953
95 101 146
136 140 703
31 67 901
128 133 503
10 97 450
47 124 908
91 121 279
45 103 819
28 47 540
123 140 421
79 127 480
59 136 753
26 113 763
74 118 858
11 88 857
86 105 940
19 97 915
81 93 516
14 33 130
46 49 455
95 126 824
136 139 833
52 93 37
133 141 643
101 122 860
129 130 479
104 105 570
140 141 321
137 138 137
41 79 884
19 42 761
58 96 731
23 101 874
4 81 276
124 141 180
54 137 864
53 69 160
122 127 909
132 133 308
31 128 447
111 128 595
101 106 113
119 123 208
17 62 946
55 99 255
139 142 293
45 74 796
83 89 133
133 135 142
22 99 804
14 138 847
63 73 849
36 45 198
83 110 55
40 86 330
89 117 847
126 140 145
50 63 481
105 112 571
43 89 988
51 76 99
20 117 418
56 125 818
109 114 385
127 134 112
120 131 428
66 99 887
84 120 727
79 130 331
123 128 384
114 138 146
20 87 654
48 120 658
43 86 268
134 140 975
10 61 552
17 73 561
132 134 109
108 128 838
19 35 181
35 46 251
95 123 419
108 130 333
5 43 241
114 140 806
24 34 684
1 71 486
50 67 53
75 133 838
42 55 172
56 59 191
15 82 865
86 102 152
128 135 252
51 71 56
38 57 277
38 83 428
63 111 352
25 35 457
110 128 85
92 119 190
85 139 955
73 122 264
34 40 895
35 79 689
14 38 926
121 133 663
131 139 170
31 136 520
91 94 508
39 86 560
21 66 797
33 136 684
10 108 638
132 140 737
140 142 599
120 133 207
41 82 930
79 138 574
139 141 826
107 108 660
67 104 992
61 108 748
72 82 907
53 100 322
135 142 182
57 115 84
27 66 539
48 127 531
55 56 605
75 120 543
123 141 822
40 117 688
118 125 282
11 47 822
108 127 913
4 43 194
138 139 48
123 131 399
11 35 995
107 140 874
21 132 6
93 121 100
13 26 379
58 115 964
54 78 835
116 140 897
23 43 82
104 105 869
63 76 847
57 95 983
10 28 858
18 114 212
25 73 616
133 137 720
137 141 814
26 115 530
10 121 943
59 126 67
33 106 140
80 136 947
55 118 413
5 91 62
133 137 401
40 110 800
111 133 736
6 37 208
54 88 207
61 77 580
96 103 562
98 107 345
45 99 660
73 83 350
137 138 900
137 139 194
114 115 795
27 107 240
54 56 393
81 132 555
72 124 109
7 27 955
102 103 636
79 124 174
96 115 844
31 34 886
131 139 934
137 140 656
136 140 711
25 66 706
109 141 57
1 36 937
113 120 577
19 109 77
31 138 296
71 76 310
18 73 1
114 134 977
6 10 249
88 133 93
22 87 693
5 29 659
92 132 394
75 129 348
23 52 180
115 142 233
34 35 65
15 76 28
67 112 74
3 70 572
54 139 849
14 55 244
48 68 176
11 141 293
141 142 353
75 139 364
133 134 578
121 137 648
106 119 883
3 115 859
14 112 496
2 98 685
66 127 62
44 136 154
39 97 40
40 115 916
106 129 737
11 68 438
95 108 477
35 134 306
1 106 49
116 117 684
105 118 748
21 140 657
8 41 377
103 131 479
141 142 362
62 128 677
99 116 865
16 59 610
74 82 855
125 134 923
74 86 291
60 137 225
92 118 484
16 73 252
49 118 57
48 109 989
82 108 729
12 98 664
125 133 10
19 92 316
77 103 227
140 142 182
132 140 498
116 132 276
19 121 932
117 120 62
79 81 347
133 135 191
109 114 513
91 111 189
118 130 358
100 108 30
12 140 955
119 132 181
103 122 881
53 122 274
15 97 74
16 48 453
3 9 998
47 114 962
97 118 228
35 56 235
115 141 970
87 137 229
84 107 241
54 59 317
129 139 610
127 134 728
63 67 333
84 129 926
40 98 947
66 83 409
73 134 182
27 130 647
22 87 505
34 111 879
129 138 267
136 140 354
86 108 103
103 115 871
74 100 866
104 109 795
85 132 681
29 43 228
105 113 288
37 141 849
36 56 36
34 96 826
126 128 773
31 64 600
52 106 811
58 104 944
65 89 279
65 133 25
101 139 782
124 139 640
23 38 689
24 129 272
87 128 157
24 35 540
137 140 644
92 109 134
115 141 316
13 140 351
127 138 969
29 82 890
1 134 520
35 78 63
105 133 377
40 48 537
46 96 447
76 89 375
77 134 687
108 112 593
63 92 463
60 92 218
63 123 743
67 80 896
100 113 743
69 113 938
45 121 580
61 127 83
2 40 473
25 125 626
34 136 872
33 139 264
137 138 489
113 119 471
86 126 619
121 139 790
47 55 427
97 100 896
134 137 956
106 124 508
24 135 703
73 136 318
57 130 161
107 119 679
53 57 618
18 68 66
14 117 433
14 80 335
71 91 475
101 127 262
46 90 371
138 142 179
86 123 91
25 67 996
75 138 516
107 111 10
128 137 846
18 73 249
41 62 630
139 141 863
61 97 754
46 97 368
2 62 869
32 92 404
124 134 874
30 97 83
97 124 783
88 97 828
24 127 266
49 89 151
131 137 278
110 119 226
6 111 817
89 120 349
123 134 933
132 135 849
95 107 156
132 136 182
22 104 753
110 122 140
41 136 64
112 117 761
34 135 624
139 142 762
40 128 938
22 81 986
42 85 867
89 128 381
131 132 105
107 112 651
93 104 139
84 111 177
133 141 357
102 105 948
18 127 385
134 136 768
3 14 592
110 133 663
82 128 937
134 138 57
33 71 57
68 113 374
37 96 881
125 139 844
126 129 102
45 105 7
2 59 870
64 106 228
113 116 743
91 113 730
37 42 468
133 136 608
75 102 590
84 117 340
72 79 34
129 139 591
102 136 149
128 136 945
86 139 417
23 47 376
134 138 820
7 111 277
22 104 925
63 133 454
28 52 210
42 109 205
90 142 137
80 130 668
117 140 201
41 58 666
116 1000 56
50 99 592
83 96 649
71 108 177
35 80 82
13 25 324
54 62 591
67 94 671
70 71 772
33 82 928
91 103 492
95 97 702
1 75 712
33 88 719
94 102 709
72 75 780
97 108 805
41 96 91
31 88 133
60 93 980
44 70 585
63 86 341
100 116 877
92 93 269
108 110 991
81 103 695
78 112 932
113 116 419
27 90 532
30 33 433
88 111 925
37 109 792
100 112 908
11 116 877
18 30 293
33 62 297
23 41 606
82 83 360
99 101 521
50 64 565
58 61 851
54 93 575
30 84 389
40 44 268
81 91 861
58 91 872
7 66 183
78 107 272
55 116 732
72 90 267
105 109 425
108 116 183
27 85 59
21 112 322
4 89 582
100 102 825
7 89 722
81 83 181
60 72 543
48 76 523
44 51 584
103 114 409
5 40 407
89 94 681
33 78 395
64 89 74
99 104 173
82 115 561
100 109 604
38 67 7
14 25 625
12 106 711
11 82 977
1 78 191
64 74 930
23 34 802
99 112 577
68 78 679
45 109 742
47 115 287
46 61 171
6 80 394
12 27 422
40 51 982
89 93 2
52 93 189
84 85 392
100 106 490
115 116 806
38 102 300
73 83 183
81 106 117
18 21 666
51 99 657
88 114 25
41 102 258
79 101 141
106 113 86
21 109 364
19 48 156
86 116 753
38 82 153
7 100 366
101 103 725
44 110 874
42 64 763
42 89 519
114 115 353
75 109 185
71 90 93
49 107 882
67 102 442
9 18 552
39 44 77
58 74 24
18 34 22
10 98 834
15 18 308
19 29 662
14 17 786
17 20 466
100 116 888
58 110 844
30 109 945
81 98 55
74 75 184
8 43 803
101 115 64
33 106 981
49 70 788
35 73 611
11 93 252
81 94 192
106 111 818
68 78 950
39 110 717
94 112 768
114 116 215
84 87 242
37 70 69
47 103 920
66 81 128
41 50 490
25 92 86
44 62 476
104 116 374
24 33 520
20 22 57
24 46 932
87 101 774
59 109 46
79 80 716
68 104 645
49 113 441
107 112 115
3 113 78
75 79 639
90 99 145
63 107 249
113 115 327
72 107 212
57 96 60
67 110 40
89 111 782
35 40 701
39 108 48
26 35 806
21 73 359
93 112 11
86 114 682
2 60 530
65 78 595
7 51 53
37 75 923
38 96 154
105 109 474
96 111 766
81 109 32
16 83 268
44 65 220
12 40 40
39 51 642
61 68 327
95 100 927
18 36 818
8 86 86
75 79 82
8 36 961
103 113 708
61 93 828
63 78 881
34 88 622
99 106 672
38 104 175
55 58 391
67 100 631
99 105 63
78 100 270
63 64 68
7 114 823
42 110 849
65 87 264
48 54 461
47 113 236
6 69 222
94 99 986
5 18 667
87 92 504
7 95 564
7 22 53
115 116 554
86 115 13
35 66 745
86 106 791
106 112 24
98 112 663
104 108 547
70 92 406
61 116 400
13 65 30
20 55 221
82 97 22
99 115 384
114 116 204
74 89 531
20 82 672
75 80 112
106 110 910
87 108 365
28 115 590
48 52 997
103 113 330
27 77 672
97 107 781
42 97 306
6 110 476
75 115 884
56 73 702
88 110 622
45 81 899
100 112 874
78 100 360
3 45 646
67 92 487
57 96 187
100 108 500
109 110 23
15 28 483
77 111 372
66 95 471
83 98 708
45 108 600
40 41 632
1 63 987
88 104 658
31 81 845
19 102 850
43 58 263
32 93 781
20 32 45
47 101 732
91 108 899
26 95 586
36 40 460
71 83 104
59 103 956
109 114 117
18 115 954
4 36 973
74 109 406
28 51 728
39 93 730
78 109 463
50 62 901
87 97 212
93 106 967
111 112 140
45 59 999
106 113 963
63 83 819
12 27 309
62 82 219
41 49 722
11 64 754
47 78 733
52 88 274
65 111 609
48 74 994
77 94 695
41 110 648
102 105 362
104 105 145
29 110 147
23 53 224
55 108 10
37 103 329
84 100 958
37 78 331
1 80 737
22 78 802
69 86 158
10 14 254
31 49 757
24 61 854
72 101 11
107 110 386
7 25 925
96 104 147
75 104 409
68 93 198
82 106 624
68 111 555
18 30 46
15 58 883
85 112 740
58 98 301
112 116 147
96 107 427
73 97 342
33 59 389
48 95 762
85 103 19
69 74 549
105 114 26
6 87 635
81 104 707
2 92 306
109 114 841
87 88 285
62 99 662
108 112 413
115 116 20
115 116 623
8 105 818
51 82 106
82 112 313
26 76 429
11 39 211
57 95 159
57 96 353
34 106 83
102 115 745
101 108 938
32 77 674
78 95 489
36 50 658
40 83 118
57 58 97
113 115 110
91 93 325
55 63 978
57 75 468
109 110 483
85 111 922
14 38 319
101 112 499
83 102 177
26 107 317
28 65 404
17 79 609
24 76 705
106 109 647
13 28 31
84 103 853
56 65 419
35 61 126
68 96 178
69 87 412
88 103 557
79 93 985
50 91 824
4 7 138
70 76 565
2 112 739
14 96 102
39 67 202
108 109 936
38 85 695
99 108 231
50 79 866
74 77 5
2 56 334
85 115 377
11 14 335
106 114 53
49 68 93
89 112 4
28 110 180
58 72 649
21 45 571
101 111 754
80 96 938
5 36 287
7 115 476
87 92 698
14 35 823
39 65 919
83 113 105
33 70 450
1 14 122
57 113 260
83 84 449
14 103 294
9 57 672
88 91 481
114 116 961
49 113 492
1 27 281
15 72 313
113 115 259
70 75 608
30 72 108
75 94 459
59 97 575
10 95 408
47 67 646
107 108 925
47 58 63
114 116 323
15 42 213
2 13 345
21 84 105
115 116 278
45 66 122
76 84 99
49 90 302
8 59 769
51 91 245
102 114 444
22 93 765
51 98 519
15 115 660
17 70 313
65 96 265
76 98 227
67 68 293
64 80 859
32 41 909
73 108 216
17 89 179
104 105 989
11 86 889
110 113 127
101 110 952
83 114 32
101 103 79
34 39 624
25 95 199
114 115 874
52 97 619
22 27 277
104 111 172
106 108 381
64 95 814
64 94 977
109 111 868
106 116 51
16 78 451
35 80 39
20 78 148
95 103 880
106 108 773
102 108 656
106 111 680
92 94 731
22 89 80
43 95 668
44 99 900
64 87 243
8 66 963
99 103 821
22 45 148
14 67 677
67 71 35
97 109 727
110 113 531
104 110 503
12 71 998
45 75 242
6 64 298
73 82 376
5 88 51
67 96 159
100 107 61
38 85 457
65 96 403
71 113 564
28 59 290
44 89 957
58 70 589
53 63 890
40 90 741
89 95 421
79 108 996
112 113 328
24 81 983
98 110 634
2 26 586
5 17 528
72 100 604
17 40 291
53 71 436
60 111 626
80 107 17
42 47 954
104 114 368
44 95 312
108 114 474
25 26 408
47 85 266
91 105 413
10 99 271
95 105 683
74 82 220
49 88 995
103 109 859
8 67 85
66 79 445
65 70 284
95 97 59
11 91 70
93 101 844
115 116 854
69 94 256
45 59 167
54 57 888
1 24 516
112 113 534
2 69 977
41 98 632
37 90 509
24 61 934
73 85 271
53 59 100
88 93 219
101 109 374
32 63 817
33 73 525
93 100 557
76 85 629
20 31 775
22 98 682
43 85 451
113 116 102
58 74 504
1 95 944
9 33 814
16 65 319
13 83 243
30 64 962
7 71 715
92 100 609
61 90 665
61 88 419
114 115 871
3 24 149
18 21 843
91 114 453
102 108 254
33 97 38
86 88 79
1 55 399
75 116 956
91 107 628
31 74 222
85 108 8
115 116 19
83 87 548
29 37 252
22 106 561
54 60 893
111 112 933
36 58 343
86 88 215
1 23 28
63 73 175
97 100 297
69 100 820
6 111 841
37 91 773
91 104 938
56 93 61
38 101 439
61 104 881
16 60 501
25 77 217
107 113 789
111 115 265
8 49 599
109 115 22
51 76 389
112 113 535
93 101 707
66 89 543
74 108 853
65 108 431
81 103 772
80 89 673
10 87 236
23 51 217
111 112 359
36 90 82
53 92 999
45 115 480
104 108 546
72 96 296
37 53 123
26 113 346
28 101 300
5 29 256
4 86 859
68 102 297
12 13 165
48 112 490
14 93 436
7 41 560
44 100 145
44 105 284
88 100 77
1 6 495
114 116 80
102 111 192
83 93 404
110 111 668
96 108 741
75 114 561
2 77 937
42 91 371
90 102 964
1 98 658
102 109 592
39 65 977
110 113 763
16 90 605
48 63 145
92 112 488
13 78 142
63 74 920
76 108 483
61 96 4
92 112 555
39 60 950
49 53 230
80 94 743
16 100 957
99 105 818
89 103 176
92 102 730
78 102 655
29 76 351
48 100 606
45 76 747
96 100 614
7 79 218
87 90 471
24 49 572
76 89 631
48 114 737
68 91 776
23 74 419
96 114 800
66 100 797
41 104 729
34 89 184
86 109 74
17 108 384
59 72 427
29 79 988
89 100 135
51 80 759
22 38 867
22 81 94
113 115 890
108 109 750
94 103 413
67 101 323
78 100 326
73 78 141
7 13 26
24 39 272
85 112 381
65 102 882
107 115 582
63 88 815
64 95 998
74 88 112
90 109 710
50 62 95
53 78 873
80 101 995
62 86 156
41 49 165
13 49 779
78 101 643
21 82 760
39 93 830
84 103 256
82 94 185
23 37 280
35 36 251
6 37 477
12 26 614
48 63 361
45 115 709
76 81 630
22 79 569
65 97 106
103 111 680
5 111 397
97 105 146
96 102 455
93 99 485
26 101 288
6 110 65
41 69 204
42 108 582
29 63 925
94 116 637
11 49 108
40 97 503
40 80 645
56 111 456
82 97 558
64 74 445
6 103 122
93 103 52
29 59 269
5 103 840
36 69 608
9 98 53
53 83 906
104 114 811
89 97 289
104 116 953
66 77 186
63 78 636
76 98 955
111 114 326
89 109 264
69 99 414
68 70 381
9 11 499
106 112 164
80 100 946
33 78 429
61 70 309
35 59 796
27 110 308
6 21 926
79 97 603
8 17 447
105 107 636
97 99 128
24 58 322
110 113 883
76 84 476
5 79 646
76 80 869
115 116 428
56 71 714
48 65 725
66 109 141
58 60 188
12 58 503
2 68 749
52 99 945
73 100 650
83 90 923
12 45 839
55 77 702
91 115 957
29 100 669
62 73 995
21 43 402
54 91 538
5 52 423
94 105 646
45 49 48
103 112 792
77 95 45
69 106 392
109 115 680
115 116 850
55 115 362
16 42 166
45 87 467
55 113 130
110 113 555
86 114 992
112 113 429
97 109 689
1 48 220
50 72 791
57 108 901
3 68 233
113 114 133
20 85 962
3 37 113
25 66 679
103 113 499
39 108 295
67 73 4
113 115 739
49 104 826
78 83 607
24 41 1
24 108 482
8 74 916
46 57 185
91 114 994
33 81 245
82 100 742
29 60 770
100 110 973
55 94 498
29 43 190
103 109 249
53 96 304
84 106 219
108 116 726
114 115 86
66 85 928
43 68 123
32 58 822
58 106 587
69 73 10
81 108 4
17 116 732
34 78 26
13 37 582
63 78 972
51 57 673
70 81 802
55 73 905
85 92 624
38 111 53
68 110 138
97 114 663
100 108 22
86 94 302
8 108 298
85 110 937
75 104 992
84 105 718
91 106 931
31 36 432
52 89 896
74 76 605
2 77 163
44 71 813
16 24 798
80 105 628
108 114 876
89 102 582
79 113 282
47 70 816
95 115 937
115 116 749
85 94 347
31 80 117
109 115 669
99 106 916
76 97 26
73 103 632
8 49 153
13 111 738
79 104 962
85 98 373
107 116 692
95 107 816
34 103 104
56 72 310
103 114 242
76 80 699
103 113 587
5 6 833
54 81 23
98 113 952
112 115 789
25 52 908
54 62 498
20 91 81
107 114 896
35 91 408
78 89 913
43 64 99
102 116 208
10 87 34
13 75 726
78 110 558
89 106 992
6 44 284
53 68 287
20 37 508
28 90 244
80 94 188
24 25 640
6 35 680
36 76 595
99 116 487
75 101 489
39 61 664
18 103 693
78 98 984
12 99 558
24 100 269
44 98 130
53 61 363
54 106 598
65 77 275
30 112 60
82 115 576
37 94 546
111 112 905
11 82 235
68 84 236
85 88 451
34 48 727
13 96 606
81 89 942
33 57 889
101 111 137
76 116 193
94 97 786
92 108 404
92 103 37
81 102 124
85 109 390
50 51 796
94 109 487
8 43 564
27 72 755
39 44 641
2 53 826
31 114 486
78 95 554
61 101 542
3 44 356
71 116 282
29 75 86
80 83 789
98 101 447
109 110 758
55 94 483
39 59 797
35 56 818
94 95 911
77 95 638
43 104 596
110 112 444
43 71 843
56 76 169
67 115 260
78 99 494
68 109 197
55 72 311
4 90 433
74 108 900
95 106 87
69 115 727
99 103 881
88 112 56
65 68 121
88 95 988
105 110 560
54 87 454
53 115 129
114 115 654
3 14 302
72 73 355
31 79 203
103 106 375
7 46 336
78 80 109
89 116 171
5 91 12
64 69 428
28 48 212
25 78 25
77 87 787
64 76 509
71 115 298
77 91 843
46 78 298
91 105 13
79 116 122
34 96 521
7 76 8
30 40 584
111 114 943
24 104 70
80 85 382
46 93 708
91 110 383
10 78 221
35 70 941
17 34 183
70 105 449
92 95 756
38 97 604
27 96 18
52 819 8
4 5 268
3 13 918
19 20 573
2 41 188
7 23 318
47 49 550
32 51 967
6 44 700
51 52 633
16 44 839
15 32 312
48 50 971
46 47 264
47 51 782
32 51 139
2 4 960
32 34 449
18 26 876
18 51 281
12 31 319
51 52 591
31 32 247
27 33 886
27 28 42
23 35 957
43 44 741
18 49 663
44 51 790
48 50 315
41 49 825
34 37 90
50 51 347
20 30 360
40 47 935
4 27 827
19 29 268
5 23 828
18 50 280
13 27 242
4 20 682
2 13 339
8 45 977
9 12 103
11 23 93
29 40 808
14 45 592
7 32 13
40 50 832
14 42 77
38 43 908
8 27 575
18 42 98
31 51 204
34 41 490
36 52 270
15 41 93
25 49 967
23 41 558
30 39 113
21 45 905
7 34 45
25 29 645
33 38 166
14 18 643
49 50 313
37 42 507
19 39 683
39 43 895
33 38 551
16 31 465
33 38 428
46 48 572
28 34 347
22 30 497
4 36 476
38 50 753
50 51 865
16 38 797
7 51 32
17 34 430
10 18 410
22 25 178
50 52 562
42 49 385
7 22 958
11 41 684
39 41 318
11 24 711
51 52 74
45 49 434
38 45 578
8 16 337
1 33 997
12 36 901
23 32 682
16 45 640
46 48 721
8 42 994
38 43 552
23 45 28
24 25 767
31 42 230
29 37 873
50 52 660
18 23 379
45 46 664
11 40 284
22 38 475
50 52 993
24 28 886
27 49 721
47 51 514
22 35 382
1 34 923
37 42 874
16 43 909
6 27 732
46 50 125
49 52 937
40 47 181
8 23 702
38 39 353
48 49 408
8 15 858
3 45 520
9 46 198
14 24 265
7 42 398
36 51 772
24 46 249
39 42 242
7 40 275
48 51 228
3 35 975
13 43 644
14 25 679
31 45 781
13 21 410
3 8 757
13 21 492
29 33 59
34 35 212
37 49 495
47 48 454
27 28 867
2 10 428
15 19 819
7 37 884
6 30 679
7 10 357
50 51 711
41 46 276
20 30 359
12 17 987
22 49 55
12 23 568
46 47 994
5 39 123
8 32 837
50 51 8
36 42 206
14 43 881
41 43 131
35 36 228
18 28 405
41 47 425
32 39 710
15 34 99
4 48 354
47 52 24
39 51 934
3 8 496
39 45 254
45 52 922
1 19 434
24 25 359
10 11 961
32 42 40
25 45 721
31 38 738
3 5 300
39 43 410
51 52 610
12 40 788
50 52 805
4 32 53
50 51 531
19 51 184
23 51 902
11 21 333
38 46 781
30 43 641
51 52 556
41 48 370
5 20 753
40 44 604
5 45 570
37 39 178
50 52 730
4 20 797
37 39 291
4 25 633
22 38 741
38 44 68
10 29 725
26 43 750
16 31 313
3 17 641
28 35 205
17 21 583
15 17 23
49 50 312
22 29 289
23 36 553
28 29 997
22 35 983
28 46 709
45 48 53
26 45 145
27 41 729
49 52 244
26 37 215
45 46 726
1 5 485
12 49 218
44 51 35
23 49 438
36 37 771
25 26 574
15 31 476
9 37 946
30 43 197
14 45 306
17 37 623
26 33 659
17 29 501
15 46 285
35 39 237
42 48 469
25 49 117
31 41 275
46 47 465
12 15 1000
19 25 76
19 38 940
35 49 525
3 16 373
44 48 97
26 45 931
1 49 783
8 26 568
46 48 184
8 29 904
10 45 172
7 37 2
17 45 1
10 39 103
27 30 64
25 40 471
26 52 802
22 25 676
11 15 994
51 52 95
19 31 565
35 38 468
22 38 190
32 42 718
10 48 218
3 47 530
24 29 463
18 19 514
34 49 409
45 48 743
14 15 967
51 52 334
42 43 437
9 18 249
6 44 143
39 48 13
20 25 715
8 24 254
24 32 796
43 48 311
1 39 741
23 42 342
3 40 352
47 48 299
5 28 845
16 30 954
29 33 527
23 33 522
48 51 780
24 44 26
21 31 635
42 44 862
30 38 104
18 43 499
22 37 128
41 42 407
26 51 493
15 52 964
37 41 918
33 52 963
47 52 782
10 25 485
50 51 817
42 45 300
43 49 437
46 47 950
1 14 865
31 52 45
13 23 591
24 46 371
39 52 84
11 20 277
36 45 48
34 40 273
22 48 107
45 50 848
51 52 89
24 44 921
35 38 132
13 26 977
34 44 659
5 18 338
9 19 547
11 30 68
12 27 996
47 51 501
15 17 581
5 22 95
17 31 539
21 26 758
41 52 948
20 21 80
46 52 786
43 48 388
40 51 678
41 49 808
43 50 772
39 43 444
2 33 861
18 44 950
45 51 871
16 38 900
49 51 239
28 30 119
40 45 229
6 43 107
39 51 874
25 29 102
27 47 920
51 52 247
48 51 220
9 15 253
15 18 236
15 43 418
16 46 532
40 45 816
10 50 119
38 41 431
48 51 746
49 52 821
26 51 750
20 44 190
22 26 513
17 26 829
2 27 872
3 10 410
10 35 290
31 35 314
49 52 2
1 14 915
26 52 164
23 40 842
50 52 296
39 49 424
32 39 777
9 37 343
14 37 866
36 46 171
14 23 458
41 49 222
21 44 14
37 42 873
15 35 996
30 44 421
44 50 649
28 42 354
32 47 671
10 19 4
1 2 115
1 39 577
42 49 622
5 6 526
25 41 623
6 10 842
19 52 897
5 31 896
9 36 896
11 24 223
50 52 996
31 51 723
6 14 318
4 19 711
28 41 590
33 52 968
7 26 442
36 50 794
26 35 272
7 51 81
36 50 120
34 36 990
7 49 56
43 50 539
18 42 655
28 40 710
5 48 693
28 42 758
23 25 145
21 50 63
43 45 396
30 45 303
21 44 837
16 23 575
8 9 36
46 49 783
41 45 935
25 28 478
27 48 575
10 20 880
35 44 199
39 42 418
34 49 814
5 16 308
24 36 490
1 15 744
33 42 747
36 39 983
23 47 445
2 29 40
10 50 879
2 23 398
28 32 943
2 13 475
9 37 157
22 34 494
6 30 689
16 43 398
12 32 813
2 27 4
43 48 976
6 22 695
38 42 817
4 27 421
26 40 841
40 47 662
37 43 291
7 47 398
14 39 343
9 17 51
31 41 26
34 45 650
15 51 139
18 36 856
22 39 756
17 43 751
29 38 475
33 48 977
23 31 946
23 48 393
44 45 471
43 50 602
36 45 697
30 42 956
32 42 654
3 4 242
7 42 41
6 15 475
12 43 89
15 33 546
14 46 676
22 49 58
26 44 76
45 52 748
26 46 445
51 52 638
11 35 714
35 47 854
28 44 372
5 40 518
15 27 982
34 38 787
31 37 414
20 50 680
14 50 349
42 52 398
37 44 352
7 51 585
40 52 583
20 23 809
37 52 37
6 29 373
4 22 551
21 41 142
26 48 480
43 45 253
43 48 935
51 52 336
5 51 684
15 40 706
42 49 942
9 32 287
17 18 419
22 31 482
35 42 865
44 52 489
51 52 604
33 48 203
36 50 832
50 51 546
33 34 301
1 21 266
7 13 781
45 51 920
47 48 430
1 17 433
40 52 96
47 52 842
9 47 663
22 30 912
15 48 611
6 47 371
43 47 704
47 51 357
16 22 255
19 44 803
40 47 744
6 51 374
11 21 85
46 49 457
1 42 348
2 41 505
30 47 419
10 40 800
11 42 638
28 38 294
12 20 737
16 52 985
43 46 597
49 52 18
37 40 146
43 47 249
18 41 961
13 33 531
29 41 649
30 44 866
37 38 30
3 48 578
1 8 45
5 20 730
36 39 132
22 33 728
32 52 698
20 28 486
12 51 304
4 26 211
41 52 833
44 49 399
40 49 898
13 51 213
31 45 130
33 38 410
11 32 307
43 47 685
50 52 22
30 42 578
5 32 656
17 22 109
12 48 436
15 37 89
14 29 427
22 42 857
46 52 518
35 40 238
7 11 860
15 23 821
19 30 951
46 49 195
8 40 581
3 37 744
25 34 744
39 43 319
4 14 887
3 38 832
9 29 475
9 32 223
32 45 853
25 42 375
1 10 634
40 44 850
24 42 129
44 49 311
47 52 857
37 51 413
32 42 962
25 50 393
5 26 164
36 38 928
42 51 884
31 38 579
26 29 604
26 52 986
15 20 339
29 38 51
43 50 437
39 47 289
22 33 841
29 48 411
13 35 790
1 42 151
38 41 206
13 44 124
7 32 273
6 17 431
17 34 433
26 42 441
37 48 415
14 52 595
10 18 109
39 44 762
37 39 633
25 29 60
18 52 488
39 43 823
29 33 765
44 52 913
30 49 707
48 52 288
50 52 248
19 27 653
11 38 725
26 29 280
16 44 602
37 42 129
31 49 473
47 51 191
9 51 148
24 50 194
43 47 700
10 28 776
47 50 868
25 45 425
39 40 860
23 30 395
26 37 75
39 46 204
13 35 167
4 50 259
18 29 160
31 47 503
35 40 63
25 45 78
11 24 841
16 34 190
3 47 754
44 52 682
1 28 872
44 52 957
3 18 900
39 50 266
48 49 47
7 26 589
38 52 984
47 51 971
51 52 109
27 49 206
47 50 237
34 35 171
19 31 885
2 49 658
23 37 794
50 52 292
42 50 770
47 50 406
22 46 933
11 22 478
20 51 317
3 26 895
45 48 757
11 41 725
29 41 319
18 30 359
20 39 406
18 36 742
23 35 741
14 34 31
40 42 746
30 46 558
30 34 356
8 15 799
27 40 401
16 28 712
40 51 420
5 23 864
18 50 285
18 27 817
9 51 982
18 28 532
27 34 760
23 30 533
40 50 448
44 51 352
37 42 348
38 46 905
19 44 423
51 52 756
4 40 361
25 35 32
26 47 990
22 51 255
30 44 525
8 51 55
46 47 719
22 44 571
48 50 498
13 45 279
46 50 758
48 51 747
33 45 387
22 41 344
48 52 929
1 17 272
3 21 342
28 36 750
50 51 167
17 38 626
43 52 301
19 50 432
38 47 364
35 40 238
4 25 650
37 48 515
31 35 792
13 33 382
43 48 275
25 27 859
48 52 175
17 35 638
25 31 492
50 52 145
23 40 202
30 47 819
36 43 630
18 43 983
24 35 524
47 49 574
17 43 957
40 42 318
35 41 24
1 2 440
50 52 719
44 46 392
38 52 670
38 46 325
16 37 337
12 25 796
41 44 854
2 3 486
51 52 183
26 51 629
17 28 356
30 50 791
5 51 396
1 18 540
41 50 555
10 38 723
48 50 208
9 43 430
37 40 443
10 49 740
25 33 746
35 40 690
15 30 812
37 44 174
20 36 493
50 51 636
27 36 545
24 41 5
4 39 578
17 21 189
33 42 441
2 36 405
37 43 549
5 18 298
33 46 627
49 52 455
28 36 185
45 51 228
51 52 875
23 30 256
19 42 190
2 24 145
50 51 377
15 48 57
38 40 483
26 41 685
19 31 407
15 49 427
31 44 552
40 47 27
1 18 238
13 34 402
42 50 782
28 36 941
4 9 595
17 41 491
26 48 664
23 34 388