30
10 5
11001
11001
01110
01010
10011
11110
10011
10001
11101
10011
10 5
01010
11111
10000
01100
00001
10100
01101
10001
00001
10010
10 5
01001
00011
10100
01001
01101
10110
01100
01100
00101
10111
10 5
10000
00100
00010
01000
10010
10110
01000
10111
01001
10101
10 5
11000
01011
11000
00010
01010
00101
10000
10100
01001
11100
10 5
11001
01010
01100
11001
11000
00000
10100
11000
00101
10110
10 5
00000
00010
11011
10011
00110
00110
01101
11011
01001
01000
10 5
10111
00100
00110
00110
10100
00110
10010
01101
11010
01101
10 5
00000
10000
10101
11110
10010
01110
10010
00101
01001
11000
10 5
00111
10011
00001
01001
01011
00001
10101
00010
01000
00001
10 5
10010
00000
00110
00110
01000
01100
00001
00011
10010
00110
10 5
10111
01000
10100
01111
00010
11011
11010
01001
10010
01001
10 5
01100
10010
00011
10110
10010
10110
01000
00101
11001
11100
10 5
01110
00111
10010
01010
01010
11110
10001
11010
10111
00010
10 5
11000
11111
10010
00100
11111
00011
10000
01001
00000
10111
10 5
00001
10010
01000
01010
10100
10101
00111
00111
11101
00010
10 5
00111
11001
10110
11010
01000
01100
11111
01010
01111
11010
10 5
01001
01000
00111
10100
01000
11100
00011
01011
10101
01101
10 5
01101
01011
10010
01001
11111
11011
11011
00101
11010
01100
10 5
01000
10011
00001
11001
11010
10000
01101
10101
01010
10100
10 5
00101
10010
00011
01100
00100
01000
10000
01111
01011
00000
10 5
11101
10101
00000
11010
00000
01100
00101
01100
01000
01001
10 5
00101
11101
10101
00000
11100
10111
00110
11011
11000
01110
10 5
00010
00001
10010
01010
00000
00110
00010
11000
01100
11001
10 5
00101
10111
11001
11101
01100
11101
01111
01010
11010
01111
10 5
11100
00001
00110
10101
00010
01100
01111
10110
11101
10101
10 5
00111
10001
00101
10011
01101
00001
10010
00000
10111
00001
10 5
10100
01101
10101
10101
10100
01100
01110
00101
01100
01000
10 5
00000
00000
00000
00000
00000
00000
00000
00000
00000
00000
10 5
11111
11111
11111
11111
11111
11111
11111
11111
11111
11111
