100
826555
29937
82698
346981
490420
801306
142167
948126
190048
472464
365458
533781
651062
950909
890012
952976
974090
791611
937512
738134
846008
922994
490878
750703
484277
83339
29296
849174
670039
449489
103773
904569
915035
269260
130159
743910
603335
97058
820174
21957
763607
546842
390310
807560
293829
13886
453667
807073
112158
399908
653299
461682
263059
532669
459396
890748
95960
142844
431956
714883
118231
20568
382033
196773
734725
45998
405507
755462
450245
432967
557512
958363
418290
274281
918562
6306
606486
755821
238269
944270
624496
346894
611684
451979
842801
819451
877642
153844
458753
205204
719261
719837
976419
651360
666278
295273
223921
6998
111395
207949
