100
747824
217754
212330
841399
349485
284418
247945
846766
488494
188572
182573
928779
317687
935424
338664
974138
118256
713490
81728
742822
138730
737841
174938
531657
771498
99937
322209
867251
338061
123747
769697
932871
750892
370196
528938
824060
360164
631889
286425
93898
665035
85795
395868
151462
893897
365375
779825
319148
70436
528524
456781
798049
624688
447655
444196
179072
481658
83856
918007
814474
90398
150115
956263
662063
427052
962821
275779
939700
872862
232911
596419
755637
261609
816131
558965
62932
420882
160747
42441
535201
551680
385828
602970
126044
433145
437473
728620
827935
906959
464876
852305
248953
965289
917921
409188
188680
591046
492693
701638
455781
