701904762
924883540
217928208
804692937
589833209
31419233
580950197
62314764
370044547
123119023
284913218
831007337
413562484
818380086
529031365
940840027
459675443
975921000
629636415
440535415
989250986
857564190
588518440
432353429
619814564
604596816
684524795
399706892
879777179
957904346
359344796
96064139
629988261
710899493
547064213
180919319
608932036
80335748
976106914
406938849
233442431
639267531
706435931
781733275
502567497
32248170
786482914
947395950
743987988
981299373
436309068
934713105
705629055
250830589
362817609
290477414
988073265
818611506
279106601
277161583
53001051
411057599
718731544
902566464
855969471
986661490
111551688
727358963
277293222
484914005
789980165
987443571
93793420
495731430
710775489
241179226
771274876
941369441
720067920
511825779
988717302
670831136
371888818
266654491
68198352
196214322
298360936
844563401
382778147
636585391
585548749
135726874
760040163
945564680
22298718
75060852
39603073
881987801
519727464
212538341
