659221286
353302775
671015553
833286428
389200567
733606936
808351358
646512551
4953463
879602718
645255801
892258145
968777762
664698694
467390707
61756866
634900125
934728000
927287501
310775624
863374490
718583597
884918817
653686266
518290562
882329595
617028654
218352372
116267751
8256464
398858843
273950070
663988919
302270609
859578776
923782072
435050975
17899041
166820680
686143391
369172073
307392484
102571984
167181197
537675307
471374918
133557753
903629546
518386111
223233194
308728712
959531802
852259692
355579267
127047454
429930401
251142104
297788632
972915709
130327963
673922641
553825664
459260833
275818173
873557695
118250643
309892095
785938546
935038787
31427146
271147389
237917035
813595337
587338950
583653658
374410730
508073479
179198929
733516733
229964819
161445214
489929532
379570138
683193050
13040241
495512811
115610586
720556409
492804467
727388353
777031629
591171700
208196988
324552126
502330082
263604878
932326049
904266669
802562953
243324975
