1000
791548
58181
124141
874168
459495
984616
166375
765377
571620
77039
543069
710554
610918
349595
116851
969951
847850
426951
517730
87195
782734
97834
379655
121143
265194
598769
481714
117441
715719
278380
501511
566391
445883
160702
623827
28199
444904
290377
123029
908079
254057
17808
470978
697788
647010
17121
639444
633589
485317
308959
786286
559801
861443
733329
358907
884490
31325
587129
521745
358867
240256
573742
609470
234596
292475
712806
243149
568963
77527
724953
368375
143014
298598
873373
194255
788497
982286
340896
61731
225182
636914
932147
104629
565864
261590
944668
185976
655339
310332
386739
543494
976219
207775
915913
414296
937469
369573
466301
299115
714191
787752
869154
411842
59180
27465
995389
424385
812064
101029
304619
265762
86882
331709
184296
341082
869114
901043
823929
259130
281344
331380
821328
13174
353140
847283
466711
197909
10830
577514
819142
267099
633012
144980
991385
453542
787145
968167
735820
110623
874892
394320
978064
18530
197905
775049
64914
747590
197872
267084
869034
556021
55834
781117
318631
217173
217283
364995
700660
411997
371940
753179
47344
400340
566725
729976
223318
540890
245035
589960
901839
263929
163227
174342
205957
626411
574
216337
626052
950799
453953
467705
726859
284315
255228
793935
730488
945135
551155
793574
156864
365356
655418
384886
237689
98791
716342
794396
241741
516536
386459
69414
633170
383407
482622
281733
836880
535972
991830
928999
22952
810547
351570
836637
612280
177788
179922
736656
541630
424995
746780
208172
297663
165788
567176
795162
981895
117589
700719
800044
75756
322212
135691
352914
166473
840766
666705
997726
87929
49755
437888
908460
827109
419321
354410
323103
526689
310433
625703
338480
509751
597015
322611
687530
538805
28607
713202
208373
74927
565511
281227
391462
466263
731391
530833
761607
402126
222305
935556
812652
247549
344925
719150
680813
486304
340746
212343
700578
315920
579961
98085
796956
424710
662053
286816
796137
980867
188268
788504
673686
520133
672243
41408
215632
447712
992080
517055
616767
850630
198293
95283
304020
150544
85470
603606
654415
278019
125106
118363
307428
959894
265144
692675
160032
150946
3787
768786
401371
836824
626526
701428
533849
524212
950072
298439
420668
821170
427904
997810
727633
176294
636850
770680
874493
809543
44939
433917
837207
165578
124785
8406
614605
611589
685109
36605
968133
715170
64732
921904
22539
32907
259247
662106
504409
724048
852879
88506
148961
524885
905721
381492
675071
251514
63152
981919
974789
864161
842227
220407
365971
900443
816277
738776
780087
811302
887593
131246
120356
60758
456542
800082
35747
194320
576518
706771
515666
132914
955716
824962
603135
201563
712890
525817
644361
846484
186827
571869
684643
987934
959430
217840
158378
195793
531222
413549
884048
119493
992354
840424
661017
244923
566050
238699
426125
131258
202036
533580
742111
206816
309602
276096
340597
927218
166157
571997
408825
773949
890588
165871
758318
26302
443504
93586
129373
844265
188678
69403
479513
511393
945352
222893
278916
527864
72145
541018
148511
182420
866279
717824
943556
488640
315223
348706
979750
792400
946003
734769
566414
658075
871842
150238
771905
92893
636057
962374
612378
201032
794643
437220
237203
23812
351352
390071
748229
454081
275890
438793
3217
245676
696677
828533
880154
734452
554092
511966
406394
189598
505560
67677
960004
791540
151448
909778
853566
416257
975929
285339
474529
564144
527263
829880
388175
988404
974
988683
635108
381231
775103
327943
242035
312911
477152
80592
442231
379831
181406
71855
121657
43784
139882
732510
829954
472439
884392
18433
713951
464102
350777
871353
562401
926136
663615
166179
86367
260945
252731
448473
77749
568593
165498
766885
75801
552405
148504
999288
894980
375654
408775
473727
251311
6597
395210
870039
457090
147272
329624
977079
563873
553262
369172
971947
225646
603391
80978
470126
91683
51657
764259
892041
579605
476707
116795
435713
656082
972971
485460
45017
411322
236757
69133
327178
333433
938047
437076
793176
388493
333248
28173
362764
993177
264813
208153
832435
468354
953997
155038
11065
488224
586135
578371
141659
899189
676911
388827
706001
760419
522695
335039
879875
645944
995771
783414
380095
6263
171272
548407
747302
773789
482422
477784
987819
538844
683200
146127
950022
624727
968908
3912
182440
14216
654343
150985
205345
532670
239298
530254
701683
611711
408197
567162
963069
780809
554407
749779
376577
60669
747902
829774
496704
920858
805582
38031
579672
30902
575004
237712
798494
826874
231432
158359
380957
681395
808582
294677
546414
252044
289561
458508
271787
458531
431053
674776
497702
839006
239964
711916
912438
976274
3891
965465
121560
980449
34502
170316
742352
911423
171821
572779
328580
941836
672740
865398
614269
418420
758192
289444
883947
830928
201062
399752
849479
551012
860626
789513
428172
106394
870340
248086
487029
831646
645001
860252
106188
7206
393109
867021
160849
356747
274294
132019
329052
691613
382344
995009
559881
329796
599959
428320
294004
79283
623825
820554
85443
465656
147657
172935
306063
969116
209735
438694
707628
115961
974029
302205
4755
394619
401040
207900
658703
235941
175519
328500
479878
697794
740
835231
666622
11598
417414
79555
786899
366268
971809
327862
84287
869847
420823
301030
106280
420917
794628
551353
680877
118587
280167
631764
292092
576597
338235
146325
783137
983176
866774
94264
889904
129648
920739
118529
191548
486031
798375
73499
538745
199665
666463
728455
89259
677520
658973
749626
136959
477235
212424
303470
893588
861880
147718
108793
141489
931177
896688
465691
894393
39634
562879
562049
841365
520881
415940
8474
220132
617446
497569
247989
806600
747753
976043
967188
475281
216182
961590
725404
856051
173782
491095
281034
261494
46520
236602
788611
860834
399994
931630
706705
961962
80212
712730
32819
603864
407656
872550
953778
560088
409760
52705
827072
92299
568728
645085
108745
412642
539656
605996
263169
618305
929011
335122
769162
193490
908716
786411
740413
338712
458559
948303
949618
327985
440930
841993
465118
101129
821537
155342
436734
280577
460759
150143
158581
953371
325591
506447
306134
528457
802218
987770
971004
225611
523249
394073
834074
152153
88215
550706
361086
111332
29416
544925
383808
294432
371652
781962
298913
247210
448273
103153
317276
312294
466207
52230
273795
971133
539104
154255
629513
780043
255516
752700
55049
74926
271077
127397
276893
498978
506500
675960
482764
590632
620925
73805
850700
440926
944501
966090
807929
401371
636663
443277
879335
527651
97579
9208
612428
29152
401717
362240
469782
719126
506072
208038
323785
528180
472277
179701
400544
63022
944307
931329
927191
191586
61726
1173
216812
130550
853386
943142
710643
237027
30499
676356
906557
893547
497602
628550
913562
640327
937373
494825
208812
975029
130168
85181
813993
592603
246634
507920
39694
318144
638542
313673
67934
908680
