606549182
401616770
584756439
401616770
892297371
401616770
534402459
401616770
293599548
401616770
509557777
401616770
960982472
401616770
869160592
401616770
287666146
401616770
404923919
401616770
200655231
401616770
365988653
401616770
333934166
401616770
913088856
401616770
376783768
401616770
558918272
401616770
547968397
401616770
242979444
401616770
532911975
401616770
383442042
401616770
124273565
401616770
224542899
401616770
610213738
401616770
916822256
401616770
757059801
401616770
498632522
401616770
405126994
401616770
761968351
401616770
612265837
401616770
986007775
401616770
797014818
401616770
946823216
401616770
892234357
401616770
782242030
401616770
395148863
401616770
137649721
401616770
604817768
401616770
680556670
401616770
610393644
401616770
418008352
401616770
874154942
401616770
485339694
401616770
638880083
401616770
299884518
401616770
596437
401616770
554070140
401616770
555397291
401616770
220699398
401616770
689202579
401616770
40017964
401616770