36120837 56010977
86767092 106561658
21915141 93747674
95937286 104062713
43806199 75607275
72737152 105473605
496807 181203183
81727493 120803286
34083957 130918093
81439011 97939364
20838232 92914374
57473603 150518170
50516252 182916497
61618381 152869490
47121536 58390707
72306082 130635294
73868692 106343937
79674739 120812049
57010216 108230958
46185906 53603140
58396815 84736390
71629094 81429060
89010214 107491438
76706083 150608684
90869177 108591614
74757143 104371522
51935482 154938452
74934092 102152408
89351657 108595715
75816393 85601041
84947286 130649579
61728077 73735375
37010638 142518671
79670635 91656585
72624244 120517094
80813164 89674822
89381406 92707584
1635491 174713131
48030738 171716274
50938096 69486702
29060514 182629350
40848586 153856349
46451436 95878289
67370520 95929249
91979052 96939462
47465846 191525030
86707172 97905095
94859484 105140515
60428398 173957072
79681525 142503196
47142837 96926596
59892709 142725173
71426186 151647170
45274515 93735452
23160728 205242822
80926083 107491328
68073438 130423286
31917244 121509191
30426582 180829250
57192628 121316239
82424242 132936052
78696846 108581823
78452830 108142846
72329062 108163912
37250848 176816230
39485958 176767295
71317172 81516279
48395915 170858462
58561406 154649179
53646152 176828141
42956475 173957385
41549474 49395715
70858372 160427339
78576746 90219362
76969043 143517183
-1 161919463
58241906 150769264
47571707 172738784
89282926 105261403
24020524 64968297
94756244 105243755
73938395 143804051
67565928 104382901
74749497 151615230
53408384 65826031
80904132 83989474
67473958 106173407
41657586 195628579
40989588 65908183
61527196 85902072
80978166 108380728
93868787 105386808
67682529 70959693
56263817 121304029
71634244 121217094
38051703 72979269
20658173 180438293
78796807 93525169
20616355 173957364
50304011 161323191
63406183 68041307
84649564 104283657
829399 162417197
69691508 93508242
78290728 141747590
74818183 104375837
60608162 141626294
73814284 108363727
82849243 105032768
84518275 90629785
53535387 161909182
27472628 58281438
80639695 81708490
51527172 80928491
59280609 142649470
74737597 151845281
21939688 150602163
51718795 143739039
87803275 106250835
63849481 92648164
38170539 171715093
89475635 120524364
35150438 160405352
49671947 108483816
78782606 90957590
