125
75568639 1678084
80729010 1140671
86153041 181529
97884768 250527
98013905 1614971
78720669 2027824
97846430 1487219
67916205 1482583
81092214 931427
96196649 210149
74804219 330409
74965539 988247
84569235 742380
79560304 3789121
82929637 38228
72275732 132408
82425885 134462
96979063 238198
88934720 736686
96750466 2322357
98757029 1265395
96454375 469460
97987671 2847547
77174105 1744371
64106146 527214
84185074 3411989
52526325 92296
87261566 13061
93789878 2736716
98627156 273753
99836936 2168366
90342744 995827
87955691 579389
80121630 3039574
85661268 502536
70780183 1078409
37593618 65277
89539492 1462444
92750223 1667078
83321963 624003
75191062 258136
89719989 18170
90882952 202350
99706446 3769794
99727877 243518
80115832 1287788
87203171 972459
89713892 2720182
93128394 585
93245642 615488
70246812 50154
93988832 2049704
86120095 327932
82634306 2691558
88176109 1008595
86997855 950365
81534043 768838
95798061 2335860
97121873 2228296
96815249 984975
90623000 1278494
66283386 738916
90134476 619100
76118650 1287205
97426590 831352
86223773 1151738
53984415 804017
69748741 1751307
88385215 2753731
52873920 246243
52208787 462628
87953888 865948
98347258 1058575
87207749 310112
82164095 369759
82630258 1806532
99589151 1434540
94872144 163882
79129025 670018
86112195 723188
86757831 265691
93556428 2604094
76673361 1384057
91022109 563386
37130190 433877
84880225 1462261
98125208 623209
83961423 1143670
79483099 2100813
32622548 497889
76976753 2672600
58847274 722544
76598622 532046
99120954 8058
96583662 686939
78961176 2194935
95454518 818698
77684863 3586399
69799031 288385
92541686 483677
94153288 1160188
56074471 162324
94835587 198683
61337868 2525624
85872502 2080052
66294858 1177750
89265558 2557928
99444419 734731
92750272 1998310
75594888 13372
92912003 231592
72021371 40451
98065428 806333
35405658 327827
93647122 2305509
95017763 1632907
57345865 3519558
95786453 260080
98020574 207
88805197 2180551
67667413 106229
84682195 2330128
87612839 1589048
93584093 2176704
98849126 400800
