100
2 6 3 47
2 10 351 585
1 1 3
2 3 7 4
1 9 126209
1 6 2481
1 8 39887
2 2 1 1
1 8 31267
2 7 27 85
1 2 5
2 2 1 3
1 10 539609
1 1 1
1 6 2798
1 8 20952
2 10 439 566
2 1 2 1
1 9 211883
1 8 41693
2 2 1 3
2 6 41 17
2 5 17 27
2 10 287 761
1 2 13
2 10 560 679
2 8 141 158
1 2 5
2 8 104 139
1 5 791
1 2 13
2 7 41 113
2 2 4 3
2 10 975 331
2 4 9 6
1 4 144
1 10 699155
2 3 5 6
2 7 63 51
1 2 7
2 5 1 29
2 9 193 113
1 9 229758
2 10 540 517
2 2 2 3
1 9 223081
1 7 4509
1 6 172
2 8 209 13
2 1 1 1
2 6 29 51
2 10 257 561
1 2 3
1 4 33
1 8 27887
2 4 1 15
2 7 71 73
2 4 1 15
2 8 183 15
2 7 8 1
2 7 11 74
1 4 116
2 5 24 11
2 7 4 68
2 2 3 1
1 3 34
1 2 15
2 7 33 65
2 2 3 1
1 6 2349
1 7 15057
1 9 189572
1 8 54811
1 9 40395
1 4 204
2 9 181 221
2 2 4 3
2 5 13 1
1 2 9
2 7 46 51
2 10 69 681
2 5 17 24
2 7 87 80
1 3 2
1 3 45
1 6 1035
1 3 13
2 2 4 1
2 7 111 45
2 4 12 1
1 3 1
2 4 4 3
1 3 55
2 1 1 1
1 9 236539
1 2 13
2 5 1 6
1 5 549
2 7 25 113
1 7 3422
