4
29
257
2119
17598
146686
1220749
10161548
84590049
704143749
861479688
792541078
161856454
998578995
324700090
781442279
38391318
505343933
846276726
551014433
751404155
249867630
834940091
823456758
423988540
567778043
713400141
766729577
637084705
291633815
543385302
907191602
939008076
748185368
985090197
372443809
516687663
217994139
545310056
226669124
446591296
423349925
249951020
861014540
86073744
118120412
217750185
652201268
224491925
378849471
9664487
772495388
600694183
709993351
301110983
791746511
13906363
655495433
89407721
509367186
22222915
965034335
807400088
169436343
933920378
563784024
958994895
772307859
364669419
511490948
198365509
774153090
690301276
822019668
259811021
885372388
653357754
110169470
337921080
565431626
405357370
367772461
41841182
112930689
338858863
428855903
369331003
343565716
148448775
272657795
672103717
378388149
142086085
11231757
3427241
765142624
653001456
182470448
777415324
492135434