744 278
470 385
540 223
650 134
370 2
428 364
437 78
160 688
628 75
379 169
174 440
346 41
88 573
533 701
462 34
549 571
165 646
36 348
86 74
293 698
117 7
180 636
538 741
166 360
536 574
700 232
244 354
388 64
464 236
313 510
465 196
52 195
150 199
362 401
498 532
64 302
468 440
157 352
484 293
391 481
344 430
497 158
273 542
675 674
688 386
538 80
101 420
370 696
489 545
33 49
177 645
141 97
470 102
441 17
691 86
556 621
7 397
547 2
468 206
576 608
231 48
490 418
25 24
495 635
21 318
464 516
363 477
572 124
636 311
223 367
663 320
348 626
196 705
25 733
127 337
42 401
582 671
80 501
111 26
4 404
476 732
79 377
672 429
563 606
615 444
135 233
640 595
39 688
6 452
259 702
56 614
545 31
294 237
597 440
157 225
704 674
484 253
134 641
712 331
36 592
741 166
666 167
694 200
646 472
614 509
233 726
120 407
390 559
708 60
304 612
604 45
459 102
142 544
350 507
730 416
175 153
454 107
735 307
144 117
16 634
196 420
372 429
79 715
16 355
107 218
265 72
299 542
173 695
74 645
302 24
63 381
706 386
628 541
638 274
343 84
397 717
496 177
211 474
460 674
607 267
498 305
9 501
220 196
495 214
232 628
230 407
239 192
487 467
557 411
656 735
403 203
285 481
226 676
695 238
105 404
212 742
664 168
502 123
557 639
648 451
319 77
359 97
514 123
478 531
131 533
180 415
44 12
249 743
241 125
455 264
12 329
438 149
174 6
338 369
559 183
377 437
48 288
672 62
687 4
117 315
700 394
690 541
401 189
48 303
502 28
243 457
366 337
13 272
644 277
261 736
242 292
137 292
468 709
489 45
520 621
142 514
552 644
707 367
308 104
59 537
201 689
731 432
535 717
321 38
690 172
126 303
198 502
320 385
337 236
347 87
443 117
544 616
25 634
30 221
691 204
625 92
642 404
312 654
494 443
611 303
263 723
549 583
267 622
414 620
527 349
84 555
9 628
476 487
206 4
707 664
143 401
474 160
65 21
113 554
117 284
682 556
5 178
450 439
56 82
588 500
368 489
111 498
218 66
416 173
574 170
147 288
192 295
470 662
309 645
630 413
722 569
239 661
434 177
254 520
686 691
201 426
554 478
41 67
414 399
71 34
490 604
173 276
741 310
606 406
184 722
632 191
518 376
441 17
559 256
176 186
197 130
685 430
175 301
124 455
644 115
502 679
682 291
233 525
136 558
