1000
509482636
650442077
81304316
120731521
910093866
214667702
147523748
235487185
813836295
823245516
50232985
304688818
303932865
129145263
585934958
241913385
651701118
974073720
989154153
42921231
615703446
551588863
660195763
9651519
590498309
983129770
722847566
584033877
857087136
536270097
102637014
590908951
442338916
594854719
186868635
873135945
833147078
902640920
654539446
78824762
957831569
530841685
2209564
67612150
338538981
140455951
351719818
125580356
800085125
281177782
290941861
832673029
732137738
750744677
299343401
303435107
707648558
477956634
73903632
852778252
338204480
960948585
231438429
692774680
955179560
55683002
147520163
968330317
889640267
48412829
925581624
671895121
72265908
37934608
350489138
916378066
960905812
660036258
121947225
867594531
247302581
33605109
805947223
375598519
22949707
754844737
489575117
72219169
45488462
606578143
447056506
426494910
947005518
113512516
278069877
595990061
941208813
531959483
668591514
383117881
699331675
282541108
375138053
726348600
443853839
286361816
372171779
618692776
46746872
488742323
167256080
16825831
471367047
991864567
499692742
320450798
75042137
98987771
535107606
685099827
812944009
652076463
633142414
236160627
394957747
975980373
822016419
867636176
947230096
799931455
200317152
269094589
72179935
947373824
861180524
614365509
539718181
72526333
326834069
630108078
984586783
588544933
158090263
378858316
975783078
801046641
408991658
620721380
136143361
530076273
229735742
786097909
628143413
176716833
109911624
448711342
676423564
665492351
835092875
600300167
159812577
261018663
779045054
995506240
428265097
633767369
2361077
820994907
672049388
163160317
46297427
170467376
301986528
983701429
740785784
69565803
961330247
557968135
502437917
568354209
321912001
863677208
980847977
27458254
574970294
996786592
265400911
62655772
581652388
279203386
112619221
651233754
354634140
68853742
524235482
847809167
367751338
131881114
115838708
74060581
781845255
20747986
819033082
118815098
913027210
123256429
396549682
961828147
129335067
67195939
371924092
396397248
754257336
207061105
152466782
354293617
433747209
429826932
759337037
829733572
366420407
592147687
580034625
6748049
184001893
936443392
43907308
801926636
373585874
763067324
893254005
9352685
10446198
61766373
665908924
39596925
933054739
718487393
110146484
894132295
738387193
558636159
199402823
288740028
333687797
210985049
323296760
308097824
410134465
500525806
643759337
640546567
330612352
61588462
823242401
145362813
862583453
925460508
783782156
361988388
117648359
630997660
696502148
971321060
969837760
455431004
590245734
826165259
523325932
593387846
948550475
516704831
627305570
127475054
77632293
243357909
100592082
20183986
77303303
595182727
50344377
822466742
993763889
2439111
778124925
563283666
641673
840259297
385525201
563873402
174916397
62238463
803487193
625159829
216840653
161089206
596873209
544987940
387632539
267777396
556437294
543396994
772794301
165799265
95036103
130125394
672223726
945775436
121264585
718074733
617020812
70239115
540266789
496142621
783109267
937644840
554903608
536540156
346551333
512586261
480363697
874705820
300748799
656026589
450917039
885963631
886604753
570136559
213097393
672627789
294411329
161963229
47288461
794390278
204648361
49280254
472008070
28119886
957601083
158934550
536404403
212434309
265593236
94760
592614507
835943784
869142208
489306156
53662716
759215493
934427211
163304180
962331815
211452335
587037981
807455543
956129002
39989307
85368065
848167900
954525935
14529642
179636757
940434051
188532651
922965446
798948055
497795115
993675927
524061791
76068177
518160288
466851245
256707998
196658757
266379360
681966359
481451088
823133541
315752807
425318706
505897713
528183332
272943647
338788331
36314107
238920015
527351636
533918277
377787560
159456162
67590105
554221113
950748566
598410856
825321085
574582816
926894787
267389185
119838545
934231763
25893298
396945979
32457245
48053571
182499719
666112511
520703760
472215989
582034645
261345844
628621407
413523630
834550912
81462614
988149773
135271967
916942844
715711430
906080357
686002416
950371803
708606056
745143764
299691665
68644627
304606964
721308921
493831126
942905861
930054028
677661504
351100874
460406783
673204934
611456529
833711422
650152300
712893358
787384487
776823389
517591997
505519003
812559083
831979902
820170491
55378971
332638447
754428782
941070380
352799699
302174920
2522112
25639085
64967969
994945501
741342952
843953791
201860096
785938046
881905846
259405322
433426638
336957436
329232907
499576464
513650099
32936147
654508537
706820839
451385290
520311013
106864321
565393569
747655629
921321200
288296717
472894401
892299481
999053360
62652454
171499349
466487563
941142978
218566865
256246872
829544883
490091671
16524026
693897713
502642368
502691099
528616789
322508278
147886512
890010799
187880625
701782699
674712183
967082935
252243823
329197177
899062361
846144229
509329563
432131593
45972591
714690851
726174500
458335013
5801116
655671911
932294834
831665940
631474678
330712866
603443620
659123393
959294339
345813318
993670038
779472781
741862981
994146606
199216569
98948924
675302304
147828347
705527871
549695997
59051599
135858893
398377304
466416403
745156865
874267585
525267735
662628749
98657928
872596053
349116822
474183164
77702745
73057253
305684508
858625526
976574476
862783532
993220974
674505081
988190688
675446739
634767525
986501213
197727825
54336053
338572210
344548341
208038062
185410132
982396148
277764487
551363852
380306953
907608793
604622504
145273951
516563459
398750013
642473038
289651964
628210620
306264875
668531687
377605499
601428002
142370012
102184560
15157961
2375955
277953226
576016571
47307535
321870769
963787211
49972783
812633545
729075316
27129424
697679198
633551360
873768888
940505624
598363835
828135365
629546542
136785819
151740830
38120228
175237191
11372287
801062447
881546880
668714701
306038143
152814250
751737359
803480606
721355900
283407172
898690179
33332289
515628777
76322581
498961022
907334640
291900327
116129328
516059994
881335759
60983928
607161471
868019387
738502652
351671925
675030125
75186968
946969934
722356015
912470808
716130023
498921960
250819606
14702175
138819014
963910850
980489816
95909855
344180922
120890457
286363931
407718584
53390538
272783361
585441403
891056501
228737550
396257914
559954445
880999155
53035214
157111387
313662333
443556767
942827426
966184403
183002028
518485286
841029110
231966630
773410519
785156963
993533160
272060469
527601214
433608429
244835119
158256795
30277986
514662004
653250533
245287854
177439359
515987864
462143076
583406554
51087703
223741162
966923258
70423544
138093925
307854489
822274194
905093307
276522235
147670951
207656946
429348241
510815761
788341255
470450216
969458892
530247469
605155854
371869180
827878684
610476269
745254551
14205127
374867866
834670398
735276396
962562148
580787999
783802992
505275260
804033996
77859622
769109125
712975776
25100166
951678344
399707946
562583800
122895686
214701829
514192457
351508685
872035319
869182492
959455564
908038246
379988127
637163732
457362969
848526784
543838382
601267836
597943704
209444589
409493084
812640987
854153010
968925709
158975376
222566978
559765593
1930871
826069833
66984790
325013916
103567665
199974772
957164870
269953607
624793572
503610195
943477732
10975470
928597482
967296639
696483297
654492303
640879781
635972749
560960738
406992650
383132269
941150791
349879956
622178200
851113351
273500784
112655295
110045832
556861551
438337225
264814552
945138294
795849820
319754411
901380297
942085155
21350168
995583948
734303446
642577034
96932869
358108044
118312388
53914821
494473154
641664809
945036463
231859843
126125050
803531402
220696852
547716389
354422068
445139519
774336519
316053427
975967972
406689032
575191844
425410148
688375987
833886534
445776030
380371248
988214851
81554273
381178939
323788186
977560025
601423812
717561276
931671014
84541428
839781730
948991220
334371465
963974890
702422676
693387387
161140461
310832354
479127361
422959498
509394510
523695815
13173073
209005464
619053790
671858236
452339720
381546854
271788430
250409035
704169959
995201717
752597970
28480374
573871958
716922623
935248278
78075360
686242844
341890492
634726506
90191100
304538559
719109726
832278987
551924785
11069509
800336122
559104480
273635509
229494723
30258863
400165523
810629491
406678083
391172001
980360534
424938341
201166686
869214418
702939619
791713800
318239202
57582758
425755743
54340211
408455716
203078774
793422729
329825267
511048976
58631053
864580632
925405836
12393485
577564277
289798513
943776016
729267364
107396506
919892276
687787393
531321771
687984165
897888901
451154832
941970701
245205437
939740487
623608158
55193553
511285408
884860023
311230500
373928829
84661068
57474969
200338474
627453443
465292918
983193513
439788747
38224682
930795562
255721560
797464467
539839136
105417004
655753094
149253868
41939194
290476756
605587875
983491406
151509097
290867358
934888528
681111831
4300881
417929803
520269105
756903985
385230488
53082938
397917462
534690270
467772029
699939157
109460260
891279989
44320485
510645307
71004524
165206557
77714755
68005543
94036631
511868666
950259001
167130262
49686352
854846215
527816489
549864287
946921762
60212844
118647005
674080620
296725602
403243894
654815947
785397188
381640028
837763841
39681729
210871920
569421304
869804710
679655255
293431806
878989344
426976309
93556510
446217160
558895990
271415146
419075788
807873590
185406570
129433387
133467725
657818608
711513094
211607549
48236025
894616670
82439450
19059469
943607721
841313173
918149957
676306791
850372187
701659318
955435143
263202969
629066584
660066301
981267339
278837034
604695878
230987129
343322748
84332974
631262639
855036907
437809646
987728894
710913342
868993920
