No Train Found.
17001
16 24 12 22 15 19 21 
35676
36 30 47 14 24 49 25 
11477
39 27 7 62 48 81 60 75 14 75 60 70 68 57 50 73 
13918
49 18 40 32 23 15 23 10 
3023
17 19 71 63 56 1 37 51 
36401
16 26 28 6 28 26 16 5 19 24 14 
193496
28 20 19 17 6 8 22 7 23 24 15 24 23 7 22 8 6 17 19 20 28 29 
11174
2 12 2 
8527
24 53 28 62 60 62 28 39 18 41 
9394
48 22 29 17 61 17 57 47 63 
28154
29 5 42 28 27 12 27 28 14 
27005
11 9 18 12 1 12 2 13 
41792
4 6 9 8 
9252
51 69 61 31 38 21 30 58 42 72 
16287
43 18 28 29 32 11 46 
156473
33 54 3 6 80 7 39 68 74 21 79 73 60 70 15 
19808
8 28 9 28 4 
7333
36 44 71 27 30 9 2 8 
32518
29 39 80 77 72 
78198
12 4 19 16 2 9 1 13 20 7 
109560
64 54 56 59 71 37 55 2 17 69 31 83 29 12 
69854
4 6 12 6 8 5 10 
75688
4 2 11 8 11 10 1 
24818
27 47 57 47 16 40 35 62 
13659
68 81 31 67 92 67 31 35 54 1 26 58 63 4 
8968
36 53 92 40 86 23 86 62 65 83 32 35 
9119
90 34 22 50 10 70 58 6 8 
14497
5 60 4 65 15 68 91 68 23 70 
6375
9 22 21 
104397
22 37 32 7 10 7 32 3 
10556
67 34 83 17 50 46 13 57 3 
7125
39 83 48 1 4 24 47 60 
27640
7 24 10 3 10 24 7 
17916
28 47 5 47 16 53 50 
34747
15 18 41 46 6 13 45 28 12 
53317
23 16 20 16 23 12 21 
36185
38 27 1 40 31 40 1 37 
No Train Found.
No Train Found.
49843
5 6 1 2 4 
30038
29 35 4 37 41 17 41 18 38 11 9 39 
38280
15 28 67 75 53 75 67 
16508
45 40 49 41 35 20 27 13 
11018
45 50 66 27 23 42 9 35 9 51 72 49 29 
181810
22 4 55 19 37 45 18 14 8 43 12 48 
180286
14 25 22 18 22 25 33 7 32 10 38 36 39 45 
No Train Found.
No Train Found.
24271
2 6 68 36 58 22 58 36 68 39 
18348
18 9 25 42 40 21 30 16 
35694
56 7 82 9 13 61 38 12 55 
90075
14 4 14 12 10 9 1 6 5 
65621
13 17 14 6 5 12 7 
11864
8 16 1 20 32 18 32 3 
15040
47 54 42 63 
7456
84 33 60 45 30 
No Train Found.
65242
13 34 4 3 10 1 12 8 30 23 19 
24616
2 1 3 
8443
63 24 88 33 48 53 32 73 
28626
39 51 37 8 28 8 37 12 
No Train Found.
7210
17 43 39 4 54 83 46 45 
31326
20 22 2 22 20 9 1 6 
16086
40 32 13 9 4 
80667
75 76 23 76 16 22 66 2 32 65 
21088
7 3 9 12 9 
125697
5 4 9 2 9 4 5 1 7 
36135
1 4 1 3 
No Train Found.
81080
36 29 35 7 38 20 31 1 37 
14982
14 32 10 5 4 43 12 
29430
15 40 66 44 53 41 75 22 80 22 75 41 53 44 81 
13689
45 38 44 34 32 27 17 39 
No Train Found.
61628
17 43 7 30 33 45 47 49 36 9 5 4 
2902
2 6 2 
No Train Found.
31577
47 85 50 82 20 59 9 73 27 37 6 26 
8586
68 59 36 51 41 51 61 64 50 
23323
6 2 7 
No Train Found.
24562
2 1 2 3 
15245
59 11 59 34 
21469
11 6 16 23 28 23 16 31 
No Train Found.
6563
98 10 59 10 98 70 81 79 61 67 
7952
34 5 30 29 10 33 
34763
43 3 30 41 14 58 38 
76817
5 3 5 4 9 
1808
35 11 66 24 13 
23618
15 14 19 14 
21269
62 8 53 8 49 
32899
3 19 22 26 1 26 22 11 
37563
77 4 48 15 13 7 57 20 
46126
60 23 19 80 18 33 38 33 18 80 19 23 60 49 93 
16500
9 33 20 18 32 10 28 5 27 35 
24811
23 14 31 18 5 28 16 
25848
43 35 22 40 33 50 42 13 28 45 
