153792266 291
22 24
3 12
17 28
9 10
4 24
14 15
13 22
10 10
21 27
16 27
6 6
4 6
19 20
21 25
29 29
22 23
10 15
12 15
10 13
4 12
17 19
4 19
8 9
1 3
13 15
24 26
5 21
6 21
3 7
10 29
8 28
2 3
16 24
26 28
8 23
3 10
3 18
13 29
7 13
11 26
3 6
4 15
9 19
14 27
11 20
10 16
12 25
15 15
19 24
4 23
3 19
6 29
14 24
25 28
10 28
24 29
22 27
7 28
6 9
4 14
2 5
2 20
7 10
9 15
2 6
4 18
7 11
18 19
13 25
1 16
11 18
2 16
15 25
11 12
4 28
10 17
2 25
25 26
6 19
14 17
3 21
17 23
7 27
4 16
22 26
6 10
17 24
3 29
23 28
16 17
16 19
8 29
11 19
15 17
1 14
20 23
8 18
7 15
26 27
14 25
8 13
2 26
9 22
10 20
1 5
3 17
10 22
13 21
11 14
1 18
24 25
4 9
10 25
8 14
5 26
1 20
20 25
1 28
21 22
3 14
3 22
18 28
1 17
1 2
21 23
4 29
14 20
13 14
15 20
4 20
8 10
11 17
2 29
17 21
7 20
17 29
9 12
23 23
15 21
18 21
12 23
11 24
18 20
7 9
14 26
1 13
16 23
6 26
9 23
13 23
19 29
16 28
3 26
8 19
7 12
11 13
23 26
14 21
2 19
14 16
5 7
6 7
11 28
14 29
2 8
5 18
9 28
2 21
8 8
3 15
11 25
4 27
10 26
20 24
16 21
6 18
15 27
3 20
8 11
15 26
10 23
12 19
5 6
1 15
6 20
1 19
10 21
7 29
19 19
2 10
12 17
6 14
21 26
18 24
15 24
3 28
15 18
5 15
1 26
25 29
12 16
6 27
3 3
2 9
14 23
13 28
19 23
11 22
21 24
1 9
5 12
26 29
4 26
5 13
3 24
10 11
1 8
12 18
8 17
16 26
15 23
5 10
19 28
14 14
5 27
12 28
5 24
20 21
12 26
27 29
14 18
8 21
20 22
16 25
7 18
11 27
14 19
1 6
5 16
3 8
5 29
14 28
3 16
2 7
8 25
5 20
13 19
20 28
2 18
25 25
10 12
8 15
12 20
20 29
6 15
7 25
10 19
2 11
18 26
6 25
5 23
7 21
4 17
2 24
2 14
6 16
17 20
2 17
4 13
8 26
3 23
12 27
8 12
14 22
19 21
5 9
17 27
2 13
1 1
9 26
18 29
5 22
24 24
6 22
1 10
11 15
17 26
10 18
10 27
9 27
23 27