85958031
542979019
771489513
885744760
442872380
221436190
110718095
555359051
777679529
888839768
444419884
222209942
111104971
555552489
777776248
388888124
194444062
97222031
548611019
774305513
887152760
443576380
443576380
443576380
443576380
443576380
443576380
443576380
443576380
443576380
443576380
443576380
443576380
443576380
443576380
443576380
443576380
443576380
443576380
221788190
221788190
221788190
221788190
221788190
221788190
221788190
221788190
110894095
110894095
110894095
110894095
110894095
110894095
555447051
555447051
555447051
555447051
555447051
555447051
555447051
555447051
555447051
555447051
555447051
555447051
555447051
555447051
555447051
555447051
555447051
555447051
555447051
555447051
555447051
555447051
555447051
555447051
555447051
555447051
555447051
555447051
555447051
555447051
555447051
555447051
555447051
555447051
555447051
555447051
555447051
555447051
555447051
555447051
555447051
555447051
555447051
555447051
555447051
555447051
555447051
555447051
555447051
555447051
555447051
555447051
555447051
555447051
555447051
555447051
555447051
555447051
555447051
555447051
555447051
555447051
555447051
555447051
555447051
555447051
555447051
555447051
555447051
555447051
555447051
555447051
555447051
555447051
555447051
555447051
555447051
555447051
555447051
555447051
555447051
555447051
555447051
555447051
555447051
555447051
555447051
555447051
555447051
555447051
555447051
555447051
555447051
555447051
555447051
555447051
555447051
555447051
555447051
555447051
555447051
555447051
555447051
555447051
555447051
555447051
555447051
555447051
555447051
555447051
555447051
555447051
555447051
555447051
555447051
555447051
555447051
555447051
555447051
555447051
555447051
555447051
555447051
555447051
555447051
555447051
555447051
555447051
555447051
555447051
555447051
555447051
555447051
555447051
555447051
555447051
555447051
555447051
555447051
555447051
555447051
555447051
555447051
555447051
555447051
555447051
555447051
555447051
555447051
555447051
555447051
555447051
555447051
555447051
555447051
555447051
555447051
555447051
555447051
555447051
555447051
555447051
555447051
555447051
555447051
555447051
555447051
555447051
555447051
555447051
555447051
555447051
555447051
555447051
555447051
555447051
555447051
555447051
555447051
555447051
555447051
555447051
555447051
555447051
555447051
555447051
555447051
555447051
555447051
555447051
555447051
555447051
555447051
555447051
555447051
555447051
555447051
555447051
555447051
555447051
555447051
555447051
555447051
555447051
555447051
555447051
555447051
555447051
555447051
555447051
555447051
555447051
555447051
555447051
555447051
555447051
555447051
555447051
555447051
555447051
555447051
555447051
555447051
555447051
555447051
555447051
555447051
555447051
555447051
555447051
555447051
