500
334 101 261 416 358 278 361 375 334 455 393 65 74 322 451 335 166 125 180 137 47 47 277 107 411 253 190 170 416 408 478 146 477 478 253 389 126 108 416 180 414 22 48 47 282 162 126 383 294 261 31 431 384 107 478 135 85 243 188 419 30 8 130 52 396 184 365 389 129 78 393 463 56 80 99 266 117 393 74 393 184 223 484 72 289 414 184 89 291 99 420 78 416 468 375 154 458 463 61 65 179 168 154 410 166 459 52 384 362 81 309 42 431 11 102 159 299 236 388 188 73 180 56 255 455 451 380 211 455 158 277 439 93 478 491 42 459 59 383 417 54 105 451 251 335 420 236 170 384 289 99 93 329 189 190 389 317 423 406 179 428 483 126 384 159 325 410 348 109 408 81 291 384 425 457 494 137 321 51 408 305 115 463 45 411 331 89 282 138 159 11 415 114 59 452 278 188 22 74 102 190 346 35 154 117 31 321 414 253 192 236 64 158 16 125 252 65 43 73 472 83 240 280 138 243 476 189 68 299 188 256 260 85 200 172 477 80 399 107 488 201 407 329 236 348 174 305 8 261 14 253 240 7 85 282 80 478 172 458 89 377 56 289 236 407 72 408 377 365 251 478 407 277 155 172 448 309 451 486 8 457 316 92 378 334 423 354 162 43 276 317 490 48 51 158 61 252 414 294 146 61 365 457 306 159 42 200 8 406 375 174 486 52 179 163 212 417 236 185 64 240 465 486 50 109 56 34 459 384 276 108 135 114 212 139 491 423 490 317 99 185 383 11 130 65 180 358 215 168 174 112 394 471 335 417 78 494 120 484 420 274 278 407 52 375 329 24 408 45 261 275 306 159 321 223 117 139 375 114 348 357 20 280 375 189 51 240 119 112 423 212 388 107 465 484 107 378 255 126 74 16 81 48 154 73 114 126 199 154 64 105 393 201 189 154 126 278 439 321 108 358 299 325 236 493 170 291 431 331 354 72 294 420 93 477 488 428 472 42 36 93 115 493 211 465 99 51 261 394 425 300 172 35 30 316 140 289 109 411 329 199 428 81 463 88 406 425 280 477 105 166 143 415 457 101 8 159 354 255 346 280 321 419 212 199 223 439 243 266 251 126 359 484 393 468 64 7 215 119 394
500
132 403 5 349
39 494 11 367
74 426 241 487
75 445 77 354
22 286 78 414
26 455 85 471
126 410 2 488
28 317 12 410
70 344 78 431
13 495 206 431
73 419 21 420
3 304 95 408
134 429 25 455
131 465 34 487
2 477 165 450
18 444 3 339
75 359 58 363
234 489 83 449
57 386 47 375
5 381 10 414
5 473 15 415
9 484 15 412
222 484 2 250
21 224 65 423
2 405 152 471
14 479 107 407
1 464 74 269
25 395 131 483
95 381 124 470
6 481 84 439
1 446 60 483
95 325 26 342
196 464 92 267
151 437 164 496
31 339 34 430
203 491 140 447
143 384 5 219
5 482 17 398
111 421 93 424
56 485 64 430
15 368 111 329
113 323 18 396
155 454 180 470
15 471 59 407
243 281 61 473
245 500 72 494
114 455 51 446
118 464 26 459
77 370 11 491
104 461 134 418
126 493 4 462
239 364 47 283
179 489 31 468
58 321 177 407
186 296 13 439
107 424 1 351
103 489 143 491
42 412 22 177
113 482 13 468
2 185 138 428
220 433 7 294
40 453 179 424
201 492 281 331
19 431 7 440
37 390 127 499
35 356 154 356
85 492 4 231
15 162 64 357
37 293 99 313
125 389 18 354
62 441 65 411
265 430 193 463
100 453 201 404
38 441 33 302
28 463 70 331
20 467 81 408
209 474 35 386
7 411 29 464
2 291 34 367
128 333 33 451
2 325 234 483
121 301 68 500
29 467 42 338
8 490 2 57
61 423 62 248
2 298 138 453
78 435 12 451
301 493 78 427
21 264 152 376
7 168 1 415
33 282 3 409
156 445 47 482
8 446 44 379
29 307 64 307
10 299 129 495
174 486 14 499
155 428 31 423
169 487 46 465
85 459 163 491
76 464 61 182
31 305 46 399
122 368 76 500
25 360 15 320
29 322 17 465
47 464 65 344
31 431 14 486
38 356 113 429
108 359 136 418
6 380 84 401
2 429 214 460
151 381 156 480
102 499 30 254
5 338 123 375
9 494 13 478
22 185 164 379
51 306 269 450
25 386 36 423
89 294 134 383
32 380 101 463
46 481 122 355
164 416 7 443
91 487 128 410
66 447 102 455
366 434 14 416
202 350 55 438
98 438 225 479
119 492 8 388
27 357 69 390
7 274 144 461
52 400 112 414
219 487 171 375
35 496 103 439
149 490 24 426
21 177 188 440
149 426 196 315
26 470 81 425
337 464 51 322
224 446 182 495
70 418 107 350
91 297 54 445
4 315 27 378
46 368 97 472
89 392 42 453
69 444 27 475
244 467 49 344
76 444 211 495
163 494 127 489
156 375 210 474
4 331 9 314
58 313 11 353
62 358 47 492
71 441 52 338
3 469 31 481
16 307 6 235
348 435 161 435
184 389 292 484
118 361 61 483
24 315 7 448
72 432 208 457
304 465 28 369
21 210 52 143
4 406 37 481
144 475 5 206
31 406 110 463
76 331 155 276
227 495 53 225
19 243 38 368
30 416 65 471
73 480 128 404
272 446 23 435
80 486 55 445
29 440 7 429
141 423 186 451
85 479 11 393
111 428 243 442
81 468 58 354
14 395 78 390
203 399 142 441
102 263 46 443
15 273 97 280
57 304 112 378
13 307 29 399
92 301 46 424
113 497 68 404
135 482 205 336
78 382 43 498
59 319 270 478
13 174 137 396
330 499 140 474
19 279 169 383
221 476 72 379
202 400 194 498
76 409 78 368
46 351 37 413
101 292 112 314
39 349 298 500
196 498 59 377
92 475 33 316
170 489 181 460
56 420 39 274
89 499 46 500
61 466 195 461
190 477 86 379
59 308 98 482
137 466 215 484
82 404 125 315
48 497 77 190
23 463 36 487
55 462 160 431
59 391 263 469
127 463 96 440
5 408 169 388
11 380 265 457
126 274 26 353
2 494 98 486
83 472 172 378
27 468 76 317
102 460 124 314
67 148 49 390
12 338 69 494
61 235 2 494
20 391 40 453
7 434 9 314
151 448 79 329
3 459 39 485
72 456 117 399
2 294 28 266
126 190 32 472
94 456 2 462
22 318 17 428
4 370 247 486
125 424 83 421
2 396 159 396
69 386 1 490
49 369 31 356
311 445 15 489
126 457 8 278
72 393 106 400
226 360 52 211
6 428 206 478
167 471 20 441
23 500 34 497
146 415 39 473
128 491 85 443
80 303 24 458
21 345 40 496
16 454 46 372
152 480 107 373
35 427 143 492
53 350 97 368
19 325 46 482
36 391 167 374
11 252 142 485
90 449 36 382
73 422 218 477
116 411 18 450
110 274 166 468
55 332 165 462
60 457 280 478
2 402 107 498
24 483 145 461
18 499 187 322
103 476 13 246
108 416 40 469
81 401 130 474
72 436 180 476
55 443 8 368
88 451 187 485
31 458 8 487
116 417 245 497
1 333 67 358
38 462 64 454
9 277 253 440
8 493 112 334
71 386 95 485
150 436 72 439
48 241 38 458
122 390 125 424
2 459 2 460
2 228 59 479
21 395 14 249
55 314 133 404
42 493 8 258
23 472 3 419
83 490 8 223
12 334 108 432
93 370 187 473
60 486 14 349
295 488 133 466
42 473 322 435
27 375 223 474
60 470 224 433
260 456 2 475
15 413 278 423
68 257 54 365
43 412 105 428
11 460 14 341
11 410 42 386
33 370 206 424
2 330 49 485
69 445 84 419
132 448 74 491
73 480 87 500
43 485 43 394
287 427 115 391
14 372 17 429
126 493 82 485
170 496 64 393
18 427 163 434
9 451 29 432
10 300 8 423
52 328 22 383
118 370 64 484
85 498 3 278
106 417 35 467
9 309 99 353
36 402 6 416
64 499 109 407
35 244 38 418
229 498 15 344
15 399 24 458
81 438 151 485
14 488 104 461
6 471 192 474
95 460 18 367
44 473 182 446
96 365 252 462
92 412 130 376
94 309 24 498
95 434 69 452
5 303 53 193
214 442 1 500
110 317 52 455
78 394 12 483
172 430 14 398
256 450 80 384
63 365 52 490
4 463 25 446
124 482 51 215
47 401 140 478
44 454 67 425
278 497 21 196
55 428 347 497
27 496 27 343
20 293 222 475
32 437 69 360
307 490 139 456
190 487 114 350
39 308 246 409
35 404 149 483
107 470 14 396
79 421 5 466
14 490 144 434
46 495 163 441
9 471 76 406
15 452 13 349
97 378 105 354
157 472 75 459
96 242 25 470
58 479 28 364
27 488 1 414
137 388 60 247
153 453 9 485
18 492 156 393
22 489 25 393
68 408 108 471
76 490 176 443
51 411 2 275
248 476 7 386
126 344 56 477
1 445 88 431
160 466 44 380
231 485 64 378
69 387 11 486
172 494 131 424
50 383 25 485
4 396 73 319
178 479 89 467
186 500 92 306
41 319 69 455
126 475 3 453
37 294 113 413
132 408 20 363
15 398 159 484
21 436 35 332
38 397 95 275
94 482 12 433
13 414 8 315
70 352 9 481
95 489 116 473
38 351 52 413
286 377 44 346
33 440 11 402
115 369 29 425
180 488 187 489
186 416 107 419
34 429 67 460
36 468 52 473
3 466 98 428
16 469 164 344
248 365 29 483
50 374 64 158
150 500 204 421
40 456 16 101
22 398 36 463
205 316 212 497
7 279 97 307
242 411 52 464
38 418 3 368
93 413 147 414
107 270 130 430
51 337 71 435
3 315 110 478
13 259 114 432
7 497 107 430
183 464 1 462
208 472 137 475
7 365 70 445
28 342 35 389
12 480 10 486
43 496 69 454
81 390 100 466
116 167 73 455
48 464 15 458
93 477 104 420
96 471 108 331
18 464 143 315
156 402 147 388
32 443 162 333
199 486 136 468
27 356 49 438
71 431 158 463
64 461 269 392
49 464 37 435
3 411 148 484
5 465 45 419
37 414 61 497
1 475 34 464
41 482 53 487
19 115 70 415
99 406 151 448
139 477 96 272
28 473 24 487
148 432 42 161
33 464 91 295
175 413 79 391
27 377 12 480
205 493 13 259
117 463 5 485
43 498 8 140
39 430 172 435
188 422 85 354
115 480 54 280
110 438 43 469
124 245 14 448
29 429 23 286
122 493 28 304
102 467 171 427
81 382 30 470
179 492 21 238
89 479 160 383
45 422 187 419
52 296 22 386
97 395 9 470
120 433 159 433
20 477 64 493
162 376 301 464
4 286 50 331
47 456 51 303
49 452 69 444
106 459 22 472
92 423 151 416
60 443 150 498
7 294 21 395
10 465 59 446
175 483 147 424
178 472 63 476
59 480 65 411
32 421 25 388
108 467 19 417
8 469 214 477
36 327 72 489
177 462 122 482
70 402 252 370
19 440 17 451
49 271 21 456
71 369 65 416
66 462 35 490
42 408 272 492
69 430 83 337
11 492 62 303
3 494 11 470
14 444 90 492
30 428 18 356
44 484 1 477
44 352 50 402
141 482 45 438
9 490 28 475
30 488 85 499
42 316 81 291
