1000 20
62 9 72 96 61 6 80 6 21 57 5 17 90 16 32 85 28 80 0 78 
55 81 83 62 58 8 36 30 32 61 0 88 76 47 74 81 20 38 40 32 
76 21 42 34 2 39 49 91 5 78 20 57 22 66 58 55 58 4 24 13 
5 75 24 71 58 71 83 91 0 23 63 67 49 18 8 90 45 46 79 37 
93 93 63 8 9 1 56 35 22 17 33 64 80 61 10 74 67 30 42 90 
69 50 77 44 99 98 54 28 19 68 87 51 78 96 44 81 69 50 37 76 
21 38 98 53 55 10 73 77 49 47 71 7 30 62 75 47 72 49 72 90 
24 26 0 5 98 96 24 51 26 36 93 67 78 21 39 57 68 7 54 80 
66 20 3 68 24 28 12 41 66 98 2 15 64 32 78 87 78 12 6 30 
39 7 41 17 0 99 17 49 56 23 92 95 71 21 49 3 32 39 68 36 
67 50 97 43 14 53 1 69 62 69 6 94 70 32 60 44 16 79 39 67 
31 91 51 18 68 27 97 2 63 80 88 98 13 81 52 46 52 49 86 71 
14 66 20 87 85 75 58 86 74 74 21 49 37 66 23 62 48 26 48 91 
72 23 7 1 28 6 40 60 56 74 72 98 17 76 53 13 53 19 36 93 
10 71 96 98 21 93 33 85 21 45 45 92 78 31 61 75 58 17 11 22 
79 65 95 32 77 46 88 49 46 41 57 3 11 31 35 49 5 7 28 64 
17 49 44 31 36 60 75 26 34 80 0 98 72 89 84 75 84 97 90 65 
4 9 13 31 18 57 58 4 75 6 20 60 21 81 50 27 75 24 40 48 
7 32 76 25 93 99 66 41 79 25 61 98 74 78 25 8 92 58 62 62 
56 35 82 75 1 90 38 36 23 88 4 80 46 56 29 67 68 78 93 64 
93 97 23 21 70 64 39 52 47 18 58 91 76 72 81 3 81 63 0 42 
80 83 48 46 11 1 90 57 27 92 14 90 44 90 40 68 74 72 66 26 
83 60 62 19 66 49 45 47 4 33 72 65 49 22 11 82 10 98 99 93 
68 5 72 17 98 55 82 41 43 98 75 74 54 80 42 46 28 21 67 94 
0 68 35 89 67 16 61 44 6 13 13 37 59 34 71 56 81 49 39 6 
0 61 0 60 66 20 7 32 96 69 62 82 83 47 12 98 47 63 94 0 
84 90 95 84 10 87 76 67 67 35 7 97 39 6 0 60 81 89 44 41 
47 97 10 30 22 55 8 72 31 83 35 70 81 10 57 29 91 31 82 94 
85 22 60 77 90 0 32 34 41 10 22 65 57 32 55 70 40 83 69 27 
67 26 71 86 82 97 51 66 84 55 77 96 82 86 56 45 87 68 10 91 
15 41 79 65 37 58 66 54 79 32 57 76 9 25 47 32 2 82 14 54 
35 6 45 79 96 82 22 63 32 94 12 21 22 50 77 31 73 20 38 46 
33 41 8 65 43 79 5 41 0 70 90 49 29 89 31 71 13 3 71 94 
97 81 82 97 0 46 12 88 51 18 0 62 84 59 5 71 63 69 51 59 
91 4 33 43 21 0 42 6 42 84 58 98 60 61 15 76 75 77 98 93 
92 39 71 66 66 74 40 39 59 6 17 84 12 73 77 24 37 90 11 73 
43 34 79 67 67 56 11 60 92 66 57 0 88 68 31 35 99 81 53 43 
32 88 25 94 51 1 37 48 67 67 68 44 64 0 82 29 0 75 58 71 
15 10 25 31 71 40 60 99 93 48 28 61 13 39 1 51 84 23 2 35 
44 68 71 71 72 7 88 72 9 89 77 11 64 12 80 73 36 52 95 99 
74 89 26 64 8 40 93 29 3 11 38 37 68 17 40 23 89 86 32 20 
51 23 78 30 42 85 80 9 89 92 35 32 56 17 87 91 23 63 43 58 
23 50 63 6 75 93 85 14 21 6 91 30 17 60 40 62 75 80 29 25 
64 67 8 68 37 59 61 48 67 35 93 77 14 28 33 27 72 69 52 14 
93 47 23 56 37 42 64 25 73 58 5 72 38 13 71 69 6 81 78 74 
88 45 42 41 94 72 82 14 37 77 9 1 20 60 62 83 73 65 80 14 
65 83 2 98 55 88 7 37 2 19 45 37 34 32 19 60 72 23 29 16 
12 0 54 9 68 38 56 0 94 86 83 45 3 30 55 51 62 73 28 98 
51 22 15 5 92 33 15 21 7 88 95 50 50 50 81 49 23 48 27 89 
4 85 94 46 90 80 81 79 44 75 75 19 99 78 83 46 84 40 78 60 
13 56 21 27 35 64 10 84 91 99 13 68 11 61 92 29 84 88 70 26 
90 24 83 55 11 78 93 60 68 64 24 97 56 15 20 58 22 98 23 24 
30 2 62 20 91 79 57 22 59 51 97 4 54 40 48 8 7 26 29 79 
73 81 94 0 89 0 88 89 5 67 98 96 21 50 64 92 91 54 93 1 
12 36 75 25 97 68 94 61 59 32 92 36 99 52 23 22 20 84 27 63 
10 48 74 76 59 3 25 66 60 63 33 58 95 56 66 66 82 44 10 50 
58 77 57 25 45 65 76 93 73 46 23 55 70 68 84 20 66 32 92 21 
54 70 72 66 40 94 9 65 11 91 7 55 50 52 76 75 85 31 43 62 
60 43 3 7 85 16 90 36 44 14 26 1 93 98 35 83 38 75 20 31 
50 61 30 40 65 55 18 83 25 19 46 30 48 2 72 26 95 72 15 80 
86 32 30 86 73 27 68 46 30 99 28 5 8 96 82 21 56 90 58 7 
10 20 1 39 54 92 81 16 71 35 44 25 36 47 88 84 85 31 21 12 
12 69 40 57 25 89 27 59 91 70 52 41 20 83 15 54 18 24 94 85 
26 1 55 53 58 90 28 3 98 67 34 15 32 2 40 61 49 67 25 32 
97 47 1 75 38 84 27 52 64 15 15 33 41 51 91 37 35 34 55 19 
48 90 73 9 26 17 25 84 27 4 33 33 84 48 80 67 22 50 4 28 
36 89 33 33 97 29 52 62 73 94 88 4 71 42 4 61 46 43 2 61 
44 72 66 7 14 6 49 40 90 6 39 21 33 77 75 51 17 98 3 26 
94 55 20 30 11 23 18 22 35 80 55 62 57 32 68 44 72 64 41 49 
39 95 90 93 72 52 86 20 56 47 35 46 75 49 25 70 12 90 36 90 
86 39 84 54 88 68 80 18 94 71 67 48 97 53 5 15 25 25 80 77 
73 55 36 55 79 43 57 26 53 90 37 16 47 36 30 1 33 19 1 51 
4 46 87 56 96 42 62 43 80 53 59 16 97 59 87 0 56 78 76 68 
55 65 97 60 18 28 80 67 90 86 59 17 9 90 1 25 7 44 71 17 
49 95 99 2 96 55 63 76 8 41 24 30 38 40 89 70 87 47 99 52 
25 24 15 35 75 71 58 7 36 67 63 89 96 52 18 68 38 58 36 97 
93 53 55 46 58 37 75 74 25 64 30 16 44 46 16 9 48 0 81 50 
57 76 71 63 36 68 82 41 63 45 39 90 17 81 33 14 42 0 54 16 
61 92 93 55 53 91 78 90 33 30 75 71 15 95 17 91 38 90 71 80 
10 15 98 63 77 62 64 68 24 97 75 56 39 82 20 61 60 52 9 80 
49 52 19 84 94 3 87 5 94 42 3 47 92 57 36 76 88 44 6 71 
98 18 92 34 59 31 92 31 15 81 10 62 74 67 41 2 77 69 65 57 
12 22 12 1 25 86 2 5 52 46 54 19 5 46 16 11 41 71 28 19 
33 21 80 68 34 14 45 37 86 88 22 12 19 67 77 66 93 39 10 70 
23 61 53 72 49 55 51 25 56 77 96 18 33 5 12 14 79 74 80 2 
79 13 30 16 1 24 87 98 84 11 31 79 10 24 90 94 73 74 34 29 
98 65 41 17 72 24 93 29 75 3 73 39 49 51 21 34 24 43 9 89 
54 23 33 20 73 76 33 9 59 58 92 32 77 24 54 38 42 91 35 91 
10 28 28 58 28 35 88 11 77 52 23 23 66 15 13 97 60 68 58 77 
85 51 17 84 58 86 67 3 71 77 18 97 26 53 30 66 83 56 86 41 
68 52 17 24 81 22 62 95 38 89 54 54 4 23 26 55 60 18 29 31 
26 47 47 55 49 88 74 38 84 27 63 34 92 83 96 76 35 37 65 48 
29 70 56 32 8 32 2 64 21 69 63 73 40 85 21 26 61 50 32 80 
5 88 64 85 63 92 71 99 32 3 68 42 71 80 77 99 85 62 49 42 
63 55 5 15 54 2 0 84 92 30 88 63 55 66 95 97 83 3 34 42 
75 97 81 7 25 99 72 76 30 54 8 7 67 3 36 40 41 98 9 55 
99 61 39 91 82 82 91 32 5 14 22 55 10 14 8 93 70 78 9 17 
76 72 74 22 61 77 79 64 12 66 63 10 53 82 92 68 66 43 77 93 
37 59 50 20 15 39 11 98 8 46 68 39 24 71 7 3 97 54 74 67 
50 54 74 4 80 71 0 94 63 86 47 36 71 82 42 51 7 52 52 68 
89 66 42 31 76 31 27 78 11 82 33 65 2 1 51 75 94 84 26 73 
92 67 16 65 22 36 3 62 38 84 50 98 55 47 98 40 40 22 51 59 
26 80 17 2 25 4 29 42 60 83 10 1 14 1 33 32 56 80 48 31 
95 64 90 64 28 4 52 49 62 69 22 74 19 13 65 90 75 83 36 9 
30 65 8 46 57 28 37 73 59 11 37 68 72 7 15 62 57 26 60 40 
20 27 45 31 87 48 58 73 80 17 64 91 76 45 49 72 53 77 64 4 
72 73 43 52 63 18 29 31 37 77 63 28 31 34 86 22 43 98 90 28 
36 6 66 90 57 0 44 75 37 68 46 94 19 9 81 22 1 28 1 65 
90 56 41 56 83 90 76 56 26 79 35 29 74 11 57 22 51 25 46 52 
47 80 40 89 11 44 79 56 86 26 57 4 18 44 20 6 96 52 0 55 
91 50 41 49 0 48 46 17 56 50 21 97 57 14 69 54 17 69 78 93 
21 55 55 2 14 24 6 21 66 0 12 92 13 44 38 97 84 24 36 88 
89 11 15 36 44 30 77 70 22 57 60 5 84 52 47 64 22 89 46 9 
52 37 91 88 85 64 32 43 71 36 59 31 90 21 80 95 24 75 45 31 
96 84 56 96 49 45 44 10 6 2 5 82 24 60 9 45 59 26 75 25 
36 39 75 58 46 68 50 68 13 57 76 83 64 65 71 38 97 49 86 44 
49 40 85 45 12 20 3 49 35 84 61 14 33 46 5 30 71 43 39 42 
30 73 34 84 37 92 59 68 80 37 45 83 57 46 72 72 25 26 36 3 
32 32 0 9 76 61 68 89 27 15 34 8 68 79 84 12 81 30 15 84 
50 76 82 61 84 45 94 68 70 45 0 22 28 6 44 16 22 75 72 93 
31 23 4 88 51 86 45 58 78 19 47 23 31 55 24 28 43 29 26 5 
93 34 79 72 49 47 23 98 63 73 58 48 87 52 28 69 43 31 1 94 
1 70 76 50 82 85 23 14 61 1 84 20 8 9 58 36 8 75 79 55 
91 30 93 80 83 89 62 71 44 5 64 44 74 4 33 31 32 71 28 69 
56 6 64 15 64 73 44 10 72 9 99 19 74 78 5 59 30 31 11 78 
90 61 43 79 5 17 26 96 81 73 14 88 98 23 11 24 85 90 10 6 
63 17 48 86 75 7 19 39 58 50 53 42 52 38 37 21 25 8 76 7 
97 10 21 82 9 13 8 49 27 14 51 20 20 37 0 52 67 63 85 23 
81 89 14 79 7 69 43 38 51 85 82 62 20 54 45 13 63 7 19 88 
50 86 31 96 2 46 82 45 58 50 86 31 68 33 30 5 99 78 20 48 
20 1 88 87 25 75 83 92 57 42 52 40 17 77 2 26 22 67 87 61 
24 29 27 63 74 73 16 0 44 8 52 20 86 44 15 76 89 94 54 75 
6 66 32 0 29 9 17 86 80 58 29 57 77 52 78 35 77 78 64 45 
94 32 19 2 93 77 30 88 96 26 79 38 12 98 87 2 22 66 51 0 
95 19 63 59 68 62 38 47 35 87 46 86 68 77 66 94 3 5 9 47 
62 41 33 5 29 31 27 37 4 21 13 9 41 95 21 92 83 91 32 47 
98 81 11 1 59 60 28 77 66 75 44 77 75 67 56 80 98 68 42 1 
15 38 69 67 72 66 84 77 12 97 78 31 0 48 86 64 95 24 37 45 
15 4 68 34 26 25 16 20 15 50 63 54 2 36 81 12 5 87 75 4 
12 93 63 11 61 51 75 89 40 70 54 48 74 19 60 6 77 23 78 59 
60 92 35 20 14 28 9 30 36 91 26 27 14 54 92 83 91 90 63 46 
94 86 98 76 83 21 45 45 90 96 29 86 0 19 80 91 3 81 35 91 
49 13 54 33 16 38 7 92 48 46 77 13 92 87 53 43 70 18 22 39 
34 33 26 34 89 58 1 24 25 24 41 13 83 98 46 5 52 1 39 60 
82 67 57 61 11 77 64 40 50 57 7 40 8 17 11 53 33 18 39 5 
4 4 35 62 96 65 6 65 95 84 16 33 23 77 88 93 60 86 2 6 
25 63 56 65 90 53 62 76 61 7 88 59 67 98 19 21 30 75 14 60 
53 91 27 97 92 10 64 83 48 99 35 67 81 95 42 28 54 36 83 20 
16 12 15 71 48 2 59 22 18 92 31 74 38 77 91 62 28 37 64 98 
30 59 24 62 91 26 8 47 81 23 36 48 68 58 32 27 13 71 46 45 
44 91 24 87 62 59 52 83 93 72 33 42 57 67 92 47 50 31 50 68 
51 54 83 71 35 80 32 45 67 86 69 86 75 53 10 79 44 8 51 27 
65 35 41 15 16 82 59 90 4 99 5 5 52 0 11 87 55 51 50 7 
82 14 11 89 5 33 80 98 37 57 22 52 9 88 59 17 68 50 37 79 
87 18 20 68 72 49 69 39 22 54 34 99 37 52 12 82 40 28 74 20 
33 57 96 57 77 64 7 12 73 79 99 82 52 23 23 71 34 22 68 87 
13 42 9 67 46 47 80 9 45 5 40 57 24 21 98 94 77 73 86 1 
99 31 84 83 3 87 19 89 72 55 12 7 27 47 77 93 23 12 16 94 
36 9 39 86 6 85 46 63 64 99 3 78 78 59 20 82 36 89 58 98 
12 48 69 55 18 36 25 88 57 42 11 45 49 59 10 45 14 72 55 12 
52 66 79 72 49 10 0 60 95 86 35 37 22 19 68 39 88 22 74 32 
4 30 57 19 71 44 69 12 17 67 2 73 71 37 80 12 53 81 11 83 
11 37 87 84 44 83 64 83 30 88 98 69 87 88 39 54 79 32 13 25 
20 9 21 26 6 48 84 24 2 35 2 29 37 47 0 74 17 6 10 55 
20 27 48 7 40 19 68 72 69 94 81 90 32 31 46 99 29 48 79 2 
76 54 47 28 45 59 37 15 84 17 17 11 90 70 49 90 25 20 84 7 
21 11 57 9 68 52 5 41 95 57 31 36 59 42 20 58 27 22 71 76 
26 31 93 20 91 26 7 26 79 74 24 81 3 70 6 88 7 21 85 6 
50 98 86 84 38 0 53 77 27 28 20 59 59 88 6 32 93 38 41 19 
74 26 51 60 71 0 99 62 68 38 34 75 56 40 0 69 3 16 40 31 
8 8 14 33 39 58 89 49 86 31 44 10 50 75 21 62 32 68 24 30 
72 98 32 5 98 58 39 11 12 65 3 43 23 35 29 98 53 90 65 53 
47 65 26 37 86 78 91 54 79 51 78 94 47 85 84 2 12 1 85 66 
98 20 25 52 8 88 84 23 63 35 86 42 71 75 2 1 31 51 40 48 
28 65 68 53 17 72 25 56 22 24 93 85 24 72 55 48 55 88 43 2 
63 27 5 98 44 70 4 75 2 65 44 76 11 1 50 39 82 27 15 74 
35 24 68 22 96 6 28 38 40 62 82 69 86 26 93 51 32 69 73 89 
52 49 39 50 16 24 52 80 9 5 46 7 49 5 20 60 84 98 48 6 
27 11 22 86 36 53 90 44 61 29 60 49 40 90 94 66 14 37 55 40 
67 19 3 61 46 78 44 16 97 43 79 24 31 11 94 15 16 16 96 73 
5 45 97 50 25 97 0 0 2 21 10 47 32 73 34 19 95 60 41 72 
47 65 10 8 57 45 42 19 36 46 36 14 25 26 93 23 38 73 46 80 
56 95 18 30 80 62 9 85 83 78 93 41 18 77 28 63 25 69 22 21 
42 0 1 58 36 84 35 2 80 75 83 46 44 20 89 79 23 70 70 39 
20 65 59 39 58 83 46 67 15 80 99 15 79 25 8 15 76 38 87 82 
51 86 55 90 18 64 45 19 12 74 76 81 68 28 11 43 90 78 74 21 
18 50 21 28 35 94 32 41 63 49 61 91 95 11 34 53 17 66 54 11 
0 74 24 27 9 48 98 99 39 79 82 74 20 91 38 80 30 67 17 42 
74 84 10 89 84 50 89 53 67 10 26 73 43 93 96 5 9 45 79 49 
65 61 34 52 55 21 56 95 87 63 27 3 69 20 1 4 65 54 47 99 
10 85 19 31 33 12 78 95 88 50 26 3 0 25 24 5 44 35 86 61 
35 58 27 32 64 4 79 60 56 36 68 76 15 23 1 71 66 2 14 94 
56 63 92 3 44 95 74 91 95 99 16 98 70 54 8 45 90 61 99 49 
39 31 69 19 97 91 18 79 6 28 39 8 39 97 68 55 32 50 0 56 
71 54 19 26 60 72 54 79 69 86 61 27 71 32 65 11 30 38 60 42 
56 6 21 67 19 68 62 33 74 95 76 22 86 15 38 30 41 98 14 48 
75 52 77 82 75 22 28 90 4 80 30 43 21 15 88 77 94 99 59 8 
44 25 12 67 6 70 66 60 53 68 95 90 1 3 72 39 17 42 30 35 
28 76 77 0 9 56 61 96 17 59 22 84 23 28 8 14 20 17 37 33 
71 78 1 15 58 58 13 12 23 24 68 46 2 26 24 28 64 52 27 62 
95 52 55 97 26 46 90 3 68 25 69 30 76 83 97 89 16 10 80 59 
30 55 70 34 74 39 7 75 33 20 94 33 22 57 14 83 75 45 84 86 
10 73 54 65 84 59 42 27 25 58 98 62 42 48 86 65 16 27 11 21 
70 31 6 12 76 94 60 10 88 17 5 3 25 11 26 20 47 7 24 20 
27 11 70 39 67 6 2 50 83 81 58 46 25 50 64 50 90 92 4 42 
95 79 70 38 83 31 3 37 53 87 92 82 44 16 8 4 80 58 61 82 
21 62 90 94 23 64 64 85 16 87 63 47 22 35 17 95 34 66 13 30 
61 14 57 72 57 62 41 75 31 19 99 71 56 5 55 78 92 50 96 68 
26 54 3 21 1 48 16 90 51 24 90 74 0 29 23 98 97 13 36 31 
66 98 85 74 72 23 12 4 28 44 82 31 79 42 34 97 34 71 99 23 
94 84 88 45 34 27 58 20 50 4 9 84 42 62 14 35 39 0 1 81 
30 5 1 90 53 75 76 33 91 83 89 11 42 67 34 51 99 65 23 10 
54 80 88 14 79 0 7 75 12 59 6 86 35 49 30 9 78 16 96 94 
50 85 42 48 61 36 33 31 31 87 9 56 66 24 10 96 36 92 50 32 
66 32 56 89 15 50 71 36 39 37 2 5 85 36 38 83 1 60 36 59 
5 28 1 31 30 29 58 76 79 9 53 95 62 61 22 96 46 5 58 0 
76 19 18 24 44 53 54 45 35 83 39 75 99 48 9 21 46 94 61 62 
38 12 60 69 84 91 24 45 40 5 51 11 76 46 76 13 13 7 61 44 
55 20 82 45 59 64 75 63 29 24 22 28 82 20 37 37 0 77 91 6 
80 60 37 30 53 45 21 27 11 0 59 42 72 95 18 74 2 84 71 74 
17 2 61 47 15 10 82 34 61 12 30 82 84 38 32 2 69 17 45 53 
93 81 9 46 84 9 10 30 16 39 56 20 0 13 38 23 81 14 87 78 
45 67 61 4 74 36 48 81 73 69 14 17 88 32 65 48 41 34 99 81 
88 86 90 86 55 21 94 65 23 91 2 68 78 16 80 10 39 2 26 45 
37 18 6 38 92 89 14 55 80 13 3 60 47 69 61 5 77 61 48 71 
91 53 45 84 41 75 64 63 43 79 96 80 17 19 80 68 37 43 65 57 
93 71 56 97 90 59 49 88 52 74 28 46 67 41 91 57 2 38 32 95 
49 0 57 60 88 1 5 59 26 15 92 57 24 32 66 58 47 16 31 98 
46 79 11 27 72 83 45 1 44 66 49 2 59 84 30 40 48 36 60 63 
65 77 30 79 68 31 19 5 86 25 79 81 85 65 80 44 97 98 70 43 
13 65 58 48 43 48 69 88 11 67 5 28 28 28 44 55 42 44 49 0 
17 30 23 0 75 31 35 31 4 99 62 95 63 15 47 93 6 27 53 55 
46 47 40 6 96 88 21 73 83 88 99 6 10 94 93 95 45 50 17 87 
87 85 73 82 43 36 48 34 28 18 91 11 40 35 50 42 48 74 17 33 
13 51 58 46 15 42 8 94 78 66 81 76 84 49 24 46 53 87 74 93 
20 37 50 39 39 96 94 50 38 22 44 52 8 0 57 50 10 53 89 69 
76 34 23 25 93 39 90 12 76 68 44 31 0 27 30 71 69 37 40 75 
20 91 11 28 98 36 76 73 48 0 43 12 93 46 87 32 54 62 79 52 
54 56 26 73 18 89 87 87 12 7 73 98 52 34 57 74 97 6 36 39 
48 42 46 95 70 40 30 56 81 46 24 23 77 67 1 5 67 46 46 52 
34 26 52 25 60 27 10 55 74 31 39 4 4 68 98 38 3 53 83 25 
49 48 88 27 58 88 88 85 71 79 18 44 23 25 17 2 77 69 67 49 
53 66 64 56 74 86 96 13 4 72 59 63 41 12 27 54 29 84 91 99 
26 59 84 92 21 36 85 67 34 16 47 18 6 16 68 83 23 63 63 73 
8 83 77 95 10 73 62 2 74 58 23 37 63 15 10 72 22 40 15 98 
5 49 66 5 61 21 85 69 51 24 19 16 37 86 73 11 44 24 4 93 
96 23 7 14 52 35 34 45 40 53 15 98 60 8 69 1 1 28 30 35 
62 48 45 64 29 50 59 32 34 49 29 26 89 62 47 81 63 94 16 85 
73 98 70 7 12 52 95 16 60 26 27 63 27 44 48 79 77 87 24 14 
42 55 42 49 95 4 88 92 73 92 42 82 42 76 7 60 5 70 44 41 
24 46 13 2 60 71 64 11 28 84 71 10 34 38 38 93 79 81 57 26 
90 90 34 43 54 59 70 63 55 69 44 12 34 57 35 37 35 86 94 58 
84 66 80 38 75 55 9 8 25 64 90 99 97 36 36 23 35 26 7 15 
49 18 20 21 49 70 85 78 5 65 29 66 95 32 8 52 5 86 79 21 
0 5 35 23 12 34 18 92 63 29 19 20 77 8 23 36 87 38 68 75 
22 43 89 30 35 59 58 66 64 66 61 44 66 90 53 46 21 82 54 5 
39 33 45 42 29 20 66 77 42 17 99 38 73 77 59 94 62 58 10 98 
28 56 34 73 61 16 47 12 81 67 3 62 47 38 74 82 2 94 56 12 
71 42 38 45 84 18 14 18 21 22 57 95 44 39 35 81 18 18 2 66 
20 67 26 14 59 19 1 2 60 93 29 93 78 85 90 7 85 39 94 9 
79 11 2 72 29 60 99 62 85 42 8 82 33 50 74 63 3 93 38 99 
38 70 81 52 91 28 6 32 5 35 31 29 86 28 61 75 71 15 18 89 
98 68 7 37 22 77 95 24 86 84 37 38 42 36 41 5 54 56 78 28 
80 31 90 82 48 17 95 15 90 95 16 86 12 25 83 4 53 96 97 94 
9 54 99 9 78 60 60 17 98 68 82 3 14 34 90 90 22 32 6 4 
14 80 78 26 36 45 62 21 35 14 53 19 56 78 99 77 91 33 86 66 
44 98 99 61 82 85 52 26 20 94 45 50 38 7 15 95 67 31 86 98 
76 96 26 96 31 98 61 99 29 40 64 50 64 22 60 74 93 40 54 42 
6 38 73 97 95 4 3 63 82 32 39 1 56 98 45 37 58 3 18 66 
7 53 97 43 14 57 6 46 64 50 70 74 95 70 96 17 22 58 43 16 
88 3 83 36 22 62 28 35 48 52 13 69 15 35 53 43 74 63 20 13 
41 24 4 75 29 70 65 87 52 10 98 24 4 69 60 38 60 95 61 32 
30 78 38 98 75 42 57 89 39 35 34 43 80 57 82 11 26 27 40 9 
32 28 92 34 69 1 21 74 92 55 88 22 56 56 93 8 80 20 0 40 
30 82 20 4 71 42 2 32 67 1 30 88 73 35 14 13 12 8 99 78 
75 27 47 75 62 3 91 19 94 70 98 70 16 47 35 29 72 54 80 68 
80 27 86 28 86 79 10 43 81 6 1 17 36 18 40 85 72 6 55 83 
81 87 64 2 54 19 6 48 80 34 30 69 80 50 36 66 92 65 91 55 
44 86 47 19 77 61 63 86 25 62 22 88 12 52 36 40 55 57 45 95 
95 74 98 30 73 85 25 68 11 57 58 93 85 45 70 52 60 79 38 36 
55 43 39 82 93 44 85 72 82 66 5 96 85 25 20 62 45 57 68 36 
67 74 13 21 11 22 44 8 27 17 83 70 8 92 62 17 66 25 4 66 
50 17 85 17 22 95 62 95 73 97 65 69 19 93 47 15 83 30 91 51 
48 14 13 72 21 94 95 41 8 84 87 42 32 96 61 17 49 86 18 36 
53 78 93 30 65 81 85 67 81 20 79 74 36 63 37 78 81 8 55 34 
3 68 85 0 48 24 22 87 43 51 43 13 32 12 35 53 39 31 41 22 
37 89 83 3 34 52 54 4 66 35 33 44 66 81 78 25 42 67 35 57 
21 41 22 66 48 18 59 65 10 59 93 34 3 68 59 63 96 20 64 50 
2 46 66 84 23 17 11 79 41 29 76 50 64 58 97 51 19 24 42 62 
18 36 17 44 18 67 7 79 4 35 59 28 71 58 4 96 28 61 51 11 
63 21 37 54 63 30 11 8 54 0 2 4 38 26 43 9 8 67 8 5 
51 55 60 38 75 58 73 94 78 56 99 86 10 96 83 61 41 10 29 26 
81 83 42 51 84 51 70 31 51 58 49 67 61 26 82 56 98 76 81 16 
1 0 13 46 35 14 29 91 25 42 17 39 16 28 39 63 70 88 87 32 
12 72 98 15 30 20 2 46 86 77 74 8 33 49 47 89 14 42 64 32 
80 25 30 68 90 53 15 96 17 8 79 78 42 76 36 71 89 34 22 85 
29 43 50 41 9 20 21 57 74 20 23 36 38 84 20 81 25 90 69 74 
77 0 27 91 15 19 54 54 7 19 80 63 77 90 48 54 70 17 73 8 
65 66 18 88 71 34 36 63 27 44 49 86 78 51 7 70 17 49 20 47 
57 20 0 58 60 73 85 21 60 67 81 85 85 65 77 38 50 80 53 44 
57 27 44 86 47 99 53 94 98 61 14 36 13 37 72 24 67 61 24 45 
59 23 76 12 91 16 33 71 53 17 71 42 95 90 89 27 82 76 31 33 
83 87 97 68 51 61 82 71 37 26 5 62 15 96 87 92 55 88 37 0 
58 34 27 20 40 94 64 30 49 39 0 98 59 68 4 91 21 9 74 86 
96 79 49 8 48 87 5 83 5 92 45 39 82 75 8 57 78 70 94 45 
21 32 81 85 29 52 52 53 5 84 54 4 58 8 50 15 13 52 46 88 
52 14 30 70 77 39 6 15 47 95 46 22 5 58 89 6 48 94 64 66 
93 87 92 15 20 74 18 19 3 74 58 59 66 10 39 4 98 18 2 73 
8 48 4 11 11 78 0 21 30 23 12 42 7 2 83 86 2 81 73 16 
14 57 82 33 65 49 0 84 71 98 6 55 73 86 25 94 85 11 54 74 
33 42 80 58 39 7 88 1 76 68 46 6 10 34 53 24 54 3 86 56 
90 16 25 5 73 5 12 18 13 30 52 58 41 28 29 56 23 73 90 28 
34 20 13 86 58 89 36 1 61 19 43 27 88 3 24 47 26 40 49 63 
45 35 21 11 92 33 30 77 21 22 37 47 19 61 94 82 32 1 89 80 
29 86 2 5 33 81 33 21 38 35 61 5 5 49 49 90 73 80 67 98 
39 7 5 58 64 85 90 60 70 39 98 90 60 99 68 30 60 94 7 83 
66 44 86 24 19 85 21 36 59 1 69 57 15 67 67 41 21 35 44 42 
53 26 15 45 36 59 91 42 47 11 30 5 22 56 75 96 17 14 52 35 
47 38 75 60 58 67 18 24 94 21 76 90 61 47 46 75 66 10 2 45 
68 92 51 71 2 38 21 61 65 96 79 57 17 68 69 9 79 62 87 20 
39 28 23 94 42 42 97 54 38 3 74 11 72 88 41 54 57 96 30 63 
97 21 72 88 5 82 16 10 64 97 60 87 67 51 60 80 19 74 68 80 
31 62 25 8 43 39 5 36 93 78 53 6 18 27 29 30 30 37 23 30 
95 8 55 70 75 23 11 35 13 32 85 27 11 84 85 36 33 11 37 87 
32 69 86 30 3 50 73 98 70 40 74 5 93 22 52 26 15 19 44 82 
21 95 38 85 60 77 30 0 66 58 99 85 83 1 34 8 66 79 25 59 
15 29 34 66 18 23 85 29 87 88 72 75 68 63 78 97 83 20 11 62 
1 60 75 68 10 73 16 74 85 97 0 95 82 56 45 47 98 21 92 69 
51 85 87 33 57 66 50 51 4 98 60 23 67 54 47 10 96 30 97 98 
45 42 38 69 71 78 62 47 29 45 1 85 46 7 87 8 23 86 93 51 
67 74 53 80 32 99 25 13 11 55 15 14 2 7 80 61 1 27 14 62 
46 54 34 96 70 26 22 52 37 31 75 85 67 49 43 95 96 17 80 20 
9 5 92 92 80 50 88 31 46 6 79 88 86 25 13 40 73 17 83 13 
76 34 61 89 89 31 64 98 67 13 45 59 35 43 23 94 3 79 93 59 
64 64 76 86 57 97 13 36 88 33 6 75 52 83 73 47 70 3 91 84 
84 21 79 37 49 78 53 54 70 62 12 69 4 17 41 50 67 32 47 16 
6 33 40 19 13 57 65 63 64 22 13 45 60 97 38 84 66 54 33 35 
14 89 99 38 98 27 15 73 32 46 14 0 1 50 44 23 11 61 85 17 
47 51 64 72 43 89 7 39 56 58 63 1 39 11 97 88 97 29 89 47 
99 85 14 84 35 91 23 0 33 22 8 42 49 63 55 91 85 67 28 59 
73 82 20 79 17 34 46 60 75 97 96 29 58 46 3 16 90 69 23 63 
4 93 2 52 52 1 7 61 74 94 11 82 58 32 59 63 24 55 79 43 
90 80 46 9 27 19 6 96 32 75 74 54 52 13 67 44 26 86 23 34 
33 20 88 97 39 77 44 48 39 61 27 75 19 1 65 9 67 88 34 32 
49 34 16 83 41 51 64 31 89 77 47 34 24 57 90 40 64 72 87 59 
11 64 46 42 30 88 53 15 41 89 0 57 83 86 95 56 71 62 12 40 
85 7 71 13 9 39 73 31 0 35 45 18 60 66 89 46 39 83 56 17 
15 17 74 77 60 6 41 51 45 96 95 46 76 52 28 60 89 55 57 39 
1 66 17 50 6 25 35 5 17 60 32 98 55 60 90 54 30 43 61 71 
5 54 58 11 76 27 1 57 67 88 55 14 5 2 83 11 9 93 92 53 
90 39 84 42 34 27 8 94 55 24 40 88 93 2 71 42 51 53 79 21 
85 75 42 54 9 55 32 53 29 43 65 40 0 45 25 0 60 54 18 23 
92 14 5 6 22 56 5 94 91 93 32 4 17 15 22 41 57 44 67 33 
65 7 17 97 80 14 46 22 45 96 70 79 44 85 64 28 7 95 17 9 
33 84 74 87 77 26 28 9 48 94 1 1 50 40 40 36 46 17 19 87 
69 38 43 20 41 16 70 24 70 84 1 74 40 5 33 16 79 84 83 33 
72 72 56 43 56 86 90 89 33 2 24 11 83 51 46 13 93 95 53 93 
65 83 72 61 26 5 11 73 11 94 43 44 63 19 70 9 91 51 48 32 
67 27 22 38 40 32 78 13 33 83 88 4 85 7 79 54 21 12 58 69 
27 12 56 20 18 50 91 81 30 60 57 61 90 17 84 49 32 68 3 22 
81 16 28 19 58 92 29 89 14 57 34 47 53 21 35 20 45 22 77 74 
55 32 58 84 31 11 59 18 19 4 14 59 41 1 71 3 16 71 90 51 
9 12 41 53 51 62 83 52 11 95 98 4 48 9 81 93 74 19 42 90 
29 76 62 88 5 23 60 56 27 96 94 38 2 95 33 94 19 98 69 76 
70 40 37 46 62 87 24 65 87 57 69 37 97 7 27 25 52 37 15 71 
62 46 66 99 69 23 69 46 90 82 20 96 56 33 87 50 89 27 7 86 
93 86 92 4 93 50 53 70 79 76 37 42 62 54 93 66 9 95 90 81 
3 62 92 36 30 96 51 23 52 5 17 29 33 2 8 61 87 44 45 35 
70 44 1 99 39 48 55 52 75 77 79 39 0 5 69 69 68 82 81 45 
49 28 30 83 4 80 88 82 24 54 66 49 65 52 31 64 41 43 65 51 
39 81 64 24 23 71 0 45 2 94 37 88 78 89 22 50 19 33 16 69 
47 67 76 58 20 21 92 31 84 11 26 77 25 56 21 8 53 77 24 69 
15 70 24 28 8 75 62 84 13 80 57 60 74 96 32 19 78 10 95 22 
87 85 70 89 45 94 67 59 42 99 10 57 13 90 93 6 43 27 45 52 
9 18 17 58 55 76 81 13 4 20 32 63 76 85 26 94 62 58 65 45 
74 32 20 46 82 43 41 92 27 80 63 69 46 46 83 95 79 36 4 94 
14 58 36 73 9 90 81 18 61 56 91 3 40 1 48 82 35 57 6 91 
3 23 4 5 53 77 52 6 38 60 71 72 12 41 86 40 51 37 55 36 
47 34 98 95 34 50 82 67 36 67 74 40 52 40 81 71 42 59 98 89 
60 87 16 1 54 24 6 16 65 17 56 36 9 78 49 22 18 50 0 80 
32 50 41 9 95 66 37 99 49 83 8 11 41 86 70 55 15 4 32 89 
57 15 61 90 26 16 89 81 57 61 80 48 61 21 81 32 14 33 77 69 
94 46 83 0 16 76 22 21 61 85 77 39 97 6 37 18 93 49 68 35 
55 36 25 21 77 73 16 75 37 59 32 41 48 87 30 20 22 6 23 67 
70 10 68 86 94 23 81 56 93 52 88 79 15 83 4 90 57 69 74 40 
90 89 62 27 72 51 69 32 67 80 53 80 47 32 6 78 96 86 48 56 
63 42 92 75 15 33 8 99 97 50 97 90 3 90 23 87 46 25 36 62 
27 57 89 94 79 42 5 95 15 42 26 54 27 43 1 82 65 11 61 8 
44 60 7 88 9 88 0 61 2 2 40 71 82 57 98 92 44 41 27 18 
71 96 95 30 25 50 82 59 46 64 11 89 68 86 35 32 80 31 0 42 
28 85 36 83 47 89 12 6 68 36 76 93 83 39 32 85 88 36 79 32 
46 61 71 34 23 88 26 17 52 92 68 0 59 79 24 91 11 21 55 52 
33 40 98 29 12 60 72 97 30 12 49 56 49 34 80 15 82 36 99 3 
37 35 66 60 57 36 85 81 95 8 16 27 5 8 23 7 51 66 47 99 
21 99 90 55 46 66 75 20 9 35 54 50 14 47 60 27 32 11 74 79 
24 31 10 73 40 37 23 65 29 22 18 36 82 89 53 49 34 1 83 85 
16 4 3 50 97 73 6 51 17 33 91 3 29 29 81 55 80 63 12 81 
49 88 72 34 89 81 23 26 42 72 28 31 38 65 35 27 40 16 90 70 
95 41 85 7 41 31 66 49 83 61 88 62 14 75 25 39 2 83 6 7 
35 3 62 24 29 14 49 5 96 1 58 3 72 12 11 10 95 57 64 16 
99 16 23 11 95 55 22 42 68 12 45 6 52 77 34 50 95 24 94 41 
92 11 53 13 38 97 5 64 96 50 71 94 58 51 99 70 5 58 34 50 
56 56 0 44 0 99 19 39 97 39 88 85 22 87 44 86 7 25 16 16 
52 42 44 77 49 67 82 42 24 69 29 89 86 10 8 2 86 65 17 77 
47 10 37 94 84 29 94 85 5 60 34 52 75 63 98 35 43 4 11 95 
32 31 68 30 34 79 16 30 91 93 65 90 12 66 53 53 11 56 31 58 
16 77 66 19 44 22 45 26 2 5 39 33 16 45 9 61 24 75 16 73 
31 98 18 60 78 70 94 80 43 49 8 1 82 89 89 29 45 98 94 53 
4 58 29 56 65 2 71 54 3 13 13 48 26 10 64 50 83 99 94 25 
20 43 7 26 53 19 65 30 64 48 80 68 14 60 89 96 40 84 63 61 
73 53 22 98 96 58 55 36 88 0 5 71 17 67 7 25 11 64 97 67 
26 31 63 75 52 11 71 21 67 64 31 50 52 28 35 66 0 89 32 77 
5 30 13 33 84 36 77 10 50 91 37 82 91 57 72 89 90 86 44 60 
78 37 74 5 81 46 93 98 67 44 2 51 97 49 60 25 35 95 87 5 
50 45 10 84 87 58 89 12 52 2 79 43 43 91 56 27 84 18 11 1 
61 86 66 13 18 96 93 26 91 7 28 51 85 78 23 18 49 32 33 27 
17 50 0 67 32 4 6 30 40 1 49 19 18 4 51 40 70 79 5 16 
76 29 24 38 74 13 25 22 46 24 41 63 50 59 40 93 87 41 7 79 
83 90 15 88 42 41 13 50 82 52 35 3 14 9 28 71 60 82 46 69 
50 76 87 2 35 37 74 47 50 33 76 55 63 86 94 84 40 2 36 84 
94 4 63 99 0 18 83 39 4 26 24 32 5 20 70 5 44 59 90 55 
38 58 55 84 53 0 45 43 58 11 69 94 74 70 53 12 35 49 65 76 
90 25 79 50 23 44 14 84 33 14 57 43 98 92 50 12 77 81 13 37 
6 87 83 84 69 56 10 82 55 21 75 4 50 98 5 22 84 59 76 0 
13 61 86 1 88 32 61 33 46 57 45 34 37 3 82 39 85 74 85 17 
64 11 44 89 39 42 12 22 75 1 39 95 81 32 65 84 62 66 78 89 
94 55 41 70 3 90 63 57 12 13 39 90 70 18 28 49 67 25 83 81 
17 99 79 27 21 73 31 48 13 73 95 71 35 84 73 46 95 37 17 24 
59 1 46 3 52 35 16 83 60 22 51 99 34 69 37 70 69 62 95 80 
73 22 59 87 42 55 98 92 7 91 64 2 90 41 24 61 24 74 55 39 
31 49 91 43 22 86 80 82 49 55 81 66 6 4 19 25 71 89 43 78 
65 89 21 41 88 74 37 33 4 42 53 13 48 31 55 11 44 83 4 65 
68 85 57 93 47 40 10 24 34 13 52 30 70 59 95 36 23 51 91 53 
45 0 82 85 30 0 75 66 70 47 98 9 92 52 72 77 6 70 4 70 
58 96 14 14 25 16 90 98 49 97 8 23 7 35 75 51 19 27 28 5 
34 27 81 49 67 3 49 34 21 25 29 34 61 14 92 24 68 5 75 89 
43 43 84 41 13 92 91 87 73 57 69 22 77 58 33 5 30 22 61 81 
5 93 10 69 81 14 30 22 42 89 41 20 33 94 93 5 65 70 19 21 
73 77 63 10 11 37 63 45 37 35 18 64 74 23 66 73 71 21 17 35 
58 61 44 15 2 62 57 46 25 62 42 25 51 80 21 29 47 48 37 49 
95 8 83 64 79 83 78 63 42 98 20 86 97 32 0 82 84 2 75 28 
98 83 72 27 58 2 31 40 3 34 90 53 33 81 93 94 42 36 20 71 
24 18 15 37 43 75 90 45 1 6 24 11 24 74 13 32 36 50 61 97 
65 60 79 69 0 3 62 64 85 99 30 46 31 24 26 75 19 85 85 8 
94 44 91 23 78 31 70 94 75 4 56 57 22 85 58 29 62 93 53 51 
73 15 8 82 33 37 54 24 15 47 22 28 91 89 8 24 42 73 2 19 
20 58 39 77 66 22 10 77 7 16 2 32 66 49 44 61 16 48 78 72 
25 37 59 7 40 92 87 6 94 49 33 93 71 73 78 76 93 10 43 9 
77 40 94 82 67 25 28 9 56 94 55 72 46 90 58 30 72 75 17 93 
55 90 84 86 44 20 54 41 2 10 30 70 99 8 24 72 46 58 76 36 
15 47 51 10 78 63 3 1 13 34 33 41 81 25 66 48 79 9 21 58 
95 9 38 50 52 5 96 12 9 85 30 69 7 54 85 71 93 3 41 37 
97 42 80 74 28 69 23 13 31 60 18 46 42 52 59 59 37 54 98 5 
1 1 32 47 34 8 10 39 95 83 80 68 89 11 12 13 59 31 55 64 
13 66 90 53 52 39 18 19 6 56 23 87 66 26 81 96 14 68 64 99 
27 66 56 12 33 24 68 76 39 75 63 65 21 26 99 94 37 93 98 72 
34 15 46 30 88 38 74 87 24 7 62 97 70 5 69 32 28 42 25 16 
68 56 39 96 7 82 44 19 44 31 79 72 47 78 88 2 18 35 98 44 
87 68 28 47 72 12 12 39 96 32 9 54 50 19 1 21 6 79 10 75 
91 24 66 89 55 65 76 35 82 9 5 67 21 68 35 63 53 54 5 99 
7 67 55 5 61 35 35 52 76 7 56 75 64 5 62 78 27 37 86 65 
2 9 44 80 56 35 98 59 68 55 30 19 22 30 11 16 9 97 48 81 
59 30 18 29 20 94 63 7 47 98 70 24 75 7 53 47 13 0 41 9 
75 1 65 95 17 42 1 5 9 24 80 52 52 16 80 14 55 66 94 92 
55 55 29 8 33 66 2 88 32 35 72 91 4 61 49 35 27 67 66 19 
10 89 32 57 3 76 71 6 28 57 41 1 7 57 38 81 75 7 91 3 
37 57 40 16 84 2 15 95 2 40 18 70 32 59 31 36 84 58 26 50 
77 96 19 50 50 63 50 40 43 73 75 73 8 86 41 56 19 10 26 51 
80 37 83 69 31 92 34 82 14 91 65 16 68 63 69 3 13 2 31 43 
75 33 10 96 44 50 45 19 45 97 2 23 86 79 35 62 35 97 23 29 
70 39 49 45 74 65 29 40 84 14 59 88 84 46 76 86 30 51 38 77 
37 0 63 51 32 90 89 24 3 48 12 3 49 41 85 10 39 35 30 57 
31 10 90 97 82 61 18 69 38 68 47 2 5 79 22 87 82 2 38 31 
5 41 9 2 28 78 57 82 7 60 0 67 14 74 54 64 20 53 39 59 
92 83 48 98 63 81 86 36 51 22 56 92 39 91 48 16 46 37 94 28 
61 53 60 60 40 4 65 12 88 52 71 14 72 53 26 33 96 83 91 80 
45 30 61 77 45 11 59 43 22 11 39 54 87 50 61 49 42 97 46 96 
4 11 79 80 41 77 44 75 87 16 66 21 86 79 13 59 33 33 2 37 
31 71 8 59 71 10 11 23 36 64 66 6 33 76 13 12 16 27 43 61 
30 69 38 41 87 1 87 78 78 80 95 61 34 26 34 11 6 17 19 24 
26 51 68 29 35 19 28 49 2 17 41 21 15 53 59 6 8 27 35 71 
31 0 20 63 11 92 91 74 52 49 52 42 68 46 44 85 78 63 1 17 
88 32 72 89 7 41 78 62 32 69 17 4 73 66 52 75 30 92 34 79 
8 35 2 48 37 50 62 90 29 61 38 87 21 3 12 27 38 25 70 7 
97 45 78 47 28 74 64 9 43 58 92 93 7 66 98 61 31 63 71 32 
62 53 74 11 28 28 11 33 76 24 7 52 25 77 1 34 20 11 19 93 
25 96 11 9 54 20 55 87 64 32 62 91 19 38 74 93 60 15 39 1 
61 78 22 25 57 29 86 63 72 18 45 71 1 84 10 88 55 69 53 45 
5 5 4 83 45 4 92 85 86 17 4 93 0 89 42 1 57 42 73 1 
86 98 30 71 51 74 89 26 55 74 0 99 10 80 12 24 56 32 19 88 
30 90 60 36 39 78 87 74 72 28 51 75 92 44 59 65 75 95 93 15 
97 55 33 37 54 18 78 27 35 26 64 16 0 29 9 22 60 28 9 51 
4 74 84 19 27 36 75 13 93 14 9 48 35 51 83 87 98 62 6 70 
72 45 37 70 91 39 94 74 79 41 21 57 75 72 82 92 99 81 18 88 
40 72 6 79 87 30 43 33 59 26 81 99 57 42 77 31 21 67 40 18 
54 13 26 62 26 91 67 22 47 43 89 44 46 85 26 2 74 86 32 3 
35 30 62 88 51 93 80 61 24 98 78 9 72 97 29 87 85 7 38 1 
21 75 51 86 53 8 95 35 92 60 98 45 82 71 53 83 18 97 75 73 
21 92 56 67 96 1 56 4 0 68 40 57 35 57 60 35 94 74 81 68 
33 63 53 20 74 85 39 90 26 42 81 28 88 48 30 49 23 60 33 65 
2 64 27 78 6 56 69 26 20 50 62 19 96 21 34 38 38 15 47 51 
78 45 14 37 85 74 69 37 85 30 80 39 49 26 2 57 26 33 57 10 
37 17 64 10 19 86 8 57 21 78 85 5 47 10 87 23 95 87 52 84 
54 29 7 8 79 24 42 80 51 72 0 21 67 58 54 56 72 3 3 87 
56 33 1 55 77 32 3 64 83 75 72 42 69 27 92 74 85 71 5 36 
8 76 35 74 56 34 81 41 28 40 8 18 63 45 28 7 48 64 98 15 
5 33 63 28 40 20 39 15 47 18 58 46 31 81 25 1 66 45 36 81 
34 88 6 56 49 86 38 64 76 49 0 16 69 66 43 20 45 61 78 33 
32 57 81 28 86 72 30 49 81 30 23 24 4 28 77 23 40 35 17 94 
45 20 98 87 67 18 68 36 1 29 35 71 26 90 99 0 78 65 70 48 
75 6 22 50 20 67 94 58 82 80 95 65 46 36 11 68 78 40 76 86 
28 58 98 24 35 91 15 12 46 27 94 9 66 24 62 39 72 2 92 44 
40 50 79 9 4 78 20 43 4 24 17 84 45 5 17 38 84 40 9 82 
4 87 81 93 0 17 46 35 82 52 35 19 34 45 25 27 15 86 64 48 
31 3 50 9 82 88 34 72 85 94 42 57 94 28 68 10 7 52 23 82 
10 30 47 34 36 8 62 81 43 23 79 67 64 17 80 0 29 47 56 2 
69 80 80 84 38 59 22 17 68 74 87 56 54 4 49 21 70 56 1 36 
24 42 29 0 31 45 58 3 55 77 84 52 58 72 10 9 50 12 3 22 
18 34 13 34 13 33 52 96 15 44 63 20 61 54 7 96 7 12 44 93 
92 35 44 30 86 43 21 11 90 78 35 50 15 58 46 54 90 66 69 91 
68 37 78 62 63 28 0 17 62 9 11 74 12 65 27 56 46 79 87 34 
84 1 35 71 1 75 20 58 90 10 35 18 49 43 92 20 74 55 88 44 
46 9 10 86 54 34 18 3 82 40 23 54 27 54 50 6 69 59 70 16 
57 98 14 42 26 69 93 24 42 52 16 74 96 51 69 1 99 38 95 57 
94 90 58 47 18 33 52 60 3 26 84 34 35 17 34 5 27 3 47 60 
83 27 55 17 40 56 64 23 91 27 33 55 61 35 62 21 26 53 46 51 
3 27 90 46 7 12 52 68 91 75 0 90 52 7 37 67 53 80 12 88 
50 6 68 13 25 58 22 48 55 27 59 81 56 59 97 90 90 86 47 76 
19 46 75 69 38 84 23 99 69 22 76 97 60 10 97 68 40 77 31 1 
48 87 51 65 72 22 57 33 77 1 67 83 59 31 5 49 2 68 36 4 
2 19 64 84 45 92 11 34 51 89 63 50 83 24 75 71 77 59 32 75 
85 6 49 67 83 40 5 22 5 28 92 24 25 86 97 82 64 99 30 77 
86 61 37 0 6 50 77 78 52 54 32 48 49 43 28 82 79 97 63 35 
82 27 72 14 30 8 6 24 14 1 71 44 96 37 49 88 38 74 36 20 
65 96 44 84 64 44 0 34 22 99 16 46 68 11 78 78 57 48 31 72 
95 58 73 30 51 35 40 12 31 24 53 40 99 53 1 47 29 64 54 78 
78 50 10 71 34 24 17 72 5 39 97 92 7 23 44 49 37 77 29 74 
77 19 62 34 0 92 10 65 49 52 9 82 93 61 72 56 25 31 14 96 
24 25 99 42 58 4 81 60 67 63 48 41 68 4 90 46 22 30 59 34 
0 44 45 97 4 48 35 54 17 20 31 38 48 21 81 88 87 32 78 75 
1 30 6 8 35 78 26 37 82 82 48 46 90 67 70 61 67 41 85 77 
62 38 83 30 70 15 0 53 75 32 58 18 86 57 54 77 79 34 52 45 
44 13 22 29 99 41 53 21 21 37 77 41 8 89 86 57 29 41 87 29 
2 83 38 65 28 34 60 7 68 56 46 31 27 87 36 76 42 7 25 77 
63 43 51 23 10 67 17 81 23 68 54 44 20 58 28 36 45 50 0 94 
42 47 16 67 5 15 90 73 9 33 47 77 42 41 56 33 93 89 11 19 
66 43 58 17 85 85 3 7 46 43 95 34 45 71 92 10 68 9 29 82 
54 74 70 18 92 83 51 85 53 34 33 68 96 84 97 74 84 15 63 98 
91 21 44 51 88 86 8 94 29 63 76 21 34 47 10 78 97 2 76 17 
86 64 9 38 99 83 21 3 47 24 5 45 96 0 60 5 20 33 20 77 
52 2 99 12 80 55 11 86 3 98 48 75 92 71 61 59 83 9 50 90 
4 81 52 69 28 34 30 52 61 15 78 57 57 69 79 41 26 27 78 86 
69 14 26 29 42 36 40 73 10 2 55 20 56 10 25 36 73 90 22 84 
99 25 64 88 80 69 39 30 2 51 78 3 6 3 86 89 10 31 55 6 
63 45 48 13 70 58 2 32 5 70 80 89 58 14 54 37 80 61 15 26 
85 2 3 79 83 88 45 90 70 51 45 1 73 59 53 85 24 98 25 55 
85 87 97 56 2 20 14 84 66 99 88 81 79 49 78 72 20 34 98 4 
39 13 10 46 29 7 75 21 56 26 66 55 25 24 40 3 26 43 78 96 
70 51 80 11 32 15 86 20 88 48 85 99 28 96 47 81 71 26 61 67 
84 61 55 94 56 77 21 84 31 72 37 19 76 58 34 96 88 48 39 81 
17 75 26 47 95 1 79 94 58 59 3 5 86 47 18 86 36 12 33 17 
57 19 80 84 19 68 59 84 34 58 78 22 17 71 86 12 26 84 90 89 
8 27 38 81 14 21 10 26 67 3 11 84 44 19 22 67 25 68 85 55 
55 71 38 99 53 63 4 30 14 28 92 86 83 53 49 9 62 7 80 26 
74 30 35 3 67 1 7 64 68 55 15 85 11 43 15 80 13 84 69 97 
87 37 94 53 4 39 96 64 16 20 39 9 5 50 66 88 8 48 71 84 
45 33 65 86 26 51 33 80 33 45 43 13 77 76 99 42 11 54 84 57 
10 1 91 89 91 58 39 54 17 37 51 85 40 76 96 34 64 99 13 37 
41 63 4 75 20 65 72 17 96 16 96 98 38 13 5 53 50 60 70 45 
79 32 6 40 21 39 47 38 92 42 2 30 80 25 72 77 19 15 35 62 
71 77 92 94 69 45 39 78 20 61 51 41 86 56 60 9 43 76 35 4 
80 32 9 60 47 32 13 80 15 27 10 74 3 0 80 17 6 41 87 82 
58 51 23 86 61 22 30 61 15 56 54 6 98 79 5 69 62 88 5 13 
88 60 13 99 41 22 77 43 27 4 33 6 12 86 1 56 70 69 95 18 
34 82 46 82 91 8 54 22 97 4 36 66 50 63 86 67 61 51 78 40 
6 26 20 2 42 66 78 27 75 25 63 18 46 3 94 38 70 46 84 31 
72 0 4 33 53 12 67 88 51 38 24 80 92 24 92 74 35 61 61 39 
81 8 35 11 51 38 95 40 53 35 16 57 34 70 91 69 48 34 24 56 
91 7 34 99 1 42 81 75 93 90 34 32 92 28 42 67 75 84 56 94 
54 47 33 74 12 47 17 65 29 86 47 14 76 24 36 66 21 7 88 67 
6 71 57 46 16 17 8 1 56 8 29 67 98 7 79 7 58 6 84 75 
18 47 30 85 28 26 6 47 39 44 36 4 19 65 7 86 64 68 54 80 
55 87 79 59 9 67 27 33 72 97 38 54 48 18 52 11 81 96 65 75 
17 64 13 16 28 75 99 86 86 60 59 86 52 37 81 34 47 2 12 71 
14 40 70 54 50 94 62 47 59 83 76 83 17 72 32 17 48 77 65 51 
32 67 35 14 83 13 55 92 12 9 62 28 91 32 49 95 62 24 99 65 
40 18 47 33 72 96 4 38 49 89 78 14 55 82 51 12 0 83 65 29 
35 79 34 58 33 13 54 25 22 15 63 53 87 35 35 91 18 51 65 22 
21 1 25 78 46 27 73 8 42 85 56 41 89 25 78 64 22 90 45 64 
72 36 18 11 83 42 3 83 58 82 15 31 5 9 70 38 67 14 95 46 
70 28 15 56 46 50 77 98 95 51 90 24 90 39 89 27 65 88 95 71 
38 20 83 76 65 22 22 96 12 7 5 18 64 3 7 2 18 83 4 28 
72 54 38 90 24 39 27 1 89 65 0 50 32 54 56 81 80 83 0 15 
19 33 86 33 56 0 42 71 17 76 29 70 96 32 48 72 28 73 49 50 
31 36 16 44 25 67 51 54 56 82 4 90 86 8 18 49 98 55 78 56 
26 36 15 24 28 92 92 83 88 0 94 4 18 38 58 77 33 28 47 51 
43 76 10 51 21 37 37 39 29 9 15 79 98 0 23 70 17 48 19 36 
30 41 66 12 36 50 11 41 12 0 48 80 18 67 7 25 2 52 80 92 
43 46 64 98 58 87 39 4 97 88 88 5 80 3 97 71 83 93 45 56 
17 68 58 94 77 99 26 4 7 4 42 78 82 85 81 67 27 82 46 74 
88 9 71 36 2 19 48 91 16 91 39 46 77 76 6 63 64 19 80 48 
18 42 47 51 79 27 34 76 72 88 85 8 32 11 53 67 98 12 6 70 
43 11 50 63 57 23 83 40 82 84 24 14 85 65 48 13 54 39 3 75 
88 34 62 15 24 73 61 76 39 0 87 14 60 29 44 27 55 34 6 93 
85 58 58 92 1 34 56 50 42 34 13 86 46 40 12 21 7 12 35 98 
28 48 35 85 78 58 71 22 75 56 57 7 11 12 62 71 53 64 15 93 
68 31 0 24 83 49 27 36 18 19 92 41 78 22 23 58 34 90 23 68 
91 30 10 80 21 90 25 39 39 64 94 93 45 23 42 41 7 29 64 82 
9 59 63 8 1 42 19 21 48 52 99 46 45 83 37 62 63 78 82 49 
89 66 55 48 35 10 33 85 30 5 6 33 19 3 20 1 81 15 49 81 
28 49 83 70 18 36 0 48 68 69 13 87 4 89 29 5 54 63 76 4 
0 25 33 43 10 68 83 91 69 78 71 60 66 24 99 90 90 69 29 85 
58 98 43 39 56 81 65 60 8 67 20 46 32 28 86 18 92 6 49 42 
55 19 4 29 9 62 20 84 49 13 7 71 35 2 7 19 85 12 49 57 
51 41 23 23 15 79 31 9 66 76 25 58 97 89 61 40 59 91 92 98 
83 61 87 13 60 0 53 45 67 7 56 92 97 82 92 79 73 98 67 20 
16 83 0 36 24 92 80 62 66 6 78 11 83 96 12 7 13 78 74 0 
49 53 59 73 4 25 40 26 34 96 83 35 14 34 36 38 35 25 68 77 
39 16 15 30 78 91 86 93 57 0 73 27 16 24 56 93 57 83 29 72 
58 73 1 18 20 46 12 97 64 76 18 54 34 68 85 33 1 77 77 31 
46 35 30 76 20 84 77 58 91 3 98 94 80 58 0 21 77 42 45 42 
17 88 92 41 66 51 51 27 49 75 46 93 82 27 41 58 17 58 78 25 
64 14 31 98 69 31 89 8 18 87 5 99 68 30 9 35 33 92 86 52 
65 28 84 35 26 27 11 17 67 26 10 35 82 80 89 90 65 35 6 91 
27 85 99 29 27 94 17 82 53 60 5 48 88 41 8 61 86 96 87 29 
65 59 17 38 74 40 47 76 76 67 18 34 8 83 83 93 75 63 61 80 
31 66 40 19 61 74 65 91 62 29 66 2 44 50 7 76 56 7 53 94 
50 14 14 82 85 97 26 14 95 9 44 3 27 27 95 69 65 42 27 30 
69 35 19 44 40 54 17 63 28 36 40 46 99 89 20 93 1 25 71 15 
77 65 98 49 16 67 91 34 16 86 30 28 81 62 30 64 57 44 41 69 
13 88 47 2 10 64 15 12 89 64 6 54 75 51 52 56 0 17 91 51 
70 5 7 19 84 61 27 64 3 55 74 45 17 31 26 29 4 94 47 96 
97 25 35 86 50 46 61 18 25 50 36 50 46 56 81 17 91 96 51 17 
57 12 33 22 2 76 9 95 41 68 53 87 29 21 3 31 98 19 9 42 
32 45 44 32 42 14 72 24 98 69 21 60 1 95 0 50 81 71 37 64 
13 25 36 7 41 75 33 41 19 97 8 84 77 23 49 98 84 20 29 18 
52 21 65 27 85 75 18 92 22 41 98 68 51 97 88 27 8 17 30 68 
48 65 31 48 4 11 59 42 5 34 95 97 27 39 92 88 30 48 24 60 
76 50 22 71 25 74 1 2 96 51 37 32 91 94 13 54 8 78 60 30 
9 39 6 72 41 44 89 9 60 4 17 82 21 37 19 69 69 70 96 2 
51 55 82 13 58 53 51 6 75 0 86 89 99 11 62 71 39 3 84 24 
34 48 25 70 79 47 12 22 60 21 49 46 10 46 33 63 26 30 36 88 
39 56 13 46 85 84 24 69 17 86 22 63 18 19 0 16 31 67 97 26 
6 88 70 34 61 19 39 26 11 36 52 68 25 6 95 63 45 11 47 60 
54 73 22 24 78 7 63 28 45 90 87 74 87 59 61 50 79 3 59 86 
64 44 47 30 72 80 34 99 28 11 84 19 20 85 16 70 15 60 21 67 
36 52 37 88 86 73 53 58 26 9 98 52 7 13 98 39 78 15 73 10 
18 50 42 34 37 82 81 97 5 19 51 35 14 92 15 61 56 30 7 42 
84 15 70 38 30 96 8 41 93 58 69 20 2 92 29 46 46 31 3 29 
55 80 51 89 1 26 98 50 21 56 73 30 86 77 5 86 30 68 41 1 
51 59 89 53 6 90 81 41 7 41 53 62 79 98 51 2 10 11 9 41 
5 64 69 34 88 24 39 38 67 62 58 64 6 46 45 61 88 88 27 56 
36 27 36 88 91 50 75 24 41 11 84 92 72 93 39 19 61 60 22 36 
44 34 46 25 34 20 93 68 81 49 90 79 32 14 46 31 12 39 9 93 
10 29 36 54 85 37 86 91 3 92 84 23 99 99 89 59 97 21 38 90 
85 34 22 11 49 66 14 79 62 58 31 60 89 10 88 10 14 84 10 12 
92 5 64 66 70 61 96 60 42 64 91 15 68 22 72 34 61 18 52 57 
1 90 52 24 1 6 8 50 65 43 7 56 61 58 79 43 34 50 74 35 
36 37 44 92 6 22 47 82 29 82 53 51 88 8 73 35 59 44 13 53 
43 50 30 81 98 84 92 21 71 83 23 75 0 6 34 3 6 93 51 69 
65 80 16 82 56 12 93 92 59 88 94 3 96 60 66 25 42 18 11 4 
65 39 72 86 42 73 8 97 49 24 49 29 0 33 89 3 6 89 4 7 
85 47 19 16 35 58 59 46 87 45 20 60 99 84 43 91 53 14 91 23 
51 59 0 5 24 80 29 64 7 52 27 44 73 69 4 36 14 15 49 11 
43 49 84 25 99 42 91 90 51 82 21 59 96 97 24 92 7 58 71 83 
70 4 76 15 14 41 78 11 51 28 5 75 11 25 78 95 87 30 25 39 
66 68 48 19 8 66 6 36 42 18 31 43 70 38 66 12 17 60 8 85 
71 84 59 8 43 74 87 6 60 52 87 6 51 5 63 46 78 15 21 64 
9 46 34 23 18 73 30 79 46 29 47 2 34 96 65 93 11 7 78 54 
50 71 48 76 46 69 75 84 35 16 9 16 3 38 83 73 35 18 38 8 
17 57 85 39 35 96 45 30 7 5 91 4 24 75 36 79 11 3 63 40 
75 1 2 52 46 99 26 72 5 36 49 8 98 64 64 70 44 79 78 67 
42 59 82 82 56 42 12 32 58 64 23 24 70 88 97 76 8 73 92 64 
84 52 55 33 12 73 68 36 27 62 9 4 13 66 84 86 84 37 95 99 
18 47 28 43 88 60 49 80 46 43 83 61 0 14 5 56 1 17 23 10 
25 16 40 53 40 66 40 6 21 91 2 61 44 21 28 1 36 15 11 0 
40 2 18 39 80 89 46 66 59 67 3 98 46 74 69 43 27 70 70 4 
47 82 39 12 40 30 22 38 28 82 93 57 86 81 22 74 58 42 18 65 
35 39 28 70 38 55 60 20 30 62 11 70 46 86 48 98 66 89 11 90 
42 44 5 21 67 89 37 38 68 24 90 71 64 19 92 97 12 76 96 9 
60 39 38 62 37 0 92 78 66 58 53 94 95 41 15 41 89 38 10 7 
83 44 25 55 36 69 69 78 58 69 97 23 82 33 75 3 13 12 68 95 
3 66 7 16 6 7 86 54 42 15 73 85 10 1 15 96 21 57 47 19 
62 97 71 48 44 20 58 80 30 33 63 39 63 21 17 25 1 28 78 6 
67 16 31 77 63 56 13 64 16 60 88 83 49 8 95 30 18 46 64 47 
88 0 61 53 16 2 68 21 38 84 75 99 64 43 35 53 20 53 34 6 
1 26 34 38 79 79 32 23 92 70 53 59 19 72 75 25 19 62 59 69 
47 12 61 12 12 5 18 83 66 99 18 18 44 14 40 80 51 74 46 65 
9 86 23 0 91 2 44 91 15 97 30 99 94 7 45 8 17 53 50 33 
25 91 5 48 97 20 3 41 99 84 61 11 67 98 92 54 43 62 36 75 
70 38 38 9 79 54 31 65 33 44 53 73 17 12 28 88 67 86 65 49 
93 54 94 96 80 20 15 5 84 51 47 45 98 97 14 26 44 93 85 78 
69 77 58 65 5 43 46 18 47 53 49 0 74 56 60 74 17 33 64 34 
94 57 2 85 36 55 66 77 95 91 1 23 89 22 74 11 51 15 80 30 
17 44 20 86 18 17 0 12 66 99 20 23 21 29 88 31 40 4 19 24 
46 5 34 60 72 27 20 6 89 89 80 32 9 85 56 36 72 21 17 26 
70 50 42 17 48 3 18 31 86 39 72 26 11 14 1 61 56 77 96 14 
56 12 61 17 43 76 12 40 54 13 7 48 91 26 67 64 65 38 66 85 
70 33 1 7 7 23 81 86 27 68 43 63 24 25 24 55 58 26 56 87 
14 25 62 94 75 42 77 41 30 55 38 74 7 29 62 23 89 96 46 71 
26 99 52 80 69 92 39 3 12 51 65 38 77 80 39 61 91 50 2 90 
36 29 98 60 66 16 92 30 15 48 64 72 17 79 87 59 70 0 69 66 
51 74 30 43 67 27 17 59 27 83 78 57 47 25 72 57 35 17 2 84 
79 91 32 93 44 91 60 92 44 26 70 30 72 24 51 28 80 38 9 85 
90 9 55 81 99 67 82 91 90 69 49 37 10 27 41 87 10 92 60 69 
75 5 95 65 27 40 9 8 15 71 49 15 74 35 63 69 59 2 12 40 
91 44 68 77 44 77 75 20 1 78 54 47 19 66 23 86 87 31 27 38 
42 85 7 42 93 50 73 95 36 3 36 63 85 25 39 88 17 24 15 46 
91 20 86 14 0 24 30 96 77 84 9 36 31 86 43 40 80 41 38 62 
7 97 28 99 9 1 86 87 0 73 4 27 73 30 17 27 81 52 52 77 
42 24 67 85 23 43 11 35 87 77 53 10 49 37 23 42 15 67 14 24 
39 55 10 13 95 94 78 4 92 50 54 60 44 19 94 33 61 47 65 65 
89 93 90 7 81 66 82 95 43 28 2 80 44 88 66 2 20 69 50 98 
35 5 95 25 99 8 93 96 31 47 49 52 12 6 38 88 54 85 96 82 
89 59 10 72 32 16 31 8 70 26 91 62 79 98 96 36 81 40 81 86 
79 82 69 35 2 68 91 56 91 85 81 39 65 81 43 43 23 8 93 90 
51 2 3 10 68 96 72 37 44 70 81 51 63 49 95 98 56 74 28 76 
17 15 17 18 38 86 48 72 72 24 1 28 20 48 2 60 41 28 99 56 
66 59 33 67 69 35 90 77 62 25 30 45 28 15 81 55 25 5 53 73 
37 11 66 13 57 18 78 27 15 77 17 1 9 78 85 46 26 85 11 23 
24 64 99 63 88 12 40 34 70 79 63 53 80 10 92 23 61 40 69 23 
7 20 59 0 54 36 66 33 97 35 45 38 2 40 10 94 1 95 59 56 
29 87 93 55 98 84 79 81 50 19 90 63 35 88 20 57 72 52 47 98 
16 8 72 69 39 76 83 99 2 39 29 67 81 86 39 21 95 22 92 95 
94 99 2 57 87 39 57 33 53 51 12 18 85 56 68 81 0 5 19 72 
0 17 70 0 60 3 73 90 7 68 18 86 54 63 8 52 61 50 84 62 
3 97 22 66 77 85 38 20 37 99 61 7 39 16 98 68 16 7 80 70 
41 57 42 92 38 72 92 88 48 95 51 2 19 65 52 80 0 61 13 83 
54 33 29 98 35 89 90 65 90 9 23 97 74 17 42 66 46 89 14 41 
83 34 30 87 49 0 18 98 34 4 86 14 75 95 92 35 36 75 49 5 
70 26 7 75 23 97 28 12 93 23 47 20 99 86 55 71 29 89 85 23 
94 59 79 74 11 46 61 8 97 40 43 10 3 82 50 9 1 73 68 15 
85 86 42 31 4 60 92 88 10 29 92 90 65 97 42 5 91 86 92 43 
8 1 64 62 55 40 19 97 31 8 92 41 44 33 96 11 37 24 65 56 
70 19 59 69 4 79 19 64 99 91 86 91 27 40 69 48 40 9 19 8 
36 59 26 40 47 24 11 0 44 33 92 6 67 4 83 91 65 21 16 96 
39 39 89 8 87 93 10 76 63 0 4 43 39 38 22 10 58 97 9 3 
7 3 91 86 50 0 39 56 12 98 67 20 35 57 60 46 83 51 29 1 
16 34 5 32 73 48 62 33 24 93 54 18 43 7 1 28 19 98 15 28 
43 75 36 75 94 39 64 25 57 67 68 97 75 38 98 73 2 17 24 4 
19 31 84 83 72 73 63 44 93 27 7 71 56 75 9 83 46 89 19 29 
43 49 94 83 3 13 4 28 62 62 44 34 61 32 53 64 86 20 40 94 
82 94 60 49 25 79 8 79 41 52 80 6 18 60 72 95 18 35 86 95 
93 27 52 53 95 31 93 27 45 61 92 58 76 44 61 54 56 22 12 51 
48 80 52 40 94 56 24 86 54 87 24 32 2 43 46 36 81 30 10 71 
12 27 43 60 88 64 43 82 57 1 30 63 55 32 81 11 87 50 5 22 
36 25 38 1 34 99 81 43 2 77 62 91 20 79 74 44 18 47 16 94 
10 0 29 67 69 73 29 0 49 82 92 52 71 46 61 61 73 78 38 46 
28 57 76 53 73 65 32 66 86 61 2 44 98 62 41 95 88 11 0 85 
31 43 31 44 25 90 73 36 67 49 63 5 45 34 33 84 11 92 21 67 
63 81 37 25 40 52 58 95 90 61 40 11 94 86 57 11 76 1 60 82 
40 75 99 56 94 71 84 44 10 88 10 33 74 55 63 62 25 29 69 31 
12 75 79 55 66 19 34 15 62 29 92 23 79 42 75 55 39 81 65 93 
81 42 94 6 99 72 6 73 13 6 89 47 42 18 57 59 43 9 91 38 
37 5 48 47 50 91 57 7 24 43 84 91 73 34 97 36 70 32 66 48 
31 54 59 7 51 58 52 33 25 12 15 70 9 59 17 6 11 24 36 30 
84 82 66 94 75 63 72 93 3 2 21 74 81 38 85 52 37 6 30 16 
51 77 54 25 40 67 1 88 67 97 96 57 41 62 78 26 36 58 98 95 
38 63 65 2 29 42 1 44 10 79 31 47 59 40 89 93 77 79 14 9 
86 61 18 41 33 86 97 76 87 67 51 76 30 31 66 50 80 77 35 89 
39 0 69 32 27 32 55 84 55 12 16 90 7 85 45 80 89 66 81 66 
19 97 0 51 92 1 70 69 10 75 41 45 76 70 10 74 0 70 20 53 
95 69 5 77 75 68 45 24 53 88 32 13 31 80 76 52 88 37 3 7 
95 97 5 86 28 60 25 77 61 97 80 8 69 15 67 88 35 27 19 36 
60 77 62 74 24 5 71 27 34 48 68 12 19 59 71 98 21 51 3 9 
32 50 60 69 73 97 26 1 69 10 90 95 28 36 29 63 70 84 73 36 
34 82 14 64 29 65 13 55 1 63 39 38 31 16 75 40 18 65 84 98 
97 48 14 31 31 34 3 34 9 20 99 59 11 26 67 43 82 9 33 8 
1 91 41 96 87 48 74 9 73 11 27 57 41 34 40 87 26 58 32 66 
16 42 24 24 74 77 66 61 66 18 94 93 5 68 61 83 60 82 64 8 
22 36 79 56 92 51 78 91 93 94 6 42 41 97 89 7 55 70 24 94 
77 98 89 94 21 5 68 32 50 81 13 89 73 12 78 70 13 40 35 83 
31 38 31 44 98 98 25 32 34 50 71 87 43 53 69 11 5 51 1 1 
25 34 85 20 50 86 10 42 1 28 76 55 58 27 54 51 8 41 60 7 
83 69 46 78 31 8 14 60 36 29 48 23 88 84 41 82 69 47 66 82 
92 40 31 15 44 5 4 39 95 17 50 57 21 82 97 44 11 15 68 5 
11 4 10 59 80 32 32 5 57 90 23 29 21 19 87 51 82 23 16 56 
82 38 48 84 26 89 89 58 21 77 68 26 50 48 62 67 82 37 74 71 
3 16 28 87 66 34 32 67 16 6 74 74 35 9 65 46 24 32 25 90 
38 63 45 19 89 72 60 9 71 84 44 38 43 5 77 96 1 13 43 51 
10 85 6 5 52 26 41 9 0 88 25 46 73 25 28 97 20 96 37 75 
66 45 13 56 5 36 46 61 43 71 95 72 15 37 17 89 66 73 13 63 
85 80 86 61 76 42 35 18 18 13 40 23 22 83 13 47 65 37 52 48 
40 49 25 48 1 6 26 66 85 60 76 6 69 33 47 6 65 50 52 59 
16 91 89 8 58 86 73 57 86 5 26 26 12 14 59 13 26 47 94 9 
17 86 90 56 94 18 28 47 61 10 91 13 62 37 53 86 71 36 48 9 
22 12 9 31 82 19 27 49 31 88 59 88 37 77 39 80 85 45 93 51 
24 74 86 50 28 0 79 76 57 98 54 42 75 5 51 96 12 11 81 90 
48 98 43 72 31 45 40 58 58 94 51 18 46 81 43 64 2 4 55 0 
48 35 72 82 70 37 22 83 96 27 67 46 24 53 42 34 81 31 69 54 
45 27 21 12 27 32 90 58 27 44 53 41 79 97 72 64 82 4 94 94 
99 95 63 51 33 4 94 4 40 31 28 79 34 37 36 97 98 14 81 19 
1 56 50 19 91 24 25 44 77 36 21 87 93 98 40 80 93 76 53 52 
99 96 51 0 32 98 71 1 0 76 70 85 70 53 41 15 93 81 60 58 
69 80 37 28 81 13 31 97 49 65 19 76 88 71 97 22 96 22 46 20 
37 53 4 7 71 87 27 79 27 92 67 22 95 18 18 43 73 71 95 9 
61 10 98 10 33 55 22 74 11 97 97 82 21 42 56 85 92 81 90 24 
77 36 33 41 47 71 18 26 79 97 88 10 12 23 12 49 72 77 43 96 
70 14 33 12 64 27 97 71 76 72 57 98 97 49 70 61 65 38 39 68 
48 2 95 75 4 93 92 89 71 17 3 48 96 41 9 0 17 83 23 97 
17 64 29 14 37 61 91 15 45 56 56 29 0 27 58 92 59 80 15 26 
2 82 11 3 28 55 25 7 66 11 94 43 97 72 92 14 59 53 95 84 
2 4 94 65 87 99 19 2 50 83 68 20 79 0 97 47 89 36 62 54 
65 66 99 73 17 84 5 12 21 72 50 98 5 35 20 64 32 3 46 91 
5 79 19 99 44 61 95 53 60 75 7 64 43 65 49 99 65 61 40 46 
88 48 81 70 78 40 46 82 33 83 34 64 40 83 44 87 15 42 93 74 
37 69 96 56 91 11 25 18 12 43 14 62 59 37 43 61 93 56 96 39 
84 6 75 73 86 20 0 8 10 14 41 13 40 53 10 52 47 69 29 4 
24 69 54 30 8 88 52 14 46 23 71 55 54 29 53 87 1 18 86 86 
82 98 57 21 40 40 4 34 41 54 95 18 43 92 68 92 5 41 53 52 
16 88 86 46 10 67 49 56 87 16 51 9 58 17 81 64 26 81 14 92 
14 47 51 1 6 35 72 19 95 87 17 89 40 8 97 33 62 25 6 46 
41 90 13 34 68 41 79 25 79 37 21 5 6 48 19 12 97 31 63 15 
58 47 12 44 38 10 9 30 16 34 92 71 75 61 79 11 6 34 21 36 
93 8 52 57 97 80 17 54 91 87 16 48 42 32 67 57 50 35 69 19 
89 79 8 97 20 57 26 30 9 21 30 76 52 33 75 96 99 60 25 85 
46 48 48 22 66 43 37 84 36 90 69 46 93 72 77 35 66 41 44 37 
13 46 27 43 62 92 38 70 63 27 13 8 76 2 90 5 88 36 42 29 
44 96 46 61 84 80 87 48 15 22 71 54 94 12 95 80 77 11 2 55 
78 10 19 74 78 8 50 61 98 26 26 44 73 77 51 6 14 95 90 14 
28 16 22 27 60 80 10 84 43 47 38 99 32 65 6 57 40 71 48 90 
93 53 66 97 8 32 8 95 10 35 27 60 17 10 86 6 26 2 76 61 
54 75 95 79 21 67 31 36 34 30 17 24 37 14 97 40 57 69 90 3 
34 37 5 26 13 0 37 38 41 84 30 4 59 69 67 69 73 20 49 15 
16 38 96 92 97 61 16 5 80 34 80 38 84 0 25 72 2 23 55 35 
93 93 31 89 93 13 92 78 55 49 4 6 65 82 9 24 15 73 81 9 
20 16 6 75 92 78 46 70 22 91 66 8 70 19 35 4 82 32 90 15 
36 38 40 9 14 95 89 45 61 51 14 14 11 10 9 56 0 47 60 76 
98 87 8 71 0 75 27 22 32 94 19 18 25 26 62 4 79 48 43 20 
48 54 63 1 71 50 3 52 47 80 83 94 6 36 32 99 42 32 86 29 
72 2 21 61 59 46 1 88 32 87 64 71 24 99 2 99 5 48 19 35 
76 69 96 13 46 37 67 33 65 50 52 31 50 5 48 46 21 17 17 3 
65 97 14 92 4 26 5 18 5 21 98 10 68 29 6 67 65 31 47 15 
69 19 94 78 2 22 94 11 26 20 31 10 85 72 7 38 78 30 72 88 
14 25 58 43 7 69 82 41 5 98 94 50 94 77 43 72 47 82 1 91 
57 91 94 54 25 12 66 32 0 68 61 48 66 27 94 71 81 20 54 36 
52 25 68 78 48 24 23 32 95 20 88 85 71 89 51 57 1 92 92 64 
31 51 30 57 11 32 50 94 9 39 80 2 19 40 44 3 43 21 87 54 
72 45 20 31 92 98 72 61 49 29 32 21 35 84 94 89 18 51 11 13 
57 69 16 69 66 12 38 98 58 79 82 53 59 9 4 92 48 96 59 56 
61 43 74 55 44 90 34 99 79 41 8 26 15 83 40 20 12 53 14 61 
78 40 20 95 24 67 60 32 2 44 75 80 44 65 54 50 93 54 89 27 
70 25 17 63 52 8 30 82 59 42 81 30 59 97 69 91 18 16 89 83 
92 1 9 20 96 31 21 94 56 19 59 93 22 76 27 86 4 94 89 69 
29 8 90 3 25 4 62 37 83 63 29 73 84 12 80 79 31 54 66 67 
7 82 76 33 85 33 33 93 74 50 86 8 31 79 73 82 67 5 94 9 
45 21 6 30 87 16 68 43 18 86 58 85 91 99 97 31 93 14 15 11 
40 42 12 43 61 62 70 30 51 68 86 36 85 73 84 51 45 39 82 47 
13 50 80 97 92 49 73 55 39 40 94 99 44 62 23 98 34 1 6 11 
75 84 53 56 99 16 74 90 70 33 89 7 91 47 88 81 93 37 21 22 
62 9 69 83 71 54 35 13 52 17 9 20 44 69 75 30 43 49 64 76 
13 76 21 87 14 85 90 18 84 90 79 30 28 61 52 22 37 56 29 48 
1 6 89 23 30 96 92 62 52 49 22 34 59 65 70 71 96 42 99 53 
87 93 22 28 83 39 31 4 30 99 76 7 26 67 36 43 76 29 69 9 
55 96 93 50 64 26 25 88 38 77 78 60 31 53 79 77 97 96 43 21 
73 33 45 78 51 41 49 8 28 55 5 41 96 13 0 82 56 39 33 16 
28 48 95 17 80 7 76 91 92 60 31 25 63 3 31 97 60 79 5 78 
68 51 20 12 39 65 11 48 95 8 38 84 73 28 71 98 33 74 68 64 
41 62 20 4 28 40 58 53 52 38 26 9 81 88 3 24 4 55 39 6 
13 64 45 36 3 24 33 45 64 72 71 38 39 10 45 78 68 36 78 76 
81 46 46 58 55 91 33 95 27 28 7 71 13 91 53 65 60 89 85 29 
75 2 97 75 4 22 18 32 55 41 8 88 21 42 13 47 18 75 18 92 
99 36 19 94 32 34 23 77 81 46 47 89 79 62 51 14 66 83 99 16 
29 24 19 19 97 70 14 65 61 85 27 99 33 70 55 61 46 93 45 66 
86 60 48 63 56 72 1 79 46 60 25 79 97 52 83 19 57 83 53 97 
17 81 58 43 57 98 8 19 99 27 69 2 79 6 96 86 54 39 73 10 
88 86 7 6 40 7 65 50 68 41 6 97 55 54 6 42 23 61 13 84 
38 85 42 75 55 61 73 94 24 64 93 94 48 76 73 7 74 69 24 26 
48 43 2 15 77 16 88 91 35 7 19 36 49 38 69 56 91 49 13 87 
60 75 12 37 9 44 28 64 51 39 80 10 3 98 8 69 23 5 22 34 
48 23 53 19 50 83 53 97 23 93 91 33 16 83 75 91 36 50 19 87 
27 9 17 78 58 54 4 9 7 78 19 67 71 6 19 81 66 75 90 33 
67 66 23 97 57 28 24 90 18 27 74 58 25 62 12 89 61 98 19 82 
39 22 16 30 36 91 65 31 25 91 73 18 63 7 46 9 79 75 62 19 
56 51 30 16 10 3 4 21 7 26 19 67 4 79 11 52 59 23 20 11 
54 35 84 15 35 1 31 34 85 76 18 10 81 65 37 73 78 31 26 65 
18 75 55 14 22 45 70 3 8 86 23 30 55 30 42 8 62 3 3 32 
81 42 86 47 36 26 58 1 65 99 73 93 96 57 20 66 49 13 13 76 
70 3 90 97 30 93 52 62 41 46 56 0 5 42 85 59 20 61 30 7 
75 87 1 94 34 23 52 35 77 95 90 76 91 42 50 82 20 31 88 23 
92 33 72 64 70 68 31 60 18 7 39 33 47 62 62 74 8 30 34 61 
1 62 84 21 97 8 42 59 65 77 13 52 83 45 71 50 24 3 33 80 
70 8 80 15 63 84 69 18 18 77 27 56 23 43 64 85 37 49 86 98 
45 50 55 97 42 66 19 17 83 19 62 61 68 79 94 91 65 39 61 62 
11 5 69 60 9 89 35 18 78 85 43 37 75 31 67 83 76 23 30 52 
66 81 18 65 88 12 31 62 38 32 42 27 29 62 47 45 32 9 94 22 
10 42 88 11 41 55 68 52 82 85 23 49 98 45 62 67 93 72 57 64 
69 29 9 11 58 99 86 52 99 70 65 48 39 59 73 51 65 15 34 65 
80 91 3 27 39 22 17 58 5 99 12 97 84 18 53 64 43 80 28 83 
24 65 34 59 94 42 63 63 36 31 38 27 70 58 81 74 53 81 31 80 
58 4 15 30 5 47 94 84 48 74 24 43 53 6 83 73 87 43 65 42 
50 74 15 61 44 42 13 10 4 81 52 88 77 8 98 57 98 51 81 53 
20 89 70 69 71 64 87 85 86 51 99 88 38 13 25 6 78 38 4 19 
64 75 85 86 5 38 37 80 93 90 57 66 65 44 43 59 98 71 51 43 
79 98 65 29 2 35 61 84 99 50 64 53 68 2 65 62 40 31 85 25 
26 17 58 2 69 28 26 51 26 13 74 7 37 23 72 97 76 89 38 62 
24 91 56 60 61 95 89 52 64 27 41 90 71 40 85 55 9 73 51 8 
15 31 16 89 21 71 7 84 37 43 72 28 57 77 45 92 87 10 16 8 
46 9 49 2 2 26 97 68 49 18 95 61 28 64 65 13 44 61 71 87 
61 92 4 82 50 35 49 61 30 58 94 98 78 34 97 20 65 96 18 1 
0 75 9 76 98 66 6 24 71 22 6 64 59 56 36 40 14 98 59 15 
6 12 75 70 0 65 86 38 6 65 96 62 36 97 61 16 29 21 14 44 
89 86 2 72 17 76 67 2 43 5 47 99 70 31 32 25 76 75 91 79 
46 38 44 39 39 12 91 41 93 70 97 46 37 96 27 4 53 52 86 48 
19 5 62 23 15 68 36 41 21 7 5 67 36 11 1 72 22 55 56 79 
34 41 24 87 6 1 23 14 56 75 83 42 75 54 63 1 65 98 19 84 
36 82 27 58 70 99 4 49 77 67 55 90 31 89 22 37 9 88 16 60 
54 94 41 96 67 11 90 71 88 86 74 32 77 59 69 40 6 82 11 7 
84 63 33 66 97 27 16 50 10 57 74 28 7 44 0 6 34 81 60 11 
16 24 88 79 20 39 55 1 77 93 85 32 46 68 13 99 88 54 56 60 
61 78 7 4 46 22 1 49 6 39 0 27 84 59 45 67 57 30 54 25 
15 88 7 93 49 46 59 77 56 31 92 53 65 61 9 75 77 16 75 83 
93 70 50 25 69 27 22 58 71 79 45 33 56 50 59 39 99 32 19 57 
29 9 63 96 16 58 15 24 34 1 18 18 64 65 95 44 80 94 90 59 
95 43 21 39 75 52 84 36 57 38 50 25 98 61 74 4 56 30 6 69 
94 77 19 76 7 57 29 20 94 41 85 94 85 49 84 28 82 22 50 34 
3 85 19 70 65 19 88 75 82 9 5 93 69 6 61 99 58 17 63 57 
30 83 36 66 13 38 48 49 87 79 57 96 36 65 6 45 28 70 65 92 
45 2 84 8 70 65 24 5 12 26 46 91 7 50 29 1 7 17 73 48 
75 35 30 1 42 77 36 64 92 95 26 47 83 57 92 30 51 97 49 36 
82 72 76 54 80 34 87 66 47 39 29 39 98 59 25 47 27 30 12 49 
65 29 17 88 19 64 19 3 98 96 35 75 0 14 28 14 74 52 19 17 
32 64 66 0 43 43 88 41 84 72 14 78 90 1 21 75 60 16 39 7 
0 18 14 26 18 21 55 3 85 8 3 86 15 23 76 77 4 66 33 79 
25 90 35 37 81 26 3 84 39 52 68 19 53 40 11 5 8 68 55 53 
45 33 38 26 36 88 97 45 75 73 63 69 13 48 10 37 88 81 69 8 
36 14 65 81 52 97 76 80 62 40 38 93 22 11 24 3 55 77 47 80 
21 23 79 35 70 15 91 58 64 97 42 85 22 86 2 2 31 83 28 99 
91 92 92 17 87 24 86 30 15 75 21 58 10 41 44 85 98 71 34 12 
97 99 14 40 19 93 31 55 92 11 4 94 60 89 79 22 81 69 43 8 
86 45 56 83 14 2 78 39 90 63 48 11 82 99 38 78 1 3 13 14 
8 60 46 45 53 2 81 1 16 77 11 15 82 89 39 63 4 11 1 37 
22 20 12 95 81 68 89 21 65 19 55 85 55 55 49 48 10 12 18 12 
72 26 99 81 44 83 62 2 61 28 26 99 94 5 23 76 92 35 75 39 
91 22 73 70 45 23 73 48 19 3 56 49 33 24 46 48 96 44 69 36 
66 68 60 94 53 27 52 26 84 83 1 82 83 67 0 75 93 6 43 3 
91 34 41 35 86 36 84 46 49 32 77 37 32 72 71 40 73 30 51 53 
97 25 62 88 92 15 7 99 85 8 6 58 23 42 29 58 21 18 42 81 
69 42 49 5 14 39 24 71 76 37 12 29 71 92 82 3 28 33 82 45 
75 90 74 38 67 66 86 73 64 45 7 47 38 14 93 40 71 26 78 69 
39 76 80 59 17 41 82 65 85 66 53 47 56 68 20 81 91 55 94 2 
12 90 63 51 29 98 98 11 26 8 17 68 58 48 70 45 52 56 9 17 
76 30 65 4 19 85 43 81 19 33 76 64 64 76 91 13 98 76 91 80 
76 94 26 46 48 65 78 56 25 72 39 59 69 48 69 12 66 6 7 73 
27 95 33 11 90 24 94 73 89 76 85 13 21 40 44 1 15 42 81 61 
57 54 76 3 15 85 66 3 95 18 1 12 10 45 80 27 96 6 76 51 
97 35 30 4 29 1 79 44 45 4 30 95 7 21 53 45 92 12 63 73 
12 38 12 68 85 60 41 96 55 21 65 51 8 60 60 19 8 82 28 3 
83 15 57 21 66 50 97 93 90 42 16 50 55 33 16 60 20 28 20 66 
15 57 54 57 56 36 86 17 29 18 86 21 57 46 3 73 33 76 29 75 
22 94 89 27 68 68 25 88 71 4 66 18 92 63 94 37 98 51 29 57 
73 66 73 24 46 45 55 14 73 56 99 99 20 97 95 98 33 59 40 36 
45 25 2 66 34 75 34 39 78 68 56 33 88 5 9 19 56 65 13 8 
58 73 53 58 72 50 89 20 97 49 92 36 72 94 68 87 64 52 80 32 
55 28 11 68 58 72 3 30 73 66 85 46 60 68 63 22 49 62 71 18 
15 71 74 4 66 28 13 62 7 15 38 26 14 74 83 54 39 98 30 30 
38 15 60 94 87 69 96 48 76 49 86 82 8 48 73 0 28 15 96 33 
23 71 40 86 56 59 6 11 87 0 23 5 47 89 5 43 86 99 16 41 
65 66 57 66 36 97 37 40 14 82 89 10 44 53 76 93 3 43 27 63 
29 22 12 60 12 3 97 17 39 35 11 19 48 10 52 92 27 53 10 85 
27 34 45 99 70 53 4 37 96 93 3 62 30 31 55 47 68 46 91 77 
32 44 2 20 77 20 84 14 48 13 29 9 33 46 55 42 4 50 72 0 
30 49 0 96 90 84 4 3 37 50 55 9 85 23 35 27 56 5 12 83 
32 64 29 41 42 2 95 46 20 49 58 37 87 60 1 82 13 96 5 74 
89 18 1 70 92 51 85 39 76 84 36 82 88 16 70 22 23 28 14 15 
28 45 0 92 33 50 30 2 2 72 68 30 21 94 86 48 48 5 21 42 
14 18 5 97 86 2 41 43 60 22 75 52 73 91 65 52 89 46 56 9 
39 43 29 85 77 99 77 32 48 49 9 99 34 39 77 43 38 80 93 75 
29 88 86 95 6 30 18 59 63 53 26 16 98 94 86 69 24 93 22 4 
29 70 40 90 20 54 55 68 94 34 6 8 53 43 99 79 13 31 78 68 
15 83 68 5 32 37 65 29 16 7 46 18 27 49 3 11 76 12 88 84 
36 35 85 13 81 71 43 4 48 49 65 83 24 51 51 22 57 7 22 60 
23 50 16 56 18 21 13 42 25 32 2 39 53 48 33 41 77 67 29 39 
73 33 59 88 91 85 58 46 64 60 3 40 6 70 48 36 9 47 46 75 
76 47 68 46 2 25 78 98 93 67 42 78 14 59 69 19 69 82 81 20 
79 82 22 28 77 54 35 5 50 46 42 86 25 24 3 11 40 77 80 31 
69 13 12 22 35 18 94 28 64 18 61 90 28 42 82 0 99 34 12 42 
23 91 66 3 24 40 33 79 34 40 92 8 97 55 18 67 74 35 35 48 
0 72 45 95 76 43 52 48 94 11 27 97 81 50 81 31 73 15 64 26 
82 75 61 13 20 81 77 78 1 17 82 93 27 33 29 79 59 67 90 44 
96 97 8 45 48 10 76 28 27 4 80 25 54 62 96 74 3 92 59 77 
58 69 90 60 39 28 85 14 48 62 91 44 34 43 60 98 15 19 1 63 
64 7 75 50 88 76 68 7 98 23 39 30 87 14 4 98 25 94 98 40 
17 97 68 52 16 74 66 0 12 82 2 29 10 97 23 71 29 82 73 41 
77 55 37 27 36 37 38 1 21 6 63 61 8 32 3 57 74 89 87 91 
5 59 55 24 82 22 44 94 20 67 7 86 96 40 58 26 59 9 95 47 
87 17 89 81 38 82 3 93 91 61 94 47 63 37 26 38 79 69 96 89 
11 12 59 3 98 5 9 17 39 64 7 63 67 83 59 36 55 56 36 45 
5 38 39 9 90 57 13 70 59 31 25 91 20 85 76 69 48 83 14 58 
67 19 34 24 24 35 69 94 15 53 67 82 6 39 82 79 62 55 7 35 
92 44 14 68 36 13 38 74 62 17 41 36 36 56 69 56 12 14 63 24 
38 26 55 18 71 60 0 30 22 86 29 3 43 19 28 51 83 12 50 60 
12 20 71 39 78 11 92 66 65 31 58 24 51 90 84 19 96 70 8 67 
88 98 58 53 24 36 74 10 57 60 79 81 86 84 59 87 57 43 49 42 
8 7 21 91 51 14 39 0 64 13 38 56 74 96 6 49 35 88 40 40 
54 86 53 11 60 4 10 96 8 69 82 56 52 37 92 94 38 94 27 20 
45 4 63 35 69 12 42 71 64 39 58 5 73 49 33 5 29 48 67 54 
73 97 90 28 27 54 28 91 80 45 52 29 93 68 70 2 64 29 64 47 
82 60 37 69 55 27 66 62 78 65 58 41 58 26 38 62 15 2 92 80 
81 43 15 86 53 69 55 23 53 60 3 21 19 32 64 93 40 56 0 72 
1000
8 12 14 17 1 3 2 9 13 
3 3 8 6 
15 4 5 7 17 6 19 9 14 12 15 1 16 11 8 18 
4 11 4 17 13 
5 20 6 4 10 15 
10 4 13 16 17 11 9 5 18 14 19 
17 9 20 15 1 4 18 2 14 16 7 13 11 12 19 6 3 10 
12 19 7 4 13 9 16 12 1 3 15 10 17 
5 18 14 11 1 6 
12 13 9 19 10 8 17 7 18 11 16 3 1 
2 12 19 
12 10 2 19 5 18 16 20 6 9 7 14 13 
18 4 14 15 1 20 11 10 13 16 5 2 18 6 7 3 8 12 19 
8 17 11 3 9 12 4 15 13 
15 18 17 4 19 16 2 3 12 7 5 10 15 20 9 11 
17 6 18 13 14 7 10 15 1 5 4 16 19 20 9 8 11 3 
20 9 20 17 4 3 15 12 14 8 2 18 19 11 6 5 16 13 10 1 7 
11 17 2 3 10 1 8 18 6 20 5 13 
3 4 17 5 
1 15 
20 18 13 8 2 4 16 20 3 17 6 5 10 1 9 15 14 11 19 7 12 
6 17 19 8 5 11 13 
9 16 1 7 20 3 13 5 11 9 
15 1 9 15 14 13 4 3 5 10 7 11 18 2 20 17 
16 13 15 19 14 6 4 8 11 17 9 16 1 2 12 7 20 
3 4 18 11 
3 9 17 11 
3 6 14 12 
20 6 18 1 4 16 3 11 7 13 17 5 19 12 8 10 14 20 2 15 9 
10 4 18 17 3 9 19 1 8 2 12 
19 18 1 20 13 9 6 10 15 3 19 2 16 11 12 14 5 4 7 17 
11 16 1 3 11 10 13 20 12 4 8 17 
7 9 20 4 18 19 8 7 
1 19 
13 17 18 12 10 20 7 3 19 16 13 15 6 11 
5 11 15 9 18 3 
20 9 11 2 8 5 18 16 15 6 12 1 13 4 19 14 7 10 17 3 20 
7 6 1 16 13 19 11 2 
20 12 11 15 1 20 3 19 5 13 18 6 16 8 4 2 17 10 9 7 14 
2 20 18 
13 17 20 19 2 12 10 8 4 9 14 5 16 6 
9 17 9 13 6 14 2 16 19 12 
11 3 17 19 15 14 11 5 18 2 6 8 
5 14 5 8 1 9 
19 13 3 17 2 19 20 12 8 16 10 9 7 6 14 5 18 11 4 1 
16 19 8 3 10 14 4 7 2 16 15 11 1 6 17 5 12 
20 10 8 1 3 4 19 5 16 13 20 2 18 14 17 7 11 6 12 9 15 
18 5 18 2 6 1 4 8 9 14 12 11 19 16 10 15 7 17 20 
2 16 1 
2 6 8 
17 9 20 16 19 3 10 6 14 11 1 8 15 2 13 17 18 12 
3 18 4 5 
1 7 
8 10 19 1 3 6 9 13 12 
8 5 12 3 2 11 6 10 4 
4 16 19 17 12 
19 5 14 2 20 18 19 13 10 4 11 7 3 17 16 12 6 15 1 8 
14 3 15 7 16 18 1 19 6 17 8 9 14 20 13 
3 18 15 17 
10 19 13 15 12 10 2 11 18 3 16 
11 20 2 1 18 19 6 3 15 5 11 10 
1 17 
17 12 6 7 4 10 5 15 11 3 2 9 13 18 16 19 1 8 
14 10 2 12 11 6 16 13 3 15 20 8 19 9 1 
3 8 9 15 
10 9 1 19 10 2 3 7 4 13 14 
16 14 17 5 3 18 4 8 12 20 19 2 1 15 11 6 13 
4 16 7 15 5 
5 15 12 20 14 2 
2 14 6 
20 1 12 14 6 10 8 11 4 15 9 17 16 5 7 3 13 19 18 2 20 
12 10 9 20 12 13 4 15 7 18 5 3 8 
5 20 18 3 17 14 
15 16 11 17 9 6 12 19 4 3 18 20 1 2 7 8 
11 19 7 17 5 2 1 4 12 13 3 14 
11 14 7 4 6 2 17 9 16 18 10 19 
14 1 11 10 16 2 15 9 12 20 5 17 18 13 7 
3 2 16 5 
14 19 17 3 5 6 13 18 9 7 10 4 8 14 1 
2 7 14 
19 7 12 20 14 1 8 19 6 18 5 3 2 9 4 13 15 10 17 16 
4 8 12 1 5 
20 7 16 2 5 17 18 11 20 1 3 9 15 12 10 19 6 13 14 4 8 
4 5 13 15 1 
3 19 16 3 
20 19 6 2 15 11 4 8 16 3 9 13 18 5 1 10 17 7 14 20 12 
2 2 19 
17 13 12 18 5 15 20 7 17 6 10 4 9 19 11 2 16 1 
12 7 2 8 9 20 14 6 16 10 5 15 12 
17 14 8 20 3 16 19 2 12 7 1 17 18 5 4 10 11 13 
14 14 17 13 18 11 16 3 7 1 19 15 6 4 12 
20 3 1 17 11 19 14 16 7 5 18 15 13 6 4 20 10 2 12 8 9 
15 2 19 17 3 11 15 1 5 10 6 8 14 16 13 4 
3 5 15 14 
14 6 19 17 18 12 16 1 10 14 5 2 15 4 11 
10 13 9 6 10 7 17 2 20 19 4 
6 16 20 14 19 12 11 
6 13 3 17 14 9 19 
18 8 6 4 11 16 18 20 7 12 9 5 3 13 19 14 1 10 2 
9 14 18 10 7 11 13 8 4 12 
12 15 2 14 17 6 18 10 16 1 8 7 9 
7 12 16 3 8 18 4 11 
5 12 17 18 9 8 
18 15 6 12 4 1 8 2 9 10 13 11 16 18 7 3 17 20 19 
15 3 13 16 4 6 12 2 1 14 8 17 9 19 11 20 
10 14 5 9 8 1 13 20 3 4 12 
3 10 1 17 
20 7 18 12 14 19 5 13 4 2 9 20 8 11 6 3 17 15 16 10 1 
5 16 7 4 5 6 
6 13 18 16 8 15 14 
8 13 4 16 18 17 5 6 8 
5 13 12 14 17 3 
13 6 17 20 10 11 4 9 13 7 1 18 3 19 
14 15 7 1 5 2 4 9 18 10 6 8 3 13 14 
10 15 19 12 9 7 2 16 20 13 14 
15 11 20 15 4 18 2 9 14 17 19 1 8 6 5 16 
5 4 6 10 13 18 
16 18 7 17 16 12 5 20 3 15 14 11 9 2 19 8 6 
4 19 18 3 16 
3 18 14 16 
12 3 4 8 19 10 15 12 13 9 5 6 2 
8 2 7 11 13 12 5 16 8 
2 18 1 
14 20 6 12 3 1 18 17 15 4 14 9 2 16 5 
8 6 3 10 2 13 16 4 14 
16 12 16 1 4 9 14 5 11 8 13 7 20 18 3 15 2 
19 5 14 1 4 9 7 18 17 10 3 13 20 8 12 2 19 15 6 11 
19 3 11 7 17 4 6 12 5 20 10 15 1 19 16 2 18 9 8 14 
5 18 3 20 13 8 
15 11 13 9 17 15 6 20 2 19 3 1 12 4 7 16 
18 12 13 6 11 16 8 4 9 15 7 10 3 1 18 19 20 17 5 
1 1 
19 6 2 17 15 10 13 12 19 11 20 16 4 14 8 7 5 9 3 18 
2 17 15 
20 2 10 16 1 20 6 8 18 11 12 19 15 3 7 9 5 14 4 13 17 
1 2 
1 11 
18 6 14 7 20 17 5 12 19 3 2 8 11 18 16 10 1 4 13 
13 14 10 11 1 13 17 5 18 9 4 3 7 8 
5 19 8 17 14 3 
2 19 13 
17 9 14 19 18 7 11 12 5 1 3 20 2 17 13 16 8 4 
4 6 20 18 10 
10 19 17 3 8 2 14 15 13 11 9 
13 14 19 5 4 7 20 6 3 10 9 11 12 18 
5 1 14 4 16 7 
10 5 3 20 7 13 2 4 16 18 6 
4 1 4 11 14 
5 4 16 3 20 6 
8 16 15 19 14 11 13 5 7 
14 17 7 3 10 9 14 15 11 12 5 20 18 6 13 
15 4 13 19 14 7 10 2 5 8 16 3 12 20 17 11 
20 7 5 14 1 10 9 19 13 12 18 16 4 17 20 8 6 3 15 11 2 
8 19 4 2 3 1 11 17 10 
10 14 16 13 12 5 7 11 17 10 18 
1 2 
2 3 8 
15 12 14 15 17 18 9 10 13 19 16 3 2 20 1 11 
6 6 18 9 2 4 1 
19 19 15 2 14 10 11 1 9 5 17 18 6 7 8 16 20 4 13 3 
13 12 6 13 14 9 2 3 19 18 8 7 15 4 
14 19 15 16 1 14 13 9 7 4 20 11 18 10 8 
9 14 5 18 17 12 2 13 1 8 
3 13 12 18 
15 5 11 7 20 6 18 19 8 3 2 12 10 16 4 15 
20 9 17 11 6 3 20 16 14 7 4 8 5 2 12 1 15 19 13 18 10 
20 1 4 2 7 3 8 10 18 17 5 15 6 20 19 12 16 11 9 13 14 
13 14 11 7 17 18 4 19 8 15 3 10 6 2 
10 11 2 4 9 19 7 5 20 18 12 
11 12 5 18 15 8 4 1 17 7 19 11 
4 14 16 7 13 
15 10 7 17 20 18 19 3 11 13 6 15 4 16 2 8 
3 18 5 12 
9 20 3 8 19 14 11 7 10 13 
18 8 10 3 20 12 4 19 15 2 6 13 14 11 16 9 5 18 7 
2 8 16 
16 17 13 14 18 1 5 16 3 8 6 7 10 19 20 15 9 
20 10 8 9 18 7 15 3 16 20 19 4 12 13 5 11 14 1 6 2 17 
4 9 8 4 20 
18 4 1 18 15 9 7 20 6 3 14 17 12 16 11 8 5 13 10 
13 13 1 3 17 7 20 2 8 5 14 18 16 9 
5 11 6 8 4 19 
15 19 2 9 7 11 13 5 1 15 12 20 17 18 6 14 
7 19 9 2 11 15 5 17 
18 10 8 18 19 16 14 13 9 17 11 5 3 12 20 6 4 1 2 
20 4 3 5 19 16 7 20 10 12 2 14 9 1 6 11 15 18 8 13 17 
5 10 4 5 14 6 
16 14 5 13 3 2 1 19 10 16 20 7 17 4 11 18 8 
9 7 2 10 5 8 20 14 1 17 
14 7 20 10 6 14 2 17 1 12 19 9 4 11 15 
2 17 7 
3 18 13 6 
19 6 20 7 15 18 2 3 1 17 14 5 4 9 19 11 13 16 12 8 
16 16 12 10 18 13 19 1 3 20 6 9 5 2 11 4 8 
12 20 3 9 16 18 14 19 6 8 4 1 5 
7 17 18 6 20 8 4 15 
9 8 5 11 12 16 4 1 17 6 
9 18 20 6 5 4 15 16 11 8 
18 14 12 10 19 7 4 16 11 1 15 13 17 20 6 8 9 2 18 
15 2 14 7 19 12 5 3 20 17 16 11 4 6 9 18 
20 8 9 17 11 14 20 7 1 2 6 16 18 4 19 5 10 12 13 3 15 
9 5 6 15 9 3 14 2 18 4 
19 2 17 19 20 12 9 6 8 14 5 18 13 3 11 10 4 7 15 16 
5 18 17 13 8 14 
12 5 13 8 6 15 16 17 14 20 3 7 1 
17 3 20 17 13 5 6 18 4 16 9 1 10 11 8 2 12 19 
1 12 
8 2 16 18 5 10 3 13 7 
8 18 17 6 1 5 8 15 14 
1 18 
19 20 19 7 3 4 14 11 1 6 5 16 10 15 8 13 18 9 17 2 
12 2 7 20 15 17 10 13 8 5 11 19 16 
1 2 
4 13 9 6 4 
15 20 4 2 5 17 18 14 15 12 11 1 10 7 9 8 
16 17 10 9 6 7 2 19 16 1 15 3 13 20 14 5 12 
2 11 18 
14 20 5 17 10 15 6 11 4 3 2 1 19 7 12 
3 11 20 17 
5 9 19 6 4 13 
12 14 17 4 10 3 18 13 12 19 1 8 20 
13 3 19 18 11 8 16 12 9 7 2 4 10 17 
20 6 1 17 3 20 10 8 4 16 11 15 13 12 18 2 9 7 19 14 5 
6 20 11 17 8 12 13 
11 8 11 3 18 14 6 20 15 2 12 7 
12 10 17 19 2 5 14 12 4 13 16 9 1 
3 5 12 18 
5 6 18 3 2 11 
5 2 9 17 13 3 
20 18 7 9 13 1 11 2 17 3 10 5 15 4 8 20 14 12 16 6 19 
3 7 2 19 
11 4 17 16 5 14 2 7 3 8 1 19 
7 18 10 1 11 5 4 20 
16 17 16 8 18 19 2 13 11 5 3 12 9 20 14 6 15 
8 9 4 14 18 12 13 10 16 
7 7 3 4 13 15 18 17 
15 17 14 18 2 13 12 8 20 4 9 10 1 6 3 5 
14 2 13 3 20 8 10 14 11 18 1 19 5 4 9 
4 3 5 2 10 
5 8 5 10 7 2 
11 20 14 7 13 15 4 10 19 12 1 6 
14 12 15 9 2 4 19 13 7 6 10 3 20 14 1 
15 7 2 3 4 18 6 16 11 15 14 12 19 8 9 13 
7 13 8 11 19 18 15 16 
15 8 9 5 2 12 1 16 3 10 13 4 11 7 15 20 
19 8 3 17 9 6 5 13 14 10 15 4 20 11 16 18 19 7 1 2 
18 9 3 10 6 7 2 20 12 18 14 15 11 1 4 13 5 8 16 
13 15 20 16 14 2 8 7 5 18 19 17 12 4 
8 5 10 15 18 3 12 7 2 
12 14 18 8 2 5 7 17 20 12 16 4 15 
1 15 
2 3 15 
5 17 3 16 2 1 
18 4 7 6 8 2 11 5 19 17 10 15 14 20 9 12 13 18 3 
11 20 2 1 7 11 9 8 17 13 3 10 
16 18 10 16 15 8 2 13 5 7 12 4 1 3 6 14 19 
6 17 11 9 18 7 14 
20 11 1 20 17 15 14 5 7 4 3 8 2 6 10 16 9 12 18 13 19 
15 14 16 10 6 1 11 18 5 13 7 8 17 12 2 9 
1 7 
10 14 17 18 11 13 12 6 3 8 10 
10 7 5 1 18 6 15 8 20 3 10 
11 18 1 3 17 11 4 9 10 16 7 8 
11 2 6 10 13 7 11 5 9 8 19 18 
19 8 11 5 20 6 3 2 17 7 19 15 18 9 14 1 10 4 12 13 
10 13 9 5 3 11 18 8 7 2 16 
6 6 20 16 5 15 19 
3 16 10 19 
16 12 19 9 10 1 4 8 13 20 16 11 6 17 5 2 14 
2 8 17 
4 7 14 19 6 
3 10 2 13 
16 11 9 17 5 20 13 6 3 7 10 1 18 8 15 4 14 
18 5 1 10 18 6 4 7 9 20 12 8 2 16 14 3 17 15 13 
13 9 15 6 1 20 17 3 8 10 12 19 16 13 
5 16 8 3 6 2 
18 2 8 18 5 10 13 7 16 14 15 17 1 20 12 9 11 6 19 
16 17 2 7 14 8 9 1 6 16 13 18 5 10 12 19 11 
12 3 4 8 19 1 14 13 10 6 18 17 20 
8 20 9 19 7 14 13 5 15 
13 13 8 17 6 20 4 15 9 16 10 1 19 7 
12 4 14 12 6 15 1 18 7 2 17 8 16 
17 15 17 3 7 5 18 10 14 6 13 9 19 20 12 1 4 16 
16 10 11 9 5 15 3 6 2 17 20 8 18 4 7 1 19 
7 18 6 10 13 11 19 3 
15 18 19 11 16 10 20 4 2 5 15 6 12 13 3 14 
13 1 7 8 15 11 4 18 17 16 13 10 14 2 
11 11 5 1 20 17 14 6 15 8 13 19 
14 18 7 15 11 4 8 1 9 17 20 6 13 16 19 
4 1 14 3 19 
16 16 8 18 1 4 3 9 5 14 11 2 6 15 20 10 19 
15 9 20 5 17 1 18 19 15 8 3 11 10 4 2 7 
1 9 
10 5 12 11 15 9 8 2 6 17 4 
5 1 11 10 19 2 
8 6 15 19 8 2 1 5 20 
2 13 16 
2 5 16 
1 8 
3 4 2 7 
1 3 
2 13 17 
9 18 2 8 17 15 16 12 13 14 
6 7 17 10 5 4 16 
7 10 15 7 6 13 20 14 
10 17 19 3 18 13 1 9 6 5 4 
20 6 8 13 3 7 15 5 1 18 19 14 2 4 11 12 17 20 10 9 16 
1 19 
10 1 5 13 20 11 4 16 6 8 9 
18 2 14 17 1 12 11 10 8 13 6 16 9 4 19 18 20 15 7 
5 13 4 11 10 3 
9 8 15 5 2 20 13 11 9 10 
9 12 1 5 4 14 3 13 15 6 
20 14 17 18 4 10 9 8 20 11 13 6 12 15 1 16 7 5 19 2 3 
7 17 2 14 9 7 13 20 
12 14 1 3 4 8 10 15 7 6 18 5 2 
10 10 8 19 9 11 12 20 7 5 15 
18 18 17 15 7 13 1 2 4 10 9 19 11 3 8 16 14 12 20 
2 10 12 
2 13 12 
12 1 12 7 19 9 15 16 5 10 14 6 13 
4 14 18 15 10 
13 10 3 5 2 4 18 13 11 6 17 12 20 8 
16 2 16 13 5 8 6 19 18 7 17 11 14 1 20 15 4 
3 20 10 19 
7 17 15 2 16 1 18 5 
7 20 19 2 14 4 7 13 
12 4 20 17 13 9 6 19 3 14 10 16 1 
13 20 8 14 6 9 5 12 4 17 3 15 1 13 
14 5 19 13 14 1 16 17 6 15 12 2 3 9 7 
8 1 19 16 4 8 6 20 7 
12 13 4 1 15 8 11 6 5 7 12 19 20 
7 19 9 7 13 2 15 3 
3 20 12 15 
7 20 9 18 1 15 12 5 
17 13 20 6 15 14 11 4 5 3 2 16 19 7 12 9 17 10 
18 10 4 16 11 19 9 15 8 18 2 20 14 12 7 1 5 3 17 
2 8 9 
5 2 19 15 12 16 
13 14 6 9 2 7 8 19 18 10 12 3 11 5 
1 8 
15 6 5 9 3 4 14 12 8 11 1 13 10 17 19 16 
3 16 17 4 
16 11 5 15 10 7 6 9 1 19 13 8 14 4 12 3 18 
16 5 9 7 13 19 20 17 8 2 15 3 10 16 4 12 1 
19 12 3 8 15 7 4 2 6 13 20 18 11 17 10 9 14 1 5 19 
8 7 20 11 15 4 14 10 9 
18 9 20 1 10 16 4 2 6 3 15 17 11 14 13 19 7 18 12 
11 13 2 11 10 4 19 17 20 7 3 8 
19 12 17 6 11 14 13 10 8 7 15 3 9 18 16 2 4 1 19 20 
7 3 15 17 20 4 11 12 
5 12 5 3 9 4 
3 10 9 3 
4 8 14 2 19 
16 2 12 8 15 3 14 1 10 20 17 5 19 7 6 9 13 
2 13 11 
4 16 2 20 3 
19 7 5 20 9 17 3 10 6 4 8 12 18 15 13 1 2 11 19 14 
12 8 5 20 15 6 18 13 7 16 19 9 10 
17 15 16 8 11 17 5 9 20 13 2 10 1 18 14 7 19 6 
7 8 16 13 11 5 14 19 
17 9 8 14 1 17 11 3 2 4 20 13 18 19 15 10 16 6 
15 5 19 6 2 20 3 1 15 10 8 9 14 11 4 12 
2 4 20 
4 17 6 16 12 
15 18 17 8 5 3 14 19 15 6 20 2 9 4 10 16 
16 13 20 5 17 2 16 3 7 11 15 4 19 1 12 18 6 
15 11 6 3 10 14 8 2 12 15 13 1 20 9 5 17 
10 4 3 10 15 13 11 6 12 18 1 
10 16 3 1 17 18 6 5 12 20 13 
12 16 3 6 2 5 14 18 9 13 10 12 4 
4 7 1 17 19 
11 9 7 11 15 14 4 13 19 20 2 8 
7 6 17 7 13 5 18 8 
3 6 10 16 
4 16 4 11 15 
8 11 6 19 12 16 1 17 10 
7 20 6 15 9 18 7 3 
11 17 13 5 10 1 18 6 8 16 2 11 
10 7 6 18 5 10 12 15 17 11 4 
1 19 
11 4 20 13 5 11 1 7 2 9 18 14 
3 8 6 12 
9 13 5 11 9 18 4 2 20 17 
5 18 5 7 17 10 
13 5 18 19 10 20 17 9 4 8 16 15 7 11 
3 5 16 9 
12 12 3 18 15 7 13 4 10 2 19 5 20 
18 7 1 14 11 4 9 13 17 20 6 12 10 5 18 15 16 8 19 
7 3 7 12 11 18 2 14 
13 17 14 3 9 7 2 15 13 6 20 8 12 18 
4 14 17 18 13 
13 6 14 18 5 1 4 15 19 9 11 17 8 10 
20 17 18 11 12 19 1 6 16 9 10 2 13 15 7 4 3 5 8 20 14 
3 7 16 3 
3 1 16 17 
19 20 10 5 15 8 1 9 19 7 3 12 16 4 18 2 14 13 6 11 
6 5 16 1 3 15 20 
13 12 8 16 13 6 2 15 5 10 7 18 4 20 
13 13 16 10 7 17 4 20 3 11 18 14 19 8 
11 10 9 1 8 18 7 19 6 16 14 17 
5 17 16 15 18 4 
15 11 4 6 7 10 17 9 1 18 20 16 14 15 19 3 
7 15 10 19 2 3 14 4 
8 17 2 10 14 4 1 18 12 
17 1 8 7 4 19 20 18 6 10 3 2 16 14 11 13 9 17 
8 7 10 8 18 19 14 15 11 
1 12 
9 18 5 17 12 19 2 16 13 6 
12 13 20 17 3 7 2 9 19 6 15 5 1 
2 12 17 
2 4 12 
2 6 13 
16 19 17 3 18 4 15 5 2 13 20 16 12 14 9 11 10 
8 8 10 17 5 16 7 6 13 
19 11 13 6 4 9 10 8 20 1 19 7 12 18 15 17 3 5 16 14 
1 15 
7 12 1 6 5 8 16 4 
20 17 2 15 1 11 10 6 18 7 4 14 5 20 12 8 13 19 16 9 3 
1 20 
5 5 3 10 8 18 
10 20 8 5 1 19 18 13 4 16 2 
2 3 10 
4 1 18 15 9 
19 20 1 3 15 7 6 2 19 8 18 17 4 5 11 14 13 12 9 16 
2 19 5 
10 17 8 4 2 16 6 18 15 1 5 
18 17 18 2 3 13 9 11 19 4 12 8 10 20 16 6 7 5 1 
4 9 16 14 2 
7 2 7 1 20 5 16 3 
13 16 9 2 20 14 10 19 12 7 5 15 18 4 
15 20 9 13 17 12 15 19 14 18 5 4 3 8 1 2 
3 10 18 12 
1 7 
20 18 13 11 3 7 15 10 5 14 1 9 12 20 2 16 6 19 8 4 17 
20 12 5 8 20 9 7 16 14 10 3 4 19 11 6 2 18 17 15 1 13 
12 7 12 6 9 13 16 11 1 15 2 19 17 
10 8 17 12 19 6 2 13 1 10 9 
19 11 12 9 1 10 4 13 19 3 18 5 7 6 2 8 16 17 20 15 
4 16 19 14 6 
2 19 17 
6 10 18 6 15 7 14 
1 17 
12 16 11 6 9 13 20 15 5 10 18 8 12 
7 16 2 1 15 14 12 17 
18 7 12 16 15 5 3 11 9 4 18 13 8 6 2 19 20 1 17 
20 16 8 17 5 19 15 6 18 20 7 9 3 11 1 4 2 12 10 14 13 
5 17 3 14 11 12 
11 8 10 3 11 17 2 14 20 19 16 4 
12 19 15 5 4 6 10 17 16 12 1 7 9 
8 4 19 8 14 18 6 11 20 
18 7 2 14 8 9 5 3 1 6 19 10 18 13 11 20 15 4 17 
13 4 7 3 17 5 11 13 2 9 6 12 19 15 
6 3 9 19 13 14 2 
2 3 5 
11 4 11 2 16 14 10 7 8 15 20 19 
16 13 18 3 11 16 9 7 12 5 2 8 14 17 15 4 19 
18 3 13 12 18 2 19 15 17 6 10 1 8 20 11 9 5 14 7 
9 1 2 14 15 17 18 5 10 3 
12 15 6 11 17 18 14 13 9 2 16 4 7 
5 4 9 10 20 8 
10 7 9 14 13 4 3 8 20 2 11 
2 2 20 
20 4 11 1 15 2 18 12 20 10 7 8 16 19 17 5 9 6 14 3 13 
12 19 4 13 20 6 7 14 8 18 11 2 17 
18 20 19 11 4 10 17 18 3 6 14 15 16 8 2 13 9 1 7 
16 20 4 16 17 2 3 9 8 19 13 5 14 12 1 6 10 
6 4 19 10 3 6 1 
11 16 11 8 9 7 2 12 1 17 3 14 
20 10 8 20 16 15 3 12 7 5 19 1 4 9 11 17 18 6 13 2 14 
19 8 7 17 1 9 16 15 13 20 19 18 11 2 6 14 10 4 5 3 
18 15 8 3 10 2 11 20 18 6 14 5 17 1 4 7 16 9 12 
8 17 4 16 11 18 7 3 12 
15 11 4 20 6 2 17 1 9 3 16 12 5 13 8 15 
6 2 7 19 4 15 5 
11 8 14 12 4 11 5 6 9 3 13 10 
20 2 10 17 18 12 16 14 5 4 15 13 7 1 19 3 8 6 9 20 11 
17 17 15 5 18 10 19 13 11 6 2 16 3 8 9 14 1 12 
20 6 14 5 1 19 9 17 3 2 20 11 16 12 4 18 13 8 10 15 7 
12 17 10 6 18 15 16 19 13 1 9 2 12 
15 6 9 3 8 2 20 12 16 1 18 19 14 7 17 11 
14 6 12 19 3 14 17 9 13 2 4 8 15 1 11 
2 9 5 
4 6 1 2 16 
10 2 7 6 13 16 1 5 11 18 12 
8 19 16 15 7 6 11 2 20 
7 11 7 8 15 1 2 9 
3 20 1 15 
17 10 16 8 1 4 17 9 15 11 14 3 5 13 12 6 20 7 
13 4 9 16 1 2 13 7 12 15 11 14 18 19 
17 8 11 7 17 6 18 10 9 15 1 16 19 4 2 20 14 13 
1 20 
9 10 19 20 13 16 14 4 3 1 
14 13 6 8 20 3 4 2 18 7 1 15 16 17 9 
3 14 19 17 
9 17 12 7 14 13 8 4 11 2 
5 6 4 1 12 20 
2 11 20 
18 2 7 12 4 1 14 13 6 17 5 15 20 18 3 10 9 16 19 
10 5 13 11 10 3 1 14 6 7 20 
5 13 1 16 7 11 
9 20 18 15 17 19 7 13 11 6 
1 16 
19 18 16 11 10 6 13 19 2 1 12 4 15 17 20 3 14 9 8 5 
19 9 3 17 8 1 4 12 18 6 5 15 16 7 19 2 14 11 10 20 
15 20 14 5 11 7 17 15 18 2 4 3 10 13 12 6 
14 7 2 10 8 11 1 20 4 12 16 6 13 15 5 
4 6 3 2 19 
1 2 
9 20 2 5 11 19 10 8 12 1 
14 13 6 16 9 5 3 20 15 14 10 4 18 1 17 
18 9 7 3 16 8 20 19 2 18 11 10 12 4 6 17 14 13 5 
19 12 18 4 19 20 14 2 10 8 15 1 16 7 9 13 17 6 3 11 
15 16 3 18 10 19 6 12 11 8 13 15 17 5 4 1 
18 15 14 19 4 8 1 18 6 2 13 20 3 17 5 7 10 12 11 
6 20 18 12 4 14 17 
1 9 
19 15 8 4 14 16 6 3 17 5 9 12 10 7 1 13 11 20 19 18 
5 13 10 6 5 17 
13 8 13 19 1 16 17 9 5 18 4 15 12 10 
9 3 9 7 17 8 10 4 1 13 
8 2 10 15 6 4 8 19 14 
6 4 12 13 6 17 16 
4 15 14 16 9 
16 9 2 14 16 13 12 8 7 1 17 3 15 6 18 4 11 
18 11 18 6 4 14 1 16 9 20 2 19 13 3 17 7 5 10 8 
20 5 19 3 2 15 9 14 10 13 20 1 8 16 6 7 18 11 12 17 4 
14 5 7 11 12 6 4 18 3 1 13 15 16 19 20 
13 2 1 12 7 9 18 17 13 3 5 19 8 16 
4 5 12 15 3 
2 18 16 
16 4 5 9 12 18 13 6 19 1 17 2 3 16 11 15 8 
15 4 1 19 11 9 5 12 16 8 3 14 20 18 2 10 
9 9 14 4 10 7 8 17 12 20 
3 5 9 12 
12 19 15 6 10 2 16 8 11 12 13 7 3 
8 8 7 11 10 4 18 1 9 
2 2 7 
19 17 7 13 14 18 5 1 8 3 15 9 19 2 11 12 20 6 16 4 
14 19 1 15 17 12 9 5 6 18 14 13 11 10 8 
13 11 3 1 9 19 20 8 5 18 2 4 17 12 
9 2 20 13 5 14 16 11 8 10 
9 5 19 13 9 17 18 16 3 4 
10 6 14 11 2 16 9 8 12 20 5 
6 16 2 3 12 6 11 
1 9 
13 8 9 15 20 6 18 10 3 16 11 7 2 12 
4 18 1 11 8 
5 20 18 19 9 10 
5 14 10 19 3 11 
5 10 15 17 11 6 
10 3 4 5 17 2 1 9 15 14 7 
2 7 5 
10 5 9 19 11 16 20 7 10 14 15 
19 13 10 1 19 4 12 9 6 3 7 11 20 14 16 8 17 15 5 2 
4 5 4 16 3 
11 7 3 11 1 14 6 2 5 13 18 20 
10 5 7 2 13 17 8 18 20 15 12 
20 13 2 18 3 4 19 16 9 14 7 15 8 17 1 6 11 5 10 12 20 
9 1 16 17 12 20 9 2 3 8 
2 8 2 
4 9 10 3 20 
1 8 
10 15 7 18 8 1 3 4 11 6 16 
9 13 3 5 20 7 1 15 14 9 
5 6 10 8 9 12 
3 10 15 5 
16 13 1 14 4 10 8 5 11 18 16 12 6 17 19 7 20 
17 2 17 10 12 20 7 14 8 6 11 16 19 9 1 3 4 5 
4 18 14 1 6 
6 14 2 1 5 3 20 
5 18 16 17 19 8 
14 2 17 1 10 19 18 3 11 15 14 5 6 20 7 
1 17 
11 14 4 10 20 15 6 2 19 1 16 9 
2 15 4 
12 20 3 12 10 8 9 7 16 4 1 14 5 
4 4 5 7 1 
1 5 
5 7 20 16 1 19 
17 10 17 12 9 3 7 8 13 4 18 20 16 11 1 5 14 6 
12 11 6 4 16 14 13 17 20 10 3 1 15 
13 14 11 19 2 9 7 17 1 4 3 16 13 10 
19 14 5 18 13 12 9 3 7 16 17 15 4 2 1 6 10 8 19 20 
11 3 18 6 7 17 15 2 19 12 14 5 
5 7 8 6 2 15 
7 20 18 6 2 11 14 12 
17 2 6 1 19 18 14 17 9 10 8 13 20 11 7 4 16 3 
11 12 6 20 14 8 10 13 1 3 2 7 
11 10 9 16 18 20 13 2 7 19 6 12 
15 7 18 1 17 12 3 11 4 10 5 9 15 2 20 13 
12 10 18 20 8 16 6 3 14 13 1 17 9 
3 1 4 5 
13 19 3 2 12 8 15 13 10 11 6 18 1 14 
16 19 15 2 14 8 4 16 7 13 1 11 5 10 17 3 20 
14 4 17 12 1 19 3 16 10 2 20 13 18 14 6 
19 14 10 15 17 16 5 9 20 11 1 8 13 12 7 3 2 6 18 19 
20 19 16 14 5 13 10 11 15 3 17 6 18 2 20 8 12 1 9 4 7 
12 14 12 20 15 3 16 11 17 10 5 19 7 
5 6 1 17 4 7 
9 10 5 13 4 12 16 14 15 17 
2 16 12 
13 4 17 13 12 16 1 10 20 3 14 9 2 11 
9 15 10 7 1 19 11 6 12 18 
6 9 14 5 4 12 2 
9 1 13 2 10 20 14 17 9 5 
14 10 17 11 19 14 4 15 7 1 9 18 5 3 20 
20 14 19 1 2 9 10 7 15 4 6 13 11 5 16 8 12 18 17 3 20 
5 17 16 12 20 14 
6 14 11 10 2 17 6 
2 9 6 
16 3 16 5 7 10 13 9 8 6 19 14 4 11 17 2 15 
19 13 19 10 11 16 12 4 2 1 9 7 14 5 18 6 3 20 17 15 
4 4 15 19 2 
20 13 6 4 1 8 18 14 15 20 10 12 7 3 9 19 17 5 11 2 16 
1 12 
2 2 17 
7 16 9 12 1 19 17 2 
3 17 10 13 
20 4 13 16 11 10 8 9 3 1 12 6 7 5 2 14 18 17 20 19 15 
1 18 
7 15 5 4 3 14 10 8 
11 5 8 17 4 7 12 10 14 20 9 19 
15 20 14 11 19 3 4 9 16 2 12 7 13 17 5 1 
10 19 8 5 4 11 15 20 2 6 7 
18 13 11 7 14 20 6 8 12 9 2 1 3 18 5 15 4 16 17 
3 11 10 9 
1 16 
3 14 6 15 
10 13 10 14 8 4 20 3 7 16 11 
8 19 4 6 1 5 20 11 16 
20 13 19 6 3 7 10 2 9 1 4 20 8 18 14 5 17 16 12 15 11 
14 18 5 8 12 11 19 10 2 1 6 9 14 4 17 
14 5 9 3 10 11 8 4 2 13 17 7 16 12 15 
11 14 6 18 12 15 19 11 7 10 1 3 
10 6 19 14 20 10 3 16 18 9 5 
7 6 17 20 19 4 9 16 
18 5 9 6 12 17 19 11 18 16 4 13 1 10 15 7 2 8 14 
1 2 
7 11 5 12 20 13 6 2 
13 18 16 9 13 7 6 1 17 20 11 5 19 15 
11 11 9 17 18 14 3 19 15 4 8 20 
10 12 3 13 15 7 16 19 18 17 10 
4 9 6 19 12 
10 14 17 19 4 1 2 15 16 12 7 
16 12 3 5 15 20 14 11 16 9 13 10 19 18 1 7 6 
13 4 2 5 14 20 18 10 17 3 11 15 19 1 
11 13 11 20 10 14 1 18 5 17 6 9 
1 18 
13 1 16 17 13 19 11 5 3 15 18 10 7 12 
14 12 6 17 14 20 15 7 18 16 1 9 8 10 11 
5 12 3 20 6 19 
1 20 
4 14 3 11 13 
1 6 
16 1 2 13 17 11 8 9 4 3 10 16 12 18 19 15 14 
8 1 6 16 9 18 15 17 5 
15 19 11 3 6 4 16 10 2 13 15 9 12 20 8 17 
15 10 17 4 2 7 18 5 14 11 8 19 15 6 12 1 
11 3 2 4 5 15 10 1 20 17 9 16 
16 20 13 6 16 12 17 5 2 9 1 19 7 18 14 4 11 
17 11 9 1 3 14 16 7 6 13 18 15 2 10 12 19 5 4 
2 1 6 
5 4 12 3 2 11 
14 1 16 11 9 18 2 17 5 19 6 20 8 14 13 
10 11 17 9 10 15 7 1 2 12 20 
13 10 9 6 18 16 13 14 8 4 20 7 17 11 
11 2 5 12 16 8 20 17 4 6 3 11 
17 18 20 3 1 9 2 16 14 6 19 5 4 17 11 12 10 7 
16 19 5 9 10 17 16 18 3 11 13 7 12 15 8 1 4 
2 11 4 
14 7 9 5 18 20 13 15 6 2 1 8 12 4 16 
14 13 11 16 20 18 6 7 14 8 2 1 15 3 9 
16 3 19 17 15 2 8 1 4 12 13 11 7 10 5 14 16 
20 14 18 4 20 19 15 2 10 16 1 11 3 13 12 8 17 5 7 9 6 
9 9 1 18 17 10 20 13 19 6 
18 14 12 9 15 13 6 8 20 5 18 2 10 11 17 7 19 4 3 
12 16 10 1 4 3 12 18 14 13 6 20 15 
19 1 14 10 18 19 5 8 11 16 20 3 12 4 15 17 9 6 2 13 
14 17 16 5 20 10 1 4 13 12 15 6 3 9 7 
1 4 
11 2 10 18 8 17 14 13 15 3 20 19 
18 4 20 15 12 2 19 1 5 17 9 7 8 3 13 6 10 11 18 
18 16 3 15 17 12 5 2 11 10 1 4 8 9 18 13 14 6 19 
20 5 16 19 9 7 4 17 1 18 15 14 8 11 12 20 6 2 10 3 13 
14 14 20 4 18 13 19 3 11 7 10 9 6 17 2 
8 20 8 13 19 16 15 5 18 
19 15 1 19 20 14 2 10 8 17 13 12 7 4 11 6 18 16 9 5 
10 5 3 18 15 6 13 9 17 2 4 
10 20 18 14 4 5 19 8 10 16 17 
8 13 12 20 15 9 10 14 3 
19 19 6 13 10 20 18 3 11 15 16 1 7 17 5 9 14 4 2 8 
15 12 10 5 2 14 4 17 13 20 19 7 9 8 15 16 
1 3 
15 12 9 17 19 13 14 7 18 1 10 8 15 6 16 4 
6 4 10 9 13 6 20 
9 14 3 12 9 15 8 6 7 13 
1 17 
10 6 20 2 10 9 1 11 13 12 4 
15 5 2 10 15 12 14 20 3 18 11 13 6 16 8 17 
14 4 20 17 12 10 18 1 3 15 11 2 5 9 7 
4 16 15 3 19 
12 2 18 11 5 9 1 3 10 17 16 20 19 
7 12 14 6 2 8 10 5 
18 14 3 8 18 1 11 15 12 4 10 20 16 17 5 2 13 19 7 
20 11 15 13 1 5 8 12 7 14 2 4 6 9 3 20 17 18 19 10 16 
11 8 15 16 11 18 5 19 2 17 12 4 
6 15 18 9 1 11 14 
1 20 
20 14 11 6 7 20 10 9 13 5 18 12 19 16 4 17 2 3 15 1 8 
8 7 11 18 15 8 13 14 19 
17 15 12 11 19 9 5 13 3 16 6 2 18 10 7 8 20 17 
19 18 16 6 3 14 20 11 9 5 2 17 10 12 7 13 8 15 19 1 
19 5 19 1 16 15 13 9 20 11 2 14 4 12 10 6 7 3 18 17 
12 4 12 6 16 18 19 17 15 7 2 9 20 
9 10 12 14 5 15 11 4 9 16 
16 3 5 11 13 14 1 4 20 18 19 10 2 15 17 16 9 
5 13 19 12 1 4 
11 11 6 14 5 19 12 17 9 1 4 2 
14 2 12 17 14 6 4 11 9 7 5 20 8 18 19 
13 7 17 16 19 2 12 5 15 10 11 3 14 4 
3 1 6 2 
1 13 
19 17 14 20 10 19 7 6 15 12 9 5 16 18 4 8 3 11 2 13 
11 1 20 18 15 12 16 9 4 14 3 5 
6 14 13 16 7 1 15 
19 16 13 12 10 3 15 14 1 9 2 8 7 19 5 18 20 11 17 4 
13 14 5 10 20 6 8 11 19 3 13 18 1 12 
15 9 10 20 2 3 17 16 7 12 14 5 11 15 1 13 
6 16 19 5 6 12 14 
3 16 18 19 
11 12 8 9 18 2 3 15 19 4 1 10 
13 3 16 2 13 4 11 15 1 8 7 19 12 9 
16 5 12 13 8 19 7 15 3 14 2 4 1 18 20 10 17 
19 9 3 15 17 1 12 7 13 8 14 19 16 5 20 6 4 2 11 18 
7 9 19 13 16 7 8 6 
19 13 6 14 5 19 17 8 2 16 10 3 15 20 1 18 11 4 12 7 
15 13 10 6 8 11 1 5 20 4 7 3 14 12 2 18 
6 19 6 9 5 10 2 
7 18 13 20 17 5 14 8 
4 18 14 5 16 
14 18 8 3 7 11 5 1 15 16 17 9 20 12 2 
2 20 9 
7 13 16 1 9 14 3 5 
3 8 6 9 
15 12 20 11 9 6 14 13 16 18 2 5 8 7 1 3 
5 12 5 6 10 17 
14 2 9 7 17 18 11 1 13 19 20 8 3 10 16 
10 13 17 18 19 20 1 2 12 14 16 
14 7 6 1 18 9 15 10 16 2 13 3 11 8 20 
9 15 4 9 11 10 20 7 12 19 
11 16 19 3 15 2 5 1 9 13 6 8 
3 7 17 11 
17 9 18 11 13 7 6 2 10 14 4 5 12 20 1 15 17 8 
19 20 19 7 18 15 14 5 16 2 11 6 9 8 1 13 3 10 12 17 
18 5 1 18 4 20 13 17 16 11 15 8 2 12 9 10 3 7 14 
8 18 3 20 2 10 9 17 16 
19 7 5 2 19 8 6 13 16 18 9 10 12 20 11 14 4 1 15 17 
17 16 1 4 12 14 19 3 17 8 5 2 13 15 10 7 11 6 
9 8 14 2 4 15 16 3 18 5 
6 6 4 18 9 11 16 
20 8 19 18 6 14 2 16 3 12 9 5 4 10 11 17 1 13 15 7 20 
19 9 2 6 14 19 11 7 17 1 15 18 13 4 8 10 20 12 16 5 
10 9 20 15 19 12 18 13 10 2 7 
2 7 9 
15 14 3 15 8 12 20 2 4 18 13 7 1 17 5 6 
4 13 18 20 6 
9 1 12 13 9 10 19 14 15 18 
5 18 7 10 6 20 
20 1 14 18 6 11 2 17 15 16 4 8 9 5 19 12 20 3 13 7 10 
11 7 8 15 9 5 16 13 20 11 2 10 
6 5 14 20 18 13 10 
18 7 2 8 11 20 10 1 17 16 5 6 18 19 14 12 15 9 4 
17 19 8 4 6 14 7 9 10 15 2 12 16 17 5 11 18 3 
14 4 10 14 8 1 7 16 5 13 11 20 17 2 3 
16 17 8 20 19 10 6 9 15 14 11 1 7 3 2 13 12 
14 7 19 1 5 3 12 8 2 6 16 15 18 11 14 
16 16 10 20 8 18 19 12 11 14 2 6 13 3 15 9 5 
2 18 4 
7 2 20 9 17 13 3 19 
15 3 17 4 6 7 5 2 18 10 19 8 14 16 13 1 
12 8 14 6 1 13 10 4 3 16 18 11 9 
1 5 
2 4 18 
5 12 1 18 11 15 
20 1 18 17 3 9 8 16 4 13 12 15 14 10 20 5 7 11 2 6 19 
11 6 12 2 18 17 1 20 14 9 5 13 
13 14 17 10 6 7 2 9 12 20 11 8 16 4 
17 5 3 15 14 13 10 4 2 17 7 18 11 19 9 1 8 12 
16 12 5 11 4 6 10 18 2 13 3 15 16 7 1 20 9 
2 17 2 
13 10 2 15 16 7 6 17 18 12 9 19 14 4 
18 1 9 6 4 15 19 14 5 11 2 17 12 13 8 16 18 3 10 
7 2 18 20 4 17 19 9 
6 20 10 19 4 15 6 
16 11 3 12 7 19 9 13 16 20 2 5 6 10 15 1 17 
2 8 20 
9 18 2 11 5 16 1 3 12 15 
2 18 11 
12 2 10 20 18 6 16 7 8 3 17 12 11 
7 10 11 14 16 20 17 4 
5 17 3 5 1 16 
17 17 10 8 11 7 3 19 18 12 20 5 4 9 6 16 2 1 
15 4 16 15 17 3 14 10 1 19 6 12 11 9 5 18 
20 11 19 10 14 5 16 15 12 20 1 9 6 17 8 3 2 7 4 13 18 
9 8 11 10 9 14 20 4 1 6 
20 12 9 15 20 7 5 19 10 8 2 13 6 17 4 16 1 14 3 11 18 
2 4 8 
2 6 18 
14 11 12 20 10 14 13 17 9 6 2 8 16 5 19 
6 2 18 11 4 17 15 
6 20 12 8 11 18 1 
18 5 17 6 19 16 3 11 13 15 8 9 4 14 10 12 20 7 2 
11 11 3 12 20 1 9 18 16 5 13 10 
2 8 5 
19 14 5 20 2 13 12 15 8 17 3 4 9 16 6 11 1 18 7 19 
7 19 4 3 20 8 10 1 
12 5 1 11 16 7 13 18 15 3 14 10 20 
3 20 5 6 
12 5 15 14 12 7 10 2 18 13 1 3 6 
19 10 4 7 5 11 2 12 16 9 19 20 13 8 15 1 17 6 14 3 
15 2 7 14 6 3 8 18 10 15 11 13 17 4 9 16 
19 2 13 17 15 11 14 4 16 1 12 5 8 19 9 3 6 20 7 10 
20 15 3 12 6 20 7 18 19 11 1 14 9 16 17 2 10 5 8 13 4 
2 11 4 
16 3 12 8 6 4 7 1 17 5 19 14 15 10 9 11 18 
3 12 20 8 
12 17 15 3 11 4 19 12 5 16 7 13 20 
6 8 19 4 6 16 10 
8 8 19 12 13 14 17 20 7 
5 16 13 3 18 9 
5 4 20 14 18 9 
18 5 19 3 6 16 4 11 12 13 8 1 18 10 14 15 20 2 17 
2 4 10 
11 16 19 13 17 14 1 7 12 18 10 5 
10 5 17 13 16 6 1 19 7 12 18 
9 20 9 2 14 18 12 15 17 5 
3 8 16 1 
17 4 15 10 14 8 17 18 19 6 7 20 13 11 5 1 3 9 
17 7 13 16 14 5 8 17 6 1 15 3 2 10 19 9 4 11 
1 18 
3 7 19 18 
16 18 1 6 7 4 15 5 3 19 9 10 16 8 14 13 17 
2 14 10 
6 4 20 12 19 9 17 
15 14 12 4 7 2 6 17 1 16 9 20 5 15 3 19 
14 9 19 12 20 4 11 3 16 18 2 15 17 8 5 
13 11 12 7 9 19 2 6 3 16 20 15 18 13 
8 14 5 12 4 13 17 16 15 
14 14 18 6 2 17 11 13 12 10 5 3 19 1 4 
2 12 17 
2 5 4 
5 10 15 9 17 13 
13 2 6 11 20 14 4 15 13 19 9 7 3 17 
18 4 9 14 12 20 6 2 19 13 15 3 7 10 16 1 5 8 17 
3 7 1 17 
18 6 11 9 18 3 7 8 12 16 15 2 14 1 17 19 13 10 4 
10 20 6 5 19 1 8 10 16 13 17 
6 16 18 19 10 8 9 
10 12 15 9 8 11 17 2 16 5 14 
1 12 
16 6 1 9 13 7 12 19 20 5 11 3 8 16 4 14 15 
4 16 10 6 14 
6 15 1 12 6 7 5 
16 12 5 19 20 16 17 18 9 4 8 13 10 2 6 1 14 
2 16 5 
17 2 20 8 5 1 17 3 6 10 11 7 15 16 14 9 13 18 
9 4 9 7 14 10 19 2 3 12 
4 5 20 18 16 
8 13 3 20 4 17 10 7 18 
9 11 14 6 7 20 5 12 18 15 
1 20 
20 6 15 16 2 4 19 11 5 10 7 20 9 13 18 3 1 14 8 12 17 
2 4 15 
18 11 14 2 12 10 13 19 5 1 6 17 15 4 9 20 18 8 7 
8 2 6 18 15 10 7 9 20 
14 7 18 6 14 11 12 3 9 10 4 5 1 2 20 
3 20 16 5 
14 3 4 16 9 7 10 5 15 20 8 1 2 14 17 
9 6 11 5 17 7 9 13 12 1 
9 19 13 18 6 10 11 8 16 9 
11 5 17 10 3 8 11 9 14 4 2 7 
6 3 5 13 18 19 12 
7 20 4 13 10 9 6 19 
10 11 3 4 9 7 8 13 12 17 15 
15 19 18 5 9 7 11 10 17 2 1 15 20 4 3 6 
4 17 10 9 20 
15 4 14 2 10 17 12 3 11 8 6 7 15 20 13 19 
4 11 5 14 8 
8 5 9 10 3 18 13 16 8 
5 16 6 18 17 13 
16 4 1 17 13 2 6 10 8 19 3 12 20 5 16 11 14 
14 6 20 10 9 14 18 7 11 16 15 13 12 1 8 
15 12 13 17 1 6 9 15 18 19 5 3 11 14 20 2 
5 9 13 19 10 16 
4 18 7 9 19 
16 18 14 2 1 19 17 20 6 3 11 13 12 10 8 4 9 
14 3 20 4 5 18 1 10 16 17 19 2 9 14 12 
6 7 13 15 1 19 2 
9 11 17 13 10 19 15 6 3 9 
8 4 5 18 20 16 13 3 12 
12 16 14 19 13 18 4 12 2 9 11 20 1 
6 4 6 8 18 5 20 
4 14 5 16 17 
6 8 12 15 11 4 1 
10 17 6 5 20 9 18 14 16 10 19 
16 2 10 16 5 1 14 9 12 11 13 3 4 6 7 17 18 
20 3 4 9 17 20 5 10 2 18 8 1 6 7 11 14 16 12 13 19 15 
5 10 12 3 15 4 
15 6 17 7 4 13 5 11 15 18 1 12 2 3 16 19 
4 18 2 6 10 
5 14 7 8 20 1 
17 7 2 17 3 5 18 4 15 16 6 11 19 13 14 1 8 9 
11 12 20 18 3 7 4 6 11 8 17 16 
8 15 3 4 1 18 16 11 10 
17 17 1 16 7 18 8 19 5 11 9 14 15 20 13 6 12 3 
7 6 4 8 14 17 18 13 
19 9 3 20 5 10 16 17 1 19 12 2 8 11 7 13 6 4 14 15 
3 10 17 2 
7 3 4 2 18 14 9 8 
16 8 11 14 20 10 15 18 13 5 19 3 2 7 6 4 12 
9 16 7 6 9 17 20 19 1 13 
8 3 20 8 4 19 9 10 16 
1 14 
7 9 12 8 11 15 18 4 
14 5 20 8 4 11 14 1 10 2 6 19 16 3 9 
11 18 7 6 14 2 8 16 11 20 9 17 
1 14 
12 16 3 17 14 4 13 19 6 8 5 1 18 
3 7 4 5 
6 10 20 11 6 14 1 
1 10 
15 18 11 12 2 4 17 13 20 1 3 6 7 9 14 8 
5 19 11 15 8 9 
9 1 19 7 16 5 4 18 3 13 
14 5 13 4 8 16 10 7 11 19 18 1 2 14 12 
10 3 18 12 11 5 17 2 13 15 6 
11 11 3 7 6 9 1 12 10 16 18 13 
10 19 5 13 11 4 12 16 20 2 18 
3 15 8 18 
9 19 1 6 10 3 11 16 2 4 
9 3 10 14 2 18 17 6 7 16 
15 13 5 8 11 19 14 12 7 4 18 16 17 10 1 6 
17 6 4 13 5 1 20 10 8 18 12 14 3 19 17 16 15 11 
19 15 16 14 8 3 1 13 6 18 9 12 5 17 19 11 4 2 10 7 
11 14 6 11 2 8 7 13 3 18 20 16 
8 2 1 17 3 20 7 5 8 
18 8 6 4 16 11 12 15 2 10 9 5 19 17 1 14 20 3 13 
7 2 13 14 15 4 5 3 
4 5 4 19 16 
1 20 
16 16 15 3 17 18 19 9 8 11 2 5 10 13 14 4 12 
16 18 7 13 19 15 12 8 16 20 3 1 5 4 14 2 11 
18 19 14 10 3 11 9 7 2 4 6 1 13 17 16 5 15 20 12 
5 4 17 1 19 18 
13 14 16 2 3 11 19 15 4 8 6 5 17 12 
10 13 7 5 11 3 4 20 15 1 17 
14 6 14 2 20 9 19 11 7 1 17 13 4 12 3 
3 10 7 16 
8 11 2 20 19 5 13 3 12 
1 4 
16 13 18 15 20 11 4 6 1 3 12 10 9 8 17 7 5 
4 10 1 2 5 
11 13 1 14 2 9 3 8 12 18 7 19 
18 1 14 8 3 12 20 9 10 6 16 18 11 2 13 4 5 17 7 
3 9 8 1 
1 20 
7 17 8 14 19 6 20 2 
19 10 14 11 7 6 12 8 4 17 19 20 1 5 18 2 16 15 3 13 
2 2 15 
17 19 1 17 13 8 3 20 12 2 10 18 16 7 5 9 4 11 
15 13 2 19 8 1 17 18 14 4 5 16 11 20 10 3 
7 20 19 3 13 8 11 5 
2 8 20 
14 9 17 13 14 10 1 3 19 6 5 7 18 8 4 
15 14 1 20 15 9 10 2 4 3 8 18 11 17 12 19 
17 2 16 12 3 1 8 19 17 11 14 18 15 5 7 13 9 4 
16 14 17 8 19 4 16 20 7 2 1 10 13 6 5 15 12 
5 15 13 10 17 8 
20 9 20 12 6 3 11 16 5 13 2 4 15 17 18 19 14 1 8 7 10 
15 19 20 17 3 12 14 6 18 9 2 10 5 7 13 16 
14 7 18 2 17 1 16 4 8 13 11 3 14 6 12 
18 1 14 4 6 5 8 10 9 19 16 12 3 2 7 15 20 13 11 
19 5 3 15 12 4 19 10 1 7 18 8 11 20 2 9 16 14 6 17 
18 12 8 18 20 17 4 14 10 15 16 6 7 9 5 11 2 19 3 
9 4 5 10 8 6 14 3 20 1 
4 4 19 3 17 
13 12 14 2 19 5 20 11 3 16 9 18 13 4 
3 3 2 17 
12 3 6 15 18 19 12 7 5 20 14 13 4 
5 18 8 19 17 4 
7 1 11 10 14 3 4 6 
15 17 20 8 16 5 10 3 13 4 14 12 19 6 7 11 
14 4 5 18 1 15 2 16 9 10 6 19 7 17 11 
14 13 8 10 1 4 6 14 15 12 18 19 2 17 7 
18 13 4 2 10 12 6 18 3 16 5 15 7 11 1 17 20 14 9 
3 13 9 17 
13 8 20 18 7 17 16 11 2 15 1 5 13 3 
9 19 2 20 11 13 3 7 12 9 
4 9 17 1 6 
