100
42 688467 12000006334
26501 689169 12000015724
11479 699358 12000026962
24465 675705 12000028145
23282 686827 12000009961
492 672995 12000011942
4828 675436 12000032391
14605 673902 12000000153
293 682382 12000017421
18717 689718 12000019895
5448 691726 12000014771
11539 671869 12000019912
25668 696299 12000017035
9895 698703 12000023811
31323 700333 12000017673
4665 685141 12000007711
28254 676868 12000025547
27645 702662 12000032757
20038 682859 12000008723
9742 697529 12000000778
12317 673035 12000022190
1843 670288 12000030106
9041 678942 12000019264
22649 697446 12000023805
15891 676729 12000024370
15351 685006 12000031101
24394 673548 12000019629
12624 694084 12000019954
18757 681840 12000004966
7377 683931 12000026308
16945 702439 12000024626
11324 675537 12000021538
16119 672082 12000022929
16542 674833 12000031115
4640 699658 12000022704
9931 683977 12000002306
31674 692386 12000005021
28746 696924 12000019072
6271 675829 12000026777
15574 675097 12000016512
23987 683290 12000009161
18637 692355 12000024767
23656 685574 12000004031
12053 697350 12000001150
16942 691724 12000013966
3431 701107 12000030191
18008 681337 12000015457
12288 697753 12000010383
14946 678909 12000032209
9759 694221 12000018588
6423 694946 12000027506
13031 686413 12000029168
901 702591 12000018762
1656 687410 12000006359
27625 690537 12000021548
6484 697595 12000004041
3603 694350 12000010291
30837 679374 12000011020
4597 694021 12000027348
23200 689668 12000024484
8282 674734 12000000053
2000 696418 12000027938
6901 673788 12000018127
468 673728 12000014893
24649 692483 12000017807
2422 684310 12000006617
22814 679514 12000014309
7617 688935 12000017451
20601 675249 12000016519
31557 692798 12000030303
6225 681008 12000005844
32610 684989 12000032702
3196 690485 12000003093
14344 700523 12000001587
29315 679503 12000007448
25201 683458 12000006618
20581 689796 12000014798
15282 689589 12000020798
28010 697157 12000020472
23623 688538 12000012292
6039 694179 12000018190
29658 677958 12000006191
19816 692888 12000019156
11512 686202 12000002634
24273 690055 12000020328
22647 696362 12000004886
18876 698433 12000029869
20143 693844 12000001416
21882 701998 12000010322
18652 680021 12000005699
3558 698476 12000027892
24390 675075 12000010712
2601 672510 12000021003
26870 687861 12000014688
13402 679789 12000015255
16424 675002 12000010585
24183 680285 12000027088
31427 698617 12000023757
9833 700932 12000004169
2155 695721 12000017189
