1000
8991
19315
5504
29249
18479
11336
19561
23896
12844
4092
10233
13149
18393
28772
13726
23071
29291
32102
2422
5054
31245
23933
727
26415
12893
15929
24776
22716
30444
13500
9862
29314
30658
28222
20481
7409
21976
12426
22108
18255
3997
10879
1136
24630
15730
5264
6985
7697
7725
8517
18088
6051
29593
15799
24959
11393
12020
8728
2680
15762
28016
12840
2158
13718
17587
11713
32499
24988
24408
12620
29385
6539
26987
1610
7784
14490
19696
17356
5758
26071
15965
16123
15978
11428
6427
19345
3264
25909
3081
19550
8137
27924
5625
5060
8704
12190
21042
5179
32406
32387
5356
24782
26094
14921
22487
32156
8738
19145
30356
87
15228
26545
15162
201
27902
12544
15058
22858
26843
6029
475
14155
27899
5505
4296
31695
10107
14040
10365
27628
27434
29157
26326
12622
13325
20427
13087
10932
31708
25860
31389
3186
24196
6621
15620
20717
3747
17144
26878
31010
6670
2505
2219
7456
32334
9497
15899
19593
3359
24967
4054
16148
8432
31234
1364
21774
8550
16464
4997
26581
22488
5514
22859
27227
5076
12957
11259
22953
8089
16586
29664
32090
1179
16935
22711
30748
8195
18973
15924
10290
1836
1512
4220
22516
15399
5402
24745
15949
12855
12824
20809
20284
8790
10907
21214
23636
12206
10288
12384
1341
23585
18616
27575
30768
19650
1769
27201
639
24153
29387
29010
28938
2531
14908
29359
16587
6415
365
10514
8011
10946
2915
1193
15147
1940
12919
26519
25756
18001
12502
12913
32231
16505
14593
8387
15334
22209
24142
30088
13961
1424
19813
30645
18770
18818
21700
16047
17369
21480
15676
20177
27209
3910
29298
1511
17889
29652
31582
22453
17780
11262
17103
23153
11753
2276
12262
9028
23228
18138
3734
29389
20091
8680
18474
12702
4937
14923
27583
15549
27487
18675
1734
548
20870
9220
19844
27970
18846
4949
5009
9080
282
29939
5212
4253
16258
12703
2981
17274
9968
332
7682
6735
17555
32674
4443
16204
28975
4222
21870
29976
411
5231
23627
13133
18242
27962
17113
4858
24739
21079
18767
2849
22992
30066
7100
32054
7410
30443
27264
4518
12996
10839
21201
25677
21267
11005
5943
255
17733
16473
10255
12288
4303
4764
31756
4748
32189
12074
14513
3920
25902
23835
10969
3822
20949
16826
3887
2173
28794
21769
10934
24071
20599
9787
13123
2314
29755
28729
2045
5879
12746
32286
14820
30134
25402
24507
25671
4127
26424
28179
21837
14979
29057
8159
1645
28449
11114
11788
25846
23217
9305
2104
27272
14557
4681
6457
1432
195
25161
23446
20976
24949
6398
15884
8492
3704
797
22538
21310
23624
13810
28213
32492
11475
24539
18149
27213
11257
26829
20134
21327
23571
25295
3256
2100
29289
19066
26512
20496
954
6015
14677
9037
183
7457
13411
13351
648
15030
6091
18225
26438
23595
13265
23502
16000
19069
15981
9400
1463
19520
30666
20604
13537
5660
7882
8700
6889
2891
13696
22764
2606
19996
5557
27222
21760
8307
21860
2326
6694
5191
31549
32350
24922
3107
806
21043
1994
2982
12981
17390
31897
22530
15799
4797
19805
26752
15021
5663
671
9979
26442
9835
19551
97
15606
21834
32397
17717
21837
30264
23952
23055
7841
30471
15042
14363
24692
2140
24818
15766
4095
5680
20705
20052
29870
4176
19910
17468
7329
733
14795
12234
8492
32461
17037
26764
15192
21097
23967
28070
10336
4557
5384
5711
24117
28523
9152
4689
4091
25736
25143
14989
650
10685
719
12660
12525
32631
7773
21391
16614
18039
4267
30712
18280
26707
9465
223
23836
4083
4727
15366
733
12821
18637
4934
22075
26058
3219
3335
5628
3319
25562
7371
30358
19669
21153
17316
18102
22129
26464
186
25533
32556
6017
4550
32317
10556
27618
921
11905
31785
32084
4758
22786
27985
16671
23347
25330
6245
9596
23165
14005
26601
32281
16017
6243
3512
16537
1827
19016
19326
4369
30203
356
2876
7820
20339
10732
18376
20360
27387
31687
17738
15991
5013
24337
6592
1598
14425
8347
1402
24249
27889
30313
7071
2358
14878
21554
15015
3318
15922
4068
21726
17327
7572
22046
2279
13836
17215
28340
2615
18475
28995
20782
22934
13854
8515
2377
19874
24683
13557
27509
27467
26764
30373
6485
3672
7536
27058
22082
25056
14328
27407
11208
10450
26490
8644
24104
22126
11842
16235
12500
30409
3596
4275
31479
26445
1163
24032
3050
24375
22501
6985
24511
18456
13108
27096
9146
26196
4871
26510
2771
20901
479
20476
29238
15769
9395
27851
21955
4624
5996
22069
5263
21439
6506
906
1376
23728
2557
11180
23349
25792
13548
30100
22972
23071
28402
30922
23001
2515
572
3568
7718
6198
27372
28472
30573
18803
25497
10474
14640
6669
16844
23007
32290
10072
8837
17416
15532
26622
26292
11496
11112
13436
32705
3606
30121
8098
3076
5564
16369
7958
17229
30490
31866
977
13150
2820
4014
17057
19564
16479
17582
3237
15778
23721
4559
14293
8605
3182
11544
30583
31473
17363
28869
25771
162
28431
4040
22240
15020
29421
6723
3164
28284
32076
21007
8888
23413
9630
20279
24417
18284
23917
29821
18457
23340
12497
13269
2932
20211
22267
8933
14684
26355
4781
24460
19341
16337
25280
17496
32281
27433
669
27917
30693
23561
15044
2853
17194
9073
328
2634
5621
31962
27217
1246
27304
10924
26777
2164
26743
8902
24047
10836
7147
2810
31671
27643
32610
1422
29544
28569
21389
19900
30476
31889
18417
9266
2500
21500
29543
2963
8257
21798
7325
21749
4428
29200
21138
31841
22080
29676
21789
21846
7050
4004
19814
1862
8496
19028
22123
23063
27463
11723
21885
21155
17019
19726
8897
7993
1163
6357
432
21530
17610
1036
27031
30717
15519
30803
7703
24715
3078
6782
6054
24291
18957
24342
15372
15384
25944
28374
26343
1454
21661
23343
16936
10784
5929
8900
28308
25949
1369
1519
31812
32070
28961
11066
13093
20018
5769
5095
11128
10091
23595
24681
13907
30638
25527
25832
5662
18862
27247
3521
1815
4242
31147
5124
6094
17522
26454
500
20906
20190
9838
1930
12643
18264
26504
7922
28550
32725
2378
269
6388
24895
22768
27117
30562
6134
8904
11612
18907
4170
4789
6998
19769
17155
25776
13450
5296
20954
25922
11997
12867