100
468
489
459
373
494
181
153
343
178
382
138
207
129
473
126
196
305
284
499
244
264
223
418
269
129
284
443
377
265
469
415
343
240
305
464
498
223
469
448
125
395
246
496
293
465
240
106
365
112
295
290
138
213
195
496
193
482
392
470
258
183
192
437
239
296
250
103
363
500
478
152
317
316
417
331
249
210
291
379
137
212
301
224
106
284
120
226
481
306
489
353
268
157
357
238
481
281
198
134
151