157
463760
480075
475927
458710
476178
469618
470199
461746
487374
479024
478577
469624
475408
482081
463032
479293
483732
459508
456116
475755
456461
456427
455617
467007
487329
463709
470768
473929
466538
483639
457861
475120
468983
484982
472952
470507
474825
476847
484597
467145
470999
471944
469212
485481
474891
470332
461378
487811
480194
463643
460781
458270
456015
459783
457948
470551
464760
462584
480445
481185
472824
471929
462964
470975
476668
471593
465563
475851
485542
470331
486396
474355
459149
465142
458777
459447
462394
457782
465317
465260
480173
458985
481033
483260
482006
480403
464608
464419
474397
481482
470138
472947
475354
467899
484444
467282
476637
479395
481471
462007
459240
467030
464397
480880
462128
485820
462695
464799
474848
481871
484130
462392
481685
460447
487237
480645
460771
477902
472589
487074
469198
457492
463465
465153
486482
484411
474238
457447
475100
465956
466468
465390
461519
467521
456550
467841
473856
479257
480007
460131
467258
465352
477944
480808
466363
466555
466147
462265
466101
461048
462499
462292
484045
475156
467657
457355
469407