971
535
236
239
994
899
197
936
590
942
11
182
833
655
905
224
73
262
347
949
789
554
607
291
426
453
987
264
761
670
699
250
310
111
90
181
19
168
257
659
16
140
576
436
197
990
530
930
199
954
89
233
334
453
598
709
194
167
18
349
547
985
370
158
720
733
948
60
715
388
862
921
92
416
959
77
566
905
507
766
882
281
146
824
85
284
630
988
871
109
500
562
744
139
408
709
629
504
533
944
115
360
339
513
194
457
681
659
205
362
236
285
736
987
176
24
104
90
163
299
781
976
891
14
715
647
800
824
361
14
399
845
983
69
612
687
701
120
438
638
966
406
116
383
417
709
962
758
69
477
45
660
342
33
819
186
988
312
848
768
432
919
451
117
51
372
855
680
526
168
840
73
442
136
511
801
478
322
411
275
212
650
363
446
876
841
35
169
919
331
696
968
20
385
273
911
730
448
951
767
810
580
211
377
418
11
94
486
33
133
194
896
254
68
246
722
433
536
208
643
992
620
36
726
969
906
646
888
939
435
88
701
234
74
519
437
45
829
366
638
417
526
262
264
308
547
767
806
589
18
115
194
300
63
438
913
292
803
523
823
22
750
533
112
729
467
366
703
721
943
232
848
451
94
281
537
733
991
720
669
364
512
292
791
235
711
27
298
650
411
929
735
841
597
228
270
409
745
420
86
296
259
423
622
573
90
622
885
855
758
131
255
245
165
938
910
332
476
262
782
110
159
260
877
401
932
895
359
295
183
594
157
941
992
132
884
601
100
545
349
395
483
606
150
273
22
401
174
526
179
569
373
371
768
150
682
100
477
569
863
156
272
702
618
749
365
232
695
748
685
312
253
227
846
441
413
643
325
924
425
790
105
173
628
657
790
864
39
583
320
621
28
704
372
510
1000
913
418
782
836
444
590
166
204
796
344
732
57
750
489
686
718
144
733
148
337
663
66
324
310
754
952
982
895
879
20
126
35
769
587
118
408
405
732
69
521
992
421
125
502
807
214
494
982
434
856
315
397
414
303
719
594
434
337
389
97
445
323
169
879
163
732
804
682
604
949
977
620
80
567
404
722
253
15
140
214
630
298
35
222
84
989
796
723
668
891
217
197
879
825
54
80
683
820
298
419
962
319
481
789
792
348
748
523
319
406
855
972
654
245
735
496
409
765
655
173
672
635
308
567
373
792
355
92
41
475
687
677
588
500
776
766
871
206
770
723
12
775
77
106
368
81
716
214
195
416
624
504
147
231
968
593
505
971
249
535
376
522
694
498
935
93
339
369
415
519
22
577
762
674
65
266
506
1000
394
985
821
699
756
863
492
243
59
397
371
131
816
881
187
547
73
184
560
951
973
405
632
661
826
863
347
584
950
600
41
633
134
175
911
578
41
341
146
917
725
822
133
287
108
438
180
112
700
870
779
983
713
17
623
216
97
759
409
908
211
662
319
920
775
568
980
99
4
973
786
877
103
43
298
983
966
905
807
608
366
713
877
407
819
939
209
890
252
125
50
73
537
303
247
972
91
142
147
677
387
268
481
607
7
156
261
156
1000
774
467
203
34
889
406
938
894
986
612
978
166
477
284
766
9
113
395
473
834
873
931
34
221
11
54
70
475
609
258
735
314
704
192
299
333
308
66
528
72
296
273
564
704
633
823
163
187
705
759
870
354
579
786
408
917
381
121
269
524
658
922
888
150
935
531
995
886
481
949
277
627
284
962
762
259
661
670
115
267
854
820
962
699
848
631
90
600
664
156
348
758
351
149
17
306
632
443
440
149
886
344
632
189
453
261
400
227
340
688
220
229
639
21
938
186
629
457
624
745
60
92
936
493
250
333
141
725
486
993
711
885
347
342
87
807
8
772
246
158
747
278
892
490
523
458
600
774
140
485
474
654
175
690
438
663
484
164
445
16
503
374
562
327
639
621
596
259
954
112
218
450
340
859
822
776
101
413
678
443
780
535
861
25
320
965
843
179
417
690
96
340
887
159
675
715
568
405
343
67
564
776
934
217
701
987
131
5
103
869
672
94
795
416
638
647
771
414
258
332
707
391
37
990
533
477
603
103
194
654
318
363
748
229
86
886
718
832
253
194
49
850
594
785
29
895
71
367
61
349
955
415
160
534
862
351
607
30
725
593
644
232
338
360
821
133
738
616
710
834
653
160
575
610
523
24
197
975
875
937
766
954
738
908
519
752
696
61
566
