0.998505
0.983607
0.997333
0.991453
0.997691
0.998617
0.998316
0.987805
0.998930
0.998895
0.998555
0.984848
0.996678
0.998066
0.996979
0.998440
0.998811
0.978723
0.974359
0.998510
0.989247
0.998750
0.998575
0.997925
0.998982
0.994413
0.996416
0.970588
0.994220
0.998208
0.998988
0.998496
0.998905
0.995025
0.998575
0.997500
0.998182
0.997041
0.996667
0.998994
0.995536
0.998501
0.998940
0.998800
0.998569
0.988636
0.995745
0.998779
0.993789
0.998430
0.990000
0.965517
0.998024
0.998413
0.998099
0.997706
0.997821
0.998534
0.998745
0.998211
0.998246
0.998647
0.998812
0.998825
0.985915
0.998789
0.997067
0.996283
0.997727
0.998561
0.998703
0.998992
0.983871
0.993243
0.998353
0.997706
0.998457
0.998858
0.995556
0.998750
0.998039
0.998744
0.997093
0.997455
0.997835
0.997191
0.998188
0.998450
0.998912
0.998567
0.998328
0.992754
0.998296
0.994792
0.998952
0.998852
0.998731
0.998638
0.998529
0.998028
0.968750
0.995098
0.998353
0.888889
0.998907
0.984375
0.996721
0.997245
0.980769
0.998617
0.996894
0.998291
0.992647
0.998681
0.998993
0.998744
0.995000
0.998316
0.998973
0.996721
0.997199
0.998674
0.998464
0.998505
0.996491
0.990991
0.997972
0.998780
0.991870
0.998969
0.998689
0.995798
0.998924
0.998580
0.996923
0.998789
0.998698
0.998077
0.985915
0.993377
0.978261
0.998066
0.996454
0.998798
0.998948
0.998726
0.997429
0.998279
0.997015
0.994382
0.998794
0.997988
0.998073
0.998954
0.995516
0.997636
0.997653
0.994083
0.998555
0.994898
0.998966
0.998433
0.998188
0.996711
0.997608
0.998979
0.995050
0.998233
0.998865
0.997416
0.961538
0.950000
0.998825
0.998636
0.988372
0.975610
0.983607
0.994924
0.998677
0.998880
0.996774
0.996667
0.998561
0.997462
0.998983
0.998188
0.998264
0.998800
0.998797
0.998748
0.998990
0.995305
0.998665
0.998457
0.998674
0.997647
0.995434
0.997625
0.998904
0.998876
0.997899
0.998984
0.995745
0.998674
0.998928
0.982759
0.998902
0.979167
0.995000
0.998975
0.992754
0.998871
0.952381
0.997680
0.993789
0.998102
0.997996
0.997831
0.995935
0.937500
0.990099
0.998782
0.995098
0.996124
0.997024
0.941176
0.998322
0.991870
0.998928
0.997506
0.988506
0.988506
0.998852
0.998605
0.997110
0.988889
0.998752
0.997494
0.998918
0.998628
0.997636
0.998815
0.998505
0.998198
0.993750
0.997506
0.998185
0.990741
0.998808
0.998675
0.992188
0.995918
0.992857
0.998789
0.988636
0.996633
0.993103
0.997753
0.995851
0.998331
0.998856
0.954545
0.998960
0.990385
0.996599
0.996479
0.998771
0.998922
0.997890
0.998665
0.996644
0.998737
0.995000
0.996678
0.998305
0.995169
0.998134
0.998721
0.998812
0.995781
0.996732
0.992000
0.998487
0.998841
0.997817
0.998102
0.990566
0.998948
0.998951
0.988235
0.982143
0.998273
0.997126
0.997555
0.998881
0.992481
0.998866
0.994083
0.928571
0.998833
0.998948
0.998752
0.995951
0.875000
0.990826
0.996429
0.958333
0.998527
0.997908
0.998155
0.997340
0.998959
0.992754
0.994286
0.998113
0.998647
0.998987
0.997992
0.997619
0.998328
0.998547
0.994536
0.998832
0.989796
0.996063
0.997015
0.998747
0.923077
0.998824
0.997561
0.998922
0.998361
0.996933
0.998875
0.998565
0.994975
0.958333
0.997951
0.998965
0.991150
0.995050
0.857143
0.993056
0.998565
0.998925
0.998881
0.995763
0.997143
0.996139
0.998786
0.998420
0.974359
0.992958
0.994444
0.996711
0.998382
0.923077
0.998871
0.997768
0.998529
0.998440
0.997101
0.998211
0.998000
0.995851
0.997712
0.995215
0.998918
0.998331
0.994737
0.998628
0.998928
0.997159
0.998276
0.995392
0.997706
0.998102
0.989583
0.995763
0.991935
0.998201
0.996454
0.998998
0.990196
0.985075
0.998435
0.996337
0.998830
0.998466
0.995536
0.998985
0.997245
0.998012
0.994048
0.998811
0.998983
0.996269
0.973684
0.998773
0.998786
0.998319
0.988235
0.998785
0.997326
0.998261
0.998770
0.998413
0.995392
0.998853
0.998849
0.998885
0.997159
0.998815
0.997959
0.997347
0.997326
0.997167
0.994413
0.982456
0.998496
0.998988
0.997214
0.990654
0.998747
0.998440
0.996979
0.990566
0.994872
0.997680
0.998339
0.996667
0.998221
0.998043
0.998066
0.993151
0.993333
0.994898
0.998747
0.991736
0.998701
0.997159
0.997436
0.995556
0.996226
0.997868
0.995050
0.998047
0.993711
0.997831
0.998947
0.966667
0.998901
0.997283
0.995595
0.996700
0.996711
0.998485
0.998641
0.997290
0.998221
0.998981
0.998992
0.950000
0.998578
0.998737
0.995690
0.998233
0.996667
0.998668
0.997525
0.998192
0.998748
0.996764
0.992958
0.998756
0.994253
0.996587
0.998764
0.998839
0.998510
0.998175
0.982456
0.998062
0.998120
0.944444
0.997076
0.997024
0.998092
0.954545
0.998902
0.998435
0.998720
0.998553
0.998314
0.992366
0.998997
0.996805
0.998879
0.998818
0.998941
0.998551
0.993056
0.996454
0.997625
0.998492
0.995851
0.996063
0.994737
0.980769
0.997738
0.997768
0.998902
0.996454
0.998387
0.995050
0.998779
0.996785
0.998588
0.997519
0.995763
0.998871
0.998900
0.994118
0.997481
0.986667
0.998567
0.998684
0.996454
0.996564
0.998794
0.997653
0.997904
0.998179
0.998771
0.997245
0.998485
0.997245
0.998236
0.996764
0.998634
0.998652
0.997549
0.998945
0.992126
0.968750
0.998935
0.998943
0.980000
0.996552
0.998815
0.997319
0.995305
0.995074
0.997561
0.998236
0.998847
0.998601
0.998797
0.991803
0.990196
0.997680
0.996805
0.996575
0.998433
0.998641
0.996610
0.979167
0.996479
0.998824
0.998584
0.997763
0.998054
0.991525
0.997033
0.992537
0.995798
0.997788
0.993631
0.998919
0.997831
0.998748
0.998889
0.998805
0.998752
0.998982
0.998752
0.888889
0.996764
0.998818
0.998860
0.996942
0.998696
0.995851
0.997768
0.998880
0.995935
0.998605
0.998469
0.998801
0.996678
0.998686
0.997305
0.998519
0.998496
0.998302
0.998895
0.998308
0.987500
0.998066
0.992958
0.998319
0.992481
0.998073
0.997951
0.998920
0.996564
0.998904
0.998454
0.997429
0.996429
0.995595
0.995349
0.998008
0.998599
0.998792
0.993197
0.997549
0.998845
0.996894
0.993151
0.998956
0.993377
0.998747
0.998960
0.982456
0.997260
0.998992
0.998909
0.998454
0.997691
0.998333
0.991597
0.998840
0.998940
0.800000
0.998565
0.996960
0.998698
0.998117
0.998433
0.998928
0.996656
0.998408
0.857143
0.998675
0.997275
0.998512
0.997297
0.998739
0.991597
0.998590
0.997951
0.989130
0.998605
0.997674
0.991071
0.972222
0.998617
0.996689
0.997854
0.997743
0.964286
0.998971
0.998945
0.987805
0.995050
0.998415
0.998316
0.995025
0.988636
0.977778
0.997691
0.998889
0.995215
0.997347
0.998874
0.997531
0.998532
0.998951
0.998043
0.998654
0.998000
0.998837
0.998821
0.998674
0.958333
0.997093
0.998058
0.997763
0.996667
0.998958
0.998952
0.996933
0.998904
0.989899
0.984615
0.997602
0.954545
0.998656
0.990909
0.998305
0.998974
0.996154
0.997442
0.998804
0.983871
0.998919
0.986111
0.998255
0.994048
0.998066
0.998127
0.998145
0.998630
0.998540
0.996997
0.996700
0.997717
0.989130
0.998920
0.998536
0.998957
0.998833
0.992857
0.998927
0.998962
0.997807
0.996032
0.998077
0.981481
0.998919
0.750000
0.995074
0.998494
0.998632
0.998024
0.997076
0.997305
0.997015
0.990196
0.998896
0.998607
0.984375
0.998489
0.989583
0.998860
0.998457
0.973684
0.997487
0.994975
0.997608
0.998584
0.998387
0.998492
0.994845
0.997972
0.996610
0.998918
0.997537
0.998759
0.998152
0.985714
0.994012
0.997619
0.964286
0.998851
0.995000
0.987952
0.998933
0.994505
0.996753
0.990741
0.998980
0.998883
0.997041
0.997567
0.997748
0.991870
0.997959
0.998674
0.998932
0.997531
0.998645
0.997230
0.998972
0.998822
0.998024
0.998836
0.996951
0.997041
0.998724
0.998762
0.995146
0.998985
0.985714
0.998501
0.978723
0.996875
0.997333
0.996350
0.974359
0.996094
0.988506
0.998261
0.983607
0.995261
0.996610
0.997921
0.998601
0.998913
0.998379
0.995868
0.990385
0.998647
0.997636
0.992857
0.998802
0.998165
0.997368
0.998667
0.998718
0.993464
0.998553
0.996283
0.994118
0.994624
0.996795
0.998919
0.998553
0.997664
0.998693
0.997375
0.998876
0.998672
0.998797
0.998392
0.997382
0.998113
0.998773
0.997717
0.998773
0.998561
0.979592
0.998853
0.988764
0.998141
0.997230
0.996914
0.995192
0.998814
0.998696
0.998498
0.998804
0.998279
0.997680
0.998523
0.993333
0.998291
0.998794
0.998000
0.997792
0.997608
0.998941
0.989362
0.998802
0.975610
0.997525
0.998873
0.998350
0.998705
0.998195
0.998904
0.997389
0.997531
0.998830
0.972973
0.989130
0.998993
0.997826
0.996923
0.997549
0.998450
0.998547
0.996805
0.998668
0.998720
0.995025
0.998282
0.991803
0.996587
0.998700
0.989011
0.992063
0.996825
0.998077
0.998795
0.998527
0.998571
0.998084
0.998962
0.998908
0.998857
0.998339
0.997773
0.998652
0.998450
0.996283
0.998952
0.997895
0.998955
0.997361
0.983051
0.997877
0.998454
0.998654
0.974359
0.985714
0.998487
0.997758
0.997886
0.996815
0.996078
0.998319
0.997135
0.998940
0.995000
0.998634
0.998578
0.997238
0.998428
0.998901
