25347264.3824
68051619.0809
42427997.8448
384929169.9674
464438.4489
12210772.4990
14636369.0819
340605755.5399
158701471.8404
224491649.2968
344497981.4285
67743.4658
6204884.5052
10959927.6164
186292766.3455
385624760.0487
257067565.9799
337176387.8679
91332710.6134
102096600.4868
34312100.3926
29075983.3584
335118733.9649
445980601.1441
14276357.4082
71787733.8740
184370008.9576
26565421.5363
26869773.4735
516466.2302
156330422.0193
80045293.3033
1500032.3480
165305282.9819
190209541.4625
204817945.0908
19975578.3149
212348017.4129
333364426.7434
200378961.5272
12542957.3855
439048097.0344
431279586.2307
326657771.2204
108615826.9069
5734266.6231
15307506.9914
434741080.7806
1411636.9241
37189.1324
87423429.7546
57058997.7214
51784879.4090
103773367.7710
3899064.9159
442645357.8250
14289588.3894
307444601.3509
8356576.0867
15108589.2361
114484913.3219
184121954.0245
346951095.8533
180934664.7011
286975846.3180
78468445.9941
103789446.7476
7252244.4099
42179056.5829
75423021.8219
61201279.8548
340094590.8327
62399722.3512
3766886.1208
236943734.6098
101512733.0959
97105449.1770
6200554.8231
153767917.0356
11848322.4914
57905606.3292
2617108.9936
96537287.7473
338360118.1573
10886137.0093
192369752.2883
59885194.3598
332577440.0713
67631174.9220
10884472.3120
161906905.4677
135464218.9756
219310632.9741
405910430.1479
1621723.2568
205156366.0590
1173565.0651
10448411.6970
94190063.8893
15985595.2031
265978964.9160
81592759.1429
138834196.3130
312452727.2183
256177737.7885
280171924.1929
572.0000
327087132.0206
105990104.8383
3346491.8880
174509427.5621
443366460.6456
1501283.8549
2604597.9328
137320828.7848
335887591.9427
153096003.6154
131660531.4546
441764070.0781
85232836.3518
48116514.6542
75143528.0883
46052073.5093
36041358.2330
102440215.3122
73027890.0716
6674857.9296
3016211.1315
210293606.6182
61104769.4209
187637012.7812
446488802.5393
5626070.5355
218861309.2385
64273028.3936
204670779.8215
5251936.6661
133563313.2762
275566583.9578
74095495.3289
28703081.7692
61156208.0103
92510335.4488
87474521.5250
11876622.9990
8762159.0402
403366908.9746
200979356.6635
65698.6267
95893698.8781
376142629.1716
373860124.9771
193558035.4828
176326019.9304
61355119.9043
7816318.2857
324359986.7658
3260216.9821
185171419.7623
109751235.5494
397240399.3604
266194511.9900
433843713.5189
111420898.2551
78455218.1660
12689442.3254
50925526.8629
175312193.8897
149092674.8663
46375947.6108
76720895.4390
170304644.4018
56383366.7922
132301382.5405
159623132.6972
133953389.4373
179847546.2261
136685954.0588
137723948.8578
301187665.5491
119997536.1896
83963046.5332
414210883.8590
111538101.4176
349850.9496
394091012.5638
96189275.8090
305330019.0958
91328249.7986
106188678.0768
2193.4878
266445831.0353
374957155.0285
266782241.9196
87181704.5254
395915773.3340
158485031.0785
205334653.3029
96863833.8328
96869301.2466
210786406.3508
37542242.1879
309021791.1130
321257472.2118
293967411.9868
26867890.5683
97640990.4781
1066688.7259
4828911.8377
448670502.0009
433861650.1112
125751316.6899
26272898.8512
26475377.6282
90960.7605
8820004.2770
147357597.8378
23231948.1168
264231709.5543
10996668.5615
446402632.8312
260042344.0413
312412341.9108
348618842.4892
376709412.4975
321722333.9574
16568150.6568
101646.5002
17158926.6074
160400914.3728
200017514.8248
182069152.2114
329649669.2811
420132318.1434
383870903.4897
345212890.4704
4825130.8811
86820692.4580
76192787.4620
78794654.3751
378947279.3932
2934062.1215
346842490.6148
311898473.2912
103318207.2850
274363323.7831
325242959.0606
126956832.3880
8314386.6242
153704445.0427
143242797.4880
77936034.8361
5548977.6699
354133094.1422
18635441.7955
231221595.4963
410853369.9581
114058205.5150
73936296.2489
441673800.6310
456294514.7980
311024022.0880
307961083.4132
336217293.3046
317914670.2446
163281213.3047
192068061.8311
222035804.9774
42284065.0642
32528282.9927
259327201.0346
16026645.6972
32162682.3159
259715738.0675
121066997.8621
136549826.5937
328529037.6449
17218418.0746
3384012.1668
384960372.8862
91380313.8499
2238024.2161
120868753.9437
65573204.7922
106253854.9760
25924912.0702
148733063.1746
237442653.6067
430672557.9481
159876224.9424
133258768.6861
77730.6298
11902219.8929
259220337.5082
357013635.0055
144028814.1407
23179504.3791
37459056.6409
335270507.2230
328208064.0111
238271354.2112
62027367.2647
105410640.8905
26071.7012
151423296.5458
16111599.3491
4685464.7498
24894862.1673
58724814.2251
7643372.9339
279762603.5847
410239855.8049
60861569.5282
230434.2504
4119427.4123
41547833.1925
19261273.0087
2843324.4437
86970156.2435
53484824.5598
2055542.9707
231127003.1570
413722786.3243
157420522.1339
1923095.3391
145486837.2813
81303563.0811
339125184.7471
68951603.2767
229969594.8590
49161653.3220
1908132.4105
26031605.6836
36667469.6193
250544888.4348
105035583.9701
204215078.9688
195608115.4824
109848102.6324
364058737.9488
251723099.1054
163726190.3337
51534255.2107
214941545.1270
6813576.0181
14704967.2718
24771536.9922
36890865.9793
1736876.8720
2129673.1161
7107009.9225
82263.0214
318876166.9531
191282543.7317
197739066.9647
67592749.3369
194077465.8881
30314788.8458
145551831.9964
147701944.3771
10912094.6620
439934448.9414
139612003.4144
288034622.9558
57793750.7836
91389050.8968
229822.4104
71437704.5260
55221726.6905
41349823.1986
384805023.8368
183443660.3504
240684017.7066
385044208.4712
223848469.1945
5745073.3568
108683497.0735
231242460.9048
272238.4972
94882294.3521
418078889.3079
23254761.9273
3576850.2310
59981.0009
164947736.6710
43458703.0557
428983497.3803
286640682.9369
24239324.5603
103376083.7139
80894985.9698
4150141.6849
7990757.8646
11325650.4137
54904893.2286
186062042.9075
33578720.9860
90250256.0101
108391258.9740
9021939.6491
39605993.1828
50984386.0115
255862259.7320
239300940.7375
407708631.9663
352267375.7264
23957504.2209
59238573.7066
150060848.1050
230678281.8068
163463815.7614
221952457.3259
1256850.7653
6660674.5830
11916558.4984
45595058.1259
38867538.8573
9313591.7929
245381344.7202
187504303.2558
171274212.7889
199696300.1379
257573679.2001
338934731.1312
46129038.4143
135547820.7445
139957475.8481
80268559.6045
436736228.3359
287002441.0588
20619028.2367
232487142.8491
3611855.9093
44878059.6951
268761.5269
12118294.4381
355713989.8925
37478687.7283
147247918.1494
20759253.0199
396866966.7657
17195613.5089
260678861.2579
244868812.4996
2013107.8373
158162146.8849
247181610.9121
28645751.5503
4561101.9521
24899126.6659
75142461.9128
179882264.5353
180554889.7729
345334473.1146
365868045.4961
324400104.1670
353348880.1589
208218612.6961
182301808.1173
94397590.7802
1617179.4550
56853831.5252
429419773.3639
346620866.5604
7224815.2638
209631451.9421
31170715.7364
298873870.2350
41221451.1373
13556646.7006
374569219.5680
105688629.2403
137185552.6030
428596297.2429
28403568.6762
35228741.1872
433318242.6111
309863169.1619
147238308.4427
13488035.8720
119400675.5109
183119167.6074
164723910.7910
142974320.7150
92317036.8891
12312865.2057
182797237.4524
134222182.7521
85875604.0961
386244063.1108
280001245.6871
343773339.9169
71893.1651
179106678.9202
255977246.4702
232744942.4891
362199854.4572
26508972.3619
201040256.5191
296605178.7373
2247191.0468
208963004.2903
37227369.7076
214432606.2533
15909189.3402
216179160.5488
88440601.3589
23961504.7405
13475703.4539
383793122.6341
202457049.3801
41337485.1764
506024.3223
53889040.1710
259918624.3625
14117591.6562
312581809.3556
8623134.3155
197433389.4181
32752005.3134
29217690.9216
71450430.4419
16716257.4398
37296588.4340
24911611.9505
171349015.5757
173908.5787
60021.0168
23885355.9409
20624342.5911
108351197.6912
54236498.7487
366058005.9255
189519303.2398
13183887.0547
16677496.2297
689632.4340
339966587.8097
220743872.0388
15462135.6095
320658296.7983
143762269.6908
43781016.6973
268410807.2095
24752805.7384
340401783.0897
246951765.5485
194996496.3508
4496061.0288
231413505.0587
27705796.8032
202567289.1124
271055110.5281
6220943.4570
250814671.8393
149921377.4383
138716250.3108
259361408.4461
211877005.8269
416418754.2703
54625320.0433
758814.3662
240783948.0287
395023227.1597
29492080.7698
22199076.2225
150791775.8376
434003273.9215
92570568.3431
78467148.5896
216697655.0315
16544541.4835
433148329.7227
936768.2752
139585910.1805
3050656.6401
262491496.6727
233510489.8313
1906783.7361
371060948.8242
406886401.6047
22286310.0756
91478631.5958
393749282.1840
170241485.5468
297146612.6352
220086452.9252
27290931.5155
13309221.6067
74487061.8400
23267758.6986
41857960.4068
103068831.0968
14337237.3167
3186181.5052
47960219.1458
1727158.9658
43658922.0201
9960084.4726
21747926.2803
119201167.6991
205034241.1085
346653287.9836
191701815.3538
16603667.8247
149294847.1574
72646367.6786
13385507.4528
174876618.2262
299891890.6992
57719055.6986
182255267.0912
26832409.7668
66381.1291
263388036.8275
169383047.7182
399063998.6147
103186313.6845
18047733.0204
382250164.0306
2215778.4402
263497805.8298
225025.9008
421285102.7936
135908495.0614
356633551.5365
55286080.7831
127671752.3159
388608793.9905
39459195.7309
9298044.2024
20645284.8933
12730876.4718
14219471.0074
115288455.2104
1751217.8282
346244559.2264
408088504.0846
130094211.4314
51144837.8223
363124525.8848
797000.4253
5583447.6661
116506530.1294
97703902.3610
42329831.4419
365557804.1011
3988086.0828
79381595.3447
49970979.1361
126797920.5479
271095227.0710
273949766.1024
403141926.6819
183686405.6853
4890423.3448
19709735.3175
18284367.9166
419374634.3335
386541986.5083
208480018.4401
76590482.3075
209517656.2458
40084349.8663
232522098.3050
12597252.2406
2716131.3588
6358617.0316
22954514.5974
288989537.0169
180606560.7957
69753237.5542
50384655.5464
315235369.9370
110578358.6370
1039028.7850
33225292.4627
100545704.8237
6113880.1623
18590447.0253
20704456.6441
401383572.7193
425061713.3576
177233088.3964
151677833.6394
54187367.5496
10479964.0598
13590421.4840
228545269.7124
48138519.7913
401936154.2028
66291894.4893
162767830.3135
77720275.6881
29891089.5926
56470116.5733
254231179.1654
247875024.5026
110397424.6217
22353621.0402
129925464.1352
113411258.1034
30363319.0516
139042443.0301
2356391.2060
172419486.6231
125579655.3210
219638727.0666
422720798.9777
221855319.2142
15836235.5094
30417812.3889
229543185.2565
216218144.4941
4809471.9313
17338748.5356
35161819.6870
196063017.6587
200609886.3710
323942784.3584
1195144.8165
169260539.3181
212314881.6155
437847792.0500
57973370.4353
56087944.6066
353361727.6048
437028123.6196
11633460.0375
397385206.7132
21017482.5824
2314392.6906
245639241.1530
267476800.3343
15177506.4796
63862120.4806
123291714.7305
226999384.8699
8044480.4697
99114112.2540
434117764.1539
74122949.9093
332271996.9296
100784917.1523
230633152.5588
42034819.0343
349035442.1569
208787163.9763
12565756.9313
39054835.0587
10052609.3802
217704580.0988
231632283.8469
219760248.0791
7005945.7563
14827567.0689
11530479.7949
408482360.9180
27134764.1373
113513699.1558
441145627.6640
368782588.7227
224404204.3206
342923313.4700
41635644.9082
251004574.9191
348783104.7536
231430881.2132
332435777.5668
95958325.4787
61335.7013
198350962.9589
228058865.2635
441214726.5880
38265597.2802
7222660.2502
2501415.0016
251870688.1639
380304957.0351
331604673.5471
406107209.9789
57962209.4905
207872330.0277
80107028.0718
267923454.0290
57590840.1515
155914988.3973
29176.6089
367675421.6010
96371748.4795
440874312.0350
150213122.0733
342022131.5458
158661396.3888
195720846.4409
21800919.7796
31953650.1109
23551500.9219
259207383.0483
219510090.8322
287401884.3142
135998.3994
325278566.5831
403099082.7311
649266.1931
84833354.4407
187392120.8112
158778781.5909
355549817.3402
180349477.1894
183551327.0376
54407697.2485
166228973.4562
208934089.2547
3603390.1962
31419242.4250
135652569.9022
55543858.0906
178791325.3767
18250404.8554
42282921.8126
41296188.1581
178239018.2041
146201024.7139
211974183.8925
4992871.1013
132483757.6215
146928312.9178
382834561.9364
288996067.5363
259313080.9652
10908239.3863
119343680.3891
181483.0843
260552.5729
67509620.1717
454229492.9307
22436420.6769
331174995.0491
129390896.6119
38775025.1357
127352895.7099
313523.1058
292888968.9768
128560904.1744
281473581.5915
28497241.5662
68869629.3284
103977539.0623
128068280.2211
335746355.8950
5118652.2903
326383152.3144
217827708.4158
47409488.3234
36565571.4037
422863949.7352
368599193.9105
92009240.8528
16049854.2213
227206777.3813
271278052.9630
381712710.2851
87566588.8691
178478571.0184
88847.7192
1392958.1197
108528199.8227
13130681.0480
1645315.4469
127938920.2444
47550241.7681
53219492.5887
27790918.6798
158216042.1393
175685323.2060
6118499.5139
129673995.6046
88703475.1125
97310918.1958
354430148.9353
22923705.1295
208569665.5919
11004790.5122
68881328.5331
209668085.1611
156273225.6130
66393494.0410
2060870.1186
120962221.2269
338417285.4076
44375873.1991
53508144.9092
32568536.1650
738130.6209
269806810.5467
166289003.1651
136581117.7633
89399816.6213
39635161.7143
56097868.7268
32258002.6939
414423465.8986
141222793.9721
36954504.0511
29786954.2516
325967117.8922
284320711.6729
2521884.4497
148860278.9469
368172738.9021
4565931.4141
37521232.2198
400245.1783
242134941.9986
401010641.0517
66199796.0781
22376465.2689
43921466.2309
52127428.4997
71409290.4002
260015024.8028
389909344.8837
131357995.8014
139895000.3215
3012527.4677
43407721.6610
325914369.3278
32286733.2560
345829172.8017
171696154.7553
442197856.5671
323809931.9509
4619305.0088
77215946.8150
47055613.8355
6812929.1709
86316121.3616
382750855.3287
135880743.2239
584367.3064
72236548.5087
48735481.1275
112775095.0315
280766105.2818
115799804.4132
79458781.7535
238436754.4909
4331833.6140
113106090.9022
16853552.6421
10494294.6114
70600684.7553
89250560.2978
129671794.0779
340475722.1081
6764594.7852
2107206.0307
179291728.5712
37581412.7017
48953254.0138
24011245.7633
415880664.9191
400848337.2985
5606265.0415
67634272.0983
15217275.4121
47735488.5914
107000938.5025
251620062.3827
210189380.2956
332311.3306
87669697.2804
45169064.7258
531070.7764
426113278.4217
250492815.7855
59790.1121
49381047.0780
103906120.4616
71861215.3522
375746986.0645
218858036.8419
177100909.4548
435377.2622
82728346.5966
129612184.3886
219435179.4993
28104348.3878
9500103.2555
687003.0070
59340857.6081
265450501.2942
85803346.6444
62755231.2064
323178810.0792
30171032.4785
19963964.4174
95717459.1456
193330462.4475
